/*--------------------------------*- C++ -*----------------------------------*\
| =========                 |                                                 |
| \\      /  F ield         | OpenFOAM: The Open Source CFD Toolbox           |
|  \\    /   O peration     | Version:  2312                                  |
|   \\  /    A nd           | Website:  www.openfoam.com                      |
|    \\/     M anipulation  |                                                 |
\*---------------------------------------------------------------------------*/
FoamFile
{
    version     2.0;
    format      ascii;
    arch        "LSB;label=32;scalar=64";
    class       volVectorField;
    location    "2.05";
    object      U;
}
// * * * * * * * * * * * * * * * * * * * * * * * * * * * * * * * * * * * * * //

dimensions      [0 1 -1 0 0 0 0];

internalField   nonuniform List<vector> 
2268
(
(0.0116684 -0.00485348 0)
(0.00194769 0.00382996 0)
(-0.0185991 0.00496982 0)
(-0.0321509 0.00370473 0)
(-0.0411247 0.00195127 0)
(-0.0448721 0.000609215 0)
(-0.0452284 -0.000213361 0)
(-0.0435837 -0.000543214 0)
(-0.0412727 -0.000600501 0)
(-0.0385632 -0.000657609 0)
(-0.0352596 -0.000856464 0)
(-0.0309873 -0.00122421 0)
(-0.0253402 -0.00162797 0)
(-0.018202 -0.00194165 0)
(-0.0100638 -0.00208111 0)
(-0.00200482 -0.00193133 0)
(0.00527623 -0.00161007 0)
(0.0104936 -0.00115295 0)
(0.0137241 -0.000632992 0)
(0.0148021 -0.00021375 0)
(0.0140314 0.000289847 0)
(0.00972573 0.000939317 0)
(0.00228854 0.00110169 0)
(-0.00585031 -0.00219564 0)
(-0.0121411 0.0108348 0)
(-0.0307682 0.0111414 0)
(-0.0408742 0.00773244 0)
(-0.0478481 0.00398284 0)
(-0.0502147 0.0010034 0)
(-0.0496859 -0.00073692 0)
(-0.0475034 -0.00132026 0)
(-0.0449215 -0.00150697 0)
(-0.0420425 -0.00179816 0)
(-0.0385362 -0.00240086 0)
(-0.0340288 -0.00335438 0)
(-0.0281603 -0.0044364 0)
(-0.0208229 -0.00536537 0)
(-0.0124603 -0.00580843 0)
(-0.0042524 -0.00547172 0)
(0.00334287 -0.00441846 0)
(0.00878214 -0.00302698 0)
(0.0120713 -0.00178543 0)
(0.0131772 -8.98347e-05 0)
(0.0124823 0.0021429 0)
(0.00826718 0.00507243 0)
(-2.31974e-05 0.00485468 0)
(-0.0160513 0.00386929 0)
(-0.0259027 0.0175756 0)
(-0.0438249 0.0176179 0)
(-0.052443 0.0116685 0)
(-0.0574605 0.00566384 0)
(-0.058022 0.00104751 0)
(-0.0558633 -0.00187939 0)
(-0.0523951 -0.00283167 0)
(-0.0489345 -0.00299834 0)
(-0.0454061 -0.00338196 0)
(-0.0414008 -0.00429304 0)
(-0.0365088 -0.0057256 0)
(-0.0303479 -0.00736618 0)
(-0.0226834 -0.0088868 0)
(-0.0138887 -0.00961702 0)
(-0.00515484 -0.00917061 0)
(0.00302835 -0.00738816 0)
(0.0088943 -0.00511343 0)
(0.0129148 -0.00269696 0)
(0.0151408 -0.000553238 0)
(0.0154947 0.00236314 0)
(0.0115436 0.0066631 0)
(0.00363044 0.00440988 0)
(-0.023658 0.0168431 0)
(-0.0391952 0.0256245 0)
(-0.0571782 0.0233363 0)
(-0.0646485 0.0146309 0)
(-0.067129 0.00625147 0)
(-0.0653367 -0.000781503 0)
(-0.0609123 -0.00414381 0)
(-0.0554548 -0.00476728 0)
(-0.0508025 -0.00478132 0)
(-0.0467503 -0.00525953 0)
(-0.0425296 -0.00615094 0)
(-0.0375339 -0.00781926 0)
(-0.031317 -0.0102482 0)
(-0.0232838 -0.0127237 0)
(-0.0136153 -0.0140214 0)
(-0.00337218 -0.013503 0)
(0.00625178 -0.0108647 0)
(0.0137247 -0.0081949 0)
(0.0188856 -0.00563812 0)
(0.0216539 -0.00176586 0)
(0.0223743 0.00430859 0)
(0.0173154 0.0124513 0)
(0.00988451 0.0130553 0)
(-0.0262095 0.0325097 0)
(-0.0461342 0.0357985 0)
(-0.0662925 0.0296427 0)
(-0.0742579 0.0171324 0)
(-0.0754506 0.00672023 0)
(-0.0708608 -0.00177685 0)
(-0.063178 -0.00667767 0)
(-0.0560696 -0.00722348 0)
(-0.0514316 -0.00603324 0)
(-0.0480328 -0.00529069 0)
(-0.0445546 -0.00667692 0)
(-0.0408001 -0.0103917 0)
(-0.0357185 -0.0152359 0)
(-0.0278297 -0.019576 0)
(-0.0171524 -0.0214547 0)
(-0.00472002 -0.020249 0)
(0.00700441 -0.0158551 0)
(0.0166393 -0.0100923 0)
(0.0245651 -0.00568721 0)
(0.0285035 -0.00282812 0)
(0.0288738 0.00311072 0)
(0.0224037 0.0112337 0)
(0.0146279 0.0165956 0)
(-0.0229904 0.0476452 0)
(-0.0482293 0.0470481 0)
(-0.0742776 0.0364377 0)
(-0.0845323 0.0186883 0)
(-0.0853302 0.00313024 0)
(-0.0787963 -0.00896056 0)
(-0.0690512 -0.0130625 0)
(-0.061229 -0.010553 0)
(-0.0595342 -0.0101896 0)
(-0.0595354 -0.0135036 0)
(-0.0588496 -0.0166853 0)
(-0.0566107 -0.0186835 0)
(-0.0536314 -0.0212707 0)
(-0.0474419 -0.0254575 0)
(-0.037768 -0.027755 0)
(-0.026578 -0.0269846 0)
(-0.0159167 -0.023538 0)
(-0.00805991 -0.0180601 0)
(-0.00298216 -0.0103718 0)
(-0.00316102 -0.00245811 0)
(-0.000249321 0.00856814 0)
(0.0166061 0.0214256 0)
(0.019788 0.0224143 0)
(-0.0272279 0.0649594 0)
(-0.0601449 0.0619608 0)
(-0.0918767 0.0462856 0)
(-0.108081 0.0247804 0)
(-0.112784 0.00668724 0)
(-0.107419 -0.00797517 0)
(-0.0965576 -0.0144874 0)
(-0.0827474 -0.0135748 0)
(-0.0711872 -0.00786292 0)
(-0.0755721 -0.000946211 0)
(-0.114343 0.00590937 0)
(-0.160701 0.00127895 0)
(-0.186124 -0.00794 0)
(-0.204824 -0.0176342 0)
(-0.22869 -0.0227838 0)
(-0.264013 -0.0216727 0)
(-0.305124 -0.0165493 0)
(-0.331507 -0.0127196 0)
(-0.326017 -0.0107325 0)
(-0.287114 -0.00772755 0)
(-0.213304 -0.00896313 0)
(-0.10891 -0.00390624 0)
(-0.0225613 0.0693753 0)
(-0.0401247 0.0864494 0)
(-0.0715925 0.077571 0)
(-0.0995263 0.0558562 0)
(-0.110278 0.0276996 0)
(-0.108253 0.00166038 0)
(-0.103339 -0.0174858 0)
(-0.116324 -0.0175577 0)
(-0.156248 -0.0104353 0)
(-0.181377 -0.00330516 0)
(-0.189778 0.00788052 0)
(-0.190086 0.0148296 0)
(-0.195815 0.00611601 0)
(-0.212867 -0.00368555 0)
(-0.240329 -0.00758475 0)
(-0.273858 -0.00484799 0)
(-0.305887 0.000813709 0)
(-0.328354 -0.000576857 0)
(-0.339611 -0.0135332 0)
(-0.336404 -0.0293724 0)
(-0.314137 -0.0440967 0)
(-0.27018 -0.0636912 0)
(-0.221648 -0.0735273 0)
(-0.262908 -0.0749582 0)
(-0.0618938 0.0185263 0)
(-0.054765 -0.00322638 0)
(-0.0477649 -0.00794351 0)
(-0.0373723 -0.000875739 0)
(-0.0443303 0.00361522 0)
(-0.0435335 0.00216198 0)
(-0.0389469 0.00217277 0)
(-0.042581 0.00261174 0)
(-0.0618381 -0.000725305 0)
(-0.0765443 -0.00651489 0)
(-0.0688489 -0.00705136 0)
(-0.0619468 -0.00110146 0)
(-0.0732991 0.000285805 0)
(-0.091506 0.00022853 0)
(-0.100221 -0.000793529 0)
(-0.0945573 -0.00299351 0)
(-0.0781409 -0.00491508 0)
(-0.0510722 -0.00718977 0)
(-0.0216409 -0.00820362 0)
(-0.00638316 0.023346 0)
(0.0663944 -0.00373218 0)
(0.0645359 0.00150767 0)
(0.067107 0.000355399 0)
(0.0605557 -7.39041e-05 0)
(0.0812627 -0.00535328 0)
(0.0824744 -0.00225023 0)
(0.075212 0.0033133 0)
(0.0516642 0.017441 0)
(0.0348689 0.0106163 0)
(0.00720368 -0.000799671 0)
(-0.0162533 0.00123141 0)
(-0.0128211 0.0119149 0)
(-0.043987 0.0124461 0)
(-0.0722895 0.00343379 0)
(-0.0823433 -0.00677916 0)
(-0.0750161 -0.0159373 0)
(-0.041642 -0.0238467 0)
(-0.00546526 -0.0248751 0)
(0.0394638 0.000147014 0)
(0.104504 -0.025972 0)
(0.137615 -0.0134517 0)
(0.16534 0.00419073 0)
(0.162118 3.01435e-05 0)
(0.181574 -0.00840857 0)
(0.211508 0.00724203 0)
(0.213503 0.0156116 0)
(0.183721 0.0235996 0)
(0.155657 0.0129901 0)
(0.130199 0.0107362 0)
(0.12174 0.00288242 0)
(0.120281 0.0132701 0)
(0.0639551 0.0305628 0)
(-0.0143789 0.0186893 0)
(-0.0517237 -0.00208717 0)
(-0.0746985 -0.0153198 0)
(0.0201875 -0.0274774 0)
(0.0614093 -0.0229933 0)
(0.0328362 -0.0440597 0)
(0.0748262 -0.0405673 0)
(0.0840345 -0.0280833 0)
(0.128529 0.00190294 0)
(0.149219 -0.00712286 0)
(0.166402 -0.0260572 0)
(0.2253 -0.0195296 0)
(0.301545 0.00861906 0)
(0.328073 0.0466148 0)
(0.279908 0.0396769 0)
(0.21927 0.0212641 0)
(0.197533 -0.0049771 0)
(0.164674 0.0337388 0)
(0.0582285 0.0726439 0)
(-0.0664788 0.0517614 0)
(-0.162317 0.0328078 0)
(-0.185296 -0.0355737 0)
(0.0364353 -0.115449 0)
(0.179984 0.0270962 0)
(-0.0238061 -0.0596556 0)
(0.00797043 -0.0480971 0)
(0.0235792 -0.0473952 0)
(0.0693351 -0.0203287 0)
(0.0993787 -0.0215842 0)
(0.103374 -0.0424171 0)
(0.14502 -0.0545074 0)
(0.226916 -0.0302326 0)
(0.319883 0.0292625 0)
(0.341517 0.063743 0)
(0.265883 0.048476 0)
(0.1728 0.020415 0)
(0.0502712 0.0738185 0)
(-0.0641904 0.128132 0)
(-0.239136 0.116224 0)
(-0.263524 0.0409095 0)
(-0.173048 -0.0991638 0)
(0.0205445 -0.215819 0)
(0.16105 0.0792023 0)
(-0.0120339 -0.0278598 0)
(0.0488727 -0.0514612 0)
(0.0434139 -0.0511165 0)
(0.0510343 -0.036547 0)
(0.0519772 -0.0214301 0)
(0.013078 -0.0411396 0)
(0.0141628 -0.0813561 0)
(0.0777272 -0.0669549 0)
(0.170726 -0.00868292 0)
(0.222571 0.0615113 0)
(0.135118 0.100624 0)
(-0.0863041 0.0749787 0)
(-0.168141 0.130141 0)
(-0.263568 0.183764 0)
(-0.287218 0.128425 0)
(-0.262003 0.0215249 0)
(-0.121563 -0.165058 0)
(0.00687471 -0.279611 0)
(0.136936 0.113492 0)
(0.0250917 -0.0943759 0)
(0.0335047 -0.0727961 0)
(-0.00681378 -0.0476555 0)
(-0.0530752 -0.0194959 0)
(-0.0801684 0.00916359 0)
(-0.0801999 -0.0296384 0)
(-0.0615799 -0.0897825 0)
(-0.0337371 -0.085482 0)
(-0.0320037 -0.0296064 0)
(0.0396445 0.093403 0)
(-0.136132 0.181944 0)
(-0.317928 0.13855 0)
(-0.342688 0.14779 0)
(-0.328464 0.174579 0)
(-0.295629 0.122715 0)
(-0.238088 -0.0137333 0)
(-0.0730359 -0.227867 0)
(-0.017003 -0.325021 0)
(0.112618 0.145397 0)
(-0.10822 -0.0243095 0)
(-0.199899 -0.0136316 0)
(-0.255203 -0.0163151 0)
(-0.263088 -0.0080164 0)
(-0.238408 -0.0127721 0)
(-0.202726 -0.054463 0)
(-0.191897 -0.0962542 0)
(-0.193108 -0.0931706 0)
(-0.209046 -0.0308848 0)
(-0.237055 0.132869 0)
(-0.336262 0.233387 0)
(-0.39863 0.167317 0)
(-0.374298 0.138623 0)
(-0.337105 0.149472 0)
(-0.293016 0.104223 0)
(-0.196846 -0.0675575 0)
(-0.0328367 -0.280603 0)
(-0.0460658 -0.357437 0)
(0.0897093 0.164301 0)
(-0.0674263 0.135061 0)
(-0.106618 0.0999301 0)
(-0.127848 0.0680662 0)
(-0.131175 0.0316374 0)
(-0.133655 0.000634344 0)
(-0.140349 -0.00982291 0)
(-0.140813 0.00456649 0)
(-0.128789 0.010155 0)
(-0.117901 -0.000555496 0)
(-0.1128 0.0022259 0)
(-0.120188 0.0116278 0)
(-0.140081 0.0172766 0)
(-0.166294 0.0162387 0)
(-0.19209 0.0159049 0)
(-0.216368 0.0158481 0)
(-0.240343 0.0146459 0)
(-0.266244 0.00898904 0)
(-0.295063 -0.00177503 0)
(-0.323898 -0.0212072 0)
(-0.344416 -0.044585 0)
(-0.361316 -0.0628171 0)
(-0.393336 -0.057229 0)
(-0.450359 -0.049698 0)
(-0.0477346 0.228448 0)
(-0.0693975 0.125217 0)
(-0.0733411 0.0659648 0)
(-0.0650233 0.0218178 0)
(-0.0583618 0.00630769 0)
(-0.0485107 -0.00680013 0)
(-0.0437682 -0.018651 0)
(-0.0134257 -0.0262424 0)
(-0.00378299 -0.0156098 0)
(0.00163414 0.0113665 0)
(-0.00635129 0.0400379 0)
(-0.0279738 0.0539585 0)
(-0.0580199 0.0398188 0)
(-0.106742 0.0322101 0)
(-0.152479 0.0333821 0)
(-0.193507 0.04086 0)
(-0.233366 0.0453026 0)
(-0.277811 0.0394861 0)
(-0.327483 0.0247406 0)
(-0.384419 0.00589082 0)
(-0.455072 -0.00511743 0)
(-0.52572 -0.00542267 0)
(-0.555762 -0.0282985 0)
(0.0414874 0.258689 0)
(0.0641057 0.152276 0)
(0.0642182 0.0793885 0)
(0.063795 0.0215303 0)
(0.0540823 -0.010735 0)
(0.0577001 -0.0232133 0)
(0.0765879 -0.0389324 0)
(0.0992748 -0.0404653 0)
(0.120925 -0.0265961 0)
(0.129757 0.000465949 0)
(0.120236 0.0404157 0)
(0.095036 0.0775489 0)
(0.0338774 0.113377 0)
(-0.0570618 0.123351 0)
(-0.151155 0.108556 0)
(-0.211269 0.0922064 0)
(-0.267823 0.094571 0)
(-0.321514 0.0934773 0)
(-0.382725 0.0871642 0)
(-0.449493 0.0761831 0)
(-0.508691 0.0621586 0)
(-0.538521 0.0333952 0)
(-0.540511 -0.00846708 0)
(0.112513 0.130101 0)
(0.154123 0.129041 0)
(0.151777 0.0820059 0)
(0.136603 0.0342963 0)
(0.119607 0.0020125 0)
(0.128685 -0.0305867 0)
(0.155525 -0.0618052 0)
(0.180396 -0.0691168 0)
(0.189105 -0.0364047 0)
(0.188542 0.0273117 0)
(0.174908 0.0955092 0)
(0.136469 0.150233 0)
(0.079181 0.192389 0)
(0.0166653 0.210785 0)
(-0.056423 0.197444 0)
(-0.13082 0.170242 0)
(-0.216396 0.166653 0)
(-0.296005 0.163988 0)
(-0.371463 0.153277 0)
(-0.439122 0.131693 0)
(-0.490347 0.0920067 0)
(-0.510845 0.0298507 0)
(-0.503664 -0.0356923 0)
(0.00624023 -0.0484044 0)
(0.125808 0.100969 0)
(0.110294 0.0828472 0)
(0.12447 0.0418298 0)
(0.153258 -0.00527392 0)
(0.188826 -0.033244 0)
(0.225673 -0.0671174 0)
(0.254303 -0.0822975 0)
(0.271499 -0.0665096 0)
(0.269447 -0.0239565 0)
(0.214761 0.0469977 0)
(0.134459 0.133649 0)
(0.0512598 0.198557 0)
(-0.0201575 0.234911 0)
(-0.0803642 0.241338 0)
(-0.145092 0.237977 0)
(-0.218899 0.242117 0)
(-0.281604 0.237201 0)
(-0.331729 0.221365 0)
(-0.377808 0.189737 0)
(-0.421127 0.126654 0)
(-0.445152 0.0393383 0)
(-0.449209 -0.0368691 0)
(-0.089017 -0.0543242 0)
(0.0676403 0.0888081 0)
(0.0602536 0.0700201 0)
(0.120847 0.00876073 0)
(0.16114 -0.0963227 0)
(0.170978 -0.166521 0)
(0.158622 -0.184013 0)
(0.0545185 -0.11673 0)
(-0.0791518 0.0032531 0)
(-0.132227 0.15099 0)
(-0.158113 0.264244 0)
(-0.187613 0.334282 0)
(-0.198578 0.348575 0)
(-0.215164 0.317431 0)
(-0.242805 0.30228 0)
(-0.273855 0.300121 0)
(-0.306023 0.296657 0)
(-0.331715 0.279852 0)
(-0.346742 0.254154 0)
(-0.352121 0.219737 0)
(-0.355791 0.156228 0)
(-0.365272 0.0615565 0)
(-0.378922 -0.0313479 0)
(-0.0849053 -0.00471567 0)
(0.00701944 -0.0381647 0)
(0.0723684 -0.0339048 0)
(-0.0630537 -0.0276417 0)
(-0.434073 0.0409718 0)
(-1.01557 0.172764 0)
(-1.24085 0.161293 0)
(-1.28496 0.0766013 0)
(-1.25085 0.0379407 0)
(-1.16124 0.0552048 0)
(-1.0074 0.125139 0)
(-0.853378 0.210448 0)
(-0.706594 0.2719 0)
(-0.584789 0.286359 0)
(-0.515829 0.296918 0)
(-0.473369 0.306653 0)
(-0.448558 0.303552 0)
(-0.429277 0.282635 0)
(-0.409693 0.249932 0)
(-0.386826 0.20815 0)
(-0.364803 0.148414 0)
(-0.35307 0.070353 0)
(-0.354552 -0.00569909 0)
(-0.101147 0.0227942 0)
(-0.731845 0.0955678 0)
(-1.68223 0.256042 0)
(-1.39776 0.518206 0)
(-1.57888 0.395047 0)
(-1.57697 0.160516 0)
(-1.52485 0.024156 0)
(-1.46819 -0.0609929 0)
(-1.40733 -0.092988 0)
(-1.33896 -0.0728868 0)
(-1.24774 -0.0287561 0)
(-1.12655 0.0368409 0)
(-0.991695 0.109247 0)
(-0.864972 0.166975 0)
(-0.761678 0.212576 0)
(-0.67545 0.245389 0)
(-0.604827 0.256364 0)
(-0.547309 0.243921 0)
(-0.497878 0.214357 0)
(-0.45318 0.172538 0)
(-0.414529 0.118954 0)
(-0.388166 0.0551061 0)
(-0.376032 -0.0055538 0)
(-1.17466 1.22503 0)
(-1.6219 0.798848 0)
(-1.69683 0.466567 0)
(-1.65945 0.46717 0)
(-1.61872 0.418801 0)
(-1.5906 0.249545 0)
(-1.54825 0.0716905 0)
(-1.49376 -0.0694456 0)
(-1.45134 -0.120137 0)
(-1.41152 -0.124246 0)
(-1.3553 -0.110864 0)
(-1.27907 -0.0756627 0)
(-1.1863 -0.0196443 0)
(-1.07675 0.0395511 0)
(-0.958856 0.0964489 0)
(-0.846521 0.143607 0)
(-0.748422 0.170644 0)
(-0.666674 0.173008 0)
(-0.598073 0.15416 0)
(-0.538518 0.120563 0)
(-0.487729 0.077807 0)
(-0.450011 0.0287706 0)
(-0.425815 -0.0243299 0)
(-0.552718 2.24772 0)
(-1.43672 0.939868 0)
(-1.6095 0.410981 0)
(-1.59895 0.322574 0)
(-1.56668 0.257205 0)
(-1.53832 0.160615 0)
(-1.54445 0.0535632 0)
(-1.67142 -0.0197036 0)
(-1.53798 -0.115965 0)
(-1.41327 -0.136482 0)
(-1.33712 -0.141268 0)
(-1.28022 -0.121495 0)
(-1.22444 -0.0883906 0)
(-1.15623 -0.0579492 0)
(-1.0688 -0.0208467 0)
(-0.969076 0.0299639 0)
(-0.870386 0.0732521 0)
(-0.783485 0.0919609 0)
(-0.707149 0.0853411 0)
(-0.63853 0.0617696 0)
(-0.578332 0.0290979 0)
(-0.528641 -0.0106415 0)
(-0.490996 -0.0445733 0)
(0.0258639 2.9341 0)
(-0.58234 1.83117 0)
(-1.37435 0.55815 0)
(-1.47245 0.37319 0)
(-1.48866 0.280312 0)
(-1.52582 0.20807 0)
(-1.65625 0.0171857 0)
(-1.63833 -0.383876 0)
(-1.53726 -0.503925 0)
(-1.496 -0.198275 0)
(-1.46152 -0.290049 0)
(-1.32151 -0.190138 0)
(-1.21962 -0.119547 0)
(-1.12523 -0.105984 0)
(-1.05738 -0.0883364 0)
(-0.982966 -0.0549741 0)
(-0.912006 -0.0205148 0)
(-0.842327 0.00224562 0)
(-0.772965 0.00217608 0)
(-0.701689 -0.0132006 0)
(-0.610409 -0.0375574 0)
(-0.513333 -0.0630352 0)
(-0.301902 -0.0902868 0)
(0.228977 2.90846 0)
(0.406302 2.42636 0)
(0.106882 1.40875 0)
(-0.167967 0.651546 0)
(-0.454101 0.368245 0)
(-0.606691 0.296925 0)
(-0.691793 0.208414 0)
(-0.840116 0.0852364 0)
(-1.21018 -0.0451687 0)
(-1.37191 -0.25462 0)
(-1.34335 -0.458649 0)
(-1.29467 -0.503599 0)
(-1.2316 -0.273288 0)
(-1.17818 -0.259946 0)
(-1.13831 -0.209844 0)
(-1.06332 -0.138196 0)
(-0.972964 -0.0833101 0)
(-0.886375 -0.0280727 0)
(-0.818573 -0.0346387 0)
(-0.775765 -0.0629213 0)
(-0.747949 -0.133354 0)
(-0.725779 -0.42358 0)
(-0.767343 -0.468158 0)
(0.222461 2.4281 0)
(0.678632 2.19956 0)
(0.662973 1.60702 0)
(0.569065 0.999494 0)
(0.39349 0.635542 0)
(0.234272 0.455602 0)
(0.0999251 0.304247 0)
(-0.0148751 0.165059 0)
(-0.128755 0.0233025 0)
(-0.282457 -0.0879435 0)
(-0.515134 -0.184182 0)
(-0.735907 -0.206756 0)
(-0.840216 -0.220852 0)
(-0.83354 -0.251722 0)
(-0.806676 -0.240797 0)
(-0.776336 -0.206073 0)
(-0.73704 -0.179046 0)
(-0.671079 -0.170118 0)
(-0.599792 -0.161152 0)
(-0.521286 -0.157046 0)
(-0.458683 -0.141063 0)
(-0.469492 -0.178228 0)
(-0.520673 -0.214639 0)
(0.201013 1.91104 0)
(0.611519 1.82866 0)
(0.803026 1.44585 0)
(0.84415 1.0518 0)
(0.769818 0.780887 0)
(0.665116 0.569833 0)
(0.559042 0.40983 0)
(0.4628 0.278558 0)
(0.371715 0.167427 0)
(0.28312 0.0676097 0)
(0.176597 -0.025636 0)
(0.0463241 -0.103806 0)
(-0.0888148 -0.148767 0)
(-0.222481 -0.195522 0)
(-0.311036 -0.225169 0)
(-0.35413 -0.221743 0)
(-0.364242 -0.204397 0)
(-0.348439 -0.185365 0)
(-0.31182 -0.174657 0)
(-0.272883 -0.167448 0)
(-0.250237 -0.164335 0)
(-0.248722 -0.208493 0)
(-0.251675 -0.237207 0)
(0.172308 1.50811 0)
(0.504163 1.48486 0)
(0.741842 1.30353 0)
(0.844179 1.04684 0)
(0.851667 0.817353 0)
(0.812806 0.633426 0)
(0.750723 0.483988 0)
(0.682812 0.355236 0)
(0.610958 0.24277 0)
(0.536388 0.142622 0)
(0.459394 0.0616332 0)
(0.383164 0.00291992 0)
(0.30178 -0.039131 0)
(0.222664 -0.0759258 0)
(0.140577 -0.110803 0)
(0.0603148 -0.142935 0)
(-0.00201568 -0.170316 0)
(-0.0522528 -0.193723 0)
(-0.0639106 -0.202714 0)
(-0.0717888 -0.202074 0)
(-0.0647187 -0.199931 0)
(-0.0581208 -0.209318 0)
(-0.0523535 -0.246934 0)
(0.135663 1.20442 0)
(0.38402 1.20783 0)
(0.596747 1.11681 0)
(0.725716 0.9653 0)
(0.779937 0.804886 0)
(0.786579 0.656049 0)
(0.765594 0.524919 0)
(0.730429 0.405684 0)
(0.685224 0.297388 0)
(0.634956 0.204702 0)
(0.580777 0.128498 0)
(0.525185 0.069567 0)
(0.468961 0.0254326 0)
(0.412927 -0.0123811 0)
(0.355738 -0.0467344 0)
(0.298927 -0.0789073 0)
(0.24529 -0.108189 0)
(0.196523 -0.135714 0)
(0.152136 -0.166749 0)
(0.118208 -0.185099 0)
(0.0991069 -0.196293 0)
(0.0925341 -0.205205 0)
(0.0885162 -0.223831 0)
(0.0979817 0.980538 0)
(0.280422 1.00153 0)
(0.44557 0.959692 0)
(0.567409 0.871678 0)
(0.639994 0.76132 0)
(0.674456 0.645899 0)
(0.683778 0.534933 0)
(0.677298 0.428678 0)
(0.65933 0.328874 0)
(0.632808 0.240842 0)
(0.600093 0.16889 0)
(0.562929 0.112785 0)
(0.523296 0.0708197 0)
(0.483365 0.035083 0)
(0.444166 0.00164975 0)
(0.404682 -0.0322131 0)
(0.36514 -0.0654134 0)
(0.326901 -0.0962093 0)
(0.291029 -0.123368 0)
(0.259028 -0.146809 0)
(0.23268 -0.169191 0)
(0.212729 -0.190714 0)
(0.196205 -0.210667 0)
(0.0639976 0.821773 0)
(0.195762 0.851259 0)
(0.316166 0.833078 0)
(0.417929 0.780839 0)
(0.490527 0.704447 0)
(0.537026 0.614875 0)
(0.56427 0.521475 0)
(0.577348 0.428169 0)
(0.578986 0.339423 0)
(0.571101 0.260311 0)
(0.555588 0.194628 0)
(0.534412 0.143149 0)
(0.509753 0.102347 0)
(0.483514 0.0668321 0)
(0.456904 0.0331958 0)
(0.430737 -0.000360456 0)
(0.403999 -0.0338539 0)
(0.376406 -0.0656424 0)
(0.349391 -0.0950892 0)
(0.324224 -0.122405 0)
(0.3013 -0.147987 0)
(0.280334 -0.17144 0)
(0.25968 -0.192093 0)
(0.0372498 0.716093 0)
(0.129748 0.745154 0)
(0.214105 0.736342 0)
(0.294704 0.702265 0)
(0.359296 0.646396 0)
(0.407749 0.574889 0)
(0.442592 0.495341 0)
(0.465917 0.413443 0)
(0.47894 0.33496 0)
(0.482836 0.264886 0)
(0.47934 0.206248 0)
(0.470477 0.158918 0)
(0.458281 0.120111 0)
(0.444243 0.0858638 0)
(0.429106 0.0529472 0)
(0.413133 0.0201134 0)
(0.396449 -0.0124084 0)
(0.378476 -0.0437213 0)
(0.359848 -0.0732147 0)
(0.341227 -0.101019 0)
(0.322672 -0.127181 0)
(0.304056 -0.151119 0)
(0.284173 -0.172115 0)
(0.0187562 0.650453 0)
(0.0813942 0.673017 0)
(0.137987 0.664913 0)
(0.20011 0.638187 0)
(0.254337 0.593334 0)
(0.29986 0.533476 0)
(0.33614 0.464349 0)
(0.363343 0.392066 0)
(0.381799 0.322572 0)
(0.392268 0.260311 0)
(0.396425 0.207526 0)
(0.396199 0.16397 0)
(0.393285 0.127381 0)
(0.388695 0.0945792 0)
(0.382698 0.0628938 0)
(0.375178 0.0312645 0)
(0.366065 0.000117323 0)
(0.355568 -0.0300172 0)
(0.343542 -0.0587155 0)
(0.330415 -0.0858264 0)
(0.316181 -0.111136 0)
(0.300897 -0.13417 0)
(0.283645 -0.154527 0)
(0.00731103 0.6125 0)
(0.0482526 0.626096 0)
(0.0841597 0.613834 0)
(0.131098 0.587747 0)
(0.174912 0.547361 0)
(0.215538 0.494302 0)
(0.250306 0.432737 0)
(0.278204 0.36833 0)
(0.29904 0.306483 0)
(0.313306 0.250738 0)
(0.322394 0.202708 0)
(0.327923 0.162136 0)
(0.33124 0.127317 0)
(0.333038 0.0958349 0)
(0.333328 0.0656003 0)
(0.331813 0.0357085 0)
(0.328277 0.00636371 0)
(0.322924 -0.0219768 0)
(0.315645 -0.0490642 0)
(0.306627 -0.0746101 0)
(0.295943 -0.098375 0)
(0.283804 -0.120052 0)
(0.269501 -0.139431 0)
(0.000816781 0.592336 0)
(0.0268079 0.596965 0)
(0.0480459 0.578443 0)
(0.0829529 0.549078 0)
(0.117352 0.508827 0)
(0.152516 0.458868 0)
(0.184535 0.402313 0)
(0.211825 0.343956 0)
(0.233781 0.28825 0)
(0.250558 0.237831 0)
(0.26305 0.193749 0)
(0.272418 0.15574 0)
(0.27967 0.122547 0)
(0.285327 0.0924146 0)
(0.289353 0.063767 0)
(0.291448 0.0358218 0)
(0.291387 0.00857038 0)
(0.289203 -0.0176965 0)
(0.284922 -0.0428271 0)
(0.278692 -0.0665207 0)
(0.270618 -0.0885567 0)
(0.26097 -0.108741 0)
(0.249219 -0.126973 0)
(-0.00258696 0.583029 0)
(0.013518 0.579805 0)
(0.0248599 0.554504 0)
(0.050572 0.519983 0)
(0.0769992 0.477244 0)
(0.106771 0.427648 0)
(0.135522 0.373803 0)
(0.161577 0.319605 0)
(0.183976 0.26851 0)
(0.202468 0.22238 0)
(0.217379 0.181764 0)
(0.229363 0.146281 0)
(0.239085 0.11492 0)
(0.246939 0.0863806 0)
(0.252938 0.0594866 0)
(0.256894 0.0335707 0)
(0.258655 0.00848866 0)
(0.258223 -0.0156394 0)
(0.255661 -0.0386854 0)
(0.251133 -0.0604588 0)
(0.244797 -0.0807652 0)
(0.236929 -0.0994785 0)
(0.227125 -0.11655 0)
(-0.00420659 0.580158 0)
(0.00547022 0.570393 0)
(0.0103929 0.538654 0)
(0.029208 0.498381 0)
(0.0490958 0.451785 0)
(0.0737988 0.400696 0)
(0.0990231 0.347627 0)
(0.123352 0.295795 0)
(0.145588 0.247867 0)
(0.165085 0.205111 0)
(0.181635 0.167597 0)
(0.195414 0.134713 0)
(0.206751 0.105499 0)
(0.215907 0.0788968 0)
(0.222945 0.0539848 0)
(0.227805 0.0301867 0)
(0.230444 0.00729008 0)
(0.230919 -0.0146909 0)
(0.229317 -0.0357623 0)
(0.225816 -0.0557098 0)
(0.220631 -0.0743889 0)
(0.214012 -0.0917226 0)
(0.205658 -0.107695 0)
(-0.0049025 0.580818 0)
(0.000729961 0.566043 0)
(0.00165657 0.52854 0)
(0.015137 0.48261 0)
(0.0296733 0.431648 0)
(0.0496651 0.377942 0)
(0.0711904 0.324145 0)
(0.0933458 0.273084 0)
(0.114845 0.226974 0)
(0.134717 0.186725 0)
(0.152283 0.15193 0)
(0.167298 0.121662 0)
(0.179781 0.0948492 0)
(0.189844 0.0704965 0)
(0.197559 0.0477952 0)
(0.202965 0.0262136 0)
(0.206133 0.0054983 0)
(0.207105 -0.0144063 0)
(0.206085 -0.0335617 0)
(0.203327 -0.0517822 0)
(0.198986 -0.0689586 0)
(0.19331 -0.0850231 0)
(0.186062 -0.0999701 0)
(-0.00480042 0.583216 0)
(-0.0016058 0.565057 0)
(-0.00328619 0.522497 0)
(0.00600817 0.471422 0)
(0.0161056 0.416192 0)
(0.0316915 0.359319 0)
(0.049394 0.303674 0)
(0.0689779 0.25198 0)
(0.0892327 0.206414 0)
(0.108963 0.167792 0)
(0.127081 0.135265 0)
(0.142973 0.107521 0)
(0.156354 0.0832488 0)
(0.167176 0.061366 0)
(0.175482 0.0410591 0)
(0.181362 0.0217889 0)
(0.184961 0.00325696 0)
(0.186385 -0.0146502 0)
(0.185857 -0.0319347 0)
(0.183641 -0.0485249 0)
(0.179946 -0.0642982 0)
(0.175008 -0.0791754 0)
(0.168641 -0.0931403 0)
(-0.00397765 0.586133 0)
(-0.00191291 0.56599 0)
(-0.00530079 0.519269 0)
(0.000787015 0.464039 0)
(0.00722617 0.40494 0)
(0.018643 0.344776 0)
(0.0324157 0.28649 0)
(0.049062 0.232936 0)
(0.0675969 0.186677 0)
(0.0867368 0.148749 0)
(0.105042 0.117947 0)
(0.121545 0.0925273 0)
(0.135664 0.0708276 0)
(0.147176 0.0515521 0)
(0.156058 0.0337804 0)
(0.162404 0.0169185 0)
(0.16641 0.000626229 0)
(0.16823 -0.0152525 0)
(0.168131 -0.0307786 0)
(0.166373 -0.0458353 0)
(0.163203 -0.0602835 0)
(0.15886 -0.0740306 0)
(0.153196 -0.0870481 0)
(-0.0024852 0.588293 0)
(-0.000217602 0.56761 0)
(-0.00417622 0.518055 0)
(-0.000374884 0.459698 0)
(0.00288894 0.397429 0)
(0.0104904 0.33418 0)
(0.0202611 0.272788 0)
(0.033613 0.216383 0)
(0.049917 0.168241 0)
(0.0679891 0.130015 0)
(0.0860653 0.100273 0)
(0.10289 0.0768708 0)
(0.117566 0.0576926 0)
(0.129661 0.0411032 0)
(0.139056 0.0259783 0)
(0.145833 0.0116156 0)
(0.150204 -0.00237037 0)
(0.152324 -0.0162268 0)
(0.152515 -0.0299841 0)
(0.1511 -0.043535 0)
(0.148323 -0.0567203 0)
(0.144422 -0.0694178 0)
(0.13931 -0.0815452 0)
(-0.000365533 0.588254 0)
(0.00362741 0.568609 0)
(0.000586075 0.518066 0)
(0.00321156 0.457708 0)
(0.00404535 0.39318 0)
(0.0082854 0.327301 0)
(0.0141158 0.26268 0)
(0.0237542 0.202521 0)
(0.0370845 0.151503 0)
(0.053436 0.112025 0)
(0.0706851 0.0826319 0)
(0.0873837 0.0608364 0)
(0.102305 0.0440372 0)
(0.114762 0.0301531 0)
(0.124496 0.0177537 0)
(0.131559 0.00596288 0)
(0.136105 -0.00569139 0)
(0.138401 -0.0175128 0)
(0.138789 -0.029496 0)
(0.137564 -0.0415538 0)
(0.135011 -0.0535243 0)
(0.131392 -0.0652203 0)
(0.126665 -0.0764969 0)
(0.00237827 0.58452 0)
(0.00959043 0.567254 0)
(0.00921973 0.517659 0)
(0.0120197 0.457071 0)
(0.0118412 0.391675 0)
(0.0137055 0.324212 0)
(0.0162514 0.256885 0)
(0.0221035 0.192728 0)
(0.0313811 0.137513 0)
(0.0447557 0.0953813 0)
(0.0600718 0.0654825 0)
(0.0758093 0.0448213 0)
(0.0903957 0.0301907 0)
(0.102803 0.0189741 0)
(0.112553 0.00934656 0)
(0.119619 0.000215071 0)
(0.124114 -0.00910425 0)
(0.126362 -0.0188452 0)
(0.126736 -0.0290734 0)
(0.125532 -0.0396926 0)
(0.123045 -0.0505098 0)
(0.11956 -0.0612732 0)
(0.11506 -0.0717655 0)
(0.00573229 0.575779 0)
(0.0173828 0.562024 0)
(0.0212717 0.515155 0)
(0.0257043 0.456069 0)
(0.0262225 0.39132 0)
(0.0272062 0.323611 0)
(0.027912 0.254831 0)
(0.0308072 0.187793 0)
(0.0360047 0.128616 0)
(0.0449242 0.0826482 0)
(0.0566149 0.0506198 0)
(0.0698462 0.0299239 0)
(0.0828947 0.0168537 0)
(0.0944061 0.00807826 0)
(0.103593 0.00119875 0)
(0.110147 -0.00532515 0)
(0.114208 -0.0122982 0)
(0.11613 -0.0200164 0)
(0.116239 -0.0285454 0)
(0.114844 -0.0377822 0)
(0.112252 -0.0474986 0)
(0.108752 -0.0574023 0)
(0.104333 -0.0671973 0)
(0.00961357 0.561014 0)
(0.0264449 0.551628 0)
(0.0356837 0.50916 0)
(0.0428412 0.453138 0)
(0.045343 0.390316 0)
(0.0467953 0.323506 0)
(0.0470855 0.254538 0)
(0.0482065 0.1862 0)
(0.0503435 0.124494 0)
(0.0548607 0.0750619 0)
(0.0619904 0.0400613 0)
(0.0711797 0.0180417 0)
(0.0811079 0.00546537 0)
(0.0904096 -0.00153381 0)
(0.0979688 -0.00606119 0)
(0.103282 -0.0101697 0)
(0.106395 -0.0149069 0)
(0.107576 -0.0207202 0)
(0.107138 -0.0276715 0)
(0.105363 -0.0356314 0)
(0.10251 -0.0443424 0)
(0.0988441 -0.0534837 0)
(0.0943677 -0.0626747 0)
(0.0139673 0.539546 0)
(0.0361193 0.535333 0)
(0.0510352 0.498889 0)
(0.061321 0.447355 0)
(0.0662623 0.387574 0)
(0.0688115 0.322654 0)
(0.0693725 0.254569 0)
(0.0695135 0.186211 0)
(0.06968 0.12336 0)
(0.0709911 0.0717452 0)
(0.074052 0.0342519 0)
(0.0788567 0.0104418 0)
(0.084752 -0.00251315 0)
(0.090683 -0.00859482 0)
(0.0955832 -0.01143 0)
(0.0988854 -0.0135629 0)
(0.10048 -0.0164196 0)
(0.100517 -0.0205977 0)
(0.0992331 -0.0261912 0)
(0.0968601 -0.0330478 0)
(0.0936019 -0.0409044 0)
(0.0896656 -0.0494023 0)
(0.085036 -0.0581023 0)
(0.0187684 0.510981 0)
(0.0457335 0.513216 0)
(0.0657906 0.484373 0)
(0.0788575 0.438676 0)
(0.085883 0.382943 0)
(0.0894371 0.320828 0)
(0.0903226 0.254535 0)
(0.0899457 0.187018 0)
(0.0890354 0.123986 0)
(0.088409 0.071296 0)
(0.0885636 0.0322529 0)
(0.0896877 0.00701501 0)
(0.0916211 -0.00657957 0)
(0.0937975 -0.0122986 0)
(0.0955279 -0.0140594 0)
(0.0963018 -0.0148348 0)
(0.0959411 -0.0163479 0)
(0.0945161 -0.0193252 0)
(0.0921898 -0.0238925 0)
(0.0890966 -0.0298892 0)
(0.0853405 -0.0370653 0)
(0.0810623 -0.0450596 0)
(0.0762109 -0.053394 0)
(0.0238045 0.475204 0)
(0.0545526 0.486179 0)
(0.0784582 0.466452 0)
(0.0933342 0.427818 0)
(0.101532 0.377008 0)
(0.105559 0.318371 0)
(0.106695 0.254374 0)
(0.106356 0.188081 0)
(0.105252 0.125467 0)
(0.103761 0.0725566 0)
(0.10212 0.0329022 0)
(0.100525 0.00698688 0)
(0.0990562 -0.00696757 0)
(0.0976956 -0.0125306 0)
(0.0962211 -0.013708 0)
(0.0943413 -0.013702 0)
(0.0919298 -0.0144334 0)
(0.0889892 -0.016696 0)
(0.0855794 -0.0206203 0)
(0.0817319 -0.0260643 0)
(0.0774631 -0.0327761 0)
(0.0728333 -0.0404231 0)
(0.0677535 -0.0485219 0)
(0.0282619 0.432573 0)
(0.0615257 0.455725 0)
(0.0874469 0.446545 0)
(0.102776 0.415997 0)
(0.11102 0.3707 0)
(0.11505 0.315628 0)
(0.116697 0.253748 0)
(0.117205 0.188682 0)
(0.11679 0.126935 0)
(0.115274 0.0746364 0)
(0.112602 0.0353563 0)
(0.108954 0.00966734 0)
(0.104658 -0.00417693 0)
(0.100179 -0.00957627 0)
(0.0958359 -0.0105223 0)
(0.091608 -0.0102821 0)
(0.0874081 -0.010774 0)
(0.0831808 -0.0127957 0)
(0.0788636 -0.0164683 0)
(0.0743929 -0.0216384 0)
(0.0697116 -0.0280811 0)
(0.0647918 -0.0355149 0)
(0.0595233 -0.0434912 0)
(0.0303172 0.384664 0)
(0.0648679 0.423855 0)
(0.0906938 0.426249 0)
(0.105205 0.404551 0)
(0.112765 0.364673 0)
(0.116943 0.312477 0)
(0.11983 0.251959 0)
(0.122041 0.188015 0)
(0.122944 0.127668 0)
(0.121807 0.0769377 0)
(0.118357 0.0391292 0)
(0.112856 0.0146395 0)
(0.106126 0.00149759 0)
(0.0991404 -0.00377317 0)
(0.0925262 -0.00495866 0)
(0.086574 -0.00504948 0)
(0.0812417 -0.00583016 0)
(0.0762875 -0.00801491 0)
(0.0714973 -0.0117088 0)
(0.0667161 -0.0167937 0)
(0.0618273 -0.0231015 0)
(0.0567523 -0.0304163 0)
(0.0513898 -0.038352 0)
(0.028001 0.335643 0)
(0.0631557 0.393137 0)
(0.0865689 0.407229 0)
(0.0994647 0.394326 0)
(0.106368 0.358916 0)
(0.111357 0.308171 0)
(0.116376 0.248137 0)
(0.120899 0.185457 0)
(0.123307 0.127349 0)
(0.122428 0.0793568 0)
(0.11798 0.0441881 0)
(0.110607 0.0217112 0)
(0.101698 0.00956132 0)
(0.0927584 0.00418676 0)
(0.0848124 0.00221088 0)
(0.0781483 0.0011814 0)
(0.0725404 -0.000344992 0)
(0.0676224 -0.00296675 0)
(0.0629878 -0.00681195 0)
(0.0583544 -0.0118713 0)
(0.0535806 -0.0180678 0)
(0.0485597 -0.025277 0)
(0.0432414 -0.033198 0)
(0.0213225 0.290582 0)
(0.0570478 0.365179 0)
(0.0767149 0.390975 0)
(0.0873214 0.385617 0)
(0.0931771 0.353268 0)
(0.0989823 0.301976 0)
(0.106611 0.241561 0)
(0.113765 0.180762 0)
(0.117516 0.126184 0)
(0.116419 0.0822949 0)
(0.110552 0.0508063 0)
(0.101287 0.030759 0)
(0.0907161 0.0193645 0)
(0.0807456 0.0133244 0)
(0.0724417 0.00993813 0)
(0.0659672 0.00741762 0)
(0.0609259 0.00480556 0)
(0.0567506 0.00160889 0)
(0.0528965 -0.0023757 0)
(0.0489762 -0.00731221 0)
(0.0447537 -0.0132694 0)
(0.0400913 -0.0202869 0)
(0.035013 -0.0281797 0)
(0.0143167 0.253314 0)
(0.0503214 0.339362 0)
(0.0666287 0.378313 0)
(0.0731327 0.379607 0)
(0.0746982 0.349281 0)
(0.0792785 0.293925 0)
(0.0899303 0.23153 0)
(0.100366 0.173858 0)
(0.105302 0.124608 0)
(0.103487 0.086287 0)
(0.0960015 0.0592084 0)
(0.0852684 0.0414749 0)
(0.0739657 0.030174 0)
(0.064015 0.0226811 0)
(0.056234 0.0172516 0)
(0.0505801 0.0128744 0)
(0.046566 0.00895809 0)
(0.0435709 0.00508535 0)
(0.0409537 0.000988299 0)
(0.0382494 -0.00367067 0)
(0.0350538 -0.00913439 0)
(0.0311299 -0.0156794 0)
(0.026552 -0.0233384 0)
(0.0158376 0.226025 0)
(0.0533044 0.31622 0)
(0.0643856 0.371783 0)
(0.0610451 0.379335 0)
(0.0500883 0.351259 0)
(0.0477211 0.285799 0)
(0.0640454 0.218354 0)
(0.080876 0.165583 0)
(0.0873106 0.123205 0)
(0.0845869 0.0911216 0)
(0.0758325 0.0681416 0)
(0.0645997 0.0519104 0)
(0.053739 0.0399755 0)
(0.0447506 0.0306842 0)
(0.0380276 0.0231779 0)
(0.0333787 0.0169935 0)
(0.0303669 0.011787 0)
(0.028473 0.00721991 0)
(0.0271434 0.00297057 0)
(0.0258579 -0.00138091 0)
(0.0241165 -0.0061606 0)
(0.021513 -0.0120887 0)
(0.017796 -0.0194746 0)
(0.032102 0.145165 0)
(0.0777281 0.279083 0)
(0.0770424 0.38981 0)
(0.0531431 0.4082 0)
(0.0168004 0.389644 0)
(-0.00367645 0.27547 0)
(0.0269464 0.169575 0)
(0.056127 0.143121 0)
(0.0647169 0.120708 0)
(0.0617566 0.100887 0)
(0.0530665 0.0834333 0)
(0.0428848 0.0677201 0)
(0.0336218 0.0535379 0)
(0.0262327 0.0410759 0)
(0.0208118 0.0305233 0)
(0.0171077 0.0217975 0)
(0.0147589 0.014657 0)
(0.0133947 0.00878371 0)
(0.0126813 0.00388247 0)
(0.0122216 -0.000420303 0)
(0.0115526 -0.0044658 0)
(0.0104219 -0.00909584 0)
(0.00832972 -0.0154826 0)
(-0.472991 0.0266471 0)
(-0.46522 0.0199436 0)
(-0.453457 0.0140462 0)
(-0.435984 0.00867872 0)
(-0.542777 -0.0459784 0)
(-0.528445 -0.0549577 0)
(-0.514712 -0.0591771 0)
(-0.500049 -0.059608 0)
(-0.529128 -0.0402571 0)
(-0.522838 -0.0477278 0)
(-0.515853 -0.0540231 0)
(-0.505836 -0.0600289 0)
(-0.487263 -0.0712805 0)
(-0.48372 -0.0726296 0)
(-0.480782 -0.0778914 0)
(-0.475374 -0.0843947 0)
(-0.444598 -0.0727113 0)
(-0.441253 -0.0701776 0)
(-0.438708 -0.0780044 0)
(-0.435621 -0.0896458 0)
(-0.394748 -0.0806475 0)
(-0.39757 -0.0800166 0)
(-0.396975 -0.0863989 0)
(-0.396577 -0.0952425 0)
(-0.364426 -0.0550634 0)
(-0.369595 -0.0675519 0)
(-0.373813 -0.0782549 0)
(-0.377412 -0.0876905 0)
(-0.373152 -0.0488996 0)
(-0.375579 -0.0591133 0)
(-0.378806 -0.0718969 0)
(-0.378663 -0.0863858 0)
(-0.407781 -0.0648657 0)
(-0.404778 -0.0576733 0)
(-0.406956 -0.0679475 0)
(-0.404612 -0.0887197 0)
(-0.451223 -0.0666302 0)
(-0.43096 -0.0584099 0)
(-0.439882 -0.0721233 0)
(-0.429509 -0.102738 0)
(0.0245921 -0.200886 0)
(-0.200472 -0.0317873 0)
(-0.15982 -0.0357756 0)
(-0.17552 -0.114243 0)
(-0.79876 0.0331969 0)
(-0.763066 0.0289528 0)
(-0.717748 -0.0589866 0)
(-0.666867 -0.0304695 0)
(-0.516856 -0.179742 0)
(-0.471127 -0.182284 0)
(-0.437249 -0.18441 0)
(-0.399298 -0.180772 0)
(-0.248514 -0.18912 0)
(-0.233276 -0.190272 0)
(-0.218336 -0.206549 0)
(-0.193 -0.216733 0)
(-0.0578314 -0.235721 0)
(-0.0505792 -0.227443 0)
(-0.045556 -0.230713 0)
(-0.0408683 -0.250606 0)
(0.082264 -0.224962 0)
(0.081051 -0.228058 0)
(0.0820408 -0.231013 0)
(0.0811709 -0.236935 0)
(0.185988 -0.21552 0)
(0.178845 -0.220853 0)
(0.173515 -0.225787 0)
(0.168572 -0.230139 0)
(0.247387 -0.198729 0)
(0.237694 -0.20523 0)
(0.229695 -0.21099 0)
(0.22222 -0.216023 0)
(0.272238 -0.179567 0)
(0.262337 -0.186572 0)
(0.253921 -0.192876 0)
(0.245952 -0.198508 0)
(0.273084 -0.162118 0)
(0.264163 -0.169151 0)
(0.256417 -0.175543 0)
(0.248996 -0.181396 0)
(0.260557 -0.146903 0)
(0.252906 -0.15377 0)
(0.246206 -0.160073 0)
(0.239737 -0.165932 0)
(0.241689 -0.134164 0)
(0.235232 -0.140771 0)
(0.229534 -0.146886 0)
(0.223993 -0.152683 0)
(0.220706 -0.123401 0)
(0.215197 -0.129717 0)
(0.210333 -0.135651 0)
(0.205593 -0.141393 0)
(0.200077 -0.114183 0)
(0.195295 -0.120217 0)
(0.191068 -0.125986 0)
(0.186941 -0.131696 0)
(0.181128 -0.106097 0)
(0.176898 -0.111857 0)
(0.173161 -0.117476 0)
(0.169505 -0.123147 0)
(0.164225 -0.098901 0)
(0.160442 -0.104393 0)
(0.157092 -0.109857 0)
(0.153805 -0.115458 0)
(0.149201 -0.0924442 0)
(0.145782 -0.0976708 0)
(0.142757 -0.102968 0)
(0.139773 -0.108454 0)
(0.135662 -0.0865916 0)
(0.132546 -0.091565 0)
(0.129782 -0.0966853 0)
(0.127046 -0.102019 0)
(0.123284 -0.0812125 0)
(0.120399 -0.0859498 0)
(0.117844 -0.0908918 0)
(0.115301 -0.0960494 0)
(0.111861 -0.0761807 0)
(0.109134 -0.0807063 0)
(0.106721 -0.0854703 0)
(0.104319 -0.0904383 0)
(0.101246 -0.07135 0)
(0.0986154 -0.075692 0)
(0.0962955 -0.0802892 0)
(0.0939796 -0.0850673 0)
(0.091324 -0.0666093 0)
(0.0887279 -0.0708019 0)
(0.086448 -0.0752468 0)
(0.0841844 -0.0798466 0)
(0.081985 -0.0618695 0)
(0.0793846 -0.0659487 0)
(0.0771177 -0.0702644 0)
(0.0748714 -0.0747079 0)
(0.0731161 -0.0570545 0)
(0.0704803 -0.0610693 0)
(0.0682032 -0.0652888 0)
(0.0659671 -0.0696134 0)
(0.0646015 -0.0521417 0)
(0.0619277 -0.0561427 0)
(0.0596457 -0.0603079 0)
(0.057412 -0.0645593 0)
(0.0563205 -0.0471397 0)
(0.0536176 -0.0511831 0)
(0.051348 -0.0553396 0)
(0.0491445 -0.0595793 0)
(0.0481649 -0.0420998 0)
(0.045476 -0.0462409 0)
(0.0432613 -0.0504462 0)
(0.0411125 -0.0547525 0)
(0.0400413 -0.0371197 0)
(0.0374257 -0.04142 0)
(0.0353332 -0.0457424 0)
(0.033318 -0.0502227 0)
(0.0319037 -0.0323742 0)
(0.0294619 -0.036904 0)
(0.0275772 -0.0414424 0)
(0.0257854 -0.0462347 0)
(0.0236683 -0.0278833 0)
(0.0215677 -0.0327098 0)
(0.0200415 -0.0376174 0)
(0.0186536 -0.0429288 0)
(0.0152847 -0.0245771 0)
(0.0136889 -0.0297824 0)
(0.0126514 -0.0352306 0)
(0.0118505 -0.0412086 0)
(0.0069209 -0.021567 0)
(0.00629365 -0.0274174 0)
(0.00601202 -0.0338875 0)
(0.00595854 -0.0408572 0)
(-0.419778 0.00255655 0)
(-0.396859 -0.0221975 0)
(-0.370633 -0.0262163 0)
(-0.351257 -0.0184347 0)
(-0.326625 -0.0311471 0)
(-0.304846 -0.0630049 0)
(-0.297481 -0.0800747 0)
(-0.313691 -0.0553435 0)
(-0.339387 0.0219392 0)
(-0.337311 0.153825 0)
(-0.33056 0.23678 0)
(-0.324938 0.174921 0)
(-0.318284 0.124785 0)
(-0.312635 0.117659 0)
(-0.26348 0.0519677 0)
(-0.145617 -0.152541 0)
(-0.0133185 -0.32108 0)
(-0.0698821 -0.374056 0)
(0.04143 0.174405 0)
(-0.486319 -0.0567747 0)
(-0.460091 -0.0478953 0)
(-0.4346 -0.0401411 0)
(-0.399999 -0.0416756 0)
(-0.363215 -0.0596647 0)
(-0.33561 -0.085984 0)
(-0.319855 -0.0976721 0)
(-0.310722 -0.0732523 0)
(-0.296476 0.00541763 0)
(-0.269456 0.124369 0)
(-0.229054 0.203517 0)
(-0.206256 0.176341 0)
(-0.210581 0.130436 0)
(-0.228989 0.0987165 0)
(-0.192948 -0.0286615 0)
(-0.0984422 -0.252873 0)
(-0.0245358 -0.35703 0)
(-0.108639 -0.362087 0)
(0.00167423 0.11904 0)
(-0.492984 -0.065375 0)
(-0.463037 -0.0745396 0)
(-0.432814 -0.0756922 0)
(-0.400952 -0.0803641 0)
(-0.372325 -0.0921879 0)
(-0.351609 -0.107578 0)
(-0.334576 -0.112777 0)
(-0.313027 -0.0869351 0)
(-0.277641 -0.0201998 0)
(-0.228009 0.076145 0)
(-0.175418 0.153582 0)
(-0.136497 0.162592 0)
(-0.129066 0.141881 0)
(-0.143307 0.109187 0)
(-0.119039 -0.0520379 0)
(-0.0782757 -0.283878 0)
(-0.0865812 -0.355917 0)
(-0.138541 -0.335775 0)
(-0.0473136 0.0534638 0)
(-0.468063 -0.0888365 0)
(-0.451258 -0.0948386 0)
(-0.431787 -0.0966208 0)
(-0.40965 -0.102278 0)
(-0.39058 -0.11008 0)
(-0.380229 -0.120994 0)
(-0.375705 -0.127723 0)
(-0.366428 -0.110727 0)
(-0.338624 -0.0621983 0)
(-0.280469 0.0217201 0)
(-0.203885 0.105764 0)
(-0.144821 0.136091 0)
(-0.109683 0.131074 0)
(-0.0939983 0.095057 0)
(-0.0502372 -0.0755825 0)
(-0.0661378 -0.259545 0)
(-0.127231 -0.339409 0)
(-0.153444 -0.320246 0)
(-0.121522 -0.0878313 0)
(-0.43221 -0.0968778 0)
(-0.423678 -0.10623 0)
(-0.411675 -0.110971 0)
(-0.396827 -0.117035 0)
(-0.383111 -0.118202 0)
(-0.380794 -0.119834 0)
(-0.397415 -0.121617 0)
(-0.416885 -0.110298 0)
(-0.418151 -0.0823691 0)
(-0.385128 -0.0309542 0)
(-0.299116 0.0363484 0)
(-0.194927 0.0846215 0)
(-0.111193 0.0989721 0)
(-0.0474613 0.0752686 0)
(0.0217001 -0.0751586 0)
(-0.047133 -0.196995 0)
(-0.120264 -0.307725 0)
(-0.137335 -0.325684 0)
(-0.119638 -0.22759 0)
(-0.396533 -0.101385 0)
(-0.395897 -0.11343 0)
(-0.391 -0.122432 0)
(-0.38318 -0.129425 0)
(-0.373496 -0.126494 0)
(-0.371968 -0.113781 0)
(-0.38526 -0.0964706 0)
(-0.408231 -0.0953359 0)
(-0.414255 -0.0954789 0)
(-0.388373 -0.0823315 0)
(-0.328769 -0.0670506 0)
(-0.241597 -0.0446598 0)
(-0.146955 -0.0194101 0)
(-0.059797 -0.02893 0)
(-0.00915542 -0.0896612 0)
(-0.0318611 -0.143298 0)
(-0.0774516 -0.272245 0)
(-0.109614 -0.337814 0)
(-0.100756 -0.333287 0)
(-0.38048 -0.0949315 0)
(-0.387089 -0.109813 0)
(-0.394692 -0.120113 0)
(-0.403897 -0.127592 0)
(-0.408769 -0.128652 0)
(-0.410262 -0.109981 0)
(-0.414391 -0.0836351 0)
(-0.414265 -0.091353 0)
(-0.396077 -0.107002 0)
(-0.363361 -0.111171 0)
(-0.319323 -0.109167 0)
(-0.261218 -0.0962906 0)
(-0.190178 -0.0712614 0)
(-0.122843 -0.0721897 0)
(-0.0646184 -0.108701 0)
(-0.0224623 -0.149492 0)
(-0.0274236 -0.257304 0)
(-0.0878017 -0.333777 0)
(-0.101424 -0.399225 0)
(-0.376113 -0.0922007 0)
(-0.384287 -0.0995668 0)
(-0.404841 -0.106797 0)
(-0.428745 -0.116427 0)
(-0.447371 -0.125564 0)
(-0.455606 -0.114876 0)
(-0.457386 -0.0938648 0)
(-0.452208 -0.113591 0)
(-0.424108 -0.138929 0)
(-0.380211 -0.148756 0)
(-0.330905 -0.15505 0)
(-0.277874 -0.154183 0)
(-0.215685 -0.138198 0)
(-0.143202 -0.142115 0)
(-0.0692623 -0.162409 0)
(0.00746685 -0.181102 0)
(0.173954 -0.187838 0)
(0.167687 -0.193664 0)
(-0.0366744 -0.463073 0)
(-0.395558 -0.0944896 0)
(-0.374213 -0.0907008 0)
(-0.391441 -0.089737 0)
(-0.438154 -0.100912 0)
(-0.466275 -0.115935 0)
(-0.479301 -0.107232 0)
(-0.489791 -0.084656 0)
(-0.487453 -0.124404 0)
(-0.45542 -0.171015 0)
(-0.399416 -0.185677 0)
(-0.337703 -0.193983 0)
(-0.268198 -0.196085 0)
(-0.209893 -0.190369 0)
(-0.135126 -0.199835 0)
(-0.0177839 -0.220229 0)
(0.00506611 -0.324502 0)
(-0.0280261 -0.251648 0)
(-0.0256444 -0.160464 0)
(0.028709 -0.430467 0)
(-0.405765 -0.114052 0)
(-0.330221 -0.103671 0)
(-0.0178083 -0.0186772 0)
(-0.114593 0.0129996 0)
(-0.487619 -0.0304216 0)
(-0.564574 -0.0640846 0)
(-0.529937 -0.0667424 0)
(-0.490413 -0.127197 0)
(-0.404423 -0.217595 0)
(-0.38397 -0.244537 0)
(-0.337719 -0.282006 0)
(-0.250372 -0.271199 0)
(-0.158478 -0.284587 0)
(-0.0969948 -0.306536 0)
(-0.088274 -0.281509 0)
(-0.0897744 -0.303731 0)
(-0.088003 -0.260273 0)
(-0.00505593 -0.234812 0)
(0.0342199 -0.406661 0)
(-0.229616 -0.174434 0)
(-0.456842 -0.355106 0)
(-0.604985 -0.057577 0)
(-0.559386 0.147679 0)
(-0.548998 0.0817434 0)
(-0.499639 -0.057449 0)
(-0.435133 -0.155693 0)
(-0.37441 -0.239153 0)
(-0.324904 -0.262656 0)
(-0.268068 -0.292511 0)
(-0.21188 -0.333018 0)
(-0.153466 -0.353716 0)
(-0.0970564 -0.355968 0)
(-0.0392002 -0.308842 0)
(-0.00829142 -0.255985 0)
(-0.00970126 -0.276875 0)
(-0.0163293 -0.292282 0)
(0.0203209 -0.281994 0)
(0.033283 -0.378545 0)
(-0.628988 -0.00720479 0)
(-0.602626 0.00658226 0)
(-0.586676 0.0385859 0)
(-0.504978 0.0383191 0)
(-0.384218 -0.0322914 0)
(-0.283769 -0.134386 0)
(-0.225623 -0.205918 0)
(-0.185123 -0.257294 0)
(-0.148818 -0.299419 0)
(-0.111689 -0.337001 0)
(-0.0829121 -0.362259 0)
(-0.0610319 -0.387645 0)
(-0.051806 -0.393804 0)
(-0.0216603 -0.347756 0)
(0.014081 -0.28104 0)
(0.0265384 -0.280431 0)
(0.0202053 -0.292906 0)
(0.0247243 -0.29703 0)
(0.0253138 -0.354323 0)
(-0.360903 -0.176494 0)
(-0.302115 -0.153654 0)
(-0.243959 -0.11039 0)
(-0.187444 -0.0659906 0)
(-0.107881 -0.11395 0)
(-0.0405015 -0.187615 0)
(-0.00116615 -0.240465 0)
(0.019894 -0.280508 0)
(0.0377766 -0.321559 0)
(0.0560304 -0.354348 0)
(0.0579354 -0.363736 0)
(0.0447764 -0.377628 0)
(0.0181124 -0.389817 0)
(0.0182169 -0.369728 0)
(0.0412747 -0.302867 0)
(0.0520106 -0.281328 0)
(0.0401651 -0.285813 0)
(0.0276741 -0.296035 0)
(0.01906 -0.331637 0)
(-0.16464 -0.205962 0)
(-0.116524 -0.165247 0)
(-0.0586463 -0.138378 0)
(0.00623352 -0.1045 0)
(0.0748029 -0.17087 0)
(0.114064 -0.227155 0)
(0.135089 -0.260572 0)
(0.142776 -0.287997 0)
(0.150508 -0.330572 0)
(0.158363 -0.359499 0)
(0.158473 -0.35354 0)
(0.139276 -0.345911 0)
(0.107743 -0.364897 0)
(0.0944114 -0.372922 0)
(0.0919178 -0.310497 0)
(0.0820963 -0.268127 0)
(0.0583153 -0.268557 0)
(0.0340819 -0.282673 0)
(0.0175435 -0.309017 0)
(-0.0298169 -0.248442 0)
(0.00213392 -0.219101 0)
(0.0488216 -0.193488 0)
(0.102494 -0.168786 0)
(0.15259 -0.204957 0)
(0.177444 -0.244281 0)
(0.186859 -0.269152 0)
(0.188621 -0.290806 0)
(0.19079 -0.334518 0)
(0.190173 -0.362287 0)
(0.186611 -0.352195 0)
(0.179933 -0.327588 0)
(0.171616 -0.3474 0)
(0.156855 -0.360221 0)
(0.130509 -0.296606 0)
(0.0995716 -0.241022 0)
(0.0682957 -0.243205 0)
(0.0383834 -0.26123 0)
(0.0172926 -0.284723 0)
(0.0813295 -0.251439 0)
(0.0847831 -0.24412 0)
(0.105544 -0.22791 0)
(0.143086 -0.215016 0)
(0.177447 -0.234274 0)
(0.193714 -0.258938 0)
(0.199537 -0.276023 0)
(0.201688 -0.292527 0)
(0.199118 -0.330657 0)
(0.185837 -0.356449 0)
(0.176816 -0.352051 0)
(0.180887 -0.330566 0)
(0.190607 -0.343072 0)
(0.170618 -0.33576 0)
(0.128462 -0.265137 0)
(0.0886012 -0.209188 0)
(0.062952 -0.216649 0)
(0.0362508 -0.23795 0)
(0.0159791 -0.260534 0)
(0.16076 -0.244133 0)
(0.15234 -0.245879 0)
(0.154318 -0.241681 0)
(0.168001 -0.240201 0)
(0.183658 -0.250799 0)
(0.192945 -0.265559 0)
(0.197023 -0.279257 0)
(0.199507 -0.293372 0)
(0.193469 -0.31942 0)
(0.175321 -0.342644 0)
(0.158811 -0.348771 0)
(0.163548 -0.3411 0)
(0.167044 -0.335727 0)
(0.13753 -0.302513 0)
(0.0856969 -0.224106 0)
(0.0583206 -0.18574 0)
(0.0471226 -0.19765 0)
(0.0289426 -0.218601 0)
(0.0134557 -0.239528 0)
(0.20949 -0.230581 0)
(0.195388 -0.237894 0)
(0.186136 -0.241279 0)
(0.183982 -0.24552 0)
(0.185055 -0.254879 0)
(0.185283 -0.267389 0)
(0.184622 -0.280267 0)
(0.183541 -0.293144 0)
(0.177659 -0.308236 0)
(0.161177 -0.323287 0)
(0.143406 -0.340241 0)
(0.133119 -0.341854 0)
(0.113108 -0.316222 0)
(0.0683593 -0.25699 0)
(0.0353554 -0.195281 0)
(0.0319563 -0.178431 0)
(0.0316193 -0.188694 0)
(0.0206921 -0.205345 0)
(0.0106075 -0.223357 0)
(0.231593 -0.213868 0)
(0.215353 -0.224858 0)
(0.201128 -0.232889 0)
(0.191122 -0.240638 0)
(0.183831 -0.250764 0)
(0.177013 -0.263202 0)
(0.170088 -0.276335 0)
(0.162818 -0.288565 0)
(0.153417 -0.298911 0)
(0.139566 -0.30703 0)
(0.118686 -0.320753 0)
(0.0882661 -0.32038 0)
(0.0495107 -0.280666 0)
(0.0205286 -0.227105 0)
(0.0141807 -0.191338 0)
(0.0197227 -0.181611 0)
(0.0216819 -0.18554 0)
(0.0144938 -0.196962 0)
(0.00839663 -0.211601 0)
(0.235301 -0.197057 0)
(0.219288 -0.210133 0)
(0.203717 -0.220947 0)
(0.190524 -0.230893 0)
(0.179172 -0.241839 0)
(0.168157 -0.254306 0)
(0.156646 -0.267215 0)
(0.144225 -0.278584 0)
(0.130126 -0.2865 0)
(0.113326 -0.290844 0)
(0.0900467 -0.295479 0)
(0.0570956 -0.286522 0)
(0.0263845 -0.25344 0)
(0.0121534 -0.218833 0)
(0.0122014 -0.195375 0)
(0.0160215 -0.185151 0)
(0.0165747 -0.183631 0)
(0.0107804 -0.191392 0)
(0.00691036 -0.202839 0)
(0.227619 -0.181651 0)
(0.213099 -0.195806 0)
(0.198072 -0.208082 0)
(0.184096 -0.219192 0)
(0.171051 -0.230522 0)
(0.157908 -0.242654 0)
(0.143874 -0.254769 0)
(0.128563 -0.26497 0)
(0.111806 -0.271164 0)
(0.093384 -0.2728 0)
(0.0714938 -0.27115 0)
(0.0464275 -0.26 0)
(0.0265113 -0.237987 0)
(0.0176456 -0.215121 0)
(0.0163645 -0.197198 0)
(0.016544 -0.185935 0)
(0.0148305 -0.181084 0)
(0.00915296 -0.18707 0)
(0.00606024 -0.195732 0)
(0.213682 -0.168306 0)
(0.200992 -0.182826 0)
(0.187247 -0.195596 0)
(0.173685 -0.20705 0)
(0.16036 -0.218282 0)
(0.146579 -0.229779 0)
(0.13174 -0.240883 0)
(0.115643 -0.249949 0)
(0.0985757 -0.255069 0)
(0.081033 -0.255506 0)
(0.0629814 -0.251749 0)
(0.0454188 -0.242287 0)
(0.0320157 -0.227312 0)
(0.024718 -0.210834 0)
(0.0215353 -0.195894 0)
(0.0190145 -0.184143 0)
(0.0154483 -0.17737 0)
(0.00914497 -0.182854 0)
(0.00557764 -0.189274 0)
(0.196814 -0.156904 0)
(0.185755 -0.171366 0)
(0.173383 -0.184043 0)
(0.160776 -0.195338 0)
(0.148074 -0.20617 0)
(0.134795 -0.216919 0)
(0.120516 -0.227056 0)
(0.105197 -0.235268 0)
(0.0893645 -0.240045 0)
(0.0738989 -0.240657 0)
(0.0594438 -0.237381 0)
(0.046684 -0.230122 0)
(0.036904 -0.219145 0)
(0.0305482 -0.206146 0)
(0.0264364 -0.192824 0)
(0.0223965 -0.180678 0)
(0.0176141 -0.172567 0)
(0.0103006 -0.177822 0)
(0.00535331 -0.182706 0)
(0.179332 -0.147036 0)
(0.169494 -0.161181 0)
(0.158272 -0.173509 0)
(0.146723 -0.184493 0)
(0.135035 -0.194899 0)
(0.122871 -0.204983 0)
(0.109954 -0.214324 0)
(0.0963264 -0.221973 0)
(0.0825219 -0.226835 0)
(0.069423 -0.228274 0)
(0.0577623 -0.226331 0)
(0.0479712 -0.221059 0)
(0.0404069 -0.212569 0)
(0.0349006 -0.201544 0)
(0.0305698 -0.188966 0)
(0.0257952 -0.176247 0)
(0.0203523 -0.166981 0)
(0.0119981 -0.171348 0)
(0.00531421 -0.175565 0)
(0.162699 -0.13822 0)
(0.153714 -0.151923 0)
(0.143374 -0.163853 0)
(0.132768 -0.174565 0)
(0.122099 -0.184675 0)
(0.111136 -0.194317 0)
(0.0997358 -0.203154 0)
(0.0879855 -0.210525 0)
(0.0763264 -0.215662 0)
(0.0654613 -0.218041 0)
(0.0559997 -0.217503 0)
(0.0482368 -0.213922 0)
(0.0422065 -0.207143 0)
(0.0374998 -0.19727 0)
(0.0333378 -0.184864 0)
(0.0283421 -0.17134 0)
(0.0226089 -0.160874 0)
(0.0134642 -0.163594 0)
(0.00528577 -0.167593 0)
(0.147594 -0.130136 0)
(0.139234 -0.143331 0)
(0.129585 -0.154894 0)
(0.119754 -0.165421 0)
(0.109936 -0.175382 0)
(0.0999871 -0.184814 0)
(0.0898711 -0.193442 0)
(0.0797121 -0.200805 0)
(0.0698572 -0.206365 0)
(0.0608244 -0.209673 0)
(0.053075 -0.210421 0)
(0.0468123 -0.20825 0)
(0.0419581 -0.202708 0)
(0.038012 -0.193481 0)
(0.0342446 -0.180854 0)
(0.029358 -0.166305 0)
(0.0236175 -0.154469 0)
(0.0138724 -0.154836 0)
(0.0048875 -0.15932 0)
(0.134026 -0.122622 0)
(0.126185 -0.135278 0)
(0.117125 -0.146509 0)
(0.107939 -0.156911 0)
(0.098801 -0.166822 0)
(0.089635 -0.176211 0)
(0.0804868 -0.184853 0)
(0.0715077 -0.192414 0)
(0.0629815 -0.198501 0)
(0.0552972 -0.202712 0)
(0.0488003 -0.204627 0)
(0.043626 -0.203668 0)
(0.0396642 -0.199089 0)
(0.0363894 -0.190226 0)
(0.0331349 -0.177142 0)
(0.0285869 -0.161383 0)
(0.023011 -0.147976 0)
(0.0132829 -0.145735 0)
(0.00447838 -0.151362 0)
(0.121691 -0.115603 0)
(0.114309 -0.12771 0)
(0.105781 -0.138631 0)
(0.0971546 -0.148931 0)
(0.0885746 -0.158837 0)
(0.0800166 -0.168278 0)
(0.0715804 -0.177066 0)
(0.0634346 -0.184956 0)
(0.0558266 -0.19164 0)
(0.0490635 -0.196737 0)
(0.04341 -0.199733 0)
(0.0389551 -0.199857 0)
(0.0356032 -0.196103 0)
(0.0328533 -0.187492 0)
(0.0301619 -0.173867 0)
(0.0261432 -0.156799 0)
(0.0210809 -0.141698 0)
(0.0120418 -0.137236 0)
(0.00417877 -0.143926 0)
(0.110256 -0.109014 0)
(0.10328 -0.12058 0)
(0.0952272 -0.13121 0)
(0.0870917 -0.141412 0)
(0.0789895 -0.151326 0)
(0.0709298 -0.16086 0)
(0.0630429 -0.169863 0)
(0.0555052 -0.178147 0)
(0.0485384 -0.185455 0)
(0.0423904 -0.191406 0)
(0.0372636 -0.195405 0)
(0.0332169 -0.196525 0)
(0.0302072 -0.193546 0)
(0.0278029 -0.18521 0)
(0.02568 -0.171129 0)
(0.0223712 -0.152808 0)
(0.0182569 -0.136047 0)
(0.0103408 -0.129842 0)
(0.00391123 -0.13726 0)
(0.0995082 -0.102778 0)
(0.0928677 -0.113831 0)
(0.0852255 -0.12419 0)
(0.0775203 -0.134298 0)
(0.0698424 -0.144224 0)
(0.0622255 -0.153872 0)
(0.0548154 -0.163123 0)
(0.047784 -0.171826 0)
(0.0413223 -0.179749 0)
(0.0356164 -0.186493 0)
(0.0308078 -0.191397 0)
(0.0269333 -0.193429 0)
(0.0240338 -0.19122 0)
(0.0217839 -0.183288 0)
(0.0201895 -0.168996 0)
(0.0176996 -0.14966 0)
(0.0149431 -0.131431 0)
(0.00844558 -0.123821 0)
(0.00370321 -0.131522 0)
(0.0893221 -0.0968089 0)
(0.0829514 -0.107394 0)
(0.0756592 -0.117516 0)
(0.0683418 -0.127545 0)
(0.0610707 -0.1375 0)
(0.0539016 -0.147289 0)
(0.0469842 -0.156815 0)
(0.0404675 -0.165943 0)
(0.0344917 -0.17444 0)
(0.0291626 -0.181876 0)
(0.0245538 -0.187547 0)
(0.0206852 -0.190378 0)
(0.0177068 -0.188942 0)
(0.0154175 -0.181609 0)
(0.0142589 -0.167483 0)
(0.0126101 -0.147548 0)
(0.0115139 -0.128163 0)
(0.00663598 -0.119323 0)
(0.00364324 -0.126678 0)
(0.0796288 -0.0910344 0)
(0.0734753 -0.101213 0)
(0.0664981 -0.111151 0)
(0.0595645 -0.121145 0)
(0.0527371 -0.131174 0)
(0.0460897 -0.141153 0)
(0.0397596 -0.15099 0)
(0.0338446 -0.160536 0)
(0.028404 -0.169525 0)
(0.0234426 -0.177501 0)
(0.0189671 -0.183749 0)
(0.0149884 -0.187227 0)
(0.0117855 -0.186546 0)
(0.00926947 -0.180029 0)
(0.00839964 -0.166545 0)
(0.00749684 -0.146588 0)
(0.00827911 -0.126448 0)
(0.00506061 -0.11636 0)
(0.00369239 -0.122582 0)
(0.0703808 -0.0854069 0)
(0.0644178 -0.0952646 0)
(0.057761 -0.105097 0)
(0.0512615 -0.115135 0)
(0.0449786 -0.125326 0)
(0.0389902 -0.135572 0)
(0.0333909 -0.145756 0)
(0.0281896 -0.155682 0)
(0.0233355 -0.165032 0)
(0.0187305 -0.173338 0)
(0.0143331 -0.179929 0)
(0.010162 -0.183873 0)
(0.00663717 -0.183899 0)
(0.00373265 -0.178381 0)
(0.00296377 -0.166055 0)
(0.00258159 -0.14679 0)
(0.0052617 -0.12636 0)
(0.00368698 -0.114839 0)
(0.00381519 -0.119076 0)
(0.0615397 -0.0799043 0)
(0.0557738 -0.0895557 0)
(0.0494987 -0.0994069 0)
(0.0435448 -0.109615 0)
(0.0379648 -0.120088 0)
(0.0328081 -0.130687 0)
(0.0280765 -0.141227 0)
(0.0236556 -0.151439 0)
(0.0193798 -0.160961 0)
(0.0150766 -0.169347 0)
(0.0106931 -0.176027 0)
(0.00627775 -0.180246 0)
(0.00238798 -0.180904 0)
(-0.00101262 -0.176519 0)
(-0.00189732 -0.165744 0)
(-0.00210918 -0.14811 0)
(0.00224323 -0.127817 0)
(0.00227375 -0.11466 0)
(0.00387808 -0.116114 0)
(0.0530726 -0.074542 0)
(0.0475515 -0.0841421 0)
(0.0417823 -0.0941862 0)
(0.0365486 -0.104734 0)
(0.031863 -0.115623 0)
(0.0276908 -0.126629 0)
(0.0238906 -0.137469 0)
(0.0202166 -0.147799 0)
(0.0164259 -0.157252 0)
(0.012327 -0.165458 0)
(0.00789645 -0.171994 0)
(0.00323078 -0.176316 0)
(-0.00103875 -0.1775 0)
(-0.00491738 -0.174299 0)
(-0.00618223 -0.165302 0)
(-0.00652302 -0.150182 0)
(-0.0010971 -0.130658 0)
(0.000468126 -0.115884 0)
(0.00378129 -0.113842 0)
(0.0449576 -0.0693857 0)
(0.0397836 -0.079138 0)
(0.0347086 -0.0895948 0)
(0.0304111 -0.100671 0)
(0.0267935 -0.112077 0)
(0.023671 -0.123462 0)
(0.0207434 -0.134447 0)
(0.0176767 -0.144659 0)
(0.0142246 -0.153793 0)
(0.0102365 -0.161598 0)
(0.00574799 -0.167814 0)
(0.000900963 -0.172101 0)
(-0.00373075 -0.173695 0)
(-0.00796325 -0.171659 0)
(-0.009757 -0.164574 0)
(-0.0104302 -0.152294 0)
(-0.00494993 -0.134508 0)
(-0.00205737 -0.118709 0)
(0.00338642 -0.112582 0)
(0.0371934 -0.0645373 0)
(0.0325438 -0.0747109 0)
(0.0284008 -0.0858371 0)
(0.0252424 -0.0975959 0)
(0.0227775 -0.109517 0)
(0.0206283 -0.121124 0)
(0.0183925 -0.132009 0)
(0.015744 -0.141858 0)
(0.0125104 -0.150477 0)
(0.00861684 -0.157746 0)
(0.00416167 -0.163543 0)
(-0.000707988 -0.167699 0)
(-0.00553311 -0.169606 0)
(-0.00995237 -0.168601 0)
(-0.0123375 -0.163417 0)
(-0.0134713 -0.153938 0)
(-0.00888569 -0.138687 0)
(-0.00522946 -0.123162 0)
(0.00251663 -0.112837 0)
(0.0298297 -0.0601729 0)
(0.0259388 -0.0710855 0)
(0.0229906 -0.0831096 0)
(0.0210796 -0.0955845 0)
(0.0196788 -0.107863 0)
(0.0182826 -0.119437 0)
(0.0165107 -0.129973 0)
(0.0141423 -0.139285 0)
(0.0111185 -0.147306 0)
(0.00743793 -0.154015 0)
(0.00323485 -0.159374 0)
(-0.00139179 -0.163339 0)
(-0.00610742 -0.165456 0)
(-0.0104935 -0.165262 0)
(-0.0133979 -0.161772 0)
(-0.0150793 -0.154773 0)
(-0.0119353 -0.142487 0)
(-0.00837429 -0.128714 0)
(0.000961913 -0.115164 0)
(0.0229514 -0.0565466 0)
(0.0200912 -0.068499 0)
(0.0185229 -0.0815149 0)
(0.0177734 -0.0945627 0)
(0.0171724 -0.106924 0)
(0.0162521 -0.118206 0)
(0.0147823 -0.128238 0)
(0.0126861 -0.136976 0)
(0.0100005 -0.144435 0)
(0.006766 -0.150649 0)
(0.00310865 -0.155609 0)
(-0.000944284 -0.159342 0)
(-0.00517453 -0.16153 0)
(-0.00924584 -0.161861 0)
(-0.0124163 -0.159673 0)
(-0.0146036 -0.154685 0)
(-0.0130551 -0.145369 0)
(-0.0103586 -0.134361 0)
(-0.00101366 -0.11969 0)
(0.0167074 -0.0538424 0)
(0.0150982 -0.0671106 0)
(0.0148488 -0.0810345 0)
(0.0149349 -0.0943364 0)
(0.0147877 -0.106473 0)
(0.0141347 -0.117285 0)
(0.012931 -0.126777 0)
(0.0112078 -0.134996 0)
(0.00904374 -0.141989 0)
(0.0064854 -0.147799 0)
(0.00361625 -0.152418 0)
(0.000430386 -0.155881 0)
(-0.00298235 -0.157997 0)
(-0.00641432 -0.158554 0)
(-0.00942453 -0.157179 0)
(-0.0118347 -0.153662 0)
(-0.0116394 -0.146957 0)
(-0.0101755 -0.138967 0)
(-0.00259752 -0.125783 0)
(0.0110228 -0.0526717 0)
(0.0108058 -0.0671279 0)
(0.0115006 -0.0814709 0)
(0.0119499 -0.0945338 0)
(0.0119465 -0.106172 0)
(0.0114472 -0.116448 0)
(0.0105283 -0.125461 0)
(0.00926271 -0.133277 0)
(0.00772331 -0.139933 0)
(0.00594468 -0.145451 0)
(0.00396786 -0.149812 0)
(0.00178759 -0.153022 0)
(-0.000593314 -0.154988 0)
(-0.0030827 -0.155555 0)
(-0.00543823 -0.154556 0)
(-0.00754488 -0.151942 0)
(-0.00813375 -0.147191 0)
(-0.00776798 -0.141779 0)
(-0.00294849 -0.131954 0)
(0.00614884 -0.0527505 0)
(0.00675844 -0.0679093 0)
(0.0074873 -0.0820495 0)
(0.00773917 -0.0946209 0)
(0.00762394 -0.105825 0)
(0.00721656 -0.11578 0)
(0.00660758 -0.124567 0)
(0.00584949 -0.132222 0)
(0.00498039 -0.138757 0)
(0.00401535 -0.144169 0)
(0.00296733 -0.148432 0)
(0.00182748 -0.151526 0)
(0.000592922 -0.153382 0)
(-0.000730665 -0.153913 0)
(-0.00203185 -0.153034 0)
(-0.00328577 -0.150833 0)
(-0.003903 -0.147149 0)
(-0.00411239 -0.14325 0)
(-0.00198001 -0.136717 0)
)
;

boundaryField
{
    leftWall
    {
        type            noSlip;
    }
    rightWall
    {
        type            noSlip;
    }
    lowerWall
    {
        type            noSlip;
    }
    atmosphere
    {
        type            pressureInletOutletVelocity;
        value           nonuniform List<vector> 
46
(
(0.032102 0.145165 0)
(0.0777281 0.279083 0)
(0.0770424 0.38981 0)
(0.0531431 0.4082 0)
(0.0168004 0.389644 0)
(-0.00367645 0.27547 0)
(0.0269464 0.169575 0)
(0.056127 0.143121 0)
(0.0647169 0.120708 0)
(0.0617566 0.100887 0)
(0.0530665 0.0834333 0)
(0.0428848 0.0677201 0)
(0.0336218 0.0535379 0)
(0.0262327 0.0410759 0)
(0.0208118 0.0305233 0)
(0.0171077 0.0217975 0)
(0.0147589 0.014657 0)
(0.0133947 0.00878371 0)
(0.0126813 0.00388247 0)
(0 -0.000420303 0)
(0 -0.0044658 0)
(0 -0.00909584 0)
(0 -0.0154826 0)
(0 -0.021567 0)
(0 -0.0274174 0)
(0 -0.0338875 0)
(0 -0.0408572 0)
(0 -0.0527505 0)
(0 -0.0679093 0)
(0 -0.0820495 0)
(0 -0.0946209 0)
(0 -0.105825 0)
(0 -0.11578 0)
(0 -0.124567 0)
(0 -0.132222 0)
(0 -0.138757 0)
(0 -0.144169 0)
(0 -0.148432 0)
(0 -0.151526 0)
(0 -0.153382 0)
(0 -0.153913 0)
(0 -0.153034 0)
(0 -0.150833 0)
(0 -0.147149 0)
(0 -0.14325 0)
(0 -0.136717 0)
)
;
    }
    defaultFaces
    {
        type            empty;
    }
}


// ************************************************************************* //
