/*--------------------------------*- C++ -*----------------------------------*\
| =========                 |                                                 |
| \\      /  F ield         | OpenFOAM: The Open Source CFD Toolbox           |
|  \\    /   O peration     | Version:  2312                                  |
|   \\  /    A nd           | Website:  www.openfoam.com                      |
|    \\/     M anipulation  |                                                 |
\*---------------------------------------------------------------------------*/
FoamFile
{
    version     2.0;
    format      ascii;
    arch        "LSB;label=32;scalar=64";
    class       volVectorField;
    location    "0.15";
    object      U;
}
// * * * * * * * * * * * * * * * * * * * * * * * * * * * * * * * * * * * * * //

dimensions      [0 1 -1 0 0 0 0];

internalField   nonuniform List<vector> 
2268
(
(0.0167577 -0.00794518 0)
(0.0469073 -0.00809131 0)
(0.0792647 -0.00838257 0)
(0.112889 -0.00884559 0)
(0.148448 -0.00949462 0)
(0.186666 -0.0103601 0)
(0.228357 -0.011487 0)
(0.274477 -0.012933 0)
(0.32628 -0.0147991 0)
(0.38508 -0.0171526 0)
(0.453093 -0.0202807 0)
(0.533137 -0.0246794 0)
(0.6289 -0.0301863 0)
(0.742047 -0.0350899 0)
(0.866977 -0.0366034 0)
(0.990445 -0.0338917 0)
(1.09916 -0.0288268 0)
(1.18687 -0.0234426 0)
(1.25317 -0.0181636 0)
(1.29669 -0.0119263 0)
(1.30407 0.000423479 0)
(1.23421 0.0450025 0)
(1.14783 0.254775 0)
(0.0166945 -0.0220907 0)
(0.0467769 -0.0224652 0)
(0.0790379 -0.023211 0)
(0.112548 -0.0243788 0)
(0.147978 -0.0259981 0)
(0.186047 -0.0281332 0)
(0.227562 -0.0308814 0)
(0.273463 -0.0343653 0)
(0.325017 -0.0387939 0)
(0.383451 -0.0443154 0)
(0.450943 -0.0514225 0)
(0.529489 -0.060877 0)
(0.621775 -0.0727216 0)
(0.729859 -0.08378 0)
(0.849356 -0.0869716 0)
(0.967201 -0.079365 0)
(1.06989 -0.0657548 0)
(1.15186 -0.0515812 0)
(1.21361 -0.0374891 0)
(1.25501 -0.0196324 0)
(1.2687 0.0172439 0)
(1.21627 0.117465 0)
(1.11738 0.570608 0)
(0.0165378 -0.0368417 0)
(0.0464284 -0.0374655 0)
(0.0784451 -0.0387332 0)
(0.111677 -0.0407044 0)
(0.146794 -0.0434381 0)
(0.184491 -0.0470483 0)
(0.225553 -0.051702 0)
(0.270878 -0.057618 0)
(0.321718 -0.0651312 0)
(0.379141 -0.0745247 0)
(0.445342 -0.0864762 0)
(0.521409 -0.101703 0)
(0.608559 -0.120615 0)
(0.709495 -0.139125 0)
(0.822113 -0.145035 0)
(0.933412 -0.132337 0)
(1.0288 -0.109629 0)
(1.10331 -0.0868305 0)
(1.15885 -0.0649135 0)
(1.19691 -0.0399496 0)
(1.2095 0.00253663 0)
(1.13393 0.165927 0)
(0.982386 1.09971 0)
(0.0163061 -0.0514416 0)
(0.0458997 -0.0522914 0)
(0.0775411 -0.0540539 0)
(0.110354 -0.0567864 0)
(0.144991 -0.0605722 0)
(0.182117 -0.0655669 0)
(0.222477 -0.0719945 0)
(0.266903 -0.0801545 0)
(0.316639 -0.0904769 0)
(0.37259 -0.103386 0)
(0.437213 -0.119646 0)
(0.510606 -0.139239 0)
(0.591537 -0.163003 0)
(0.682983 -0.187772 0)
(0.786442 -0.196312 0)
(0.889691 -0.178233 0)
(0.976812 -0.147195 0)
(1.04259 -0.118227 0)
(1.09021 -0.0923043 0)
(1.11395 -0.0633227 0)
(1.07849 0.0154954 0)
(0.637414 0.463364 0)
(0.599779 1.83468 0)
(0.0159939 -0.0658137 0)
(0.0451699 -0.0668852 0)
(0.0762881 -0.0691293 0)
(0.108518 -0.0725923 0)
(0.142487 -0.0773817 0)
(0.178813 -0.0836867 0)
(0.218193 -0.0917844 0)
(0.261404 -0.102052 0)
(0.309708 -0.11502 0)
(0.36396 -0.131353 0)
(0.427232 -0.151831 0)
(0.498768 -0.174607 0)
(0.573587 -0.200828 0)
(0.653543 -0.231398 0)
(0.744574 -0.245234 0)
(0.837309 -0.225643 0)
(0.916988 -0.190273 0)
(0.977601 -0.156057 0)
(1.0194 -0.115022 0)
(0.95799 -0.0214018 0)
(0.727581 0.193327 0)
(0.295037 0.625337 0)
(0.336353 1.86575 0)
(0.0155871 -0.0795766 0)
(0.0441995 -0.0808581 0)
(0.0746287 -0.083547 0)
(0.106101 -0.087675 0)
(0.139211 -0.0933709 0)
(0.174537 -0.100857 0)
(0.212745 -0.110459 0)
(0.254605 -0.122653 0)
(0.301452 -0.1381 0)
(0.354292 -0.157818 0)
(0.416955 -0.182621 0)
(0.488122 -0.207793 0)
(0.558152 -0.234358 0)
(0.62608 -0.271432 0)
(0.700682 -0.293628 0)
(0.781951 -0.27236 0)
(0.860538 -0.227263 0)
(0.946121 -0.164017 0)
(0.917505 -0.0581567 0)
(0.770768 0.0811927 0)
(0.568756 0.300015 0)
(0.176753 0.729448 0)
(0.170651 1.86316 0)
(0.0150883 -0.0929679 0)
(0.0429952 -0.0944344 0)
(0.0725884 -0.0975352 0)
(0.103177 -0.102288 0)
(0.135332 -0.108846 0)
(0.169621 -0.11747 0)
(0.206715 -0.128554 0)
(0.247428 -0.142695 0)
(0.293215 -0.160748 0)
(0.345311 -0.184141 0)
(0.407542 -0.214187 0)
(0.478434 -0.242661 0)
(0.545239 -0.268492 0)
(0.606357 -0.30763 0)
(0.667922 -0.332846 0)
(0.74534 -0.307669 0)
(0.864803 -0.237071 0)
(0.874784 -0.1434 0)
(0.800521 -0.0326511 0)
(0.66866 0.148039 0)
(0.499658 0.408624 0)
(0.187406 0.846528 0)
(0.102264 1.91171 0)
(0.0145551 -0.108374 0)
(0.0416898 -0.110073 0)
(0.070392 -0.113668 0)
(0.100101 -0.119185 0)
(0.131382 -0.12681 0)
(0.164808 -0.136856 0)
(0.201065 -0.149815 0)
(0.241042 -0.166481 0)
(0.286303 -0.187997 0)
(0.337757 -0.215944 0)
(0.397766 -0.252261 0)
(0.46477 -0.28404 0)
(0.533725 -0.301726 0)
(0.613055 -0.331403 0)
(0.680989 -0.363304 0)
(0.792533 -0.327264 0)
(0.821355 -0.24434 0)
(0.770404 -0.13966 0)
(0.692709 0.0170695 0)
(0.595416 0.219746 0)
(0.481937 0.503588 0)
(0.28554 0.955175 0)
(0.123395 2.01948 0)
(-0.669422 0.276708 0)
(-1.48411 0.242668 0)
(-2.39913 0.187271 0)
(-3.3605 0.0197418 0)
(-4.25216 -0.205856 0)
(-1.67985 -0.558828 0)
(0.462106 -0.790831 0)
(1.18326 -0.665648 0)
(1.90328 -0.758781 0)
(3.51607 -0.529244 0)
(7.0249 -0.0771606 0)
(5.68906 0.204288 0)
(3.88809 0.329335 0)
(2.52535 0.280281 0)
(1.60811 0.186177 0)
(1.03718 0.116404 0)
(0.653878 0.0790363 0)
(0.362109 0.0619533 0)
(0.126005 0.055001 0)
(-0.482041 0.563094 0)
(-0.943261 0.497076 0)
(-1.34365 0.4055 0)
(-1.38681 0.141579 0)
(-0.658925 -0.385683 0)
(0.968733 -0.846966 0)
(1.11803 -0.842393 0)
(1.26376 -0.763696 0)
(1.43934 -0.866069 0)
(1.63172 -0.907408 0)
(3.08915 -0.256258 0)
(3.91549 0.473932 0)
(3.12491 0.742537 0)
(2.22302 0.643025 0)
(1.52436 0.454362 0)
(1.02637 0.303321 0)
(0.659482 0.215233 0)
(0.368387 0.171945 0)
(0.129049 0.153123 0)
(-0.33598 0.787456 0)
(-0.548731 0.624328 0)
(-0.669019 0.381862 0)
(0.400413 -0.206641 0)
(1.2989 -0.819738 0)
(1.26903 -0.875568 0)
(1.23788 -0.859702 0)
(1.30681 -0.795471 0)
(1.40105 -0.889126 0)
(1.43278 -0.961628 0)
(1.49685 -0.901875 0)
(2.66265 0.394107 0)
(2.45254 0.9141 0)
(1.87631 0.901072 0)
(1.36788 0.684273 0)
(0.958942 0.479987 0)
(0.62975 0.351292 0)
(0.35544 0.284459 0)
(0.125085 0.254992 0)
(-0.235783 0.932777 0)
(-0.281747 0.636215 0)
(0.202219 0.17009 0)
(1.42379 -0.683559 0)
(1.35878 -0.790365 0)
(1.32364 -0.860691 0)
(1.30209 -0.86574 0)
(1.34965 -0.8412 0)
(1.41291 -0.902006 0)
(1.42494 -0.957485 0)
(1.43735 -0.941547 0)
(1.7176 0.354606 0)
(1.85714 0.999833 0)
(1.53163 1.06537 0)
(1.18337 0.854607 0)
(0.864987 0.627313 0)
(0.582928 0.473982 0)
(0.333384 0.390408 0)
(0.117952 0.352887 0)
(-0.204038 1.0052 0)
(-0.1554 0.61574 0)
(1.42583 -0.453861 0)
(1.40676 -0.682407 0)
(1.38347 -0.780125 0)
(1.36636 -0.852403 0)
(1.36386 -0.872803 0)
(1.40014 -0.870811 0)
(1.44258 -0.910837 0)
(1.44788 -0.949283 0)
(1.4448 -0.951661 0)
(1.4475 0.303793 0)
(1.4478 1.05343 0)
(1.23421 1.16793 0)
(0.999736 0.975041 0)
(0.761517 0.74508 0)
(0.527503 0.580672 0)
(0.306203 0.487098 0)
(0.109017 0.444178 0)
(-0.210015 0.966898 0)
(1.19368 0.00480531 0)
(1.41223 -0.519626 0)
(1.40446 -0.670217 0)
(1.40918 -0.772711 0)
(1.41488 -0.850834 0)
(1.42579 -0.880638 0)
(1.45303 -0.890505 0)
(1.48005 -0.918592 0)
(1.4833 -0.944619 0)
(1.471 -0.94196 0)
(1.29968 0.349018 0)
(1.1209 1.10612 0)
(0.981987 1.23205 0)
(0.831156 1.05734 0)
(0.659079 0.836409 0)
(0.46906 0.671256 0)
(0.276424 0.573522 0)
(0.0990798 0.527675 0)
(0.273062 0.935995 0)
(1.34219 -0.335978 0)
(1.38427 -0.528452 0)
(1.41648 -0.665054 0)
(1.44906 -0.783558 0)
(1.47191 -0.856693 0)
(1.48517 -0.888296 0)
(1.502 -0.903169 0)
(1.51542 -0.925444 0)
(1.52126 -0.947206 0)
(1.50618 -0.902019 0)
(0.907717 0.495409 0)
(0.838519 1.16014 0)
(0.77267 1.26802 0)
(0.684796 1.11079 0)
(0.563678 0.905836 0)
(0.411321 0.747007 0)
(0.245898 0.649603 0)
(0.0887587 0.602892 0)
(1.17977 -0.119358 0)
(1.30012 -0.354881 0)
(1.38691 -0.536556 0)
(1.4593 -0.696714 0)
(1.50933 -0.804274 0)
(1.53187 -0.864681 0)
(1.53706 -0.892675 0)
(1.54168 -0.908918 0)
(1.54378 -0.929527 0)
(1.55144 -0.949801 0)
(1.3074 -0.535278 0)
(0.693165 0.5975 0)
(0.639543 1.18859 0)
(0.609106 1.28145 0)
(0.562287 1.14259 0)
(0.47796 0.956461 0)
(0.356479 0.807626 0)
(0.215874 0.71333 0)
(0.0784715 0.667259 0)
(0.0140536 -0.126733 0)
(0.0404438 -0.128736 0)
(0.0683045 -0.132907 0)
(0.097238 -0.139331 0)
(0.127794 -0.148218 0)
(0.160524 -0.159904 0)
(0.1961 -0.174979 0)
(0.235558 -0.194599 0)
(0.280292 -0.220254 0)
(0.329816 -0.251779 0)
(0.385346 -0.289945 0)
(0.449177 -0.317719 0)
(0.534603 -0.331765 0)
(0.651559 -0.376914 0)
(0.730734 -0.421809 0)
(0.780287 -0.346701 0)
(0.74124 -0.230082 0)
(0.661817 -0.0861446 0)
(0.591376 0.0834423 0)
(0.558002 0.278525 0)
(0.575232 0.542968 0)
(0.74326 0.930557 0)
(1.06698 1.7182 0)
(0.0129879 -0.155138 0)
(0.0377309 -0.157625 0)
(0.0638773 -0.162706 0)
(0.0911745 -0.170452 0)
(0.120112 -0.180993 0)
(0.1512 -0.194615 0)
(0.185189 -0.211938 0)
(0.223433 -0.234332 0)
(0.267387 -0.262507 0)
(0.320563 -0.298563 0)
(0.395967 -0.352093 0)
(0.483914 -0.40664 0)
(0.573105 -0.464245 0)
(0.64187 -0.50496 0)
(0.685724 -0.473165 0)
(0.684384 -0.32755 0)
(0.617172 -0.162036 0)
(0.560014 -0.0174331 0)
(0.541841 0.109908 0)
(0.569386 0.250597 0)
(0.654801 0.43362 0)
(0.853779 0.670054 0)
(1.23675 0.926973 0)
(0.0125532 -0.169308 0)
(0.0366445 -0.17219 0)
(0.0622009 -0.177506 0)
(0.0893388 -0.185866 0)
(0.119784 -0.198141 0)
(0.156136 -0.215641 0)
(0.201962 -0.240476 0)
(0.260159 -0.275774 0)
(0.331758 -0.320725 0)
(0.397269 -0.385785 0)
(0.454242 -0.450036 0)
(0.514089 -0.491944 0)
(0.570663 -0.534899 0)
(0.605516 -0.541579 0)
(0.621317 -0.46029 0)
(0.596365 -0.27168 0)
(0.541976 -0.114618 0)
(0.520114 -0.00337035 0)
(0.534939 0.0838758 0)
(0.587979 0.171499 0)
(0.690698 0.269746 0)
(0.866479 0.377776 0)
(1.22632 0.459663 0)
(0.0188338 -0.201981 0)
(0.0545318 -0.207144 0)
(0.0944797 -0.217168 0)
(0.137661 -0.232833 0)
(0.184878 -0.255047 0)
(0.23535 -0.284745 0)
(0.286822 -0.321596 0)
(0.33668 -0.361709 0)
(0.386853 -0.396449 0)
(0.434832 -0.439899 0)
(0.47616 -0.485522 0)
(0.51364 -0.530065 0)
(0.545398 -0.565944 0)
(0.55954 -0.55309 0)
(0.56287 -0.440197 0)
(0.534378 -0.232408 0)
(0.501599 -0.0937205 0)
(0.504643 -0.0122171 0)
(0.539628 0.0431094 0)
(0.606032 0.0901675 0)
(0.711142 0.13411 0)
(0.865914 0.169927 0)
(1.1291 0.176579 0)
(0.0265437 -0.262136 0)
(0.0713859 -0.266958 0)
(0.1192 -0.275829 0)
(0.166517 -0.289348 0)
(0.213076 -0.307799 0)
(0.258279 -0.331442 0)
(0.301294 -0.360125 0)
(0.341542 -0.393017 0)
(0.379711 -0.429041 0)
(0.415264 -0.470258 0)
(0.448037 -0.514747 0)
(0.478109 -0.560478 0)
(0.501972 -0.588205 0)
(0.509122 -0.556001 0)
(0.508349 -0.417625 0)
(0.484516 -0.205905 0)
(0.471712 -0.0919946 0)
(0.493676 -0.0415396 0)
(0.542387 -0.0183611 0)
(0.615797 -0.00381785 0)
(0.717537 0.00371151 0)
(0.85089 -0.00391896 0)
(1.0362 -0.042355 0)
(0.0236909 -0.295897 0)
(0.0646185 -0.300678 0)
(0.107691 -0.309991 0)
(0.149991 -0.324078 0)
(0.191394 -0.343045 0)
(0.23154 -0.366902 0)
(0.269998 -0.395402 0)
(0.306462 -0.427988 0)
(0.341144 -0.46405 0)
(0.373529 -0.503534 0)
(0.404482 -0.545724 0)
(0.43343 -0.589459 0)
(0.455644 -0.607839 0)
(0.461417 -0.556115 0)
(0.459129 -0.397674 0)
(0.441227 -0.198932 0)
(0.446996 -0.11131 0)
(0.481801 -0.0828731 0)
(0.536505 -0.0791482 0)
(0.609726 -0.0861369 0)
(0.703202 -0.102206 0)
(0.816615 -0.132059 0)
(0.961522 -0.184635 0)
(0.0207855 -0.339494 0)
(0.0575897 -0.344188 0)
(0.096047 -0.353155 0)
(0.133737 -0.366549 0)
(0.17057 -0.384383 0)
(0.206292 -0.406606 0)
(0.240633 -0.433058 0)
(0.273377 -0.463448 0)
(0.304714 -0.497464 0)
(0.334051 -0.534787 0)
(0.362947 -0.575067 0)
(0.390647 -0.617253 0)
(0.411146 -0.626062 0)
(0.415929 -0.554119 0)
(0.409854 -0.37519 0)
(0.392423 -0.200892 0)
(0.409905 -0.13822 0)
(0.452783 -0.129355 0)
(0.5109 -0.142824 0)
(0.582457 -0.166712 0)
(0.667862 -0.19971 0)
(0.765644 -0.245236 0)
(0.886016 -0.308534 0)
(0.0182344 -0.375707 0)
(0.0511142 -0.380179 0)
(0.0851826 -0.388633 0)
(0.118521 -0.40128 0)
(0.151053 -0.418133 0)
(0.182568 -0.439145 0)
(0.212876 -0.464232 0)
(0.241816 -0.493242 0)
(0.269665 -0.526009 0)
(0.295713 -0.562259 0)
(0.322294 -0.601872 0)
(0.348109 -0.643721 0)
(0.365633 -0.641879 0)
(0.368472 -0.546397 0)
(0.354924 -0.349798 0)
(0.341008 -0.211474 0)
(0.367951 -0.174663 0)
(0.416104 -0.182183 0)
(0.4752 -0.207825 0)
(0.543426 -0.242997 0)
(0.620774 -0.287106 0)
(0.705932 -0.342575 0)
(0.809236 -0.412565 0)
(0.0158776 -0.407887 0)
(0.0449659 -0.412225 0)
(0.074868 -0.420251 0)
(0.104085 -0.43224 0)
(0.132534 -0.448226 0)
(0.160022 -0.468169 0)
(0.186386 -0.49206 0)
(0.211483 -0.519852 0)
(0.23567 -0.551525 0)
(0.258037 -0.586998 0)
(0.281886 -0.626422 0)
(0.304503 -0.668641 0)
(0.317643 -0.65358 0)
(0.316869 -0.529939 0)
(0.293983 -0.326494 0)
(0.29106 -0.230272 0)
(0.325935 -0.21658 0)
(0.376351 -0.23646 0)
(0.433891 -0.270357 0)
(0.497153 -0.312897 0)
(0.566097 -0.364287 0)
(0.639923 -0.426702 0)
(0.728626 -0.50289 0)
(0.0137038 -0.435988 0)
(0.0391545 -0.440183 0)
(0.065119 -0.447783 0)
(0.0904342 -0.459113 0)
(0.115002 -0.474253 0)
(0.138625 -0.493151 0)
(0.161119 -0.515883 0)
(0.182332 -0.5425 0)
(0.202629 -0.573135 0)
(0.220804 -0.607973 0)
(0.241288 -0.647463 0)
(0.25856 -0.69057 0)
(0.266591 -0.658512 0)
(0.259683 -0.5026 0)
(0.231141 -0.314498 0)
(0.244214 -0.257533 0)
(0.285106 -0.262123 0)
(0.3355 -0.290201 0)
(0.389666 -0.328894 0)
(0.446818 -0.375636 0)
(0.506948 -0.431444 0)
(0.569934 -0.498435 0)
(0.644336 -0.580374 0)
(0.0117018 -0.460167 0)
(0.0336874 -0.464196 0)
(0.0559625 -0.471366 0)
(0.0776143 -0.482026 0)
(0.0985219 -0.496328 0)
(0.118478 -0.514156 0)
(0.137228 -0.535686 0)
(0.154576 -0.561018 0)
(0.170793 -0.590418 0)
(0.184223 -0.624409 0)
(0.200478 -0.663644 0)
(0.209089 -0.707695 0)
(0.211412 -0.654508 0)
(0.196432 -0.467507 0)
(0.17337 -0.318828 0)
(0.201808 -0.292531 0)
(0.246633 -0.309285 0)
(0.295292 -0.341409 0)
(0.34484 -0.381955 0)
(0.395221 -0.430441 0)
(0.446682 -0.488427 0)
(0.499466 -0.558173 0)
(0.559106 -0.645152 0)
(0.00990056 -0.480946 0)
(0.0286441 -0.484827 0)
(0.0475016 -0.491607 0)
(0.065772 -0.50162 0)
(0.0833018 -0.515138 0)
(0.0998834 -0.531893 0)
(0.115169 -0.552132 0)
(0.128897 -0.575927 0)
(0.141031 -0.603576 0)
(0.149301 -0.635869 0)
(0.160126 -0.673358 0)
(0.155917 -0.716535 0)
(0.151369 -0.640686 0)
(0.129505 -0.434214 0)
(0.126491 -0.337686 0)
(0.166017 -0.333834 0)
(0.212038 -0.356213 0)
(0.257561 -0.388808 0)
(0.301856 -0.429045 0)
(0.345652 -0.477756 0)
(0.389152 -0.53704 0)
(0.432819 -0.608668 0)
(0.478508 -0.69884 0)
(0.00828836 -0.499731 0)
(0.0240492 -0.503447 0)
(0.0398362 -0.509886 0)
(0.0550955 -0.519259 0)
(0.0696291 -0.532035 0)
(0.0833127 -0.547683 0)
(0.0957108 -0.566524 0)
(0.106446 -0.588408 0)
(0.115042 -0.613206 0)
(0.118334 -0.641353 0)
(0.123158 -0.672039 0)
(0.102223 -0.707423 0)
(0.085042 -0.61841 0)
(0.0681538 -0.421349 0)
(0.0938205 -0.37302 0)
(0.138478 -0.379825 0)
(0.182942 -0.401884 0)
(0.224301 -0.432478 0)
(0.263145 -0.471471 0)
(0.300596 -0.520011 0)
(0.337159 -0.580744 0)
(0.374262 -0.651556 0)
(0.413915 -0.736517 0)
(0.00696933 -0.515372 0)
(0.0201542 -0.518734 0)
(0.0332778 -0.524737 0)
(0.0460303 -0.533253 0)
(0.0581273 -0.545026 0)
(0.0695309 -0.559216 0)
(0.0799814 -0.576061 0)
(0.0890713 -0.595098 0)
(0.0962049 -0.615532 0)
(0.0974941 -0.637681 0)
(0.0986009 -0.656204 0)
(0.0544478 -0.677164 0)
(0.0129054 -0.592289 0)
(0.0254068 -0.443398 0)
(0.0744642 -0.422016 0)
(0.119693 -0.427625 0)
(0.160639 -0.44474 0)
(0.196868 -0.47168 0)
(0.230194 -0.50804 0)
(0.261975 -0.554899 0)
(0.294975 -0.613765 0)
(0.3348 -0.68056 0)
(0.411993 -0.758728 0)
(0.00609833 -0.521867 0)
(0.0174002 -0.524828 0)
(0.028474 -0.530499 0)
(0.0394664 -0.53816 0)
(0.0499968 -0.549097 0)
(0.0600366 -0.562292 0)
(0.0694141 -0.577948 0)
(0.0777413 -0.595593 0)
(0.0856203 -0.614312 0)
(0.0909564 -0.633471 0)
(0.0935251 -0.64149 0)
(0.00133577 -0.640513 0)
(-0.0437703 -0.576616 0)
(0.00723953 -0.48683 0)
(0.067161 -0.469047 0)
(0.109855 -0.465894 0)
(0.145658 -0.475899 0)
(0.176664 -0.498467 0)
(0.206312 -0.531076 0)
(0.242481 -0.576351 0)
(0.308579 -0.640715 0)
(0.373856 -0.712485 0)
(0.329871 -0.830441 0)
(0.00599295 -0.524294 0)
(0.0168428 -0.527565 0)
(0.0276707 -0.533451 0)
(0.0391169 -0.542265 0)
(0.0511492 -0.554497 0)
(0.0645262 -0.569833 0)
(0.0799881 -0.589149 0)
(0.101027 -0.60261 0)
(0.0845305 -0.614104 0)
(0.0320539 -0.608379 0)
(-0.0912009 -0.54932 0)
(-0.33297 -0.512114 0)
(-0.0842247 -0.591603 0)
(0.00145272 -0.519713 0)
(0.06871 -0.494935 0)
(0.110195 -0.485989 0)
(0.148617 -0.495016 0)
(0.191997 -0.521475 0)
(0.275433 -0.545436 0)
(0.333255 -0.643681 0)
(0.352795 -0.749769 0)
(0.358406 -0.729658 0)
(0.284528 -0.687496 0)
(0.0071562 -0.559248 0)
(0.00623037 -0.561331 0)
(0.0124256 -0.567645 0)
(0.0141013 -0.577687 0)
(0.0136896 -0.589658 0)
(0.0085562 -0.607437 0)
(-0.00654938 -0.62913 0)
(-0.0286372 -0.613827 0)
(-0.0596586 -0.5944 0)
(-0.101965 -0.540203 0)
(-0.107848 -0.425993 0)
(-0.139487 -0.486934 0)
(-0.0268018 -0.926471 0)
(-0.0384789 -0.652862 0)
(0.0316543 -0.582727 0)
(0.0463963 -0.558812 0)
(0.0851524 -0.569903 0)
(0.110729 -0.646507 0)
(0.16332 -0.652715 0)
(0.237572 -0.721399 0)
(0.272234 -0.751154 0)
(0.262427 -0.690548 0)
(0.174253 -0.562809 0)
(0.000172743 -0.552197 0)
(-0.0058874 -0.553461 0)
(-0.00692029 -0.556927 0)
(-0.0143645 -0.563132 0)
(-0.0233074 -0.569022 0)
(-0.0363873 -0.576965 0)
(-0.0549879 -0.582246 0)
(-0.0782493 -0.573432 0)
(-0.100721 -0.554842 0)
(-0.113091 -0.517311 0)
(-0.0747566 -0.480843 0)
(-0.00869046 -0.589427 0)
(-0.0652946 -0.800577 0)
(-0.140509 -0.691461 0)
(-0.139905 -0.606484 0)
(-0.122273 -0.586083 0)
(-0.089553 -0.602393 0)
(-0.0464265 -0.655308 0)
(0.00436545 -0.708841 0)
(0.0479038 -0.760968 0)
(0.0553244 -0.757803 0)
(0.00923322 -0.648248 0)
(-0.105668 -0.43027 0)
(-0.00373439 -0.548009 0)
(-0.0128558 -0.54975 0)
(-0.0203606 -0.551513 0)
(-0.0321057 -0.553985 0)
(-0.0453632 -0.556836 0)
(-0.0614083 -0.559836 0)
(-0.0804411 -0.560052 0)
(-0.101338 -0.554041 0)
(-0.119651 -0.54169 0)
(-0.125583 -0.527389 0)
(-0.104359 -0.528986 0)
(-0.0814023 -0.589946 0)
(-0.149023 -0.669106 0)
(-0.219428 -0.619488 0)
(-0.230664 -0.587905 0)
(-0.218772 -0.597216 0)
(-0.20028 -0.631334 0)
(-0.181489 -0.683508 0)
(-0.17158 -0.734939 0)
(-0.186073 -0.75644 0)
(-0.24383 -0.694431 0)
(-0.354824 -0.494099 0)
(-0.479086 -0.181935 0)
(-0.00593456 -0.533807 0)
(-0.0176169 -0.53648 0)
(-0.0295393 -0.536323 0)
(-0.0436762 -0.536699 0)
(-0.0591211 -0.537592 0)
(-0.0762501 -0.538363 0)
(-0.0947233 -0.537387 0)
(-0.113879 -0.533674 0)
(-0.130902 -0.527886 0)
(-0.140056 -0.523903 0)
(-0.140054 -0.531423 0)
(-0.151675 -0.563179 0)
(-0.200276 -0.598864 0)
(-0.245285 -0.587962 0)
(-0.264376 -0.584277 0)
(-0.273989 -0.599426 0)
(-0.284438 -0.630837 0)
(-0.304041 -0.671766 0)
(-0.344189 -0.700651 0)
(-0.417731 -0.680648 0)
(-0.526596 -0.569592 0)
(-0.648489 -0.356619 0)
(-0.746104 -0.0755915 0)
(-0.00731074 -0.518465 0)
(-0.0211368 -0.52195 0)
(-0.0354023 -0.520792 0)
(-0.0507356 -0.52015 0)
(-0.0670172 -0.519842 0)
(-0.0842275 -0.519343 0)
(-0.102112 -0.518038 0)
(-0.120323 -0.515699 0)
(-0.137416 -0.51299 0)
(-0.150969 -0.512396 0)
(-0.162913 -0.518807 0)
(-0.183669 -0.536037 0)
(-0.218597 -0.55414 0)
(-0.254076 -0.557085 0)
(-0.283388 -0.561903 0)
(-0.312544 -0.575446 0)
(-0.348553 -0.597437 0)
(-0.399551 -0.619969 0)
(-0.473856 -0.62345 0)
(-0.573448 -0.579606 0)
(-0.684448 -0.464996 0)
(-0.779712 -0.27646 0)
(-0.832985 -0.0365106 0)
(-0.00795914 -0.502902 0)
(-0.0231996 -0.506871 0)
(-0.0387719 -0.505178 0)
(-0.0548516 -0.503863 0)
(-0.071538 -0.50272 0)
(-0.0887897 -0.501459 0)
(-0.106515 -0.499873 0)
(-0.124653 -0.498021 0)
(-0.142558 -0.496427 0)
(-0.159434 -0.496575 0)
(-0.177171 -0.500913 0)
(-0.200633 -0.509866 0)
(-0.23129 -0.518402 0)
(-0.264866 -0.522311 0)
(-0.299685 -0.526826 0)
(-0.338913 -0.534378 0)
(-0.387544 -0.543765 0)
(-0.45111 -0.548157 0)
(-0.532929 -0.533341 0)
(-0.628749 -0.480502 0)
(-0.723193 -0.375139 0)
(-0.794821 -0.217547 0)
(-0.825588 -0.0270051 0)
(-0.00834391 -0.485972 0)
(-0.0243179 -0.49023 0)
(-0.0404963 -0.488331 0)
(-0.0569375 -0.486608 0)
(-0.073793 -0.484934 0)
(-0.0910686 -0.483166 0)
(-0.108794 -0.481269 0)
(-0.127044 -0.47934 0)
(-0.145653 -0.477688 0)
(-0.164565 -0.477131 0)
(-0.185102 -0.478759 0)
(-0.209606 -0.482294 0)
(-0.238814 -0.485357 0)
(-0.271671 -0.48651 0)
(-0.308176 -0.486968 0)
(-0.350281 -0.487089 0)
(-0.401009 -0.485088 0)
(-0.463267 -0.475751 0)
(-0.537573 -0.449746 0)
(-0.618697 -0.395521 0)
(-0.69413 -0.304786 0)
(-0.748063 -0.178715 0)
(-0.768276 -0.0303328 0)
(-0.00842935 -0.469084 0)
(-0.0246443 -0.473521 0)
(-0.0410874 -0.471548 0)
(-0.0576475 -0.469564 0)
(-0.0745079 -0.467506 0)
(-0.0917343 -0.465309 0)
(-0.109431 -0.462983 0)
(-0.127755 -0.4606 0)
(-0.146766 -0.458326 0)
(-0.166661 -0.456544 0)
(-0.188321 -0.45564 0)
(-0.212982 -0.455238 0)
(-0.241214 -0.454136 0)
(-0.27299 -0.451536 0)
(-0.308698 -0.447308 0)
(-0.349479 -0.440883 0)
(-0.396842 -0.430442 0)
(-0.451833 -0.41221 0)
(-0.513602 -0.380182 0)
(-0.577567 -0.32734 0)
(-0.634783 -0.24911 0)
(-0.674771 -0.147372 0)
(-0.689757 -0.0316881 0)
(-0.00840228 -0.452283 0)
(-0.0245748 -0.456849 0)
(-0.0409497 -0.454861 0)
(-0.0573949 -0.452686 0)
(-0.0740952 -0.450305 0)
(-0.0911472 -0.447687 0)
(-0.108689 -0.444843 0)
(-0.126901 -0.441802 0)
(-0.145945 -0.438621 0)
(-0.166079 -0.435435 0)
(-0.187879 -0.432303 0)
(-0.212067 -0.428869 0)
(-0.239096 -0.424408 0)
(-0.269195 -0.418275 0)
(-0.302713 -0.40992 0)
(-0.340226 -0.398483 0)
(-0.382305 -0.382387 0)
(-0.428985 -0.35899 0)
(-0.478887 -0.324474 0)
(-0.52822 -0.274566 0)
(-0.570684 -0.206715 0)
(-0.599511 -0.122868 0)
(-0.610465 -0.0303506 0)
(-0.00821395 -0.435796 0)
(-0.0241044 -0.440431 0)
(-0.0402333 -0.438436 0)
(-0.0563985 -0.436101 0)
(-0.0727877 -0.433425 0)
(-0.0895164 -0.430389 0)
(-0.106733 -0.426987 0)
(-0.12462 -0.423212 0)
(-0.143358 -0.419052 0)
(-0.16319 -0.414498 0)
(-0.184504 -0.409463 0)
(-0.207747 -0.403625 0)
(-0.233255 -0.396464 0)
(-0.261246 -0.387407 0)
(-0.29193 -0.375828 0)
(-0.325514 -0.360881 0)
(-0.362054 -0.341337 0)
(-0.401122 -0.315443 0)
(-0.44128 -0.280872 0)
(-0.479508 -0.235071 0)
(-0.511235 -0.176475 0)
(-0.532087 -0.106349 0)
(-0.539802 -0.0297735 0)
(-0.0079784 -0.419729 0)
(-0.0234316 -0.424403 0)
(-0.039104 -0.422407 0)
(-0.0548179 -0.419929 0)
(-0.0707416 -0.416977 0)
(-0.0869915 -0.413535 0)
(-0.103709 -0.409579 0)
(-0.121057 -0.405077 0)
(-0.139207 -0.39997 0)
(-0.15836 -0.394182 0)
(-0.178779 -0.387563 0)
(-0.200747 -0.379824 0)
(-0.224485 -0.370546 0)
(-0.250133 -0.359233 0)
(-0.277762 -0.345303 0)
(-0.307357 -0.328033 0)
(-0.338714 -0.306509 0)
(-0.371251 -0.279596 0)
(-0.4037 -0.245937 0)
(-0.433784 -0.204097 0)
(-0.458274 -0.153144 0)
(-0.474065 -0.0937383 0)
(-0.479856 -0.0289924 0)
(-0.00764126 -0.404258 0)
(-0.0225068 -0.408922 0)
(-0.0376054 -0.406915 0)
(-0.0527403 -0.404299 0)
(-0.0680659 -0.401089 0)
(-0.0836936 -0.397264 0)
(-0.0997508 -0.392788 0)
(-0.116378 -0.387611 0)
(-0.13372 -0.381653 0)
(-0.151933 -0.374804 0)
(-0.171194 -0.366897 0)
(-0.191677 -0.357675 0)
(-0.213509 -0.346791 0)
(-0.23675 -0.333826 0)
(-0.261371 -0.318292 0)
(-0.287232 -0.299617 0)
(-0.314021 -0.277149 0)
(-0.341145 -0.250178 0)
(-0.36756 -0.217972 0)
(-0.391597 -0.17982 0)
(-0.410942 -0.135213 0)
(-0.423458 -0.084336 0)
(-0.42812 -0.0286934 0)
(-0.0072702 -0.389456 0)
(-0.0214439 -0.394096 0)
(-0.0358276 -0.392074 0)
(-0.0502557 -0.389331 0)
(-0.0648595 -0.385885 0)
(-0.0797371 -0.38171 0)
(-0.0949974 -0.376767 0)
(-0.110755 -0.370993 0)
(-0.127126 -0.364301 0)
(-0.144225 -0.356572 0)
(-0.162166 -0.347644 0)
(-0.18105 -0.337291 0)
(-0.200934 -0.325226 0)
(-0.221811 -0.311109 0)
(-0.243593 -0.294549 0)
(-0.26608 -0.275115 0)
(-0.288929 -0.252354 0)
(-0.311596 -0.225838 0)
(-0.333245 -0.195209 0)
(-0.352677 -0.160206 0)
(-0.368348 -0.120645 0)
(-0.378642 -0.076464 0)
(-0.382723 -0.0280227 0)
(-0.00683374 -0.375453 0)
(-0.0202128 -0.380041 0)
(-0.0337977 -0.377995 0)
(-0.0474244 -0.375135 0)
(-0.0612062 -0.371476 0)
(-0.0752282 -0.366993 0)
(-0.0895809 -0.361641 0)
(-0.104356 -0.355357 0)
(-0.11964 -0.348055 0)
(-0.135514 -0.339619 0)
(-0.152047 -0.3299 0)
(-0.169288 -0.318707 0)
(-0.187246 -0.305806 0)
(-0.205872 -0.290928 0)
(-0.225042 -0.273774 0)
(-0.244541 -0.254031 0)
(-0.264037 -0.231394 0)
(-0.283059 -0.205617 0)
(-0.300951 -0.176567 0)
(-0.316867 -0.144252 0)
(-0.329714 -0.108727 0)
(-0.338401 -0.0698581 0)
(-0.342097 -0.0272944 0)
(-0.00637543 -0.362308 0)
(-0.0188876 -0.366836 0)
(-0.0315776 -0.364766 0)
(-0.0443141 -0.361801 0)
(-0.057187 -0.357957 0)
(-0.0702668 -0.353207 0)
(-0.0836255 -0.34751 0)
(-0.0973331 -0.340804 0)
(-0.111453 -0.333008 0)
(-0.126038 -0.324017 0)
(-0.141125 -0.313702 0)
(-0.156728 -0.301905 0)
(-0.172823 -0.288438 0)
(-0.189339 -0.273095 0)
(-0.206138 -0.255655 0)
(-0.223008 -0.235897 0)
(-0.239651 -0.213628 0)
(-0.255667 -0.188717 0)
(-0.270543 -0.161153 0)
(-0.283669 -0.131092 0)
(-0.294369 -0.0987474 0)
(-0.301792 -0.0640599 0)
(-0.305223 -0.0263013 0)
(-0.00587565 -0.350111 0)
(-0.0174523 -0.354564 0)
(-0.0291909 -0.352466 0)
(-0.0409728 -0.349407 0)
(-0.0528705 -0.345403 0)
(-0.0649414 -0.340429 0)
(-0.0772419 -0.334447 0)
(-0.0898241 -0.327399 0)
(-0.102732 -0.319214 0)
(-0.115996 -0.309801 0)
(-0.129632 -0.29905 0)
(-0.14363 -0.286834 0)
(-0.15795 -0.273007 0)
(-0.172506 -0.257415 0)
(-0.187164 -0.2399 0)
(-0.201726 -0.220315 0)
(-0.215935 -0.198542 0)
(-0.229461 -0.174527 0)
(-0.241904 -0.148326 0)
(-0.252834 -0.120158 0)
(-0.261761 -0.0903435 0)
(-0.26817 -0.0589565 0)
(-0.271352 -0.0251876 0)
(-0.00536079 -0.338897 0)
(-0.0159536 -0.343277 0)
(-0.0266807 -0.341152 0)
(-0.0374512 -0.338012 0)
(-0.0483196 -0.333874 0)
(-0.0593306 -0.328717 0)
(-0.0705266 -0.322504 0)
(-0.0819447 -0.315187 0)
(-0.0936134 -0.306703 0)
(-0.105549 -0.296976 0)
(-0.11775 -0.285917 0)
(-0.130194 -0.273425 0)
(-0.142831 -0.259391 0)
(-0.155575 -0.243702 0)
(-0.168297 -0.226251 0)
(-0.180825 -0.206944 0)
(-0.192938 -0.185722 0)
(-0.204368 -0.162577 0)
(-0.214801 -0.137594 0)
(-0.223908 -0.11101 0)
(-0.231428 -0.0832008 0)
(-0.236956 -0.0543853 0)
(-0.239893 -0.023833 0)
(-0.00482125 -0.328725 0)
(-0.0143856 -0.333027 0)
(-0.0240661 -0.330874 0)
(-0.0337857 -0.327664 0)
(-0.0435859 -0.323416 0)
(-0.0535005 -0.318111 0)
(-0.0635605 -0.311716 0)
(-0.0737915 -0.304191 0)
(-0.0842103 -0.295484 0)
(-0.0948222 -0.285531 0)
(-0.105617 -0.274263 0)
(-0.116565 -0.261603 0)
(-0.127612 -0.24747 0)
(-0.138677 -0.231787 0)
(-0.149645 -0.214483 0)
(-0.160366 -0.195509 0)
(-0.170659 -0.174842 0)
(-0.180307 -0.152505 0)
(-0.189064 -0.128597 0)
(-0.196701 -0.103348 0)
(-0.203007 -0.0771492 0)
(-0.207803 -0.0503463 0)
(-0.210549 -0.0224257 0)
(-0.00427041 -0.319625 0)
(-0.0127745 -0.323849 0)
(-0.0213753 -0.321671 0)
(-0.0300119 -0.318402 0)
(-0.0387147 -0.314065 0)
(-0.0475072 -0.308643 0)
(-0.0564111 -0.302108 0)
(-0.0654429 -0.294427 0)
(-0.0746112 -0.285557 0)
(-0.0839141 -0.275448 0)
(-0.093336 -0.264046 0)
(-0.102845 -0.251295 0)
(-0.112389 -0.237137 0)
(-0.121895 -0.221523 0)
(-0.131261 -0.204412 0)
(-0.140363 -0.185783 0)
(-0.149051 -0.165643 0)
(-0.157156 -0.144033 0)
(-0.164483 -0.121057 0)
(-0.170849 -0.0969244 0)
(-0.176172 -0.0720101 0)
(-0.180305 -0.0467587 0)
(-0.182817 -0.0209373 0)
(-0.00370149 -0.31163 0)
(-0.0111172 -0.315771 0)
(-0.0186235 -0.313566 0)
(-0.0261571 -0.310248 0)
(-0.0337443 -0.305842 0)
(-0.0413986 -0.30033 0)
(-0.0491351 -0.293692 0)
(-0.0569634 -0.285897 0)
(-0.0648868 -0.276913 0)
(-0.0728992 -0.266701 0)
(-0.0809831 -0.25522 0)
(-0.0891075 -0.242432 0)
(-0.0972253 -0.228297 0)
(-0.105271 -0.212788 0)
(-0.113162 -0.195885 0)
(-0.120795 -0.177589 0)
(-0.128051 -0.157925 0)
(-0.134798 -0.136949 0)
(-0.140888 -0.114762 0)
(-0.146195 -0.0915513 0)
(-0.150626 -0.0676526 0)
(-0.154195 -0.0435759 0)
(-0.156533 -0.0194004 0)
(-0.00311758 -0.30473 0)
(-0.00942609 -0.308769 0)
(-0.0158332 -0.306542 0)
(-0.0222525 -0.303186 0)
(-0.0287145 -0.298729 0)
(-0.0352228 -0.293154 0)
(-0.0417875 -0.286444 0)
(-0.0484137 -0.278573 0)
(-0.0551012 -0.269517 0)
(-0.0618423 -0.259244 0)
(-0.0686201 -0.247728 0)
(-0.0754065 -0.23494 0)
(-0.0821611 -0.220858 0)
(-0.08883 -0.205469 0)
(-0.0953452 -0.188771 0)
(-0.101625 -0.170779 0)
(-0.107579 -0.151531 0)
(-0.113104 -0.13109 0)
(-0.118092 -0.109555 0)
(-0.122432 -0.0870867 0)
(-0.126122 -0.0639812 0)
(-0.129166 -0.0407586 0)
(-0.131279 -0.0177986 0)
(-0.00251164 -0.298951 0)
(-0.0077021 -0.302839 0)
(-0.013029 -0.300589 0)
(-0.0183371 -0.297207 0)
(-0.0236765 -0.292717 0)
(-0.029041 -0.287104 0)
(-0.0344379 -0.280349 0)
(-0.0398696 -0.272434 0)
(-0.045334 -0.263338 0)
(-0.0508234 -0.253039 0)
(-0.0563228 -0.241517 0)
(-0.0618088 -0.228755 0)
(-0.0672488 -0.214742 0)
(-0.0726005 -0.199477 0)
(-0.0778118 -0.182968 0)
(-0.082822 -0.165242 0)
(-0.0875631 -0.146343 0)
(-0.0919625 -0.126339 0)
(-0.0959421 -0.105325 0)
(-0.0994408 -0.0834403 0)
(-0.102421 -0.060934 0)
(-0.105002 -0.038295 0)
(-0.106994 -0.0161718 0)
(-0.00188286 -0.294494 0)
(-0.00595828 -0.298129 0)
(-0.0102469 -0.295864 0)
(-0.0144636 -0.292467 0)
(-0.0186976 -0.287959 0)
(-0.0229341 -0.282323 0)
(-0.0271799 -0.275543 0)
(-0.0314356 -0.267602 0)
(-0.0356985 -0.258484 0)
(-0.0399612 -0.248173 0)
(-0.0442109 -0.236657 0)
(-0.0484293 -0.223926 0)
(-0.0525915 -0.209977 0)
(-0.0566666 -0.194816 0)
(-0.0606179 -0.17846 0)
(-0.0644037 -0.160941 0)
(-0.0679794 -0.14231 0)
(-0.071299 -0.122635 0)
(-0.0743165 -0.102007 0)
(-0.0769856 -0.0805509 0)
(-0.0793346 -0.0584652 0)
(-0.0814537 -0.0361723 0)
(-0.0832606 -0.0145133 0)
(-0.00124383 -0.291532 0)
(-0.0042256 -0.294715 0)
(-0.00752686 -0.292458 0)
(-0.0106851 -0.28907 0)
(-0.0138435 -0.284563 0)
(-0.0169823 -0.27892 0)
(-0.0201094 -0.27213 0)
(-0.0232247 -0.264178 0)
(-0.0263247 -0.255053 0)
(-0.0294024 -0.244743 0)
(-0.0324463 -0.233241 0)
(-0.0354412 -0.220542 0)
(-0.0383682 -0.206647 0)
(-0.0412048 -0.191567 0)
(-0.0439265 -0.175322 0)
(-0.0465078 -0.157946 0)
(-0.0489246 -0.139489 0)
(-0.0511562 -0.120019 0)
(-0.0531869 -0.0996215 0)
(-0.0550199 -0.0784099 0)
(-0.0566629 -0.0565463 0)
(-0.0582908 -0.0343565 0)
(-0.0599687 -0.01278 0)
(-0.000637559 -0.289528 0)
(-0.00256786 -0.291944 0)
(-0.00491012 -0.289754 0)
(-0.00703998 -0.286424 0)
(-0.0091545 -0.281952 0)
(-0.0112342 -0.276334 0)
(-0.0132894 -0.269564 0)
(-0.0153203 -0.261634 0)
(-0.017323 -0.252537 0)
(-0.0192901 -0.242267 0)
(-0.0212105 -0.230819 0)
(-0.02307 -0.218191 0)
(-0.0248515 -0.204389 0)
(-0.0265357 -0.189424 0)
(-0.0281022 -0.173318 0)
(-0.0295315 -0.156101 0)
(-0.0308076 -0.137818 0)
(-0.0319222 -0.118524 0)
(-0.0328815 -0.098287 0)
(-0.0337086 -0.0771918 0)
(-0.034481 -0.0553455 0)
(-0.0353978 -0.0329961 0)
(-0.0367279 -0.0110188 0)
(-0.000143377 -0.288026 0)
(-0.00108617 -0.289457 0)
(-0.00242833 -0.287393 0)
(-0.00352707 -0.284162 0)
(-0.0046066 -0.27975 0)
(-0.00565534 -0.27418 0)
(-0.00668382 -0.267453 0)
(-0.00769244 -0.259571 0)
(-0.00867837 -0.250529 0)
(-0.00963597 -0.240325 0)
(-0.010557 -0.228956 0)
(-0.0114306 -0.216427 0)
(-0.0122431 -0.202745 0)
(-0.0129777 -0.187926 0)
(-0.0136149 -0.171995 0)
(-0.0141321 -0.154986 0)
(-0.0145047 -0.136942 0)
(-0.0147072 -0.117917 0)
(-0.0147167 -0.0979652 0)
(-0.0145231 -0.0771385 0)
(-0.0141526 -0.055461 0)
(-0.0137738 -0.0328806 0)
(-0.013778 -0.00945487 0)
(1.52182 1.30635 0)
(1.34802 0.887272 0)
(1.06049 0.568784 0)
(0.91947 0.337376 0)
(1.48417 0.591926 0)
(1.59528 0.266381 0)
(1.63856 0.0252029 0)
(1.68579 -0.162657 0)
(1.43725 0.360877 0)
(1.59235 0.227267 0)
(1.6713 0.10082 0)
(1.70359 -0.0169474 0)
(1.27345 0.117896 0)
(1.38553 0.020043 0)
(1.45645 -0.0901541 0)
(1.50712 -0.191654 0)
(1.13767 -0.0861377 0)
(1.22728 -0.143156 0)
(1.29523 -0.206063 0)
(1.34704 -0.271226 0)
(1.04039 -0.222946 0)
(1.11119 -0.270801 0)
(1.16877 -0.324214 0)
(1.21726 -0.379755 0)
(0.951818 -0.345963 0)
(1.01254 -0.389099 0)
(1.06453 -0.435643 0)
(1.11076 -0.483622 0)
(0.866385 -0.450406 0)
(0.920042 -0.4931 0)
(0.968005 -0.538851 0)
(1.01333 -0.58536 0)
(0.778836 -0.54337 0)
(0.827124 -0.589665 0)
(0.8728 -0.639339 0)
(0.918171 -0.688667 0)
(0.687759 -0.625694 0)
(0.731061 -0.679939 0)
(0.774328 -0.738719 0)
(0.816491 -0.795361 0)
(0.595197 -0.698375 0)
(0.631879 -0.765629 0)
(0.669264 -0.8358 0)
(0.704872 -0.895711 0)
(0.506801 -0.760235 0)
(0.538264 -0.838963 0)
(0.575531 -0.908646 0)
(0.615041 -0.965725 0)
(0.441605 -0.802632 0)
(0.488473 -0.89484 0)
(0.578938 -0.980772 0)
(0.57612 -1.10233 0)
(0.440224 -0.814864 0)
(0.439185 -1.10218 0)
(0.199911 -0.949389 0)
(0.218033 -0.639777 0)
(0.230827 -0.788284 0)
(0.150351 -0.775725 0)
(0.0398744 -0.717547 0)
(-0.0681832 -0.0726061 0)
(0.177376 -0.589072 0)
(0.0405016 -0.499967 0)
(-0.089595 -0.472761 0)
(-0.24636 0.326247 0)
(0.077578 -0.395828 0)
(-0.086038 -0.283505 0)
(-0.244003 -0.152133 0)
(-0.427958 0.534677 0)
(-0.224313 -0.136454 0)
(-0.411544 0.148019 0)
(-0.566394 0.42157 0)
(-0.588558 0.591372 0)
(-0.641588 0.192307 0)
(-0.692023 0.3383 0)
(-0.705577 0.462742 0)
(-0.681887 0.539856 0)
(-0.783033 0.216828 0)
(-0.783284 0.333098 0)
(-0.764368 0.41824 0)
(-0.726392 0.464831 0)
(-0.82568 0.203839 0)
(-0.805898 0.286913 0)
(-0.774917 0.347856 0)
(-0.733262 0.384378 0)
(-0.805431 0.161436 0)
(-0.781433 0.225872 0)
(-0.750104 0.274529 0)
(-0.711385 0.307819 0)
(-0.749475 0.116985 0)
(-0.728093 0.168544 0)
(-0.701613 0.209822 0)
(-0.669496 0.241453 0)
(-0.676673 0.082373 0)
(-0.660719 0.124029 0)
(-0.640901 0.159435 0)
(-0.616445 0.188955 0)
(-0.602256 0.0596478 0)
(-0.591415 0.0935035 0)
(-0.577547 0.12371 0)
(-0.560046 0.150424 0)
(-0.534179 0.0448426 0)
(-0.527099 0.0732801 0)
(-0.517718 0.0992954 0)
(-0.505529 0.123113 0)
(-0.475835 0.0349361 0)
(-0.470886 0.0596686 0)
(-0.464248 0.0825151 0)
(-0.455621 0.103753 0)
(-0.424968 0.0276282 0)
(-0.421453 0.0499014 0)
(-0.416681 0.0704942 0)
(-0.410393 0.0896711 0)
(-0.380547 0.0222742 0)
(-0.377829 0.0426988 0)
(-0.37414 0.0615945 0)
(-0.369402 0.0791263 0)
(-0.340398 0.0180623 0)
(-0.338331 0.0370991 0)
(-0.335519 0.0547438 0)
(-0.331839 0.0710132 0)
(-0.304231 0.0147678 0)
(-0.302533 0.0326655 0)
(-0.30021 0.0493556 0)
(-0.297296 0.0646635 0)
(-0.270615 0.0121257 0)
(-0.269307 0.0290617 0)
(-0.267511 0.0450211 0)
(-0.265163 0.0596187 0)
(-0.239682 0.0101975 0)
(-0.238608 0.0262252 0)
(-0.237077 0.0415506 0)
(-0.235196 0.0555999 0)
(-0.210476 0.00871281 0)
(-0.209651 0.0239136 0)
(-0.208485 0.0387077 0)
(-0.206945 0.0523737 0)
(-0.183143 0.00764375 0)
(-0.182485 0.0220683 0)
(-0.18147 0.0363829 0)
(-0.180249 0.049796 0)
(-0.156906 0.00694298 0)
(-0.156441 0.0206251 0)
(-0.15572 0.0344909 0)
(-0.15474 0.0477511 0)
(-0.131959 0.00663187 0)
(-0.131645 0.019613 0)
(-0.131028 0.0330089 0)
(-0.130312 0.0461719 0)
(-0.107714 0.00659201 0)
(-0.107558 0.0189398 0)
(-0.107196 0.0318627 0)
(-0.106666 0.0449817 0)
(-0.0842326 0.00679944 0)
(-0.0842434 0.0186286 0)
(-0.0839933 0.031065 0)
(-0.0837071 0.0441368 0)
(-0.0609725 0.0073181 0)
(-0.0611779 0.0187592 0)
(-0.0612303 0.0306958 0)
(-0.061165 0.043634 0)
(-0.0378767 0.00811547 0)
(-0.0383475 0.0193746 0)
(-0.0386707 0.030887 0)
(-0.0389434 0.0434695 0)
(-0.0146966 0.00991632 0)
(-0.0154232 0.0216589 0)
(-0.0161911 0.0330199 0)
(-0.0169658 0.0448683 0)
(1.06697 -0.0611494 0)
(1.30538 -0.372416 0)
(1.45751 -0.597542 0)
(1.54175 -0.739988 0)
(1.57965 -0.823502 0)
(1.58601 -0.868981 0)
(1.57761 -0.892073 0)
(1.56934 -0.908577 0)
(1.56257 -0.929537 0)
(1.56835 -0.941185 0)
(1.16416 -0.204564 0)
(0.531189 0.786589 0)
(0.407576 1.24384 0)
(0.386305 1.29446 0)
(0.377138 1.17438 0)
(0.337878 1.01854 0)
(0.26231 0.89038 0)
(0.162984 0.805882 0)
(0.0602111 0.762925 0)
(1.75657 -0.416666 0)
(1.76562 -0.584446 0)
(1.75348 -0.699609 0)
(1.72945 -0.775626 0)
(1.69608 -0.823397 0)
(1.65802 -0.852048 0)
(1.62499 -0.871893 0)
(1.60676 -0.892368 0)
(1.60384 -0.919704 0)
(1.48698 -0.603738 0)
(0.71687 0.372616 0)
(0.320798 1.04354 0)
(0.238891 1.2923 0)
(0.235078 1.28319 0)
(0.245642 1.17399 0)
(0.230263 1.04805 0)
(0.1848 0.944686 0)
(0.117244 0.875094 0)
(0.044066 0.837908 0)
(1.72666 -0.270345 0)
(1.72414 -0.469939 0)
(1.70969 -0.613836 0)
(1.68669 -0.709948 0)
(1.65616 -0.770341 0)
(1.62383 -0.809212 0)
(1.60144 -0.839251 0)
(1.59734 -0.869663 0)
(1.58393 -0.930768 0)
(0.826995 0.0347791 0)
(0.319777 0.793587 0)
(0.129725 1.20995 0)
(0.097687 1.30784 0)
(0.122635 1.26206 0)
(0.146742 1.16562 0)
(0.146485 1.06638 0)
(0.122004 0.98565 0)
(0.0788484 0.930362 0)
(0.0301875 0.899184 0)
(1.57268 -0.387529 0)
(1.60126 -0.538276 0)
(1.61352 -0.645239 0)
(1.60953 -0.71541 0)
(1.5925 -0.76058 0)
(1.5751 -0.79309 0)
(1.57293 -0.825638 0)
(1.57869 -0.878965 0)
(1.03057 -0.273126 0)
(0.348478 0.528803 0)
(0.0568033 1.05845 0)
(-0.0278189 1.26936 0)
(-0.00721506 1.28947 0)
(0.0367092 1.23141 0)
(0.0690164 1.15022 0)
(0.0798117 1.07251 0)
(0.0712231 1.0097 0)
(0.0473753 0.966233 0)
(0.0187379 0.940253 0)
(1.42614 -0.423196 0)
(1.47672 -0.54997 0)
(1.50964 -0.641682 0)
(1.52082 -0.702663 0)
(1.51874 -0.744197 0)
(1.52357 -0.777844 0)
(1.53504 -0.821827 0)
(1.20559 -0.482544 0)
(0.421943 0.309627 0)
(0.0161592 0.879016 0)
(-0.125931 1.16706 0)
(-0.13134 1.26125 0)
(-0.082414 1.2483 0)
(-0.0298197 1.19241 0)
(0.00768726 1.12694 0)
(0.0269034 1.06672 0)
(0.0307346 1.01818 0)
(0.0221552 0.984253 0)
(0.00954526 0.962498 0)
(1.30288 -0.506119 0)
(1.36692 -0.60621 0)
(1.41176 -0.674201 0)
(1.43359 -0.719082 0)
(1.45099 -0.752512 0)
(1.47225 -0.789283 0)
(1.38295 -0.627792 0)
(0.492817 0.20663 0)
(-0.00360869 0.746925 0)
(-0.191657 1.0389 0)
(-0.234501 1.18357 0)
(-0.196241 1.22053 0)
(-0.135815 1.19611 0)
(-0.0806928 1.14901 0)
(-0.0400762 1.09825 0)
(-0.0143493 1.0522 0)
(-0.000969766 1.01481 0)
(0.00231256 0.988672 0)
(0.00235479 0.970272 0)
(1.19816 -0.588589 0)
(1.26611 -0.663817 0)
(1.31429 -0.711488 0)
(1.34934 -0.743277 0)
(1.3849 -0.774153 0)
(1.40949 -0.7602 0)
(0.489181 0.160048 0)
(-0.0514208 0.689171 0)
(-0.242688 0.939405 0)
(-0.31172 1.08503 0)
(-0.294806 1.15823 0)
(-0.237068 1.16655 0)
(-0.173822 1.14135 0)
(-0.118957 1.10449 0)
(-0.0765263 1.06612 0)
(-0.0461393 1.03142 0)
(-0.0255468 1.00294 0)
(-0.0129673 0.982965 0)
(-0.00319853 0.967204 0)
(1.09935 -0.675907 0)
(1.1634 -0.730881 0)
(1.2169 -0.761302 0)
(1.27011 -0.784904 0)
(1.34409 -0.823476 0)
(0.450387 0.0979213 0)
(-0.133624 0.64959 0)
(-0.306264 0.874463 0)
(-0.375222 0.9977 0)
(-0.373788 1.07793 0)
(-0.326898 1.11193 0)
(-0.262811 1.10861 0)
(-0.200654 1.08753 0)
(-0.147174 1.06009 0)
(-0.103912 1.03184 0)
(-0.0701813 1.00599 0)
(-0.0442279 0.984742 0)
(-0.0246357 0.969614 0)
(-0.00739162 0.955894 0)
(0.996233 -0.767452 0)
(1.05519 -0.803743 0)
(1.12281 -0.820108 0)
(1.21795 -0.864434 0)
(0.375477 0.0368244 0)
(-0.234332 0.599429 0)
(-0.380064 0.811088 0)
(-0.439427 0.924038 0)
(-0.439181 0.997761 0)
(-0.401877 1.0419 0)
(-0.342777 1.05687 0)
(-0.278631 1.05126 0)
(-0.219185 1.03583 0)
(-0.167511 1.01634 0)
(-0.124009 0.996115 0)
(-0.0880194 0.97731 0)
(-0.0581753 0.961718 0)
(-0.0334019 0.950468 0)
(-0.0105679 0.938336 0)
(0.884739 -0.858672 0)
(0.950329 -0.873222 0)
(1.0521 -0.908586 0)
(0.24521 -0.013851 0)
(-0.323006 0.521796 0)
(-0.460146 0.734368 0)
(-0.503266 0.847678 0)
(-0.498798 0.92035 0)
(-0.463948 0.966543 0)
(-0.410905 0.99217 0)
(-0.349002 1.00018 0)
(-0.287631 0.99645 0)
(-0.23141 0.986527 0)
(-0.181647 0.973532 0)
(-0.138328 0.959608 0)
(-0.100923 0.946357 0)
(-0.0683881 0.935212 0)
(-0.0398303 0.927044 0)
(-0.0128823 0.916144 0)
(0.77912 -0.935116 0)
(0.861531 -0.964528 0)
(0.0576833 -0.0706984 0)
(-0.385686 0.415961 0)
(-0.528929 0.631693 0)
(-0.562327 0.759108 0)
(-0.551874 0.837839 0)
(-0.516768 0.888615 0)
(-0.467101 0.920432 0)
(-0.409365 0.938428 0)
(-0.349293 0.945367 0)
(-0.291733 0.944808 0)
(-0.238743 0.939651 0)
(-0.190898 0.931826 0)
(-0.148098 0.922828 0)
(-0.109938 0.913935 0)
(-0.075604 0.906295 0)
(-0.0444149 0.900548 0)
(-0.0145741 0.890608 0)
(0.72601 -1.02857 0)
(0.181445 -0.207214 0)
(-0.444773 0.310149 0)
(-0.540755 0.510323 0)
(-0.599918 0.653373 0)
(-0.591516 0.745686 0)
(-0.558711 0.805265 0)
(-0.512272 0.844327 0)
(-0.458716 0.86993 0)
(-0.402095 0.885738 0)
(-0.345791 0.893831 0)
(-0.292184 0.89639 0)
(-0.242252 0.895104 0)
(-0.196309 0.891316 0)
(-0.154288 0.886165 0)
(-0.115875 0.88068 0)
(-0.0804872 0.875784 0)
(-0.0475329 0.871935 0)
(-0.015715 0.862748 0)
(0.151578 -0.605084 0)
(-0.494269 0.246115 0)
(-0.548701 0.425063 0)
(-0.598328 0.548158 0)
(-0.609093 0.648139 0)
(-0.584013 0.71711 0)
(-0.54457 0.764474 0)
(-0.496624 0.797493 0)
(-0.444783 0.820618 0)
(-0.391828 0.836246 0)
(-0.339766 0.845913 0)
(-0.289887 0.85104 0)
(-0.242789 0.852758 0)
(-0.198718 0.852076 0)
(-0.157667 0.849906 0)
(-0.119411 0.847077 0)
(-0.0835038 0.844319 0)
(-0.0494998 0.841955 0)
(-0.0164774 0.833358 0)
(-0.382202 0.0758823 0)
(-0.526561 0.345306 0)
(-0.569638 0.467963 0)
(-0.597984 0.559402 0)
(-0.589863 0.632123 0)
(-0.561005 0.68476 0)
(-0.521939 0.723826 0)
(-0.476717 0.753018 0)
(-0.428771 0.774755 0)
(-0.3801 0.790552 0)
(-0.332066 0.801483 0)
(-0.285554 0.808518 0)
(-0.241055 0.812481 0)
(-0.198809 0.814155 0)
(-0.15886 0.814271 0)
(-0.121056 0.813499 0)
(-0.085086 0.812407 0)
(-0.050557 0.811193 0)
(-0.01689 0.803066 0)
(-0.438867 0.288174 0)
(-0.508449 0.424371 0)
(-0.557371 0.498101 0)
(-0.574716 0.561655 0)
(-0.56164 0.613444 0)
(-0.53405 0.653945 0)
(-0.497754 0.686485 0)
(-0.456364 0.712388 0)
(-0.412523 0.732782 0)
(-0.367809 0.748498 0)
(-0.32331 0.760203 0)
(-0.279763 0.768547 0)
(-0.237622 0.774137 0)
(-0.197131 0.777575 0)
(-0.158367 0.779428 0)
(-0.121243 0.780235 0)
(-0.0855217 0.780434 0)
(-0.0509132 0.780104 0)
(-0.0170787 0.772358 0)
(-0.42327 0.450773 0)
(-0.503939 0.490818 0)
(-0.542435 0.523817 0)
(-0.550658 0.560803 0)
(-0.535468 0.595287 0)
(-0.509196 0.625861 0)
(-0.475438 0.652639 0)
(-0.437337 0.675381 0)
(-0.396915 0.694278 0)
(-0.35548 0.709594 0)
(-0.313949 0.721651 0)
(-0.272964 0.730841 0)
(-0.232942 0.737584 0)
(-0.194119 0.742325 0)
(-0.156587 0.745493 0)
(-0.120296 0.747505 0)
(-0.0850973 0.748695 0)
(-0.0507204 0.749042 0)
(-0.0170454 0.741615 0)
(-0.479563 0.55597 0)
(-0.525285 0.536276 0)
(-0.538904 0.538916 0)
(-0.535133 0.555097 0)
(-0.51563 0.576593 0)
(-0.488754 0.59928 0)
(-0.456165 0.621192 0)
(-0.4202 0.641095 0)
(-0.382267 0.658503 0)
(-0.343382 0.673258 0)
(-0.304278 0.685403 0)
(-0.265483 0.695123 0)
(-0.227357 0.702679 0)
(-0.190108 0.708379 0)
(-0.153827 0.712535 0)
(-0.118491 0.715465 0)
(-0.0839855 0.717414 0)
(-0.0501079 0.71828 0)
(-0.0168833 0.711127 0)
(-0.582845 0.582901 0)
(-0.564049 0.547377 0)
(-0.546387 0.536105 0)
(-0.52792 0.541106 0)
(-0.50176 0.554888 0)
(-0.472499 0.572348 0)
(-0.439725 0.590784 0)
(-0.404821 0.608518 0)
(-0.368553 0.624706 0)
(-0.331594 0.638939 0)
(-0.294458 0.651073 0)
(-0.257539 0.661142 0)
(-0.221114 0.669284 0)
(-0.18535 0.675698 0)
(-0.150324 0.680603 0)
(-0.11602 0.684234 0)
(-0.0823673 0.686766 0)
(-0.0491675 0.688027 0)
(-0.0165805 0.681121 0)
(-0.651007 0.544036 0)
(-0.593912 0.523356 0)
(-0.555417 0.513948 0)
(-0.524067 0.517385 0)
(-0.491194 0.528645 0)
(-0.458893 0.543796 0)
(-0.425215 0.5604 0)
(-0.390706 0.576861 0)
(-0.355543 0.592289 0)
(-0.320059 0.606192 0)
(-0.284549 0.618344 0)
(-0.249261 0.628689 0)
(-0.214382 0.637281 0)
(-0.18003 0.644244 0)
(-0.146255 0.649726 0)
(-0.113045 0.653897 0)
(-0.0803375 0.656879 0)
(-0.0479781 0.658446 0)
(-0.0162065 0.651769 0)
(-0.685014 0.47685 0)
(-0.607593 0.476615 0)
(-0.558596 0.477254 0)
(-0.518638 0.485344 0)
(-0.480957 0.497999 0)
(-0.446115 0.513316 0)
(-0.411546 0.529598 0)
(-0.377223 0.545692 0)
(-0.342901 0.560875 0)
(-0.308637 0.574715 0)
(-0.274534 0.586985 0)
(-0.24071 0.597602 0)
(-0.207267 0.606576 0)
(-0.174272 0.613983 0)
(-0.141747 0.619924 0)
(-0.109673 0.624519 0)
(-0.0780085 0.627854 0)
(-0.0465924 0.629658 0)
(-0.0157424 0.623205 0)
(-0.690033 0.401793 0)
(-0.605626 0.420077 0)
(-0.553174 0.432937 0)
(-0.508939 0.448112 0)
(-0.46894 0.464314 0)
(-0.432698 0.481395 0)
(-0.397752 0.498463 0)
(-0.363767 0.514919 0)
(-0.330272 0.530312 0)
(-0.297144 0.544348 0)
(-0.264346 0.556861 0)
(-0.231897 0.56778 0)
(-0.199827 0.577108 0)
(-0.168158 0.584894 0)
(-0.13689 0.591213 0)
(-0.105996 0.596152 0)
(-0.0754265 0.599768 0)
(-0.0450565 0.601762 0)
(-0.0152405 0.595532 0)
(-0.67164 0.329175 0)
(-0.590434 0.36244 0)
(-0.53913 0.386735 0)
(-0.494212 0.408987 0)
(-0.454112 0.429396 0)
(-0.417755 0.448944 0)
(-0.383156 0.467416 0)
(-0.349864 0.484701 0)
(-0.317349 0.500626 0)
(-0.2854 0.515058 0)
(-0.2539 0.527919 0)
(-0.222801 0.539178 0)
(-0.192084 0.548848 0)
(-0.161739 0.556974 0)
(-0.131744 0.563615 0)
(-0.102062 0.568839 0)
(-0.0726585 0.572685 0)
(-0.0433984 0.574835 0)
(-0.0146793 0.568833 0)
(-0.636181 0.265142 0)
(-0.565001 0.309117 0)
(-0.517755 0.3425 0)
(-0.47482 0.370605 0)
(-0.436281 0.394912 0)
(-0.40094 0.416957 0)
(-0.3674 0.437018 0)
(-0.335219 0.455335 0)
(-0.303919 0.471957 0)
(-0.273269 0.486901 0)
(-0.243123 0.500174 0)
(-0.213398 0.511796 0)
(-0.18405 0.521799 0)
(-0.155044 0.530234 0)
(-0.126347 0.537156 0)
(-0.0979216 0.542621 0)
(-0.0697223 0.546659 0)
(-0.0416439 0.548941 0)
(-0.0140977 0.543168 0)
(-0.59061 0.213219 0)
(-0.5326 0.263178 0)
(-0.490931 0.302498 0)
(-0.451658 0.334745 0)
(-0.41577 0.362122 0)
(-0.382303 0.386286 0)
(-0.350407 0.407814 0)
(-0.319725 0.42715 0)
(-0.289884 0.444498 0)
(-0.260681 0.459983 0)
(-0.231975 0.473685 0)
(-0.203678 0.485667 0)
(-0.175732 0.495986 0)
(-0.148097 0.5047 0)
(-0.120732 0.511867 0)
(-0.0935979 0.517539 0)
(-0.0666602 0.521738 0)
(-0.0398079 0.524132 0)
(-0.0134742 0.518594 0)
(-0.541125 0.173861 0)
(-0.496217 0.225553 0)
(-0.460616 0.267703 0)
(-0.425812 0.302369 0)
(-0.393171 0.331815 0)
(-0.36214 0.357534 0)
(-0.332301 0.380234 0)
(-0.303421 0.400439 0)
(-0.275249 0.418437 0)
(-0.247633 0.434423 0)
(-0.220459 0.448526 0)
(-0.19365 0.46084 0)
(-0.167152 0.471444 0)
(-0.140924 0.480405 0)
(-0.114927 0.487783 0)
(-0.0891242 0.49363 0)
(-0.0634794 0.497963 0)
(-0.0379067 0.500457 0)
(-0.0128384 0.495151 0)
(-0.492134 0.144959 0)
(-0.45821 0.195497 0)
(-0.428473 0.238102 0)
(-0.398306 0.27377 0)
(-0.369146 0.30435 0)
(-0.34085 0.331044 0)
(-0.313316 0.354559 0)
(-0.286441 0.375413 0)
(-0.260091 0.393928 0)
(-0.234173 0.410327 0)
(-0.208611 0.424769 0)
(-0.183347 0.437367 0)
(-0.15834 0.448214 0)
(-0.133554 0.457383 0)
(-0.108958 0.464938 0)
(-0.0845188 0.470928 0)
(-0.0602119 0.475371 0)
(-0.0359501 0.477949 0)
(-0.0121716 0.472877 0)
(-0.446065 0.123768 0)
(-0.420325 0.171651 0)
(-0.39579 0.213229 0)
(-0.370006 0.248854 0)
(-0.344301 0.2798 0)
(-0.318838 0.306953 0)
(-0.29372 0.330932 0)
(-0.268962 0.3522 0)
(-0.244529 0.371071 0)
(-0.220384 0.387773 0)
(-0.19649 0.402472 0)
(-0.172815 0.415292 0)
(-0.149334 0.42633 0)
(-0.126022 0.435665 0)
(-0.102856 0.443359 0)
(-0.0798109 0.449463 0)
(-0.0568638 0.453993 0)
(-0.0339508 0.456644 0)
(-0.0114975 0.4518 0)
(-0.403485 0.107963 0)
(-0.38363 0.152686 0)
(-0.363477 0.19248 0)
(-0.3416 0.227357 0)
(-0.319154 0.258086 0)
(-0.296472 0.285271 0)
(-0.273777 0.3094 0)
(-0.251171 0.330856 0)
(-0.228694 0.34992 0)
(-0.20636 0.366805 0)
(-0.184168 0.381673 0)
(-0.162111 0.394645 0)
(-0.14018 0.40582 0)
(-0.118364 0.415274 0)
(-0.0966492 0.423071 0)
(-0.0750189 0.42926 0)
(-0.0534622 0.433855 0)
(-0.0319174 0.436565 0)
(-0.0108016 0.431944 0)
(-0.364245 0.0958927 0)
(-0.34865 0.137476 0)
(-0.332086 0.175208 0)
(-0.313586 0.208924 0)
(-0.294111 0.239034 0)
(-0.274064 0.265922 0)
(-0.25372 0.28994 0)
(-0.233241 0.311385 0)
(-0.212716 0.330491 0)
(-0.1922 0.347444 0)
(-0.17172 0.36239 0)
(-0.151292 0.375445 0)
(-0.130924 0.3867 0)
(-0.110617 0.396229 0)
(-0.0903683 0.404092 0)
(-0.07017 0.410335 0)
(-0.0500141 0.414974 0)
(-0.0298608 0.417733 0)
(-0.0101031 0.413325 0)
(-0.327953 0.0864876 0)
(-0.315547 0.125162 0)
(-0.301901 0.160809 0)
(-0.286278 0.193166 0)
(-0.269461 0.222415 0)
(-0.251852 0.248775 0)
(-0.233743 0.272482 0)
(-0.215323 0.293751 0)
(-0.196714 0.312768 0)
(-0.177995 0.329684 0)
(-0.159218 0.344626 0)
(-0.140416 0.357695 0)
(-0.121612 0.368976 0)
(-0.102819 0.378536 0)
(-0.0840417 0.386431 0)
(-0.065282 0.392702 0)
(-0.0465428 0.397365 0)
(-0.0277888 0.400159 0)
(-0.00939157 0.395955 0)
(-0.294275 0.079061 0)
(-0.284305 0.115126 0)
(-0.273033 0.148781 0)
(-0.259852 0.179721 0)
(-0.245387 0.207982 0)
(-0.230008 0.233668 0)
(-0.213994 0.256923 0)
(-0.197541 0.277892 0)
(-0.180786 0.296711 0)
(-0.163826 0.313502 0)
(-0.146727 0.328366 0)
(-0.129536 0.34139 0)
(-0.112287 0.352648 0)
(-0.0950019 0.362199 0)
(-0.0776962 0.370092 0)
(-0.0603787 0.376365 0)
(-0.0430556 0.381033 0)
(-0.0257106 0.383853 0)
(-0.00868229 0.37984 0)
(-0.262841 0.0731446 0)
(-0.254797 0.106914 0)
(-0.245482 0.138731 0)
(-0.234384 0.168277 0)
(-0.221998 0.195505 0)
(-0.208645 0.220438 0)
(-0.194579 0.243148 0)
(-0.179989 0.263727 0)
(-0.165015 0.282268 0)
(-0.149762 0.298861 0)
(-0.134304 0.313586 0)
(-0.118698 0.326513 0)
(-0.102986 0.337704 0)
(-0.0871981 0.347209 0)
(-0.0713564 0.355072 0)
(-0.0554758 0.361325 0)
(-0.0395715 0.365981 0)
(-0.0236328 0.368815 0)
(-0.00796815 0.364983 0)
(-0.233358 0.0684265 0)
(-0.226868 0.100193 0)
(-0.21919 0.130349 0)
(-0.209885 0.158576 0)
(-0.199342 0.184778 0)
(-0.187828 0.208925 0)
(-0.175568 0.231041 0)
(-0.162733 0.251171 0)
(-0.149462 0.269376 0)
(-0.135856 0.285717 0)
(-0.121996 0.300253 0)
(-0.107942 0.31304 0)
(-0.0937433 0.324127 0)
(-0.0794346 0.333556 0)
(-0.065044 0.341364 0)
(-0.0505924 0.347577 0)
(-0.0360971 0.352207 0)
(-0.0215627 0.355047 0)
(-0.00726049 0.351378 0)
(-0.205536 0.0646767 0)
(-0.200347 0.0947176 0)
(-0.194064 0.123395 0)
(-0.186323 0.150405 0)
(-0.177425 0.175623 0)
(-0.167588 0.198989 0)
(-0.157002 0.220489 0)
(-0.145821 0.240139 0)
(-0.13417 0.257968 0)
(-0.122149 0.274018 0)
(-0.109839 0.288329 0)
(-0.0973008 0.300943 0)
(-0.084586 0.311897 0)
(-0.0717344 0.321224 0)
(-0.0587776 0.328954 0)
(-0.0457407 0.335111 0)
(-0.0326466 0.339702 0)
(-0.0195056 0.342538 0)
(-0.00655491 0.339022 0)
(-0.179141 0.0617369 0)
(-0.175066 0.0903058 0)
(-0.169998 0.117686 0)
(-0.163642 0.143594 0)
(-0.156228 0.167893 0)
(-0.147928 0.190505 0)
(-0.1389 0.211392 0)
(-0.129276 0.230547 0)
(-0.119169 0.247981 0)
(-0.108672 0.263714 0)
(-0.0978612 0.277774 0)
(-0.0867989 0.290189 0)
(-0.0755366 0.300986 0)
(-0.0641164 0.310192 0)
(-0.052573 0.317829 0)
(-0.0409343 0.323915 0)
(-0.0292251 0.328457 0)
(-0.0174666 0.331283 0)
(-0.00585905 0.3279 0)
(-0.153943 0.0595017 0)
(-0.150854 0.0868282 0)
(-0.146874 0.113085 0)
(-0.14177 0.138009 0)
(-0.135712 0.161465 0)
(-0.128834 0.183364 0)
(-0.121263 0.203657 0)
(-0.113111 0.222321 0)
(-0.104476 0.23935 0)
(-0.0954431 0.254754 0)
(-0.0860828 0.268546 0)
(-0.0764554 0.280745 0)
(-0.0666121 0.291369 0)
(-0.0565956 0.300438 0)
(-0.0464422 0.307967 0)
(-0.0361819 0.313973 0)
(-0.0258423 0.318457 0)
(-0.0154497 0.321267 0)
(-0.00517058 0.318004 0)
(-0.12974 0.0579103 0)
(-0.127564 0.0841981 0)
(-0.12458 0.109491 0)
(-0.120628 0.133549 0)
(-0.115827 0.156242 0)
(-0.110278 0.17748 0)
(-0.10408 0.197207 0)
(-0.097325 0.215392 0)
(-0.090098 0.23202 0)
(-0.0824731 0.247089 0)
(-0.0745159 0.260604 0)
(-0.0662833 0.272576 0)
(-0.0578249 0.283016 0)
(-0.0491832 0.291937 0)
(-0.040395 0.29935 0)
(-0.0314919 0.305266 0)
(-0.0225018 0.309687 0)
(-0.0134579 0.312476 0)
(-0.00449395 0.309315 0)
(-0.10636 0.0569248 0)
(-0.105047 0.0823615 0)
(-0.103005 0.106838 0)
(-0.100137 0.13014 0)
(-0.0965205 0.152149 0)
(-0.092227 0.17278 0)
(-0.0873322 0.191976 0)
(-0.0819108 0.209702 0)
(-0.0760336 0.225937 0)
(-0.0697659 0.240673 0)
(-0.0631672 0.253909 0)
(-0.0562904 0.265649 0)
(-0.049183 0.275899 0)
(-0.0418867 0.284665 0)
(-0.034438 0.291955 0)
(-0.0268693 0.297776 0)
(-0.019209 0.302129 0)
(-0.0114938 0.304893 0)
(-0.0038283 0.301819 0)
(-0.0836338 0.0565353 0)
(-0.083177 0.0812882 0)
(-0.0820484 0.10508 0)
(-0.0802211 0.127728 0)
(-0.0777376 0.14913 0)
(-0.0746443 0.169208 0)
(-0.0709972 0.18791 0)
(-0.0668552 0.205199 0)
(-0.0622775 0.221055 0)
(-0.0573208 0.235465 0)
(-0.0520388 0.248424 0)
(-0.0464806 0.259931 0)
(-0.0406912 0.269987 0)
(-0.0347109 0.278596 0)
(-0.0285759 0.28576 0)
(-0.0223182 0.291483 0)
(-0.0159659 0.295765 0)
(-0.0095591 0.298501 0)
(-0.00317574 0.295496 0)
(-0.0614241 0.0567721 0)
(-0.0618288 0.0809788 0)
(-0.0616155 0.104197 0)
(-0.0608093 0.12628 0)
(-0.059426 0.147141 0)
(-0.0574929 0.166716 0)
(-0.0550495 0.184959 0)
(-0.0521423 0.201837 0)
(-0.0488203 0.21733 0)
(-0.0451332 0.231424 0)
(-0.0411293 0.244112 0)
(-0.0368544 0.255389 0)
(-0.032351 0.265253 0)
(-0.027658 0.273704 0)
(-0.0228106 0.280742 0)
(-0.0178405 0.286366 0)
(-0.0127752 0.290576 0)
(-0.00765548 0.29328 0)
(-0.00253654 0.290329 0)
(-0.0396113 0.0576544 0)
(-0.0409135 0.0814338 0)
(-0.0416306 0.104179 0)
(-0.0418407 0.125776 0)
(-0.0415389 0.146159 0)
(-0.0407378 0.165277 0)
(-0.0394642 0.183095 0)
(-0.0377544 0.199586 0)
(-0.0356501 0.214734 0)
(-0.0331952 0.228524 0)
(-0.0304338 0.240948 0)
(-0.0274088 0.252 0)
(-0.0241608 0.261676 0)
(-0.0207271 0.269971 0)
(-0.0171421 0.276883 0)
(-0.0134366 0.282409 0)
(-0.00963739 0.286545 0)
(-0.00578361 0.289216 0)
(-0.00190988 0.286297 0)
(-0.0183077 0.0603591 0)
(-0.0204708 0.0836501 0)
(-0.0221361 0.105813 0)
(-0.0233606 0.126793 0)
(-0.0241236 0.146553 0)
(-0.024427 0.165064 0)
(-0.0242883 0.182307 0)
(-0.0237369 0.198268 0)
(-0.0228092 0.212936 0)
(-0.0215454 0.226302 0)
(-0.0199871 0.238357 0)
(-0.0181749 0.249093 0)
(-0.0161476 0.258503 0)
(-0.0139415 0.266579 0)
(-0.0115896 0.273314 0)
(-0.00912207 0.278702 0)
(-0.00656512 0.282738 0)
(-0.0039552 0.285353 0)
(-0.00130562 0.282442 0)
)
;

boundaryField
{
    leftWall
    {
        type            noSlip;
    }
    rightWall
    {
        type            noSlip;
    }
    lowerWall
    {
        type            noSlip;
    }
    atmosphere
    {
        type            pressureInletOutletVelocity;
        value           nonuniform List<vector> 
46
(
(0 -0.288026 0)
(0 -0.289457 0)
(0 -0.287393 0)
(0 -0.284162 0)
(0 -0.27975 0)
(0 -0.27418 0)
(0 -0.267453 0)
(0 -0.259571 0)
(0 -0.250529 0)
(0 -0.240325 0)
(0 -0.228956 0)
(0 -0.216427 0)
(0 -0.202745 0)
(0 -0.187926 0)
(0 -0.171995 0)
(0 -0.154986 0)
(0 -0.136942 0)
(0 -0.117917 0)
(0 -0.0979652 0)
(0 -0.0771385 0)
(0 -0.055461 0)
(0 -0.0328806 0)
(0 -0.00945487 0)
(-0.0146966 0.00991632 0)
(-0.0154232 0.0216589 0)
(-0.0161911 0.0330199 0)
(-0.0169658 0.0448683 0)
(-0.0183077 0.0603591 0)
(-0.0204708 0.0836501 0)
(-0.0221361 0.105813 0)
(-0.0233606 0.126793 0)
(-0.0241236 0.146553 0)
(-0.024427 0.165064 0)
(-0.0242883 0.182307 0)
(-0.0237369 0.198268 0)
(-0.0228092 0.212936 0)
(-0.0215454 0.226302 0)
(-0.0199871 0.238357 0)
(-0.0181749 0.249093 0)
(-0.0161476 0.258503 0)
(-0.0139415 0.266579 0)
(-0.0115896 0.273314 0)
(-0.00912207 0.278702 0)
(-0.00656512 0.282738 0)
(-0.0039552 0.285353 0)
(-0.00130562 0.282442 0)
)
;
    }
    defaultFaces
    {
        type            empty;
    }
}


// ************************************************************************* //
