/*--------------------------------*- C++ -*----------------------------------*\
| =========                 |                                                 |
| \\      /  F ield         | OpenFOAM: The Open Source CFD Toolbox           |
|  \\    /   O peration     | Version:  2312                                  |
|   \\  /    A nd           | Website:  www.openfoam.com                      |
|    \\/     M anipulation  |                                                 |
\*---------------------------------------------------------------------------*/
FoamFile
{
    version     2.0;
    format      ascii;
    arch        "LSB;label=32;scalar=64";
    class       volVectorField;
    location    "2.95";
    object      U;
}
// * * * * * * * * * * * * * * * * * * * * * * * * * * * * * * * * * * * * * //

dimensions      [0 1 -1 0 0 0 0];

internalField   nonuniform List<vector> 
2268
(
(0.00221201 -0.00219355 0)
(-0.0100463 0.00234607 0)
(-0.0281309 0.00401566 0)
(-0.0477134 0.00480045 0)
(-0.0678275 0.00479052 0)
(-0.0862794 0.00430197 0)
(-0.10155 0.00330098 0)
(-0.11174 0.00195119 0)
(-0.115921 0.000518288 0)
(-0.114317 -0.000764812 0)
(-0.107936 -0.00175878 0)
(-0.0982236 -0.00238537 0)
(-0.0870064 -0.00258284 0)
(-0.0758562 -0.00248874 0)
(-0.065585 -0.00227656 0)
(-0.0564368 -0.00203232 0)
(-0.0484531 -0.00179243 0)
(-0.041608 -0.0015756 0)
(-0.0357182 -0.00145836 0)
(-0.0302367 -0.00151178 0)
(-0.0242218 -0.00178555 0)
(-0.0168803 -0.00216104 0)
(-0.00959616 -0.00351596 0)
(-0.00868738 0.0058384 0)
(-0.0226543 0.0120839 0)
(-0.0412248 0.0133857 0)
(-0.0590037 0.0140908 0)
(-0.0772981 0.0137868 0)
(-0.0943846 0.0122451 0)
(-0.108713 0.00924859 0)
(-0.118105 0.00513156 0)
(-0.121491 0.000718315 0)
(-0.119102 -0.00323259 0)
(-0.111951 -0.0062177 0)
(-0.101496 -0.00795128 0)
(-0.0896536 -0.00830977 0)
(-0.0780903 -0.00775888 0)
(-0.0675702 -0.00690942 0)
(-0.058232 -0.00604188 0)
(-0.0500453 -0.00521439 0)
(-0.0429789 -0.00441375 0)
(-0.036868 -0.00385727 0)
(-0.0311486 -0.00380763 0)
(-0.0247962 -0.00447522 0)
(-0.0170326 -0.00557559 0)
(-0.00890692 -0.00933608 0)
(-0.0137855 0.0129001 0)
(-0.0306101 0.0189102 0)
(-0.0498266 0.0209603 0)
(-0.067537 0.0218884 0)
(-0.0856789 0.0215226 0)
(-0.102757 0.0192823 0)
(-0.117016 0.0145328 0)
(-0.125977 0.00787323 0)
(-0.128506 0.000755228 0)
(-0.125025 -0.005627 0)
(-0.116623 -0.0105216 0)
(-0.104847 -0.0134029 0)
(-0.091842 -0.0139453 0)
(-0.0795092 -0.0129955 0)
(-0.0685647 -0.0116202 0)
(-0.0589146 -0.0102399 0)
(-0.0503469 -0.00889803 0)
(-0.0428199 -0.00753634 0)
(-0.0362529 -0.00657582 0)
(-0.0301243 -0.00649733 0)
(-0.0233466 -0.00776016 0)
(-0.0153249 -0.00972122 0)
(-0.00575386 -0.0149155 0)
(-0.0168448 0.026398 0)
(-0.0361509 0.0299184 0)
(-0.0563325 0.0308373 0)
(-0.0745566 0.0314653 0)
(-0.0932743 0.0307769 0)
(-0.111115 0.0275111 0)
(-0.125974 0.0205845 0)
(-0.134905 0.0108001 0)
(-0.136792 0.000269424 0)
(-0.132255 -0.00921657 0)
(-0.122452 -0.0162893 0)
(-0.109034 -0.0202882 0)
(-0.0945015 -0.0206834 0)
(-0.0811338 -0.0188465 0)
(-0.0695497 -0.0165359 0)
(-0.0593367 -0.0144139 0)
(-0.0500451 -0.0125348 0)
(-0.0416593 -0.0105802 0)
(-0.0343247 -0.00918947 0)
(-0.0277221 -0.00900512 0)
(-0.0207214 -0.0108733 0)
(-0.0130932 -0.0138627 0)
(-0.00255709 -0.0190192 0)
(-0.0164073 0.0366984 0)
(-0.035448 0.0380714 0)
(-0.0562805 0.0385281 0)
(-0.0757323 0.0395081 0)
(-0.0967195 0.0396035 0)
(-0.117637 0.0361465 0)
(-0.134933 0.0267816 0)
(-0.144865 0.0133222 0)
(-0.146667 -0.000446772 0)
(-0.140925 -0.0125546 0)
(-0.129279 -0.0216927 0)
(-0.113976 -0.0272814 0)
(-0.0979044 -0.02783 0)
(-0.0836573 -0.0251363 0)
(-0.0715487 -0.0220494 0)
(-0.0606631 -0.0194999 0)
(-0.0504745 -0.0175975 0)
(-0.041058 -0.0152698 0)
(-0.0329138 -0.0136164 0)
(-0.0259673 -0.0134488 0)
(-0.0191103 -0.0159579 0)
(-0.0126238 -0.0202382 0)
(-0.00169333 -0.02458 0)
(-0.0129235 0.044087 0)
(-0.0300607 0.043814 0)
(-0.051786 0.0440964 0)
(-0.0714111 0.0452559 0)
(-0.0931944 0.0457898 0)
(-0.115731 0.042098 0)
(-0.134771 0.0314019 0)
(-0.145652 0.0157825 0)
(-0.147934 -0.00197295 0)
(-0.142271 -0.018864 0)
(-0.130393 -0.0307604 0)
(-0.115086 -0.0366817 0)
(-0.0994259 -0.0351681 0)
(-0.0861995 -0.0298652 0)
(-0.0751641 -0.0260431 0)
(-0.0648974 -0.0248757 0)
(-0.0560161 -0.0247945 0)
(-0.047357 -0.0236088 0)
(-0.038307 -0.0218476 0)
(-0.0305155 -0.0202796 0)
(-0.023617 -0.0217883 0)
(-0.0170933 -0.0260703 0)
(-0.00592842 -0.0280795 0)
(-0.00747009 0.0598234 0)
(-0.0172923 0.0595526 0)
(-0.0372587 0.0588836 0)
(-0.0554616 0.0591318 0)
(-0.0765695 0.0593896 0)
(-0.100007 0.0545602 0)
(-0.124207 0.0396832 0)
(-0.140556 0.0195724 0)
(-0.144657 -0.000539234 0)
(-0.136773 -0.0161671 0)
(-0.126022 -0.0273378 0)
(-0.114495 -0.0347172 0)
(-0.102959 -0.0354165 0)
(-0.088265 -0.03298 0)
(-0.0701791 -0.0311571 0)
(-0.0544531 -0.0285389 0)
(-0.0538743 -0.021735 0)
(-0.0631996 -0.0137746 0)
(-0.0715216 -0.0106159 0)
(-0.0749008 -0.0100019 0)
(-0.0721701 -0.0136224 0)
(-0.0578192 -0.0208428 0)
(-0.0597214 -0.0336984 0)
(0.00181191 0.0606272 0)
(0.0166437 0.0656165 0)
(0.0124758 0.0692948 0)
(0.0113414 0.0721868 0)
(0.0097481 0.0730449 0)
(0.0173302 0.0703751 0)
(0.0198207 0.0551032 0)
(0.0117221 0.0276261 0)
(0.0132887 -0.00363459 0)
(-0.00901396 -0.0275519 0)
(-0.0324788 -0.0457968 0)
(-0.0404498 -0.0557197 0)
(-0.0489994 -0.0537285 0)
(-0.0580642 -0.0481506 0)
(-0.0657066 -0.0441095 0)
(-0.0885543 -0.0298304 0)
(-0.124432 -0.0177114 0)
(-0.109346 -0.0220475 0)
(-0.0988826 -0.0190066 0)
(-0.095047 -0.0204021 0)
(-0.0929707 -0.0237374 0)
(-0.0874259 -0.0361806 0)
(-0.111578 -0.0893914 0)
(-0.0217835 0.0135693 0)
(-0.0254754 0.00715539 0)
(-0.0530114 0.00886231 0)
(-0.0822432 0.0058928 0)
(-0.0981487 0.00204737 0)
(-0.0975998 0.000558548 0)
(-0.096881 0.000370278 0)
(-0.097904 -0.000290495 0)
(-0.0986796 -0.000210479 0)
(-0.104213 0.000771662 0)
(-0.11443 0.000367669 0)
(-0.123941 -0.00174584 0)
(-0.126804 -0.00508735 0)
(-0.115798 -0.00866181 0)
(-0.0873106 -0.0118752 0)
(-0.0506326 -0.0128063 0)
(-0.0145522 -0.00769842 0)
(0.0109773 -0.00137676 0)
(0.00161054 -0.00231373 0)
(0.00717783 0.00334111 0)
(0.000886343 0.00472415 0)
(-0.0184239 0.0143629 0)
(-0.0443375 0.0164866 0)
(-0.0568461 0.00361698 0)
(-0.0495225 -0.00354061 0)
(-0.0488687 -0.00077154 0)
(-0.0508958 0.000178028 0)
(-0.0466416 0.00339199 0)
(-0.0458005 0.00788937 0)
(-0.0529941 0.00882874 0)
(-0.0628183 0.00726844 0)
(-0.0729553 0.00240222 0)
(-0.0789039 -0.00649712 0)
(-0.0707842 -0.0181176 0)
(-0.0567303 -0.0229437 0)
(-0.033309 -0.0185413 0)
(-0.00721923 -0.00688006 0)
(0.000849523 0.00799702 0)
(0.00171236 0.00972734 0)
(-0.0147737 0.0179003 0)
(-0.0317512 0.0241102 0)
(-0.0470693 0.020505 0)
(-0.0568089 0.00315148 0)
(-0.053383 -0.00606124 0)
(-0.049623 -0.0018571 0)
(-0.0456638 -0.00358917 0)
(-0.0367644 -0.00287767 0)
(-0.0281887 0.00415312 0)
(-0.034203 0.00658086 0)
(-0.0493234 0.00637164 0)
(-0.0669391 0.00122971 0)
(-0.0750936 -0.00871457 0)
(-0.0817451 -0.021254 0)
(-0.0853703 -0.0268322 0)
(-0.0721396 -0.024307 0)
(-0.0583905 -0.0129998 0)
(-0.0205636 -0.00555467 0)
(-0.0329017 0.0128128 0)
(-0.000374076 0.0240126 0)
(0.000330299 0.0464523 0)
(-0.111998 0.0380238 0)
(-0.123869 0.00484101 0)
(-0.104609 -0.00600594 0)
(-0.0851553 -0.00234952 0)
(-0.0547042 -0.00255723 0)
(-0.029316 -0.00274948 0)
(-0.015801 0.00916195 0)
(-0.0549917 0.0176662 0)
(-0.116657 0.0259048 0)
(-0.159466 0.0165407 0)
(-0.149413 0.000667547 0)
(-0.109117 -0.01511 0)
(-0.0770709 -0.0285327 0)
(-0.0475082 -0.0311214 0)
(-0.0488233 -0.0292505 0)
(0.00040243 -0.0309991 0)
(-0.0436997 0.0275634 0)
(0.0205334 -0.00421337 0)
(0.00274854 0.058784 0)
(-0.0230419 0.0799194 0)
(-0.125339 -0.00315214 0)
(-0.179889 -0.0277292 0)
(-0.17332 -0.0311952 0)
(-0.13261 -0.0306259 0)
(-0.0802811 -0.0177041 0)
(-0.0824921 0.0224822 0)
(-0.180021 0.0515355 0)
(-0.234182 0.0553636 0)
(-0.233802 0.0189848 0)
(-0.140512 -0.0454367 0)
(-0.0246605 -0.0588299 0)
(0.0745743 -0.0540705 0)
(0.121565 -0.028791 0)
(0.0680206 -0.0163007 0)
(0.0291931 -0.0231774 0)
(0.0575987 0.0233893 0)
(0.106007 0.00510517 0)
(0.0558832 0.0761029 0)
(-0.0135057 0.097971 0)
(-0.0787885 0.0649916 0)
(-0.206712 0.00885237 0)
(-0.221549 -0.0440833 0)
(-0.188293 -0.0521969 0)
(-0.170447 -0.0180645 0)
(-0.157716 0.03731 0)
(-0.195132 0.0671219 0)
(-0.207796 0.053545 0)
(-0.180294 -0.00977875 0)
(-0.0988017 -0.100212 0)
(-0.048666 -0.102327 0)
(0.0350132 -0.0973041 0)
(0.133363 -0.0458014 0)
(0.152356 0.0153322 0)
(0.0908131 0.00537793 0)
(0.0705393 -0.0435954 0)
(0.105594 -0.00595398 0)
(0.0801945 0.102067 0)
(-0.0250927 0.124963 0)
(-0.0842179 0.0969179 0)
(-0.185121 0.0471198 0)
(-0.226387 -0.0372714 0)
(-0.252109 -0.0495316 0)
(-0.279325 -0.00530986 0)
(-0.255271 0.0363185 0)
(-0.203017 0.062298 0)
(-0.154873 0.0530461 0)
(-0.106557 -0.0202702 0)
(-0.0947229 -0.109687 0)
(-0.0935134 -0.113054 0)
(-0.0578449 -0.131315 0)
(0.0361592 -0.0830024 0)
(0.110226 0.0210334 0)
(0.0957075 0.0548544 0)
(0.00224159 -0.0609242 0)
(0.01753 -0.0129768 0)
(0.0354659 0.127697 0)
(-0.0582281 0.156865 0)
(-0.09898 0.122907 0)
(-0.170969 0.0824232 0)
(-0.238882 -0.0151023 0)
(-0.281695 -0.0378521 0)
(-0.306591 -0.00467073 0)
(-0.272223 0.00703912 0)
(-0.197938 0.0150011 0)
(-0.120649 0.0198822 0)
(-0.062755 -0.0222646 0)
(-0.122985 -0.0934227 0)
(-0.149244 -0.117588 0)
(-0.132853 -0.151187 0)
(-0.0906601 -0.135785 0)
(0.0568626 0.0222113 0)
(0.0848393 0.0807404 0)
(-0.0114352 0.0529787 0)
(-0.00216969 0.0546825 0)
(-0.00338021 0.0593379 0)
(0.00247681 0.0598456 0)
(0.0137894 0.0569116 0)
(0.052819 0.0458032 0)
(0.0903736 0.0362451 0)
(0.116352 0.0211298 0)
(0.127456 0.00807211 0)
(0.123684 0.00523143 0)
(0.108752 -0.0099128 0)
(0.0882024 -0.0250987 0)
(0.0629094 -0.0256495 0)
(0.0411845 -0.0192982 0)
(0.014046 -0.0157832 0)
(-0.0210224 0.00795222 0)
(-0.0487684 0.0123087 0)
(-0.0388552 -0.0290429 0)
(-0.0529704 -0.0173272 0)
(-0.0642598 -0.0144218 0)
(-0.0752703 -0.0147531 0)
(-0.092014 -0.0319884 0)
(-0.135313 -0.0928577 0)
(-0.0154919 0.0700525 0)
(-0.0135789 0.0615422 0)
(-0.0126207 0.0628581 0)
(0.00236975 0.0597303 0)
(0.037905 0.0256183 0)
(0.0808607 -0.00567761 0)
(0.118186 -0.00575724 0)
(0.147302 0.00119826 0)
(0.15875 -0.00105212 0)
(0.15462 -0.00801046 0)
(0.139514 -0.0114482 0)
(0.111197 -0.00913932 0)
(0.0794723 -0.00557734 0)
(0.0574557 -0.00050377 0)
(0.0339087 0.00788535 0)
(0.0156799 0.0145682 0)
(0.0377757 -0.00908313 0)
(0.0399146 -0.0187599 0)
(0.0251055 -0.00608319 0)
(0.0127629 -0.00211271 0)
(0.0056206 -0.000971737 0)
(0.0070081 -0.00120711 0)
(-0.0216892 -0.0276264 0)
(-0.00358133 0.0717221 0)
(0.0188035 0.0475132 0)
(0.0264491 0.0290584 0)
(0.0657492 -0.000991751 0)
(0.095248 -0.0205267 0)
(0.11325 -0.0443817 0)
(0.132468 -0.0518148 0)
(0.160638 -0.0281724 0)
(0.174235 0.000415983 0)
(0.160923 0.0150763 0)
(0.135441 0.0249806 0)
(0.105854 0.0312847 0)
(0.0785369 0.0274367 0)
(0.0561421 0.0207744 0)
(0.0359674 0.0237722 0)
(0.0407364 0.0105955 0)
(0.0413647 -0.0122229 0)
(0.0246723 -0.00149124 0)
(0.00681595 0.0134158 0)
(-0.00895841 0.0129711 0)
(-0.0247962 0.00142587 0)
(-0.0444726 -0.00104472 0)
(-0.086451 0.0330497 0)
(0.0254831 0.0654508 0)
(0.058366 0.0448436 0)
(0.0930282 0.0217967 0)
(0.124927 -0.00144064 0)
(0.141059 -0.00977754 0)
(0.146266 -0.0327634 0)
(0.133478 -0.0475346 0)
(0.124859 -0.0428772 0)
(0.131845 0.00983434 0)
(0.114734 0.0372821 0)
(0.0958227 0.0451462 0)
(0.085007 0.0481805 0)
(0.0795256 0.0452888 0)
(0.0742605 0.037912 0)
(0.0703425 0.030223 0)
(0.0728309 0.0130568 0)
(0.0667443 0.00219859 0)
(0.0542544 0.0101741 0)
(0.0467936 0.0196533 0)
(0.040464 0.026125 0)
(0.0295521 0.0296492 0)
(0.00903213 0.0458566 0)
(-0.0212548 0.0801675 0)
(0.0146097 -0.0113684 0)
(0.0503731 -0.020068 0)
(0.0712727 -0.0367022 0)
(0.0909434 -0.0459731 0)
(0.106125 -0.0468242 0)
(0.11983 -0.0523892 0)
(0.118209 -0.0319086 0)
(0.0630886 -0.0395676 0)
(0.0486191 0.0251549 0)
(0.0541303 0.0453238 0)
(0.0750455 0.0408481 0)
(0.100547 0.0389012 0)
(0.125221 0.0353076 0)
(0.144983 0.0283354 0)
(0.160102 0.0195875 0)
(0.166043 0.0138282 0)
(0.159749 0.0106152 0)
(0.146489 0.0155689 0)
(0.130699 0.0270863 0)
(0.111669 0.0369335 0)
(0.0901203 0.0433754 0)
(0.0698459 0.0551006 0)
(0.0575955 0.080115 0)
(-0.0113637 -0.022979 0)
(0.0175242 -0.0274319 0)
(0.0218987 -0.0396619 0)
(0.0435457 -0.0431222 0)
(0.0269216 -0.0459177 0)
(-0.0145041 -0.0374934 0)
(-0.0212081 0.0483804 0)
(-0.0239291 0.0037445 0)
(0.013721 0.0299282 0)
(0.0740547 0.0202032 0)
(0.133007 0.0100506 0)
(0.18208 0.00975899 0)
(0.223214 0.0109888 0)
(0.25526 0.0126392 0)
(0.275878 0.0171385 0)
(0.283114 0.0220766 0)
(0.279108 0.0263126 0)
(0.269473 0.0354146 0)
(0.250636 0.0537455 0)
(0.217981 0.0691436 0)
(0.177881 0.0762904 0)
(0.143765 0.0815516 0)
(0.124562 0.0933604 0)
(-0.0158016 0.0178462 0)
(-0.0281391 -0.0168566 0)
(-0.0541023 -0.049605 0)
(0.000377861 -0.0392329 0)
(-0.0863682 0.0157737 0)
(-0.138198 -0.0200713 0)
(-0.0689631 -0.0342838 0)
(0.0209283 -0.0636302 0)
(0.0919859 -0.0757876 0)
(0.163092 -0.0764079 0)
(0.22162 -0.0728051 0)
(0.267515 -0.0619182 0)
(0.30391 -0.0490377 0)
(0.33273 -0.0352981 0)
(0.348709 -0.0166853 0)
(0.348016 0.00148633 0)
(0.343331 0.0115025 0)
(0.338551 0.0263262 0)
(0.322766 0.0597824 0)
(0.295882 0.0920174 0)
(0.267857 0.102765 0)
(0.244875 0.0949418 0)
(0.220801 0.0935346 0)
(0.067063 -0.0348322 0)
(0.15978 -0.0142446 0)
(0.220023 -0.0488909 0)
(0.273179 -0.0441644 0)
(0.341058 0.036416 0)
(0.461758 0.0130518 0)
(0.53867 -0.107358 0)
(0.578163 -0.109833 0)
(0.516722 -0.0990546 0)
(0.398085 -0.0669279 0)
(0.312867 -0.0445313 0)
(0.24712 -0.0344903 0)
(0.218531 -0.031924 0)
(0.195076 -0.0172881 0)
(0.123529 0.0183851 0)
(0.0942502 0.0334448 0)
(0.0751739 0.0360006 0)
(0.184434 0.0502291 0)
(0.246602 0.0919024 0)
(0.286662 0.118835 0)
(0.308768 0.127996 0)
(0.306704 0.123117 0)
(0.276957 0.125193 0)
(0.0129259 -0.125348 0)
(0.13001 -0.156648 0)
(0.237684 -0.116975 0)
(0.299892 -0.13051 0)
(0.351849 -0.170226 0)
(0.409004 -0.192633 0)
(0.458579 -0.180659 0)
(0.459725 -0.0590442 0)
(0.413219 0.0236732 0)
(0.395611 0.0332912 0)
(0.409612 0.0157663 0)
(0.434928 -0.00570842 0)
(0.457008 -0.019225 0)
(0.468546 0.0114701 0)
(0.4619 0.0797552 0)
(0.474607 0.0513376 0)
(0.464202 0.00491645 0)
(0.393402 -0.0834733 0)
(0.286552 -0.0222206 0)
(0.226978 0.071719 0)
(0.243716 0.0998372 0)
(0.284365 0.126092 0)
(0.300602 0.161125 0)
(0.0529714 -0.212187 0)
(0.143477 -0.279673 0)
(0.240143 -0.241929 0)
(0.344403 -0.183707 0)
(0.416788 -0.159497 0)
(0.41942 -0.152449 0)
(0.385386 -0.0993368 0)
(0.376098 -0.0373845 0)
(0.404772 -0.0222295 0)
(0.446777 -0.0263839 0)
(0.484405 -0.0386129 0)
(0.516591 -0.0491919 0)
(0.547057 -0.0478968 0)
(0.581906 -0.0264852 0)
(0.624476 0.00762568 0)
(0.668485 0.030779 0)
(0.695274 0.0665767 0)
(0.693333 0.117383 0)
(0.653329 0.164968 0)
(0.628327 0.184248 0)
(0.529063 0.144298 0)
(0.422047 0.105692 0)
(0.382794 0.135088 0)
(0.0697182 -0.33095 0)
(0.147416 -0.349138 0)
(0.206403 -0.322778 0)
(0.268008 -0.2673 0)
(0.324944 -0.209245 0)
(0.363583 -0.160654 0)
(0.384274 -0.120842 0)
(0.40719 -0.0849024 0)
(0.438903 -0.0624815 0)
(0.471607 -0.0612859 0)
(0.500646 -0.0721046 0)
(0.523928 -0.0831698 0)
(0.545516 -0.082996 0)
(0.571019 -0.0652973 0)
(0.60264 -0.0349106 0)
(0.637449 -0.00628588 0)
(0.667858 0.0199145 0)
(0.689626 0.0513315 0)
(0.706079 0.101619 0)
(0.725353 0.158703 0)
(0.729696 0.213611 0)
(0.704662 0.242076 0)
(0.631597 0.206878 0)
(0.0514584 -0.437658 0)
(0.121908 -0.416192 0)
(0.170692 -0.37623 0)
(0.212639 -0.317264 0)
(0.253294 -0.251063 0)
(0.291681 -0.192719 0)
(0.324547 -0.145479 0)
(0.353799 -0.111388 0)
(0.383821 -0.0917902 0)
(0.411473 -0.0899582 0)
(0.43113 -0.0933507 0)
(0.44172 -0.0984443 0)
(0.447577 -0.0979061 0)
(0.458101 -0.0855934 0)
(0.479221 -0.0640599 0)
(0.509005 -0.0381094 0)
(0.542391 -0.00238721 0)
(0.57823 0.0462929 0)
(0.607735 0.101052 0)
(0.63387 0.155686 0)
(0.650954 0.209526 0)
(0.658583 0.247772 0)
(0.6522 0.266192 0)
(0.0276368 -0.509138 0)
(0.0780456 -0.469499 0)
(0.110672 -0.416447 0)
(0.142126 -0.353405 0)
(0.172404 -0.288088 0)
(0.204088 -0.228483 0)
(0.234048 -0.179028 0)
(0.260182 -0.144589 0)
(0.280409 -0.12123 0)
(0.291083 -0.10851 0)
(0.28924 -0.100187 0)
(0.279985 -0.0967429 0)
(0.26866 -0.0977278 0)
(0.267329 -0.0945153 0)
(0.279703 -0.0832559 0)
(0.297001 -0.0671486 0)
(0.319917 -0.0411231 0)
(0.351632 0.00222302 0)
(0.383825 0.0599417 0)
(0.416908 0.120112 0)
(0.456744 0.180171 0)
(0.496801 0.228869 0)
(0.532688 0.260604 0)
(0.00964661 -0.547793 0)
(0.0368873 -0.499675 0)
(0.0487532 -0.440207 0)
(0.0652475 -0.376859 0)
(0.080491 -0.313727 0)
(0.0982295 -0.254748 0)
(0.114805 -0.202647 0)
(0.124793 -0.161049 0)
(0.124939 -0.126323 0)
(0.113153 -0.0997322 0)
(0.0915842 -0.0827538 0)
(0.0721629 -0.0769406 0)
(0.055148 -0.0886958 0)
(0.0493045 -0.0947238 0)
(0.0482659 -0.087071 0)
(0.045461 -0.0758722 0)
(0.0514913 -0.0526244 0)
(0.0652838 -0.00854076 0)
(0.109905 0.0409452 0)
(0.151934 0.0811041 0)
(0.20949 0.130383 0)
(0.265825 0.176458 0)
(0.318673 0.212615 0)
(-0.00423677 -0.558256 0)
(-0.000104888 -0.506648 0)
(-0.0100824 -0.443991 0)
(-0.0130794 -0.380957 0)
(-0.0185568 -0.318634 0)
(-0.0219338 -0.259873 0)
(-0.0270596 -0.203907 0)
(-0.0382212 -0.152794 0)
(-0.0571399 -0.104996 0)
(-0.0834231 -0.0651298 0)
(-0.109355 -0.0496595 0)
(-0.127246 -0.0623434 0)
(-0.128783 -0.0844066 0)
(-0.132053 -0.0855257 0)
(-0.140328 -0.0795401 0)
(-0.147627 -0.0731691 0)
(-0.146637 -0.0610228 0)
(-0.132358 -0.0392357 0)
(-0.104473 -0.013173 0)
(-0.0647658 0.019354 0)
(-0.0238377 0.0691885 0)
(0.0274845 0.12302 0)
(0.0828494 0.173223 0)
(-0.0162767 -0.543859 0)
(-0.0330873 -0.490089 0)
(-0.0620817 -0.425941 0)
(-0.0851012 -0.362119 0)
(-0.110481 -0.298998 0)
(-0.135296 -0.237935 0)
(-0.161341 -0.175368 0)
(-0.189554 -0.115007 0)
(-0.216846 -0.064681 0)
(-0.232809 -0.0389941 0)
(-0.228763 -0.0496719 0)
(-0.218208 -0.0737869 0)
(-0.216486 -0.0837957 0)
(-0.222638 -0.0764732 0)
(-0.231584 -0.071383 0)
(-0.237537 -0.0716467 0)
(-0.235399 -0.0696499 0)
(-0.225606 -0.0549215 0)
(-0.214157 -0.0336642 0)
(-0.202241 -0.00638042 0)
(-0.178454 0.0373657 0)
(-0.146562 0.0821597 0)
(-0.105242 0.124405 0)
(-0.0259155 -0.510316 0)
(-0.0584937 -0.455649 0)
(-0.101557 -0.391455 0)
(-0.138182 -0.326962 0)
(-0.17507 -0.263569 0)
(-0.209091 -0.202513 0)
(-0.237726 -0.143273 0)
(-0.256003 -0.0944226 0)
(-0.259232 -0.063819 0)
(-0.249276 -0.0538125 0)
(-0.237768 -0.0626636 0)
(-0.234965 -0.0757873 0)
(-0.239271 -0.0784125 0)
(-0.242975 -0.072241 0)
(-0.24348 -0.0695287 0)
(-0.24417 -0.0722039 0)
(-0.246775 -0.0738981 0)
(-0.249311 -0.0612116 0)
(-0.251352 -0.0392484 0)
(-0.251429 -0.0146268 0)
(-0.241763 0.016718 0)
(-0.220567 0.0490223 0)
(-0.192595 0.0785647 0)
(-0.0319738 -0.463523 0)
(-0.0731479 -0.410434 0)
(-0.122291 -0.348932 0)
(-0.161797 -0.288075 0)
(-0.196576 -0.230246 0)
(-0.223229 -0.178178 0)
(-0.238945 -0.132197 0)
(-0.242302 -0.0966299 0)
(-0.235641 -0.0743707 0)
(-0.224533 -0.0653707 0)
(-0.216043 -0.0678542 0)
(-0.214087 -0.0738542 0)
(-0.215905 -0.0750908 0)
(-0.21694 -0.0721784 0)
(-0.216761 -0.0694582 0)
(-0.218426 -0.0684949 0)
(-0.224721 -0.0665751 0)
(-0.232928 -0.055103 0)
(-0.237968 -0.0368128 0)
(-0.238564 -0.017235 0)
(-0.233866 0.00482476 0)
(-0.221863 0.0278037 0)
(-0.205065 0.0487667 0)
(-0.0342772 -0.410672 0)
(-0.077409 -0.361935 0)
(-0.125765 -0.306799 0)
(-0.161262 -0.25403 0)
(-0.188518 -0.205414 0)
(-0.205894 -0.163054 0)
(-0.213376 -0.127412 0)
(-0.211724 -0.10057 0)
(-0.204024 -0.0835986 0)
(-0.194449 -0.0754373 0)
(-0.186969 -0.0738745 0)
(-0.183574 -0.0748494 0)
(-0.183177 -0.0744663 0)
(-0.183719 -0.0720456 0)
(-0.184743 -0.0687168 0)
(-0.187332 -0.0648787 0)
(-0.192184 -0.059161 0)
(-0.197751 -0.0489861 0)
(-0.201653 -0.0347473 0)
(-0.20266 -0.0183368 0)
(-0.200176 -0.000822458 0)
(-0.194157 0.01639 0)
(-0.184514 0.0320449 0)
(-0.0338747 -0.357404 0)
(-0.0750503 -0.314943 0)
(-0.119803 -0.268438 0)
(-0.150444 -0.225567 0)
(-0.172039 -0.186906 0)
(-0.183889 -0.153723 0)
(-0.187448 -0.126587 0)
(-0.184495 -0.106055 0)
(-0.177642 -0.092138 0)
(-0.169758 -0.083895 0)
(-0.163283 -0.0797221 0)
(-0.159478 -0.0773707 0)
(-0.158066 -0.0748181 0)
(-0.158114 -0.0713576 0)
(-0.159162 -0.0670481 0)
(-0.161356 -0.061777 0)
(-0.164668 -0.0547113 0)
(-0.168205 -0.0448634 0)
(-0.170696 -0.0324035 0)
(-0.171213 -0.0182781 0)
(-0.169344 -0.00365501 0)
(-0.165507 0.0102108 0)
(-0.159881 0.0227249 0)
(-0.0321213 -0.306759 0)
(-0.0699624 -0.271219 0)
(-0.110924 -0.233874 0)
(-0.138011 -0.200908 0)
(-0.156591 -0.17173 0)
(-0.166323 -0.146758 0)
(-0.169009 -0.126283 0)
(-0.166561 -0.110412 0)
(-0.161174 -0.0987949 0)
(-0.154922 -0.0906256 0)
(-0.149433 -0.0848652 0)
(-0.145603 -0.0803375 0)
(-0.143518 -0.0760016 0)
(-0.142823 -0.0712739 0)
(-0.143206 -0.0658918 0)
(-0.144503 -0.0595862 0)
(-0.146447 -0.0518886 0)
(-0.148439 -0.0423901 0)
(-0.149706 -0.0311691 0)
(-0.1496 -0.0187526 0)
(-0.147805 -0.00600184 0)
(-0.144687 0.00609025 0)
(-0.140804 0.0169616 0)
(-0.0299616 -0.259788 0)
(-0.0644005 -0.230967 0)
(-0.102135 -0.202357 0)
(-0.126859 -0.178563 0)
(-0.144045 -0.158009 0)
(-0.153424 -0.140403 0)
(-0.156728 -0.125622 0)
(-0.155661 -0.11353 0)
(-0.152007 -0.103798 0)
(-0.147323 -0.0959201 0)
(-0.142781 -0.0893296 0)
(-0.139093 -0.0834523 0)
(-0.136527 -0.0777673 0)
(-0.13505 -0.0718891 0)
(-0.134514 -0.0655481 0)
(-0.134731 -0.0584914 0)
(-0.135415 -0.0504394 0)
(-0.136133 -0.0411988 0)
(-0.136374 -0.0308212 0)
(-0.135689 -0.0196359 0)
(-0.133832 -0.00823986 0)
(-0.130992 0.00262314 0)
(-0.127727 0.0124843 0)
(-0.0278699 -0.216497 0)
(-0.0593156 -0.19383 0)
(-0.0944309 -0.173168 0)
(-0.117509 -0.157554 0)
(-0.134012 -0.144584 0)
(-0.143636 -0.133418 0)
(-0.147915 -0.123625 0)
(-0.14826 -0.114948 0)
(-0.146103 -0.107142 0)
(-0.14267 -0.0999673 0)
(-0.138904 -0.0932038 0)
(-0.135439 -0.0866449 0)
(-0.132625 -0.080083 0)
(-0.130584 -0.0733272 0)
(-0.129289 -0.0662085 0)
(-0.128608 -0.0585603 0)
(-0.128314 -0.050224 0)
(-0.12809 -0.0411084 0)
(-0.127574 -0.0312623 0)
(-0.126434 -0.0209104 0)
(-0.124465 -0.01047 0)
(-0.121777 -0.000489706 0)
(-0.118803 0.00864581 0)
(-0.0260186 -0.176475 0)
(-0.054976 -0.159328 0)
(-0.0879762 -0.145827 0)
(-0.10981 -0.137531 0)
(-0.125833 -0.131323 0)
(-0.135676 -0.125919 0)
(-0.140661 -0.120647 0)
(-0.141958 -0.115181 0)
(-0.140757 -0.10937 0)
(-0.138101 -0.103177 0)
(-0.134832 -0.0966333 0)
(-0.131561 -0.0897888 0)
(-0.128676 -0.0826673 0)
(-0.12636 -0.0752581 0)
(-0.124641 -0.0675213 0)
(-0.123433 -0.0593928 0)
(-0.12256 -0.0508072 0)
(-0.121783 -0.0417382 0)
(-0.120831 -0.0322404 0)
(-0.119444 -0.0224751 0)
(-0.117454 -0.0127355 0)
(-0.114918 -0.00342439 0)
(-0.112165 0.0051574 0)
(-0.0244285 -0.139221 0)
(-0.0513485 -0.126999 0)
(-0.0826333 -0.119962 0)
(-0.103487 -0.118279 0)
(-0.119087 -0.118215 0)
(-0.128974 -0.118113 0)
(-0.134277 -0.117096 0)
(-0.135992 -0.114766 0)
(-0.135172 -0.111023 0)
(-0.132788 -0.10597 0)
(-0.129665 -0.0998347 0)
(-0.126429 -0.0928817 0)
(-0.123494 -0.0853481 0)
(-0.121064 -0.0774036 0)
(-0.119179 -0.0691435 0)
(-0.117763 -0.060603 0)
(-0.116662 -0.0517889 0)
(-0.115677 -0.0427198 0)
(-0.114588 -0.0334565 0)
(-0.113185 -0.0241193 0)
(-0.111322 -0.0149097 0)
(-0.109037 -0.00611255 0)
(-0.106573 0.00202684 0)
(-0.0230402 -0.10431 0)
(-0.0482478 -0.0964804 0)
(-0.0781056 -0.0952971 0)
(-0.0981635 -0.0996799 0)
(-0.113356 -0.105336 0)
(-0.123124 -0.11027 0)
(-0.128425 -0.113395 0)
(-0.130141 -0.114205 0)
(-0.129264 -0.112595 0)
(-0.126758 -0.108758 0)
(-0.123474 -0.103083 0)
(-0.120079 -0.0960444 0)
(-0.117015 -0.0881016 0)
(-0.114501 -0.0796208 0)
(-0.112572 -0.0708437 0)
(-0.111137 -0.0619005 0)
(-0.11004 -0.052854 0)
(-0.10909 -0.0437493 0)
(-0.108092 -0.0346468 0)
(-0.106863 -0.0256339 0)
(-0.105279 -0.0168405 0)
(-0.103357 -0.00845612 0)
(-0.10128 -0.000661487 0)
(-0.0217386 -0.0714921 0)
(-0.0453663 -0.0675647 0)
(-0.0739201 -0.0716825 0)
(-0.0932305 -0.0816901 0)
(-0.107958 -0.0927796 0)
(-0.117432 -0.102617 0)
(-0.122479 -0.109865 0)
(-0.123917 -0.113855 0)
(-0.122733 -0.114426 0)
(-0.119909 -0.111828 0)
(-0.116321 -0.106597 0)
(-0.11267 -0.0994177 0)
(-0.109429 -0.0909855 0)
(-0.106834 -0.081885 0)
(-0.104917 -0.0725228 0)
(-0.103571 -0.063129 0)
(-0.102618 -0.0538125 0)
(-0.101859 -0.0446292 0)
(-0.101104 -0.0356272 0)
(-0.100186 -0.0268608 0)
(-0.098995 -0.0183995 0)
(-0.0975291 -0.0103504 0)
(-0.0959139 -0.00283178 0)
(-0.0203778 -0.0407543 0)
(-0.0423255 -0.0402515 0)
(-0.0694863 -0.0491507 0)
(-0.0879041 -0.0643934 0)
(-0.101983 -0.0807043 0)
(-0.110932 -0.0953706 0)
(-0.115497 -0.106736 0)
(-0.116487 -0.113911 0)
(-0.11492 -0.116647 0)
(-0.111792 -0.115252 0)
(-0.107974 -0.11041 0)
(-0.104156 -0.103012 0)
(-0.100819 -0.0939912 0)
(-0.0982175 -0.0841614 0)
(-0.0963908 -0.0741135 0)
(-0.0952223 -0.0641902 0)
(-0.0945153 -0.0545448 0)
(-0.0940562 -0.0452318 0)
(-0.0936481 -0.0362754 0)
(-0.0931317 -0.0276928 0)
(-0.0924071 -0.0194979 0)
(-0.0914527 -0.0117246 0)
(-0.0903413 -0.00443244 0)
(-0.0188297 -0.0123643 0)
(-0.038763 -0.014806 0)
(-0.0642117 -0.0279479 0)
(-0.0813892 -0.0480193 0)
(-0.0945183 -0.0693526 0)
(-0.10266 -0.088764 0)
(-0.106533 -0.104177 0)
(-0.106986 -0.114434 0)
(-0.1051 -0.119198 0)
(-0.101865 -0.118882 0)
(-0.0980829 -0.114338 0)
(-0.0943708 -0.106656 0)
(-0.09117 -0.0969787 0)
(-0.0887374 -0.0863384 0)
(-0.0871343 -0.0755177 0)
(-0.0862539 -0.0649879 0)
(-0.0858928 -0.0549543 0)
(-0.0858239 -0.045465 0)
(-0.0858422 -0.0365098 0)
(-0.0857907 -0.0280629 0)
(-0.0855772 -0.0200855 0)
(-0.0851631 -0.0125435 0)
(-0.0845636 -0.00544102 0)
(-0.0169562 0.0137591 0)
(-0.0342796 0.00869497 0)
(-0.0575874 -0.00845321 0)
(-0.0730454 -0.032899 0)
(-0.0848697 -0.0590124 0)
(-0.0919427 -0.083005 0)
(-0.0949834 -0.102295 0)
(-0.0948874 -0.11538 0)
(-0.0928497 -0.121875 0)
(-0.0898228 -0.122403 0)
(-0.0864687 -0.118027 0)
(-0.0832568 -0.110021 0)
(-0.080527 -0.0996855 0)
(-0.0785131 -0.0882231 0)
(-0.0773054 -0.0765942 0)
(-0.0768341 -0.0654114 0)
(-0.0769119 -0.0549479 0)
(-0.0773092 -0.0452502 0)
(-0.0778148 -0.0362685 0)
(-0.0782726 -0.0279282 0)
(-0.0785962 -0.0201382 0)
(-0.0787286 -0.0128011 0)
(-0.0786375 -0.00586553 0)
(-0.0145607 0.0364351 0)
(-0.0284298 0.0295047 0)
(-0.0491608 0.00907817 0)
(-0.0625431 -0.0194073 0)
(-0.0727011 -0.049944 0)
(-0.0785419 -0.0782129 0)
(-0.0807472 -0.101105 0)
(-0.0802035 -0.116631 0)
(-0.0782562 -0.124384 0)
(-0.0758002 -0.125413 0)
(-0.0733056 -0.121035 0)
(-0.0710232 -0.1127 0)
(-0.0691304 -0.101789 0)
(-0.0678008 -0.0895908 0)
(-0.0671527 -0.0771959 0)
(-0.0671844 -0.0653606 0)
(-0.0677595 -0.0544497 0)
(-0.0686662 -0.0445266 0)
(-0.0696925 -0.0355058 0)
(-0.0706806 -0.02726 0)
(-0.0715473 -0.019646 0)
(-0.0722204 -0.0125056 0)
(-0.0726145 -0.00573126 0)
(-0.0119826 0.0544175 0)
(-0.021664 0.0461827 0)
(-0.038914 0.0238733 0)
(-0.0498542 -0.00788292 0)
(-0.0580979 -0.0423142 0)
(-0.0626416 -0.0743887 0)
(-0.0641711 -0.100464 0)
(-0.0634571 -0.117957 0)
(-0.0619337 -0.126399 0)
(-0.0604025 -0.127504 0)
(-0.0591531 -0.122929 0)
(-0.0581787 -0.114294 0)
(-0.057448 -0.102975 0)
(-0.057033 -0.0902367 0)
(-0.0570612 -0.077216 0)
(-0.0576238 -0.0647887 0)
(-0.0586817 -0.0534387 0)
(-0.0600767 -0.0432813 0)
(-0.0616069 -0.034213 0)
(-0.0631105 -0.0260572 0)
(-0.0645015 -0.0186178 0)
(-0.0656887 -0.01168 0)
(-0.0665415 -0.0050756 0)
(-0.00932608 0.0678311 0)
(-0.0144794 0.058613 0)
(-0.027669 0.0351803 0)
(-0.0353562 0.00140143 0)
(-0.041492 -0.0362492 0)
(-0.0447428 -0.0714211 0)
(-0.0459748 -0.100065 0)
(-0.0455504 -0.118969 0)
(-0.0448889 -0.12757 0)
(-0.0446104 -0.128325 0)
(-0.0448828 -0.123362 0)
(-0.0454643 -0.114484 0)
(-0.046114 -0.102991 0)
(-0.0467704 -0.0900126 0)
(-0.0475274 -0.0766171 0)
(-0.0485683 -0.0637341 0)
(-0.0499977 -0.051979 0)
(-0.0517656 -0.0415734 0)
(-0.0537088 -0.032437 0)
(-0.0556603 -0.0243584 0)
(-0.0575208 -0.0170925 0)
(-0.0591732 -0.010368 0)
(-0.0604323 -0.00395322 0)
(-0.00677198 0.0766592 0)
(-0.00735522 0.0664632 0)
(-0.0160469 0.0424978 0)
(-0.0196628 0.00773027 0)
(-0.0234866 -0.0319538 0)
(-0.0254702 -0.0690205 0)
(-0.0270873 -0.0993915 0)
(-0.0276367 -0.119169 0)
(-0.0283698 -0.127508 0)
(-0.0296365 -0.127622 0)
(-0.0315591 -0.122148 0)
(-0.0337531 -0.113111 0)
(-0.0358293 -0.101702 0)
(-0.0376006 -0.0888462 0)
(-0.0390736 -0.07543 0)
(-0.0404791 -0.0623226 0)
(-0.0420805 -0.050237 0)
(-0.0440016 -0.039555 0)
(-0.0461728 -0.0302948 0)
(-0.0484374 -0.0222506 0)
(-0.0506685 -0.0151373 0)
(-0.0527108 -0.00863328 0)
(-0.0543199 -0.00243926 0)
(-0.00429176 0.0810595 0)
(-0.000595023 0.0697215 0)
(-0.00479638 0.0456132 0)
(-0.00356213 0.0104495 0)
(-0.00458929 -0.0296288 0)
(-0.00554726 -0.0667807 0)
(-0.00841742 -0.0976584 0)
(-0.0109166 -0.117884 0)
(-0.0136776 -0.125792 0)
(-0.0167059 -0.125246 0)
(-0.0202583 -0.119292 0)
(-0.0239197 -0.110229 0)
(-0.0272606 -0.0991453 0)
(-0.0300315 -0.0867681 0)
(-0.0321313 -0.0737373 0)
(-0.0337625 -0.0607333 0)
(-0.0352984 -0.0484649 0)
(-0.0370737 -0.0374804 0)
(-0.0391936 -0.0279905 0)
(-0.0415559 -0.0198811 0)
(-0.044007 -0.0128592 0)
(-0.0463359 -0.0065581 0)
(-0.0482077 -0.000606447 0)
(-0.00186813 0.0813012 0)
(0.00559456 0.0684992 0)
(0.00566321 0.0443363 0)
(0.0117826 0.0088437 0)
(0.013599 -0.0292194 0)
(0.0132566 -0.0638723 0)
(0.00895799 -0.093491 0)
(0.00370894 -0.114032 0)
(-0.0017321 -0.121907 0)
(-0.00671263 -0.121085 0)
(-0.011795 -0.114932 0)
(-0.0166398 -0.106081 0)
(-0.0209129 -0.0955552 0)
(-0.0243976 -0.0839439 0)
(-0.0269365 -0.07167 0)
(-0.0286498 -0.0591469 0)
(-0.0299178 -0.0469373 0)
(-0.0312401 -0.0356742 0)
(-0.0329651 -0.0258144 0)
(-0.0351365 -0.0174647 0)
(-0.0376028 -0.0104042 0)
(-0.0400853 -0.00424578 0)
(-0.042127 0.00145778 0)
(0.000722342 0.0772658 0)
(0.0110414 0.0630217 0)
(0.0154656 0.0385104 0)
(0.0244129 0.00372149 0)
(0.0282322 -0.0305284 0)
(0.0279013 -0.060905 0)
(0.0227565 -0.0872817 0)
(0.0152975 -0.106953 0)
(0.0072593 -0.115406 0)
(4.73635e-05 -0.115078 0)
(-0.00645696 -0.109262 0)
(-0.0121329 -0.101026 0)
(-0.0169387 -0.0913174 0)
(-0.0207453 -0.0806797 0)
(-0.0234474 -0.0694207 0)
(-0.0250948 -0.0577109 0)
(-0.0259833 -0.0458676 0)
(-0.0266461 -0.0344522 0)
(-0.0276502 -0.0241117 0)
(-0.0292879 -0.015283 0)
(-0.0315093 -0.007965 0)
(-0.0339801 -0.0018182 0)
(-0.0360715 0.00366585 0)
(0.00335656 0.0691307 0)
(0.0153751 0.0543281 0)
(0.0236174 0.0296996 0)
(0.0328216 -0.00250326 0)
(0.0370925 -0.0325311 0)
(0.036448 -0.0578571 0)
(0.030869 -0.0802341 0)
(0.0223308 -0.0981462 0)
(0.0126906 -0.106874 0)
(0.00388282 -0.107395 0)
(-0.00385801 -0.102582 0)
(-0.00997287 -0.0954617 0)
(-0.01493 -0.0868665 0)
(-0.0186876 -0.0773556 0)
(-0.0212719 -0.0672319 0)
(-0.0227248 -0.0565341 0)
(-0.0232294 -0.0453421 0)
(-0.0232129 -0.0340131 0)
(-0.0233154 -0.023202 0)
(-0.0241046 -0.0136591 0)
(-0.0257819 -0.00578326 0)
(-0.0280273 0.00057846 0)
(-0.0300281 0.00592978 0)
(0.00517824 0.0577542 0)
(0.0174078 0.0433694 0)
(0.0276753 0.0196693 0)
(0.0356182 -0.00860199 0)
(0.0390042 -0.0342835 0)
(0.0379108 -0.054725 0)
(0.0325652 -0.0730348 0)
(0.0242059 -0.0888067 0)
(0.014349 -0.0972854 0)
(0.00504758 -0.0986941 0)
(-0.00303162 -0.0953942 0)
(-0.0091008 -0.0897722 0)
(-0.0138635 -0.0825387 0)
(-0.0173227 -0.0742622 0)
(-0.0196201 -0.0652937 0)
(-0.0208363 -0.0556607 0)
(-0.021068 -0.0453014 0)
(-0.0205638 -0.0343395 0)
(-0.0198549 -0.0232455 0)
(-0.0196485 -0.0128851 0)
(-0.020498 -0.00413475 0)
(-0.0223013 0.00274321 0)
(-0.0241346 0.00811399 0)
(0.00541306 0.0454405 0)
(0.0164707 0.0316514 0)
(0.0263641 0.0101105 0)
(0.0324238 -0.0136319 0)
(0.0342974 -0.0351105 0)
(0.0328083 -0.051636 0)
(0.0283909 -0.066576 0)
(0.0213659 -0.0800328 0)
(0.0127441 -0.087834 0)
(0.00441191 -0.0900446 0)
(-0.0027867 -0.0883369 0)
(-0.00819711 -0.0842878 0)
(-0.012406 -0.0784729 0)
(-0.0154156 -0.071437 0)
(-0.0173971 -0.0635657 0)
(-0.0184587 -0.054947 0)
(-0.0186421 -0.0454924 0)
(-0.0180183 -0.035152 0)
(-0.0168836 -0.0241142 0)
(-0.0158563 -0.0130838 0)
(-0.0157517 -0.00324047 0)
(-0.0168911 0.00454293 0)
(-0.01848 0.0101296 0)
(0.00456671 0.0359047 0)
(0.0134779 0.0221894 0)
(0.0208718 0.00311499 0)
(0.0245292 -0.0166388 0)
(0.02484 -0.0346 0)
(0.0232835 -0.0486283 0)
(0.0202162 -0.061333 0)
(0.0152696 -0.0726686 0)
(0.0090769 -0.0797211 0)
(0.00301573 -0.0825838 0)
(-0.00224693 -0.0821773 0)
(-0.00633801 -0.0794285 0)
(-0.00956964 -0.0748157 0)
(-0.0119336 -0.0688342 0)
(-0.0135616 -0.0618684 0)
(-0.0145526 -0.0540845 0)
(-0.0149177 -0.0454659 0)
(-0.0146039 -0.0359093 0)
(-0.0136458 -0.0253466 0)
(-0.0123581 -0.0140946 0)
(-0.0114778 -0.00324929 0)
(-0.0118845 0.00564293 0)
(-0.0132276 0.0117285 0)
(0.00292497 0.0261415 0)
(0.008055 0.0137347 0)
(0.0116088 -0.00188259 0)
(0.0131347 -0.018176 0)
(0.0128262 -0.033742 0)
(0.0118217 -0.0467251 0)
(0.0103077 -0.0583017 0)
(0.00777203 -0.0682247 0)
(0.00458969 -0.0748297 0)
(0.00147049 -0.0781267 0)
(-0.0012668 -0.0784808 0)
(-0.00348484 -0.0765146 0)
(-0.0052762 -0.0726267 0)
(-0.00664303 -0.067271 0)
(-0.00766013 -0.0608093 0)
(-0.00839843 -0.0534613 0)
(-0.00887718 -0.0453131 0)
(-0.00903807 -0.03634 0)
(-0.00878037 -0.0264208 0)
(-0.00810361 -0.0155103 0)
(-0.0073726 -0.00399315 0)
(-0.00755421 0.0067345 0)
(-0.00866667 0.0139147 0)
(-0.13041 -0.0818261 0)
(-0.111273 -0.0669222 0)
(-0.105749 -0.0548591 0)
(-0.0918246 -0.0596192 0)
(-0.0919687 -0.0154813 0)
(-0.142821 0.0335312 0)
(-0.187189 0.0506272 0)
(-0.237924 0.0119489 0)
(-0.131647 0.0938462 0)
(-0.146042 0.109905 0)
(-0.155103 0.10895 0)
(-0.17612 0.065518 0)
(-0.0351903 0.105567 0)
(-0.0345811 0.115806 0)
(-0.0333568 0.118952 0)
(-0.031251 0.0951775 0)
(0.0575988 0.09162 0)
(0.0606056 0.0960737 0)
(0.0667748 0.0911864 0)
(0.07593 0.0775437 0)
(0.121616 0.0980507 0)
(0.120478 0.0978856 0)
(0.121349 0.0851989 0)
(0.121164 0.0718358 0)
(0.208048 0.0957107 0)
(0.197053 0.0943154 0)
(0.189813 0.086393 0)
(0.179672 0.0817348 0)
(0.254264 0.12967 0)
(0.231683 0.124881 0)
(0.217665 0.118662 0)
(0.19572 0.129105 0)
(0.297693 0.196824 0)
(0.267932 0.18582 0)
(0.213643 0.158384 0)
(0.154676 0.207995 0)
(0.379617 0.171052 0)
(0.371811 0.244799 0)
(0.354533 0.372748 0)
(0.259552 0.326156 0)
(0.547124 0.18617 0)
(0.495768 0.290799 0)
(0.515909 0.419299 0)
(0.536247 0.373366 0)
(0.643133 0.282404 0)
(0.63982 0.30692 0)
(0.651419 0.331301 0)
(0.678938 0.328443 0)
(0.549925 0.270564 0)
(0.566433 0.278945 0)
(0.585717 0.278827 0)
(0.609631 0.264642 0)
(0.342084 0.223827 0)
(0.363682 0.227875 0)
(0.383964 0.223174 0)
(0.405364 0.20914 0)
(0.109569 0.188261 0)
(0.129725 0.188216 0)
(0.14826 0.182967 0)
(0.16766 0.177824 0)
(-0.0690684 0.143115 0)
(-0.0502225 0.145181 0)
(-0.0314323 0.146723 0)
(-0.0126961 0.147892 0)
(-0.161891 0.0978056 0)
(-0.146361 0.104745 0)
(-0.130265 0.110403 0)
(-0.11311 0.114235 0)
(-0.184808 0.0659893 0)
(-0.173865 0.0739779 0)
(-0.162009 0.0808505 0)
(-0.148845 0.086349 0)
(-0.172526 0.0464763 0)
(-0.165602 0.0538184 0)
(-0.157782 0.0606055 0)
(-0.148682 0.0665772 0)
(-0.152608 0.0346944 0)
(-0.148193 0.0410077 0)
(-0.142988 0.0471108 0)
(-0.136658 0.0527554 0)
(-0.135858 0.0271835 0)
(-0.132794 0.0325557 0)
(-0.129098 0.0378706 0)
(-0.124443 0.0429348 0)
(-0.123886 0.0215748 0)
(-0.121519 0.0262272 0)
(-0.118667 0.0308716 0)
(-0.115023 0.0353704 0)
(-0.115508 0.0169918 0)
(-0.113535 0.0211234 0)
(-0.11119 0.0252355 0)
(-0.10819 0.029242 0)
(-0.109266 0.0129993 0)
(-0.107561 0.0167586 0)
(-0.105567 0.0204709 0)
(-0.103033 0.0240803 0)
(-0.104061 0.009502 0)
(-0.102597 0.0129826 0)
(-0.100901 0.0163838 0)
(-0.0987558 0.0196713 0)
(-0.0992025 0.00653129 0)
(-0.0979831 0.00978488 0)
(-0.0965833 0.0129307 0)
(-0.0948052 0.0159447 0)
(-0.0943101 0.00413175 0)
(-0.0933563 0.0071931 0)
(-0.0922586 0.0101158 0)
(-0.0908492 0.0128873 0)
(-0.0892375 0.00234766 0)
(-0.0885523 0.00524063 0)
(-0.0877634 0.0079617 0)
(-0.086725 0.010509 0)
(-0.0839599 0.00118769 0)
(-0.0835486 0.00393346 0)
(-0.0830624 0.0064701 0)
(-0.0823877 0.00880755 0)
(-0.0785177 0.000634464 0)
(-0.078361 0.00324876 0)
(-0.0781644 0.00561757 0)
(-0.0778352 0.00775846 0)
(-0.0729465 0.000648587 0)
(-0.0730277 0.00314936 0)
(-0.073091 0.00536393 0)
(-0.0730803 0.00731799 0)
(-0.0672748 0.00118193 0)
(-0.0675591 0.00357602 0)
(-0.0678586 0.0056464 0)
(-0.0681252 0.00742111 0)
(-0.0615041 0.0021751 0)
(-0.0619642 0.00446678 0)
(-0.0624666 0.00639229 0)
(-0.0629636 0.00798942 0)
(-0.0556585 0.00353754 0)
(-0.0562611 0.00572863 0)
(-0.05692 0.00751514 0)
(-0.0575939 0.00893278 0)
(-0.0497276 0.00519207 0)
(-0.0504574 0.00727037 0)
(-0.051216 0.00891827 0)
(-0.0520169 0.0101535 0)
(-0.0437727 0.0070354 0)
(-0.0445612 0.00899788 0)
(-0.0453767 0.0105041 0)
(-0.0462452 0.0115519 0)
(-0.037796 0.00896569 0)
(-0.0385974 0.0108032 0)
(-0.039417 0.012166 0)
(-0.0402995 0.0130261 0)
(-0.0317976 0.0109065 0)
(-0.0325718 0.0125963 0)
(-0.0333597 0.0138071 0)
(-0.0342021 0.0144811 0)
(-0.0258274 0.0127812 0)
(-0.0265442 0.014298 0)
(-0.0272511 0.0153379 0)
(-0.0280041 0.0158306 0)
(-0.0199638 0.0144946 0)
(-0.020593 0.0158183 0)
(-0.0211864 0.0166642 0)
(-0.0218011 0.0169876 0)
(-0.0144428 0.0158505 0)
(-0.0149504 0.0170176 0)
(-0.0153963 0.0176777 0)
(-0.0158373 0.0178741 0)
(-0.0096385 0.0175737 0)
(-0.0100628 0.018457 0)
(-0.0104232 0.0187998 0)
(-0.0107371 0.0187903 0)
(-0.105175 -0.0584634 0)
(-0.134121 0.012926 0)
(-0.109844 0.156757 0)
(-0.118841 0.179372 0)
(-0.114775 0.148662 0)
(-0.141609 0.121051 0)
(-0.202937 0.02623 0)
(-0.228944 -0.0341078 0)
(-0.225187 -0.014767 0)
(-0.198393 -0.0208779 0)
(-0.172833 -0.0287525 0)
(-0.152292 -0.0170038 0)
(-0.132924 -0.0337322 0)
(-0.162197 -0.0644462 0)
(-0.186842 -0.117188 0)
(-0.178702 -0.16053 0)
(-0.159109 -0.162049 0)
(-0.111629 -0.0693559 0)
(0.0616074 0.103555 0)
(-0.271961 -0.0122921 0)
(-0.281291 0.0234254 0)
(-0.216073 0.106834 0)
(-0.161678 0.145517 0)
(-0.124863 0.143726 0)
(-0.111468 0.136436 0)
(-0.135344 0.0687808 0)
(-0.130983 -0.0302303 0)
(-0.146959 -0.0319032 0)
(-0.142836 -0.021719 0)
(-0.154466 -0.0118319 0)
(-0.176457 -0.00510771 0)
(-0.194462 -0.0326547 0)
(-0.220769 -0.0427064 0)
(-0.232089 -0.116404 0)
(-0.236704 -0.171268 0)
(-0.22961 -0.189805 0)
(-0.197198 -0.130595 0)
(-0.0278443 0.0582087 0)
(-0.214492 0.00285945 0)
(-0.248238 -0.0197092 0)
(-0.222977 0.0348162 0)
(-0.178088 0.0911277 0)
(-0.134134 0.112873 0)
(-0.0971141 0.120418 0)
(-0.0831403 0.0807856 0)
(-0.0419743 -0.0321726 0)
(-0.101511 -0.00833766 0)
(-0.152902 0.00323088 0)
(-0.160787 0.000787161 0)
(-0.136627 0.0140334 0)
(-0.152006 0.00847763 0)
(-0.208604 -0.0139337 0)
(-0.224655 -0.102608 0)
(-0.236907 -0.17355 0)
(-0.237886 -0.205665 0)
(-0.208729 -0.194493 0)
(-0.13158 -0.154532 0)
(-0.0294467 0.0563722 0)
(-0.0698486 0.0404429 0)
(-0.14721 0.0324625 0)
(-0.151539 0.0570913 0)
(-0.118654 0.0756085 0)
(-0.0874153 0.0880482 0)
(-0.050774 0.0524466 0)
(-0.0259528 -0.0126787 0)
(-0.113722 0.0568471 0)
(-0.16136 0.0425093 0)
(-0.135124 -0.0313743 0)
(-0.109109 -0.0278256 0)
(-0.120842 0.0409699 0)
(-0.146907 0.0150318 0)
(-0.165601 -0.0809872 0)
(-0.176765 -0.169669 0)
(-0.173996 -0.221534 0)
(-0.152815 -0.245594 0)
(-0.0824464 -0.288429 0)
(0.0816518 0.0617651 0)
(0.0615034 0.0777115 0)
(0.0243585 0.0901464 0)
(-0.0197905 0.0717647 0)
(-0.0399245 0.048691 0)
(-0.0442356 0.0550105 0)
(-0.0150894 0.0264559 0)
(-0.0410512 0.0227351 0)
(-0.0888994 0.0848083 0)
(-0.0629691 0.0407357 0)
(-0.0618293 -0.0318146 0)
(-0.0852156 -0.0243521 0)
(-0.105395 0.0572235 0)
(-0.0738017 0.0102369 0)
(-0.0883563 -0.0531047 0)
(-0.0910017 -0.15871 0)
(-0.0888969 -0.223389 0)
(-0.0943697 -0.26278 0)
(-0.0343298 -0.373726 0)
(0.118763 0.0658148 0)
(0.112496 0.0906702 0)
(0.100331 0.110003 0)
(0.0877807 0.101373 0)
(0.0782831 0.0751426 0)
(0.0620602 0.0531468 0)
(0.0487141 0.0346962 0)
(0.023177 0.0535721 0)
(0.00711842 0.078203 0)
(0.0200827 0.0405646 0)
(-0.00781911 -0.00790724 0)
(-0.0501555 -0.0121032 0)
(-0.0714836 0.0443817 0)
(-0.0310603 -0.00639677 0)
(-0.0417858 -0.0587737 0)
(-0.0188039 -0.1603 0)
(-0.0272156 -0.219588 0)
(-0.0471194 -0.267572 0)
(-0.00831813 -0.417174 0)
(0.149723 0.0755146 0)
(0.124299 0.0961394 0)
(0.116895 0.111625 0)
(0.12264 0.10281 0)
(0.129695 0.0856991 0)
(0.129856 0.07171 0)
(0.125667 0.0644237 0)
(0.117943 0.0699405 0)
(0.113885 0.0737443 0)
(0.11161 0.0579709 0)
(0.0912993 0.0376834 0)
(0.0367961 0.035028 0)
(-0.00463954 0.0392362 0)
(-0.00485707 -0.015535 0)
(0.0090246 -0.0763823 0)
(0.0265324 -0.167119 0)
(0.0279797 -0.213614 0)
(-0.00195966 -0.258006 0)
(0.0114504 -0.428745 0)
(0.134005 0.114454 0)
(0.110123 0.108727 0)
(0.118495 0.104786 0)
(0.140751 0.0878423 0)
(0.16068 0.0732329 0)
(0.172998 0.0643831 0)
(0.17825 0.0628612 0)
(0.179125 0.0671684 0)
(0.177145 0.0738171 0)
(0.165855 0.0746399 0)
(0.140774 0.0681101 0)
(0.10475 0.0730309 0)
(0.0701032 0.0630566 0)
(0.0524731 0.00176697 0)
(0.0387712 -0.088432 0)
(0.0458492 -0.179564 0)
(0.0572698 -0.212462 0)
(0.0352171 -0.239054 0)
(0.0277217 -0.404891 0)
(0.136107 0.167802 0)
(0.131216 0.120578 0)
(0.135768 0.0884759 0)
(0.153058 0.067591 0)
(0.171196 0.0598792 0)
(0.187522 0.0572824 0)
(0.199262 0.0587207 0)
(0.211401 0.0609492 0)
(0.220399 0.0684573 0)
(0.217477 0.0775633 0)
(0.202905 0.0813936 0)
(0.168373 0.0946032 0)
(0.124858 0.0885919 0)
(0.0859655 0.0314917 0)
(0.0670909 -0.073352 0)
(0.058073 -0.183132 0)
(0.0587582 -0.212506 0)
(0.0475849 -0.215451 0)
(0.0344328 -0.374314 0)
(0.312293 0.14689 0)
(0.347985 0.124199 0)
(0.349534 0.0789713 0)
(0.383534 0.0499241 0)
(0.413766 0.0407562 0)
(0.419856 0.0488308 0)
(0.287366 0.0726209 0)
(0.169045 0.0501984 0)
(0.147075 0.0660735 0)
(0.146712 0.0868207 0)
(0.133779 0.103166 0)
(0.113325 0.122768 0)
(0.0878787 0.115425 0)
(0.0646914 0.0601722 0)
(0.0448174 -0.0417185 0)
(0.0323197 -0.151555 0)
(0.0174675 -0.204338 0)
(0.0233671 -0.199446 0)
(0.0296575 -0.346186 0)
(0.545387 0.0940343 0)
(0.484277 0.0887059 0)
(0.536104 0.0489716 0)
(0.574951 0.0254833 0)
(0.596311 0.0186584 0)
(0.573774 0.0905442 0)
(0.543409 0.245449 0)
(0.444571 0.221772 0)
(0.236912 0.132245 0)
(-0.0313183 0.111894 0)
(0.012558 0.117331 0)
(-0.0302972 0.145174 0)
(-0.144259 0.139995 0)
(-0.174145 0.0794366 0)
(-0.180833 -0.0371698 0)
(-0.125606 -0.178444 0)
(-0.0738715 -0.249365 0)
(-0.0253187 -0.229878 0)
(0.0228036 -0.331173 0)
(0.695466 0.167457 0)
(0.666944 0.0925536 0)
(0.643117 -0.00577658 0)
(0.623826 -0.0251188 0)
(0.60514 0.020459 0)
(0.559372 0.132759 0)
(0.479621 0.287977 0)
(0.40753 0.314091 0)
(0.293773 0.345235 0)
(0.120044 0.351885 0)
(-0.209802 0.212005 0)
(-0.562104 0.333092 0)
(-0.7051 0.314893 0)
(-0.452362 -0.0315911 0)
(-0.320801 -0.148469 0)
(-0.203581 -0.255191 0)
(-0.0948363 -0.297524 0)
(-0.0500985 -0.298075 0)
(0.0182696 -0.333303 0)
(0.631943 0.163664 0)
(0.620442 0.107571 0)
(0.588086 0.0703068 0)
(0.525647 0.0451937 0)
(0.436629 0.0825989 0)
(0.38889 0.213073 0)
(0.341865 0.332105 0)
(0.31829 0.386204 0)
(0.279742 0.434928 0)
(0.215946 0.485937 0)
(0.140058 0.514693 0)
(-0.216167 0.563153 0)
(-0.428569 0.145167 0)
(-0.405206 -0.2047 0)
(-0.356384 -0.302676 0)
(-0.238549 -0.352973 0)
(-0.1214 -0.351521 0)
(-0.0589851 -0.325067 0)
(0.00491308 -0.357744 0)
(0.42018 0.15821 0)
(0.404001 0.122121 0)
(0.368452 0.10427 0)
(0.319712 0.111468 0)
(0.267511 0.152169 0)
(0.231944 0.238284 0)
(0.231079 0.33362 0)
(0.25412 0.393943 0)
(0.277901 0.439493 0)
(0.295529 0.499875 0)
(0.335619 0.595694 0)
(0.305688 0.793484 0)
(0.0768222 0.462412 0)
(-0.096489 -0.052459 0)
(-0.419281 -0.372203 0)
(-0.319733 -0.461468 0)
(-0.193384 -0.411187 0)
(-0.0767452 -0.343312 0)
(0.00404272 -0.320953 0)
(0.183273 0.159501 0)
(0.181833 0.138303 0)
(0.172142 0.131676 0)
(0.156489 0.148524 0)
(0.133269 0.178986 0)
(0.125327 0.23573 0)
(0.152306 0.292383 0)
(0.206391 0.345511 0)
(0.266838 0.401227 0)
(0.325442 0.465995 0)
(0.396905 0.559928 0)
(0.514569 0.711946 0)
(0.616796 0.607505 0)
(0.588165 0.240001 0)
(0.425861 0.0352829 0)
(-0.052082 -0.590678 0)
(-0.122696 -0.660419 0)
(-0.127203 -0.578501 0)
(-0.0354129 -0.450006 0)
(0.0059624 0.143961 0)
(0.0277852 0.132304 0)
(0.0365137 0.132816 0)
(0.0443249 0.157324 0)
(0.0473762 0.185853 0)
(0.0604688 0.221917 0)
(0.0927224 0.247684 0)
(0.150478 0.288086 0)
(0.22121 0.344872 0)
(0.297464 0.412398 0)
(0.376334 0.483184 0)
(0.491778 0.559266 0)
(0.603712 0.498283 0)
(0.638439 0.298763 0)
(0.580365 0.0991211 0)
(0.432851 -0.0994049 0)
(0.189821 -0.425599 0)
(0.0074089 -0.540815 0)
(0.0147502 -0.571544 0)
(-0.0952203 0.116135 0)
(-0.066923 0.114735 0)
(-0.0498015 0.120714 0)
(-0.0300785 0.143358 0)
(-0.00949722 0.170679 0)
(0.0211795 0.199226 0)
(0.055528 0.210185 0)
(0.100265 0.234803 0)
(0.162134 0.283978 0)
(0.232341 0.340073 0)
(0.316282 0.397427 0)
(0.419502 0.432859 0)
(0.528002 0.406251 0)
(0.591576 0.308395 0)
(0.567829 0.169185 0)
(0.483044 -0.0320469 0)
(0.340056 -0.203894 0)
(0.151045 -0.340921 0)
(0.0613344 -0.418749 0)
(-0.134796 0.09054 0)
(-0.109762 0.0947826 0)
(-0.091839 0.103475 0)
(-0.0710554 0.121348 0)
(-0.0455778 0.143482 0)
(-0.0123937 0.166158 0)
(0.0221783 0.175872 0)
(0.0559018 0.192001 0)
(0.101993 0.228925 0)
(0.15856 0.270743 0)
(0.23177 0.31137 0)
(0.321304 0.318489 0)
(0.431676 0.303388 0)
(0.507039 0.277932 0)
(0.50344 0.210476 0)
(0.441705 0.0715312 0)
(0.337062 -0.117552 0)
(0.206666 -0.258882 0)
(0.103152 -0.320406 0)
(-0.138613 0.0715862 0)
(-0.1195 0.0785713 0)
(-0.104202 0.0878968 0)
(-0.0864665 0.101834 0)
(-0.0641051 0.1186 0)
(-0.0361657 0.135693 0)
(-0.00713796 0.14717 0)
(0.0201865 0.160485 0)
(0.0539057 0.186432 0)
(0.0955245 0.217011 0)
(0.150832 0.246652 0)
(0.210686 0.240063 0)
(0.279667 0.209896 0)
(0.371844 0.241687 0)
(0.397621 0.229084 0)
(0.359904 0.13204 0)
(0.283497 -0.0283913 0)
(0.194384 -0.154999 0)
(0.116598 -0.176678 0)
(-0.129363 0.0577631 0)
(-0.115009 0.0658199 0)
(-0.102378 0.0748649 0)
(-0.0878102 0.0860402 0)
(-0.0698478 0.0988468 0)
(-0.0479949 0.112072 0)
(-0.02448 0.12356 0)
(-0.00132741 0.136324 0)
(0.0253196 0.155981 0)
(0.0569072 0.179597 0)
(0.0969272 0.204361 0)
(0.138895 0.198391 0)
(0.156946 0.150111 0)
(0.22223 0.197874 0)
(0.269469 0.232499 0)
(0.254531 0.167202 0)
(0.196094 0.0190155 0)
(0.143593 -0.0847314 0)
(0.104575 -0.0524909 0)
(-0.118856 0.0475931 0)
(-0.107644 0.0556785 0)
(-0.0970218 0.0639579 0)
(-0.084841 0.0730611 0)
(-0.0702815 0.0830171 0)
(-0.0530033 0.0934623 0)
(-0.0338426 0.103885 0)
(-0.0137423 0.115842 0)
(0.00873601 0.131886 0)
(0.0348004 0.151478 0)
(0.0657993 0.173438 0)
(0.100811 0.176674 0)
(0.102008 0.130824 0)
(0.109325 0.15755 0)
(0.159857 0.227095 0)
(0.163001 0.191365 0)
(0.137388 0.059072 0)
(0.0940284 -0.052944 0)
(0.0827104 0.0436487 0)
(-0.1105 0.0395966 0)
(-0.101395 0.0472633 0)
(-0.0923777 0.0546665 0)
(-0.0821107 0.062207 0)
(-0.0701312 0.0701086 0)
(-0.0561846 0.0784507 0)
(-0.0404595 0.0874024 0)
(-0.0231681 0.0979492 0)
(-0.00372355 0.111356 0)
(0.0187567 0.12785 0)
(0.0447896 0.146995 0)
(0.0742689 0.15806 0)
(0.0836374 0.136669 0)
(0.0703586 0.139355 0)
(0.102504 0.208038 0)
(0.117576 0.191422 0)
(0.106173 0.0832476 0)
(0.0499313 -0.0323677 0)
(0.0563635 0.107118 0)
(-0.104382 0.033034 0)
(-0.0967791 0.0401473 0)
(-0.0891157 0.0467539 0)
(-0.0804929 0.0531262 0)
(-0.070644 0.0595421 0)
(-0.0593592 0.06627 0)
(-0.0465638 0.0737022 0)
(-0.0321298 0.082573 0)
(-0.015629 0.0936955 0)
(0.00349441 0.107397 0)
(0.0258023 0.123716 0)
(0.0508073 0.138026 0)
(0.067359 0.137426 0)
(0.063502 0.138285 0)
(0.0817287 0.183576 0)
(0.101226 0.178477 0)
(0.100709 0.103981 0)
(0.0275127 0.00490172 0)
(0.0242728 0.143268 0)
(-0.0997645 0.027488 0)
(-0.0933243 0.0340784 0)
(-0.0868051 0.0400427 0)
(-0.0795754 0.0455701 0)
(-0.0714895 0.0509353 0)
(-0.0623926 0.0564636 0)
(-0.0521431 0.0625742 0)
(-0.0405201 0.069845 0)
(-0.02713 0.0789061 0)
(-0.0115115 0.0901932 0)
(0.00688603 0.103798 0)
(0.0278967 0.118228 0)
(0.0466204 0.127379 0)
(0.0521415 0.136014 0)
(0.0678054 0.168178 0)
(0.0875295 0.172377 0)
(0.0991937 0.130929 0)
(0.0227334 0.0517716 0)
(-0.00456136 0.155097 0)
(-0.0959483 0.0227473 0)
(-0.0904868 0.0288832 0)
(-0.0849428 0.0343451 0)
(-0.0788607 0.0392709 0)
(-0.072176 0.0439168 0)
(-0.0647996 0.0486092 0)
(-0.0566265 0.0537361 0)
(-0.0474829 0.0597537 0)
(-0.0370668 0.0671598 0)
(-0.024963 0.0764186 0)
(-0.0107244 0.0878069 0)
(0.00579411 0.100807 0)
(0.0232736 0.113585 0)
(0.0343319 0.126522 0)
(0.0508199 0.152149 0)
(0.06817 0.163225 0)
(0.0830192 0.148293 0)
(0.0233903 0.108892 0)
(-0.00959721 0.158576 0)
(-0.0924336 0.0187285 0)
(-0.0878683 0.0244586 0)
(-0.083187 0.029506 0)
(-0.07806 0.0339795 0)
(-0.0724711 0.038122 0)
(-0.0663874 0.0422533 0)
(-0.0597696 0.0467338 0)
(-0.0525472 0.0519393 0)
(-0.044573 0.0582504 0)
(-0.0355812 0.0660565 0)
(-0.0251975 0.0757183 0)
(-0.013148 0.0873071 0)
(0.000687867 0.100328 0)
(0.0127414 0.114332 0)
(0.0288414 0.135733 0)
(0.0439344 0.151439 0)
(0.0602491 0.156982 0)
(0.0276219 0.151279 0)
(-0.00136435 0.163656 0)
(-0.0889112 0.0154062 0)
(-0.0852145 0.020756 0)
(-0.0813377 0.0254267 0)
(-0.0770457 0.029515 0)
(-0.0723431 0.0332609 0)
(-0.0672293 0.0369878 0)
(-0.0617152 0.0410548 0)
(-0.0558222 0.0458101 0)
(-0.0495588 0.0515646 0)
(-0.0428665 0.0586027 0)
(-0.035554 0.0672078 0)
(-0.0273115 0.077618 0)
(-0.0177843 0.0899091 0)
(-0.00797808 0.103444 0)
(0.00519385 0.121574 0)
(0.0180552 0.138838 0)
(0.0347112 0.157433 0)
(0.0274663 0.172044 0)
(0.00702988 0.177825 0)
(-0.0852224 0.0127803 0)
(-0.0823829 0.0177592 0)
(-0.0792826 0.022058 0)
(-0.0757621 0.0257721 0)
(-0.0718264 0.0291468 0)
(-0.0674828 0.0325197 0)
(-0.0627627 0.0362722 0)
(-0.0577357 0.0407732 0)
(-0.0525124 0.046329 0)
(-0.0472126 0.0531631 0)
(-0.0418868 0.0614351 0)
(-0.036423 0.0712672 0)
(-0.0305057 0.0827316 0)
(-0.0240491 0.0956534 0)
(-0.015382 0.111287 0)
(-0.00581956 0.127556 0)
(0.00808245 0.150103 0)
(0.0159083 0.174947 0)
(0.00720596 0.191945 0)
(-0.0813108 0.0108449 0)
(-0.0793033 0.0154565 0)
(-0.0769541 0.0193748 0)
(-0.0741674 0.022698 0)
(-0.0709372 0.0256812 0)
(-0.0672627 0.0286809 0)
(-0.0631695 0.0321124 0)
(-0.0587317 0.0363942 0)
(-0.0540921 0.0418822 0)
(-0.0494634 0.048814 0)
(-0.0450833 0.0572836 0)
(-0.0411141 0.0672537 0)
(-0.0375203 0.0785844 0)
(-0.0340766 0.0910451 0)
(-0.0297059 0.104812 0)
(-0.0241274 0.119474 0)
(-0.0148046 0.140623 0)
(-0.00342084 0.168414 0)
(-0.00194799 0.200806 0)
(-0.0771632 0.00957426 0)
(-0.0759399 0.0138228 0)
(-0.0743008 0.0173507 0)
(-0.0722088 0.0202607 0)
(-0.0696457 0.0228182 0)
(-0.0665964 0.0253969 0)
(-0.0630675 0.0284458 0)
(-0.0591073 0.0324394 0)
(-0.054835 0.0378099 0)
(-0.0504647 0.0448684 0)
(-0.0463042 0.0537352 0)
(-0.0427008 0.0642992 0)
(-0.0399208 0.0762176 0)
(-0.0380113 0.0889538 0)
(-0.0364482 0.101881 0)
(-0.0344255 0.114717 0)
(-0.0292583 0.132937 0)
(-0.018792 0.158715 0)
(-0.0114851 0.193568 0)
(-0.0727783 0.00892098 0)
(-0.0722649 0.0128103 0)
(-0.0712708 0.0159426 0)
(-0.0698167 0.0184248 0)
(-0.0678788 0.0205306 0)
(-0.0654319 0.022646 0)
(-0.0624621 0.0252433 0)
(-0.0589804 0.0288428 0)
(-0.0550496 0.0339511 0)
(-0.0508199 0.0409767 0)
(-0.0465594 0.0501323 0)
(-0.0426516 0.0613419 0)
(-0.0395252 0.0741759 0)
(-0.0375041 0.0878257 0)
(-0.0366471 0.101047 0)
(-0.0365978 0.112857 0)
(-0.034563 0.127694 0)
(-0.0258992 0.148262 0)
(-0.0164591 0.176385 0)
(-0.0681495 0.00881652 0)
(-0.0682481 0.0123485 0)
(-0.0678094 0.0150848 0)
(-0.0669134 0.0171376 0)
(-0.0655418 0.0187875 0)
(-0.0636707 0.0204244 0)
(-0.0612745 0.022529 0)
(-0.0583287 0.025646 0)
(-0.0548298 0.0303347 0)
(-0.0508325 0.0370924 0)
(-0.0464971 0.0462477 0)
(-0.0421268 0.0578329 0)
(-0.038157 0.0714556 0)
(-0.0350612 0.0861914 0)
(-0.0332716 0.100469 0)
(-0.0331198 0.112543 0)
(-0.0325297 0.124495 0)
(-0.0259688 0.138982 0)
(-0.0165451 0.156382 0)
(-0.0632616 0.00917659 0)
(-0.0638589 0.0123476 0)
(-0.0638675 0.0146906 0)
(-0.0634292 0.0163265 0)
(-0.0625452 0.0175426 0)
(-0.0612077 0.0187245 0)
(-0.0593936 0.0203433 0)
(-0.057054 0.0229404 0)
(-0.0541244 0.0270958 0)
(-0.0505577 0.0333672 0)
(-0.0463805 0.0421906 0)
(-0.0417555 0.0537364 0)
(-0.0370202 0.0677362 0)
(-0.0326602 0.0833088 0)
(-0.0292682 0.0988199 0)
(-0.0275425 0.112025 0)
(-0.0266945 0.122439 0)
(-0.022028 0.131741 0)
(-0.0136265 0.138525 0)
(-0.0581071 0.00990576 0)
(-0.0590769 0.0127054 0)
(-0.0594132 0.0146585 0)
(-0.0593194 0.0159022 0)
(-0.0588293 0.0167324 0)
(-0.0579657 0.0175231 0)
(-0.056723 0.018717 0)
(-0.0550431 0.0208223 0)
(-0.0528136 0.0244021 0)
(-0.0498954 0.0300376 0)
(-0.0461818 0.038246 0)
(-0.0416768 0.049337 0)
(-0.0365679 0.063213 0)
(-0.031254 0.0791447 0)
(-0.0263513 0.0956012 0)
(-0.0227148 0.110141 0)
(-0.0204849 0.120503 0)
(-0.0168037 0.126397 0)
(-0.00979899 0.124614 0)
(-0.0526841 0.0109017 0)
(-0.0538971 0.0133134 0)
(-0.0544392 0.0148805 0)
(-0.054574 0.0157672 0)
(-0.0543787 0.0162815 0)
(-0.0539169 0.0167795 0)
(-0.0532122 0.0176576 0)
(-0.0522108 0.0193618 0)
(-0.05077 0.0224005 0)
(-0.0486777 0.027338 0)
(-0.0457095 0.0347382 0)
(-0.0417149 0.0450342 0)
(-0.0367143 0.0583169 0)
(-0.0309696 0.0740744 0)
(-0.0250219 0.0909823 0)
(-0.0197541 0.106627 0)
(-0.0158024 0.117825 0)
(-0.0122432 0.122188 0)
(-0.00649327 0.114639 0)
(-0.0470054 0.0120609 0)
(-0.0483322 0.0140639 0)
(-0.0489636 0.0152508 0)
(-0.0492194 0.015825 0)
(-0.049226 0.0161102 0)
(-0.0490912 0.0164382 0)
(-0.0488708 0.0171432 0)
(-0.0485248 0.0185845 0)
(-0.0478982 0.0211827 0)
(-0.0467316 0.0254458 0)
(-0.04471 0.031946 0)
(-0.0415483 0.0412106 0)
(-0.0370983 0.0535151 0)
(-0.0314566 0.0686024 0)
(-0.0250382 0.0854083 0)
(-0.0186556 0.101736 0)
(-0.013112 0.114049 0)
(-0.00910692 0.11837 0)
(-0.00414927 0.107678 0)
(-0.0410914 0.0132813 0)
(-0.0424103 0.0148558 0)
(-0.0430286 0.0156737 0)
(-0.043317 0.0159905 0)
(-0.0434521 0.0161455 0)
(-0.0435783 0.0164366 0)
(-0.0437771 0.0171237 0)
(-0.0440227 0.0184634 0)
(-0.0441645 0.0207659 0)
(-0.0439269 0.0244505 0)
(-0.0429418 0.030057 0)
(-0.0408221 0.0381673 0)
(-0.037266 0.0492157 0)
(-0.0321841 0.0632066 0)
(-0.0258279 0.0793829 0)
(-0.0188922 0.095858 0)
(-0.0121343 0.1092 0)
(-0.00735025 0.114447 0)
(-0.0026072 0.102639 0)
(-0.0349733 0.0144685 0)
(-0.0361769 0.0156005 0)
(-0.0367038 0.0160729 0)
(-0.0369694 0.0162013 0)
(-0.0371923 0.0163323 0)
(-0.0375356 0.0167155 0)
(-0.0380875 0.017528 0)
(-0.0388303 0.0189209 0)
(-0.0396295 0.0210878 0)
(-0.040225 0.0243398 0)
(-0.0402414 0.0291459 0)
(-0.0392351 0.0360929 0)
(-0.0367837 0.0457283 0)
(-0.0326143 0.0582909 0)
(-0.0267747 0.0733623 0)
(-0.0197965 0.0894371 0)
(-0.0123042 0.103439 0)
(-0.00664748 0.110057 0)
(-0.00162668 0.0986806 0)
(-0.0287043 0.0155402 0)
(-0.0297101 0.0162305 0)
(-0.0301056 0.0164015 0)
(-0.0303405 0.0164281 0)
(-0.0306547 0.0166434 0)
(-0.0311999 0.0172288 0)
(-0.0320475 0.018276 0)
(-0.0331772 0.0198417 0)
(-0.0344762 0.0220164 0)
(-0.0357263 0.0250006 0)
(-0.0365894 0.0291645 0)
(-0.0366214 0.0350472 0)
(-0.0353314 0.0432455 0)
(-0.0322963 0.0541772 0)
(-0.0273442 0.0677493 0)
(-0.0207853 0.0828993 0)
(-0.0130645 0.097044 0)
(-0.00667122 0.105025 0)
(-0.00107631 0.0951947 0)
(-0.0223931 0.0164248 0)
(-0.0231631 0.0167058 0)
(-0.0234441 0.0166534 0)
(-0.0236976 0.0166844 0)
(-0.0241458 0.0170843 0)
(-0.0248973 0.0179494 0)
(-0.0259886 0.019291 0)
(-0.0273903 0.0210948 0)
(-0.0290115 0.0233763 0)
(-0.0306888 0.026241 0)
(-0.0321537 0.0299501 0)
(-0.0330143 0.0349509 0)
(-0.0327771 0.0418197 0)
(-0.0309322 0.0510766 0)
(-0.0271201 0.0628933 0)
(-0.0213903 0.0766614 0)
(-0.0139604 0.0903843 0)
(-0.00714705 0.0993806 0)
(-0.000896451 0.091742 0)
(-0.0162885 0.017097 0)
(-0.0168526 0.0170518 0)
(-0.0170961 0.0168843 0)
(-0.0174533 0.0170203 0)
(-0.0180786 0.0176597 0)
(-0.0190257 0.0188193 0)
(-0.0202955 0.0204457 0)
(-0.0218497 0.0224858 0)
(-0.0236183 0.0249114 0)
(-0.0254905 0.0277619 0)
(-0.0272745 0.0312015 0)
(-0.0286639 0.0355666 0)
(-0.0292229 0.0413505 0)
(-0.0284356 0.0490867 0)
(-0.0258321 0.0591263 0)
(-0.0212358 0.0712483 0)
(-0.0145926 0.0840544 0)
(-0.00782697 0.0934958 0)
(-0.001058 0.0881241 0)
(-0.0110643 0.0178193 0)
(-0.0115054 0.017554 0)
(-0.0117951 0.0174486 0)
(-0.012296 0.0178933 0)
(-0.013067 0.0189308 0)
(-0.0141291 0.0204948 0)
(-0.0154636 0.0224845 0)
(-0.01703 0.0248226 0)
(-0.0187742 0.0274526 0)
(-0.0206202 0.0303553 0)
(-0.0224365 0.0335911 0)
(-0.0240083 0.0373424 0)
(-0.0249948 0.0419448 0)
(-0.0249383 0.0478477 0)
(-0.0233589 0.0554891 0)
(-0.0199869 0.065022 0)
(-0.014567 0.0758491 0)
(-0.0084938 0.0847222 0)
(-0.00157674 0.0813812 0)
)
;

boundaryField
{
    leftWall
    {
        type            noSlip;
    }
    rightWall
    {
        type            noSlip;
    }
    lowerWall
    {
        type            noSlip;
    }
    atmosphere
    {
        type            pressureInletOutletVelocity;
        value           nonuniform List<vector> 
46
(
(0.00292497 0.0261415 0)
(0.008055 0.0137347 0)
(0 -0.00188259 0)
(0 -0.018176 0)
(0 -0.033742 0)
(0 -0.0467251 0)
(0 -0.0583017 0)
(0 -0.0682247 0)
(0 -0.0748297 0)
(0 -0.0781267 0)
(0 -0.0784808 0)
(0 -0.0765146 0)
(0 -0.0726267 0)
(0 -0.067271 0)
(0 -0.0608093 0)
(0 -0.0534613 0)
(0 -0.0453131 0)
(0 -0.03634 0)
(0 -0.0264208 0)
(0 -0.0155103 0)
(0 -0.00399315 0)
(-0.00755421 0.0067345 0)
(-0.00866667 0.0139147 0)
(-0.0096385 0.0175737 0)
(-0.0100628 0.018457 0)
(-0.0104232 0.0187998 0)
(-0.0107371 0.0187903 0)
(-0.0110643 0.0178193 0)
(-0.0115054 0.017554 0)
(-0.0117951 0.0174486 0)
(-0.012296 0.0178933 0)
(-0.013067 0.0189308 0)
(-0.0141291 0.0204948 0)
(-0.0154636 0.0224845 0)
(-0.01703 0.0248226 0)
(-0.0187742 0.0274526 0)
(-0.0206202 0.0303553 0)
(-0.0224365 0.0335911 0)
(-0.0240083 0.0373424 0)
(-0.0249948 0.0419448 0)
(-0.0249383 0.0478477 0)
(-0.0233589 0.0554891 0)
(-0.0199869 0.065022 0)
(-0.014567 0.0758491 0)
(-0.0084938 0.0847222 0)
(-0.00157674 0.0813812 0)
)
;
    }
    defaultFaces
    {
        type            empty;
    }
}


// ************************************************************************* //
