/*--------------------------------*- C++ -*----------------------------------*\
| =========                 |                                                 |
| \\      /  F ield         | OpenFOAM: The Open Source CFD Toolbox           |
|  \\    /   O peration     | Version:  2312                                  |
|   \\  /    A nd           | Website:  www.openfoam.com                      |
|    \\/     M anipulation  |                                                 |
\*---------------------------------------------------------------------------*/
FoamFile
{
    version     2.0;
    format      ascii;
    arch        "LSB;label=32;scalar=64";
    class       volVectorField;
    location    "2.9";
    object      U;
}
// * * * * * * * * * * * * * * * * * * * * * * * * * * * * * * * * * * * * * //

dimensions      [0 1 -1 0 0 0 0];

internalField   nonuniform List<vector> 
2268
(
(0.00416843 -0.00322895 0)
(-0.00333423 0.00103052 0)
(-0.0164622 0.00269693 0)
(-0.0314817 0.00367667 0)
(-0.0480782 0.00398771 0)
(-0.0645815 0.00403933 0)
(-0.0804911 0.00375749 0)
(-0.0943361 0.00310148 0)
(-0.104733 0.00216521 0)
(-0.111002 0.00119091 0)
(-0.1133 0.000304753 0)
(-0.112079 -0.00044011 0)
(-0.10818 -0.000990282 0)
(-0.102472 -0.00139962 0)
(-0.0954116 -0.00173774 0)
(-0.0872187 -0.0020187 0)
(-0.0781036 -0.00225159 0)
(-0.0682537 -0.00245691 0)
(-0.0578179 -0.00266041 0)
(-0.0468899 -0.00284584 0)
(-0.0353765 -0.00304979 0)
(-0.0231378 -0.00325179 0)
(-0.0114982 -0.00443339 0)
(-0.00636849 0.00260203 0)
(-0.0158048 0.00876386 0)
(-0.029778 0.0100822 0)
(-0.0430637 0.0112808 0)
(-0.0577449 0.0119101 0)
(-0.0726638 0.011896 0)
(-0.0875046 0.010952 0)
(-0.100581 0.00878545 0)
(-0.110262 0.00573773 0)
(-0.115829 0.00262465 0)
(-0.117487 -0.000102978 0)
(-0.115688 -0.00228308 0)
(-0.111315 -0.00375216 0)
(-0.105278 -0.00469025 0)
(-0.0979846 -0.00544749 0)
(-0.0895796 -0.00612508 0)
(-0.0802302 -0.00669643 0)
(-0.0701067 -0.00715472 0)
(-0.0593363 -0.00754854 0)
(-0.0480119 -0.00786102 0)
(-0.0360596 -0.00824662 0)
(-0.0234202 -0.00876529 0)
(-0.0111301 -0.0122033 0)
(-0.0113872 0.00741269 0)
(-0.0236025 0.0129206 0)
(-0.0380389 0.0152198 0)
(-0.051151 0.0169238 0)
(-0.0655351 0.0179998 0)
(-0.0802452 0.0183177 0)
(-0.0949938 0.0171266 0)
(-0.107885 0.0138367 0)
(-0.116999 0.00901545 0)
(-0.121714 0.00406868 0)
(-0.122425 -0.000210295 0)
(-0.119663 -0.0037051 0)
(-0.114407 -0.00612539 0)
(-0.107742 -0.00774212 0)
(-0.100053 -0.0091423 0)
(-0.0913031 -0.0104004 0)
(-0.0815312 -0.0113977 0)
(-0.0708607 -0.0121505 0)
(-0.0593877 -0.012811 0)
(-0.0472669 -0.0133289 0)
(-0.0345808 -0.0140242 0)
(-0.0216601 -0.0149202 0)
(-0.0081028 -0.0198143 0)
(-0.0143151 0.019219 0)
(-0.0288692 0.022049 0)
(-0.0439923 0.0231946 0)
(-0.057394 0.0248944 0)
(-0.0720335 0.0262048 0)
(-0.0870664 0.0264954 0)
(-0.102308 0.0247056 0)
(-0.115547 0.0197213 0)
(-0.124555 0.0122946 0)
(-0.128618 0.00474082 0)
(-0.128409 -0.00170029 0)
(-0.124627 -0.00676141 0)
(-0.118339 -0.00984806 0)
(-0.110854 -0.0115295 0)
(-0.102542 -0.0130456 0)
(-0.0931647 -0.0146584 0)
(-0.0826144 -0.0160794 0)
(-0.070958 -0.0172139 0)
(-0.0582802 -0.0182935 0)
(-0.0449743 -0.0189909 0)
(-0.0314758 -0.0198013 0)
(-0.0189048 -0.0209479 0)
(-0.00455339 -0.0258383 0)
(-0.0135365 0.0258025 0)
(-0.0270572 0.0260607 0)
(-0.0422095 0.0268774 0)
(-0.056088 0.0290471 0)
(-0.0723411 0.0315983 0)
(-0.0901651 0.0333166 0)
(-0.108272 0.0318652 0)
(-0.123335 0.0253141 0)
(-0.133134 0.0152582 0)
(-0.137107 0.0055748 0)
(-0.13631 -0.00181751 0)
(-0.131542 -0.00822886 0)
(-0.124123 -0.0127723 0)
(-0.115789 -0.015311 0)
(-0.106812 -0.0176338 0)
(-0.096446 -0.0199301 0)
(-0.0843963 -0.0221122 0)
(-0.0710409 -0.0240228 0)
(-0.0566736 -0.0259699 0)
(-0.0420286 -0.0269758 0)
(-0.027974 -0.0274996 0)
(-0.0167419 -0.0285681 0)
(-0.00237701 -0.0321396 0)
(-0.00927661 0.0335962 0)
(-0.0205337 0.0320762 0)
(-0.0376285 0.0325407 0)
(-0.0517795 0.0345573 0)
(-0.0682811 0.0368894 0)
(-0.086055 0.037642 0)
(-0.104325 0.0351434 0)
(-0.120067 0.0288251 0)
(-0.131345 0.018896 0)
(-0.136871 0.00628196 0)
(-0.136921 -0.00627767 0)
(-0.132747 -0.0146271 0)
(-0.125622 -0.0187218 0)
(-0.118007 -0.0191978 0)
(-0.11023 -0.0209946 0)
(-0.100128 -0.0250591 0)
(-0.087974 -0.0295997 0)
(-0.0741753 -0.0333641 0)
(-0.0586225 -0.03669 0)
(-0.0429598 -0.0381613 0)
(-0.0284829 -0.0380556 0)
(-0.01795 -0.0381816 0)
(-0.00417297 -0.0392343 0)
(0.000783772 0.0466154 0)
(0.006513 0.0463026 0)
(-0.00461564 0.0466182 0)
(-0.0141259 0.0489996 0)
(-0.0274898 0.0535864 0)
(-0.0442447 0.0564915 0)
(-0.0752911 0.0518135 0)
(-0.109243 0.0387478 0)
(-0.12821 0.0236356 0)
(-0.134451 0.0106818 0)
(-0.136411 -0.000583929 0)
(-0.13756 -0.00835497 0)
(-0.13552 -0.0142899 0)
(-0.12754 -0.0181029 0)
(-0.114079 -0.023291 0)
(-0.0983385 -0.0292771 0)
(-0.0874054 -0.0325238 0)
(-0.0766012 -0.0343016 0)
(-0.0637131 -0.0357788 0)
(-0.0549507 -0.0336301 0)
(-0.0479168 -0.0321669 0)
(-0.0347361 -0.0338354 0)
(-0.031017 -0.0391024 0)
(0.000956636 0.0309318 0)
(0.0200231 0.0379199 0)
(0.0154998 0.0445854 0)
(0.0171203 0.0489056 0)
(0.020579 0.0537131 0)
(0.0362555 0.0615056 0)
(0.0487727 0.0674274 0)
(0.0489054 0.0581834 0)
(0.0397255 0.0357061 0)
(-0.001154 0.0113651 0)
(-0.0388747 -0.00697845 0)
(-0.0601113 -0.018333 0)
(-0.073782 -0.0282058 0)
(-0.0789367 -0.0343514 0)
(-0.0840426 -0.0398423 0)
(-0.0931365 -0.0405525 0)
(-0.125922 -0.0356745 0)
(-0.111038 -0.04645 0)
(-0.094959 -0.0449688 0)
(-0.0866603 -0.0419732 0)
(-0.0797068 -0.0404947 0)
(-0.0683295 -0.0433807 0)
(-0.0921498 -0.0777637 0)
(-0.0123467 0.00911335 0)
(0.0053192 0.000868054 0)
(-0.0015436 0.00455351 0)
(-0.0177971 0.00520104 0)
(-0.0426947 0.00673766 0)
(-0.0658396 0.00713184 0)
(-0.0912493 0.00759892 0)
(-0.117679 0.00551589 0)
(-0.132228 0.00114545 0)
(-0.132214 -0.00204424 0)
(-0.126417 -0.00284044 0)
(-0.122167 -0.00333162 0)
(-0.120048 -0.00409312 0)
(-0.117513 -0.00563855 0)
(-0.100336 -0.0097075 0)
(-0.0666499 -0.0129752 0)
(-0.0260289 -0.00865778 0)
(0.00271868 -0.00204409 0)
(-0.00218892 -0.00358954 0)
(0.0165905 -0.00680029 0)
(0.0285323 -0.00704354 0)
(0.0309591 0.00382878 0)
(0.020902 0.0142737 0)
(0.000502652 0.0158084 0)
(-0.016928 0.0122298 0)
(-0.0431546 0.0157643 0)
(-0.0732951 0.0140079 0)
(-0.0838252 0.00555215 0)
(-0.0757959 -0.000637863 0)
(-0.0648073 -0.00158811 0)
(-0.0580513 0.000173138 0)
(-0.0591297 0.00250625 0)
(-0.0689368 0.00112325 0)
(-0.0717276 -0.0121553 0)
(-0.064086 -0.0237565 0)
(-0.0393818 -0.0220444 0)
(-0.0102939 -0.00858256 0)
(-0.00109214 0.00416952 0)
(0.0161806 -0.0131795 0)
(0.0241856 -0.00630682 0)
(0.0260708 0.00536162 0)
(0.0241814 0.0159574 0)
(0.00521168 0.0192836 0)
(-0.0196013 0.02052 0)
(-0.050388 0.0263202 0)
(-0.0708034 0.0212591 0)
(-0.0771476 0.00216859 0)
(-0.0636324 -0.0108849 0)
(-0.0472963 -0.0121663 0)
(-0.0387415 -0.00684949 0)
(-0.0427033 -0.00095104 0)
(-0.0512197 0.00202904 0)
(-0.0682201 -0.0109495 0)
(-0.0970178 -0.025419 0)
(-0.0906345 -0.0285949 0)
(-0.0688182 -0.0151414 0)
(-0.0227422 -0.00897321 0)
(-0.0264963 -0.017304 0)
(0.00821111 -0.00934461 0)
(0.0248754 0.00716958 0)
(-0.0309534 0.0385021 0)
(-0.0830104 0.0360355 0)
(-0.0745797 0.0351599 0)
(-0.0940924 0.0412639 0)
(-0.0820658 0.0332341 0)
(-0.0610629 0.00803011 0)
(-0.0387822 -0.0146732 0)
(-0.0483604 -0.0152247 0)
(-0.0762667 -0.00050583 0)
(-0.119166 0.0122217 0)
(-0.125622 0.0171261 0)
(-0.115352 0.00668947 0)
(-0.118862 -0.0208932 0)
(-0.0917104 -0.0389583 0)
(-0.0663511 -0.0382805 0)
(0.00340232 -0.0398906 0)
(-0.0465796 -0.0038642 0)
(0.0050565 -0.025375 0)
(-0.0187741 0.0168312 0)
(-0.0233561 0.056294 0)
(-0.0586835 0.0525437 0)
(-0.143521 0.0332712 0)
(-0.172461 0.0273279 0)
(-0.137982 -2.49683e-05 0)
(-0.0252065 -0.0170673 0)
(0.0036454 -0.00906845 0)
(-0.101429 0.0140328 0)
(-0.204727 0.0248972 0)
(-0.232942 0.0306421 0)
(-0.155241 -0.0132078 0)
(-0.00988414 -0.0168636 0)
(0.0833183 -0.0312435 0)
(0.0839108 -0.0432135 0)
(0.0348605 -0.0426636 0)
(0.0328727 -0.0301768 0)
(0.0509206 0.00161665 0)
(0.1013 -0.0242002 0)
(0.0482041 0.0321819 0)
(-0.0303507 0.0627627 0)
(-0.0597372 0.0740311 0)
(-0.153751 0.0778912 0)
(-0.202072 0.0152551 0)
(-0.141284 -0.0533976 0)
(-0.110274 -0.0422743 0)
(-0.0687635 0.00402023 0)
(-0.131026 0.0573422 0)
(-0.1551 0.0427892 0)
(-0.17176 0.0157102 0)
(-0.0912702 -0.0863154 0)
(-0.0015751 -0.0916853 0)
(0.105436 -0.0715261 0)
(0.183287 -0.0352466 0)
(0.164299 -0.00679946 0)
(0.0959742 -0.0103879 0)
(0.0981317 -0.0708128 0)
(0.124779 -0.032132 0)
(0.100539 0.0692543 0)
(-0.0129895 0.094213 0)
(-0.0692687 0.0950392 0)
(-0.127684 0.114416 0)
(-0.185449 0.0294696 0)
(-0.176534 -0.0569416 0)
(-0.209058 -0.0301025 0)
(-0.215763 0.00996929 0)
(-0.180656 0.0523894 0)
(-0.134135 0.0419599 0)
(-0.102408 0.0132765 0)
(-0.0623812 -0.105881 0)
(-0.0494524 -0.109877 0)
(0.0132166 -0.109196 0)
(0.113813 -0.0631812 0)
(0.15053 0.00936476 0)
(0.127864 0.0551357 0)
(0.0449527 -0.103045 0)
(0.0610459 -0.0444059 0)
(0.0701505 0.0886843 0)
(-0.0162897 0.126308 0)
(-0.0736942 0.115786 0)
(-0.105605 0.135708 0)
(-0.178911 0.0510547 0)
(-0.210743 -0.0458218 0)
(-0.253716 -0.0209586 0)
(-0.253007 0.00395432 0)
(-0.196342 0.0109687 0)
(-0.123267 -5.60316e-05 0)
(-0.0481647 0.00916916 0)
(-0.0813142 -0.0986772 0)
(-0.107227 -0.113755 0)
(-0.0908447 -0.141956 0)
(-0.00913191 -0.10886 0)
(0.0871418 0.0120255 0)
(0.112092 0.0902414 0)
(-0.0181381 0.0363724 0)
(-0.0156884 0.0367363 0)
(-0.022388 0.0415378 0)
(-0.0195008 0.041484 0)
(-0.00846458 0.0401969 0)
(0.0316825 0.0356078 0)
(0.0707992 0.0427804 0)
(0.0970087 0.0455965 0)
(0.11128 0.0411329 0)
(0.114189 0.0360836 0)
(0.105854 0.025068 0)
(0.09108 0.00890861 0)
(0.068257 -0.00126504 0)
(0.0475057 -0.00440393 0)
(0.0140447 -0.00358487 0)
(-0.0178021 -0.00102372 0)
(-0.0444004 -0.000471814 0)
(-0.0333133 -0.0540174 0)
(-0.0401811 -0.0490552 0)
(-0.0489066 -0.0436802 0)
(-0.0577332 -0.0382476 0)
(-0.0714727 -0.0398108 0)
(-0.121603 -0.0852283 0)
(-0.0196882 0.0618751 0)
(-0.023558 0.0508274 0)
(-0.0273757 0.0505175 0)
(-0.0132555 0.0456516 0)
(0.0272854 0.00517256 0)
(0.073149 -0.0167623 0)
(0.111807 0.00544038 0)
(0.138899 0.0243569 0)
(0.148332 0.0297369 0)
(0.144054 0.0290507 0)
(0.126235 0.0283913 0)
(0.0953946 0.0225605 0)
(0.070239 0.0152211 0)
(0.0545691 0.0136202 0)
(0.0322371 0.0165017 0)
(0.0201422 -0.0025842 0)
(0.0462487 -0.030158 0)
(0.0552733 -0.0460081 0)
(0.0453539 -0.0372919 0)
(0.0370649 -0.0298586 0)
(0.035022 -0.0240414 0)
(0.0391682 -0.0173516 0)
(0.0287408 -0.0296456 0)
(-0.00318602 0.0655638 0)
(0.0186288 0.0387906 0)
(0.0208431 0.015644 0)
(0.0600802 -0.0194047 0)
(0.087646 -0.0441771 0)
(0.111234 -0.0649091 0)
(0.139339 -0.0452431 0)
(0.168179 0.00414232 0)
(0.167255 0.0331336 0)
(0.146807 0.0468427 0)
(0.122538 0.0601451 0)
(0.0955017 0.0574237 0)
(0.0752525 0.0384068 0)
(0.0626302 0.0256442 0)
(0.0561094 0.0219469 0)
(0.0752347 -0.00765348 0)
(0.0818408 -0.0375298 0)
(0.0727137 -0.0388843 0)
(0.060162 -0.0287396 0)
(0.0494429 -0.0242513 0)
(0.0402327 -0.0273149 0)
(0.0249122 -0.0239911 0)
(-0.00555495 -0.0134173 0)
(0.0337908 0.0618472 0)
(0.072941 0.0416538 0)
(0.112904 0.0171973 0)
(0.141641 -0.00829656 0)
(0.154016 -0.0296988 0)
(0.153073 -0.0545094 0)
(0.139251 -0.0533502 0)
(0.13815 0.000444984 0)
(0.13276 0.0598491 0)
(0.111454 0.0721634 0)
(0.102607 0.0770854 0)
(0.104255 0.0690397 0)
(0.111614 0.0487767 0)
(0.117286 0.0289538 0)
(0.126816 0.0104998 0)
(0.139408 -0.017149 0)
(0.135765 -0.0327567 0)
(0.123311 -0.0289969 0)
(0.113756 -0.0215898 0)
(0.107526 -0.0145919 0)
(0.10002 -0.00745973 0)
(0.0846858 0.0135051 0)
(0.0629374 0.0412423 0)
(0.0238124 -0.0511362 0)
(0.0812465 -0.0458389 0)
(0.113252 -0.0515398 0)
(0.135075 -0.0553571 0)
(0.142334 -0.0614428 0)
(0.151656 -0.0601178 0)
(0.135492 -0.0384024 0)
(0.087297 0.00517507 0)
(0.0753046 0.0711111 0)
(0.087627 0.0696704 0)
(0.116473 0.0589608 0)
(0.149238 0.0462466 0)
(0.179307 0.0285462 0)
(0.201221 0.0100787 0)
(0.219607 -0.00732666 0)
(0.226724 -0.0195481 0)
(0.221972 -0.0232703 0)
(0.206779 -0.0181722 0)
(0.188318 -0.0121859 0)
(0.172604 -0.00835643 0)
(0.1599 -0.00165552 0)
(0.149814 0.0142661 0)
(0.143328 0.0351105 0)
(0.00308436 -0.0711275 0)
(0.0582917 -0.0619862 0)
(0.0671002 -0.0562865 0)
(0.0730257 -0.0472462 0)
(0.037834 -0.0559308 0)
(0.014583 -0.0397691 0)
(0.00458069 0.0384925 0)
(0.0144909 0.0419141 0)
(0.0578123 0.0657211 0)
(0.123821 0.041935 0)
(0.186217 0.0258093 0)
(0.239012 0.0161483 0)
(0.282313 0.00624173 0)
(0.314563 -0.00252668 0)
(0.333033 -0.00983689 0)
(0.34112 -0.0135456 0)
(0.337597 -0.00585151 0)
(0.319409 0.00711912 0)
(0.288654 0.0127556 0)
(0.257291 0.0115335 0)
(0.234189 0.0159621 0)
(0.218158 0.0316947 0)
(0.204804 0.0513267 0)
(0.0215916 -0.0824999 0)
(0.0760627 -0.0765877 0)
(0.0673249 -0.0654577 0)
(0.059312 -0.0168973 0)
(-0.066029 -0.00372093 0)
(-0.118955 -0.0547691 0)
(-0.0246151 -0.0300357 0)
(0.0676574 -0.0421639 0)
(0.147709 -0.0469102 0)
(0.222169 -0.058663 0)
(0.280799 -0.0601222 0)
(0.325131 -0.0559016 0)
(0.358498 -0.0515569 0)
(0.380248 -0.045183 0)
(0.391763 -0.0385837 0)
(0.401515 -0.0307527 0)
(0.407903 -0.00944967 0)
(0.400009 0.0221436 0)
(0.386903 0.0417186 0)
(0.372889 0.0374575 0)
(0.351002 0.029218 0)
(0.322348 0.033009 0)
(0.291406 0.0472021 0)
(0.0754375 -0.226043 0)
(0.223148 -0.119227 0)
(0.304238 -0.0664769 0)
(0.369267 0.0402101 0)
(0.427542 0.107174 0)
(0.489429 -0.00373796 0)
(0.460485 -0.115667 0)
(0.343982 -0.0914009 0)
(0.306395 -0.0772609 0)
(0.296192 -0.073811 0)
(0.290405 -0.0628775 0)
(0.307925 -0.0553373 0)
(0.304395 -0.0379518 0)
(0.252481 -0.0167699 0)
(0.200361 -0.0279471 0)
(0.176288 -0.0351148 0)
(0.247873 0.000276303 0)
(0.344501 0.0275266 0)
(0.416395 0.0397835 0)
(0.464975 0.0520697 0)
(0.456439 0.0697479 0)
(0.398808 0.0846524 0)
(0.331615 0.0994111 0)
(0.00582259 -0.345045 0)
(0.131476 -0.24187 0)
(0.221447 -0.154388 0)
(0.280387 -0.13464 0)
(0.34891 -0.104613 0)
(0.418728 -0.0397153 0)
(0.406795 0.0347281 0)
(0.369287 -0.00591061 0)
(0.380361 -0.0544288 0)
(0.411763 -0.0822474 0)
(0.448677 -0.0910919 0)
(0.47898 -0.0864396 0)
(0.507032 -0.0303377 0)
(0.532134 0.0362493 0)
(0.56601 0.0358647 0)
(0.559314 -0.0182037 0)
(0.503925 -0.0957986 0)
(0.405666 -0.103257 0)
(0.44218 -0.0800384 0)
(0.454157 0.000555374 0)
(0.463542 0.100975 0)
(0.455125 0.153996 0)
(0.409302 0.188759 0)
(-0.00999111 -0.361783 0)
(0.0917466 -0.36979 0)
(0.215234 -0.22992 0)
(0.287593 -0.153522 0)
(0.292332 -0.0797029 0)
(0.315552 -0.0056892 0)
(0.373515 -0.014983 0)
(0.437978 -0.0523697 0)
(0.482901 -0.0871373 0)
(0.517223 -0.112762 0)
(0.55021 -0.122185 0)
(0.583318 -0.114668 0)
(0.620769 -0.0920804 0)
(0.67007 -0.0675431 0)
(0.729835 -0.0432621 0)
(0.783894 -0.0189305 0)
(0.816312 0.023759 0)
(0.824194 0.0654244 0)
(0.788569 -0.00272875 0)
(0.648524 0.0380276 0)
(0.557456 0.116749 0)
(0.555857 0.12553 0)
(0.526947 0.175595 0)
(0.0286062 -0.421495 0)
(0.0856445 -0.457706 0)
(0.151202 -0.326584 0)
(0.246256 -0.207373 0)
(0.326735 -0.13642 0)
(0.390275 -0.106168 0)
(0.450892 -0.095599 0)
(0.50196 -0.107883 0)
(0.536765 -0.128886 0)
(0.560921 -0.147409 0)
(0.579373 -0.154282 0)
(0.598322 -0.146601 0)
(0.62291 -0.124858 0)
(0.655874 -0.101006 0)
(0.693644 -0.08349 0)
(0.727097 -0.0765732 0)
(0.754185 -0.0682584 0)
(0.781755 -0.0282295 0)
(0.794733 0.0447252 0)
(0.779138 0.140089 0)
(0.760637 0.194717 0)
(0.728719 0.187836 0)
(0.701529 0.224311 0)
(0.0488971 -0.502899 0)
(0.102121 -0.503621 0)
(0.144711 -0.41062 0)
(0.214097 -0.295087 0)
(0.29434 -0.21159 0)
(0.365364 -0.164952 0)
(0.423434 -0.146691 0)
(0.469454 -0.146521 0)
(0.500305 -0.155503 0)
(0.514989 -0.162437 0)
(0.518702 -0.163635 0)
(0.517883 -0.157844 0)
(0.521312 -0.145265 0)
(0.535031 -0.13251 0)
(0.556809 -0.117714 0)
(0.579581 -0.0982127 0)
(0.59752 -0.0671666 0)
(0.609072 -0.0160575 0)
(0.618376 0.0442532 0)
(0.630928 0.11166 0)
(0.652671 0.161241 0)
(0.671068 0.185314 0)
(0.688734 0.213192 0)
(0.036557 -0.584487 0)
(0.0858861 -0.546691 0)
(0.120196 -0.461598 0)
(0.171599 -0.360091 0)
(0.233718 -0.280992 0)
(0.294412 -0.228857 0)
(0.344624 -0.201539 0)
(0.379156 -0.185859 0)
(0.396877 -0.174787 0)
(0.394947 -0.16511 0)
(0.378044 -0.155217 0)
(0.356586 -0.147622 0)
(0.338697 -0.143429 0)
(0.332041 -0.139517 0)
(0.33533 -0.128956 0)
(0.338432 -0.112161 0)
(0.344393 -0.0802545 0)
(0.350655 -0.0272804 0)
(0.354733 0.0370928 0)
(0.374024 0.0962307 0)
(0.410388 0.14136 0)
(0.451121 0.167724 0)
(0.488424 0.184312 0)
(0.0170169 -0.63731 0)
(0.0519902 -0.579769 0)
(0.0767063 -0.498193 0)
(0.114322 -0.412224 0)
(0.156319 -0.337217 0)
(0.197337 -0.277684 0)
(0.227612 -0.235676 0)
(0.241103 -0.202569 0)
(0.235678 -0.171006 0)
(0.21286 -0.14486 0)
(0.178225 -0.126947 0)
(0.140348 -0.116348 0)
(0.105465 -0.122269 0)
(0.0823517 -0.125949 0)
(0.0678375 -0.114778 0)
(0.0489326 -0.0983786 0)
(0.0396504 -0.0677851 0)
(0.0445664 -0.0177866 0)
(0.066067 0.0280475 0)
(0.0932527 0.0538775 0)
(0.135465 0.0831027 0)
(0.179828 0.112635 0)
(0.217054 0.140974 0)
(0.00161989 -0.661366 0)
(0.0177671 -0.598142 0)
(0.022954 -0.519611 0)
(0.0394861 -0.439942 0)
(0.0555715 -0.365755 0)
(0.0695292 -0.30088 0)
(0.0734637 -0.245726 0)
(0.0631406 -0.195904 0)
(0.0388703 -0.147637 0)
(-0.000256503 -0.10542 0)
(-0.0472275 -0.0740098 0)
(-0.103047 -0.0659195 0)
(-0.126257 -0.0960951 0)
(-0.136845 -0.107212 0)
(-0.14616 -0.100397 0)
(-0.15859 -0.0871907 0)
(-0.168505 -0.0668845 0)
(-0.164417 -0.0368472 0)
(-0.142471 -0.0052657 0)
(-0.117475 0.017405 0)
(-0.091624 0.0477719 0)
(-0.0583124 0.0878493 0)
(-0.0282076 0.122616 0)
(-0.0113383 -0.659707 0)
(-0.0169811 -0.595098 0)
(-0.034666 -0.51794 0)
(-0.0432104 -0.44033 0)
(-0.0551879 -0.363832 0)
(-0.0697872 -0.291849 0)
(-0.0925003 -0.223067 0)
(-0.124796 -0.154685 0)
(-0.166931 -0.0891057 0)
(-0.212758 -0.0417606 0)
(-0.234617 -0.0338486 0)
(-0.2311 -0.0641362 0)
(-0.22967 -0.093801 0)
(-0.237 -0.0993272 0)
(-0.250065 -0.0875188 0)
(-0.264639 -0.0732788 0)
(-0.272013 -0.0616507 0)
(-0.265622 -0.0477275 0)
(-0.250011 -0.0277086 0)
(-0.234468 -0.00467145 0)
(-0.219717 0.0255386 0)
(-0.198792 0.0621421 0)
(-0.174069 0.088909 0)
(-0.0230445 -0.634036 0)
(-0.0494544 -0.56845 0)
(-0.0878416 -0.491334 0)
(-0.119439 -0.412488 0)
(-0.154101 -0.331887 0)
(-0.189926 -0.253126 0)
(-0.226658 -0.176101 0)
(-0.259664 -0.106821 0)
(-0.278502 -0.0602712 0)
(-0.276644 -0.0434984 0)
(-0.263526 -0.0488369 0)
(-0.255628 -0.069836 0)
(-0.259017 -0.0879368 0)
(-0.268864 -0.0885151 0)
(-0.27765 -0.0789254 0)
(-0.281193 -0.0697184 0)
(-0.281109 -0.0650874 0)
(-0.279136 -0.0582275 0)
(-0.275765 -0.0399234 0)
(-0.271425 -0.0142631 0)
(-0.262802 0.0124024 0)
(-0.24622 0.0384303 0)
(-0.225265 0.0564547 0)
(-0.0324629 -0.589218 0)
(-0.0742886 -0.523927 0)
(-0.126808 -0.447791 0)
(-0.17102 -0.369552 0)
(-0.212987 -0.290604 0)
(-0.248247 -0.217213 0)
(-0.272476 -0.153289 0)
(-0.281187 -0.103987 0)
(-0.275323 -0.0731404 0)
(-0.261338 -0.0594675 0)
(-0.247392 -0.0600622 0)
(-0.240503 -0.0709468 0)
(-0.242588 -0.0808231 0)
(-0.24793 -0.0810204 0)
(-0.251048 -0.0758727 0)
(-0.251553 -0.0693076 0)
(-0.252083 -0.0639414 0)
(-0.254969 -0.0565914 0)
(-0.257657 -0.0407167 0)
(-0.255706 -0.0196086 0)
(-0.248125 0.000695511 0)
(-0.235488 0.0192669 0)
(-0.220469 0.0329923 0)
(-0.0381219 -0.531872 0)
(-0.0875582 -0.469549 0)
(-0.144806 -0.398139 0)
(-0.189344 -0.32677 0)
(-0.225165 -0.257999 0)
(-0.2487 -0.197241 0)
(-0.259362 -0.147182 0)
(-0.257562 -0.109133 0)
(-0.24691 -0.0853089 0)
(-0.232768 -0.074045 0)
(-0.220075 -0.0718499 0)
(-0.212376 -0.0752678 0)
(-0.210475 -0.078924 0)
(-0.211688 -0.0787258 0)
(-0.213163 -0.0748964 0)
(-0.214162 -0.0689605 0)
(-0.215503 -0.0619378 0)
(-0.217702 -0.0528779 0)
(-0.219273 -0.0399762 0)
(-0.21798 -0.0240804 0)
(-0.212972 -0.00781159 0)
(-0.205288 0.00688413 0)
(-0.19572 0.0181599 0)
(-0.0399122 -0.469531 0)
(-0.0902188 -0.413104 0)
(-0.145542 -0.350367 0)
(-0.185037 -0.290175 0)
(-0.213217 -0.234255 0)
(-0.228433 -0.18587 0)
(-0.232477 -0.146851 0)
(-0.227616 -0.117681 0)
(-0.217182 -0.0984514 0)
(-0.204953 -0.087521 0)
(-0.194059 -0.0825747 0)
(-0.186614 -0.0811874 0)
(-0.183127 -0.080421 0)
(-0.182396 -0.0780933 0)
(-0.182859 -0.0737295 0)
(-0.183712 -0.0676841 0)
(-0.184896 -0.060284 0)
(-0.186303 -0.0511037 0)
(-0.187076 -0.0395647 0)
(-0.186023 -0.0262152 0)
(-0.182574 -0.0125886 0)
(-0.177418 -0.000388581 0)
(-0.171945 0.00949727 0)
(-0.0390086 -0.407787 0)
(-0.0864971 -0.359017 0)
(-0.137623 -0.306788 0)
(-0.172266 -0.258762 0)
(-0.195798 -0.215276 0)
(-0.207515 -0.1779 0)
(-0.209695 -0.147695 0)
(-0.204935 -0.124903 0)
(-0.196205 -0.108955 0)
(-0.186265 -0.0983841 0)
(-0.177236 -0.0915723 0)
(-0.170478 -0.0870171 0)
(-0.166398 -0.0832018 0)
(-0.164503 -0.0788925 0)
(-0.16397 -0.0735094 0)
(-0.164164 -0.0669394 0)
(-0.164747 -0.0591909 0)
(-0.165399 -0.0501006 0)
(-0.165555 -0.0395425 0)
(-0.16454 -0.0278699 0)
(-0.161983 -0.0159716 0)
(-0.15828 -0.00501414 0)
(-0.154553 0.00423684 0)
(-0.0367773 -0.349559 0)
(-0.0801948 -0.308865 0)
(-0.127023 -0.267259 0)
(-0.158075 -0.230847 0)
(-0.179202 -0.198715 0)
(-0.190017 -0.171218 0)
(-0.192727 -0.148619 0)
(-0.189678 -0.130833 0)
(-0.18333 -0.117287 0)
(-0.175776 -0.107008 0)
(-0.168533 -0.0990105 0)
(-0.162549 -0.0924504 0)
(-0.158223 -0.0865386 0)
(-0.155469 -0.0805699 0)
(-0.153921 -0.0740868 0)
(-0.153169 -0.0668704 0)
(-0.152868 -0.0588223 0)
(-0.152678 -0.0498549 0)
(-0.152194 -0.0399598 0)
(-0.150999 -0.0293683 0)
(-0.148851 -0.0186158 0)
(-0.145959 -0.00848779 0)
(-0.14302 0.000335305 0)
(-0.0341558 -0.295828 0)
(-0.0734876 -0.262823 0)
(-0.116542 -0.231102 0)
(-0.144965 -0.205093 0)
(-0.164811 -0.182804 0)
(-0.175765 -0.163738 0)
(-0.179782 -0.147639 0)
(-0.17879 -0.134222 0)
(-0.174733 -0.123025 0)
(-0.169228 -0.113487 0)
(-0.163454 -0.105111 0)
(-0.158186 -0.0975084 0)
(-0.15385 -0.0903045 0)
(-0.15057 -0.0831309 0)
(-0.148243 -0.0757013 0)
(-0.14665 -0.0678362 0)
(-0.145535 -0.059435 0)
(-0.144621 -0.0504441 0)
(-0.143606 -0.0408867 0)
(-0.142197 -0.0309235 0)
(-0.140199 -0.0208993 0)
(-0.137721 -0.0113484 0)
(-0.135244 -0.00281821 0)
(-0.0316142 -0.246552 0)
(-0.0673101 -0.220539 0)
(-0.107192 -0.197748 0)
(-0.133585 -0.180967 0)
(-0.152553 -0.167286 0)
(-0.163749 -0.155561 0)
(-0.168866 -0.145163 0)
(-0.169464 -0.135703 0)
(-0.167092 -0.126869 0)
(-0.163054 -0.118418 0)
(-0.158349 -0.11021 0)
(-0.153689 -0.102165 0)
(-0.14953 -0.0941886 0)
(-0.146089 -0.0861577 0)
(-0.143389 -0.0779544 0)
(-0.141328 -0.0694896 0)
(-0.139734 -0.060708 0)
(-0.138396 -0.0515905 0)
(-0.137083 -0.0421736 0)
(-0.135566 -0.0325733 0)
(-0.133682 -0.0230162 0)
(-0.131483 -0.0138707 0)
(-0.129324 -0.0055571 0)
(-0.0293242 -0.201277 0)
(-0.0619262 -0.1815 0)
(-0.0991743 -0.166699 0)
(-0.123949 -0.158126 0)
(-0.14219 -0.152068 0)
(-0.153469 -0.146877 0)
(-0.15923 -0.141648 0)
(-0.160753 -0.135922 0)
(-0.159334 -0.129499 0)
(-0.156107 -0.122361 0)
(-0.152005 -0.114622 0)
(-0.147733 -0.106447 0)
(-0.14377 -0.0979754 0)
(-0.140375 -0.0892953 0)
(-0.137617 -0.0804466 0)
(-0.13544 -0.0714412 0)
(-0.133716 -0.0622813 0)
(-0.132272 -0.0529817 0)
(-0.13092 -0.0435896 0)
(-0.129473 -0.0341957 0)
(-0.12779 -0.0249487 0)
(-0.125898 -0.0160915 0)
(-0.124065 -0.00793081 0)
(-0.0272964 -0.159479 0)
(-0.0572719 -0.145213 0)
(-0.0923272 -0.137544 0)
(-0.115805 -0.136342 0)
(-0.13342 -0.137183 0)
(-0.144625 -0.137988 0)
(-0.150638 -0.137615 0)
(-0.152536 -0.135524 0)
(-0.151467 -0.131564 0)
(-0.1485 -0.125859 0)
(-0.144566 -0.118715 0)
(-0.140402 -0.110514 0)
(-0.136519 -0.10163 0)
(-0.133197 -0.0923593 0)
(-0.130517 -0.0829044 0)
(-0.128429 -0.073379 0)
(-0.126805 -0.0638409 0)
(-0.125485 -0.0543308 0)
(-0.124299 -0.0449013 0)
(-0.123083 -0.0356235 0)
(-0.121719 -0.026589 0)
(-0.120212 -0.0179426 0)
(-0.118757 -0.00988678 0)
(-0.0254409 -0.120748 0)
(-0.0530672 -0.111322 0)
(-0.0861965 -0.109992 0)
(-0.108559 -0.115468 0)
(-0.125578 -0.122679 0)
(-0.136563 -0.129146 0)
(-0.142532 -0.133478 0)
(-0.144425 -0.135006 0)
(-0.143321 -0.13356 0)
(-0.140275 -0.129347 0)
(-0.136239 -0.122825 0)
(-0.131988 -0.11459 0)
(-0.128068 -0.105253 0)
(-0.124783 -0.0953407 0)
(-0.122218 -0.0852319 0)
(-0.120309 -0.07515 0)
(-0.118914 -0.0652056 0)
(-0.117861 -0.0554551 0)
(-0.116977 -0.045945 0)
(-0.116111 -0.0367239 0)
(-0.115157 -0.0278368 0)
(-0.114108 -0.0193458 0)
(-0.113089 -0.0113625 0)
(-0.0236103 -0.0849258 0)
(-0.0489054 -0.0796979 0)
(-0.0801379 -0.0839459 0)
(-0.101356 -0.0954864 0)
(-0.117668 -0.108661 0)
(-0.128224 -0.120573 0)
(-0.133888 -0.129531 0)
(-0.13553 -0.134669 0)
(-0.134212 -0.135747 0)
(-0.130992 -0.133024 0)
(-0.126823 -0.1271 0)
(-0.122487 -0.118772 0)
(-0.118548 -0.108898 0)
(-0.115329 -0.0982446 0)
(-0.112926 -0.0873879 0)
(-0.111266 -0.0766759 0)
(-0.110183 -0.0662735 0)
(-0.109486 -0.0562435 0)
(-0.108994 -0.0466145 0)
(-0.108554 -0.0374061 0)
(-0.108074 -0.0286191 0)
(-0.107528 -0.0202452 0)
(-0.106975 -0.012314 0)
(-0.0216617 -0.0521055 0)
(-0.0443724 -0.0504545 0)
(-0.0734757 -0.0595493 0)
(-0.0932835 -0.0765629 0)
(-0.108621 -0.0953451 0)
(-0.118455 -0.112518 0)
(-0.123561 -0.125998 0)
(-0.124791 -0.134657 0)
(-0.123243 -0.138161 0)
(-0.11997 -0.136838 0)
(-0.115871 -0.131438 0)
(-0.111672 -0.122956 0)
(-0.107909 -0.112473 0)
(-0.104908 -0.100993 0)
(-0.102784 -0.0892993 0)
(-0.101467 -0.0778804 0)
(-0.100784 -0.0669651 0)
(-0.100525 -0.0566186 0)
(-0.100493 -0.0468405 0)
(-0.100536 -0.0376135 0)
(-0.100567 -0.028895 0)
(-0.100546 -0.0206125 0)
(-0.10047 -0.0127233 0)
(-0.019511 -0.0226163 0)
(-0.0391682 -0.023945 0)
(-0.0656797 -0.037157 0)
(-0.0836162 -0.0590152 0)
(-0.0975923 -0.0830368 0)
(-0.106372 -0.105243 0)
(-0.110696 -0.123049 0)
(-0.111435 -0.134997 0)
(-0.109763 -0.140662 0)
(-0.10671 -0.140524 0)
(-0.103049 -0.135522 0)
(-0.0993716 -0.126836 0)
(-0.0961182 -0.11573 0)
(-0.0935911 -0.103402 0)
(-0.0919239 -0.0908303 0)
(-0.0910773 -0.0786589 0)
(-0.0908869 -0.0671943 0)
(-0.0911377 -0.0565089 0)
(-0.0916245 -0.0465678 0)
(-0.0921914 -0.0373088 0)
(-0.092757 -0.0286442 0)
(-0.0932664 -0.0204443 0)
(-0.0936587 -0.0125994 0)
(-0.0171038 0.00340538 0)
(-0.0331279 -0.000546418 0)
(-0.0564881 -0.0172835 0)
(-0.0719564 -0.0432806 0)
(-0.0841349 -0.0720879 0)
(-0.091577 -0.098969 0)
(-0.0950094 -0.120776 0)
(-0.0952714 -0.13563 0)
(-0.0936703 -0.142995 0)
(-0.0911885 -0.143696 0)
(-0.0884071 -0.138912 0)
(-0.0857014 -0.129997 0)
(-0.0833492 -0.118329 0)
(-0.0815875 -0.105225 0)
(-0.0805679 -0.0918173 0)
(-0.0803063 -0.0789004 0)
(-0.0806809 -0.0668795 0)
(-0.0814922 -0.0558509 0)
(-0.0825341 -0.0457494 0)
(-0.0836482 -0.0364629 0)
(-0.084755 -0.0278567 0)
(-0.0857893 -0.0197478 0)
(-0.0866347 -0.0119637 0)
(-0.0144688 0.0254043 0)
(-0.026266 0.0192954 0)
(-0.0459835 -0.000439159 0)
(-0.0582973 -0.0298526 0)
(-0.0682789 -0.0628095 0)
(-0.0741969 -0.0938013 0)
(-0.0767795 -0.119144 0)
(-0.0767342 -0.136394 0)
(-0.0754878 -0.144852 0)
(-0.0739385 -0.145933 0)
(-0.0724535 -0.141142 0)
(-0.0711392 -0.132004 0)
(-0.0700517 -0.119922 0)
(-0.0693192 -0.106228 0)
(-0.069095 -0.092123 0)
(-0.0694745 -0.078534 0)
(-0.0704216 -0.0659846 0)
(-0.0717862 -0.0546238 0)
(-0.0733738 -0.0443726 0)
(-0.0750232 -0.035072 0)
(-0.0766559 -0.0265394 0)
(-0.0781904 -0.0185441 0)
(-0.0794591 -0.0108514 0)
(-0.0116039 0.0419757 0)
(-0.0186732 0.0341561 0)
(-0.0340823 0.0128567 0)
(-0.0429852 -0.0192165 0)
(-0.0504291 -0.0554404 0)
(-0.0547599 -0.0897362 0)
(-0.0567461 -0.117954 0)
(-0.056747 -0.13698 0)
(-0.0562401 -0.145899 0)
(-0.0559555 -0.146857 0)
(-0.0560814 -0.141822 0)
(-0.0564563 -0.132491 0)
(-0.0568956 -0.120218 0)
(-0.0573814 -0.106228 0)
(-0.0580295 -0.0916809 0)
(-0.0590206 -0.0775718 0)
(-0.0604497 -0.0645538 0)
(-0.0622668 -0.0528751 0)
(-0.0643171 -0.0424784 0)
(-0.0664402 -0.0331719 0)
(-0.0685466 -0.024729 0)
(-0.070535 -0.016873 0)
(-0.0721844 -0.00931085 0)
(-0.00874163 0.0536235 0)
(-0.0110881 0.0440735 0)
(-0.0217284 0.0217014 0)
(-0.0264873 -0.0118345 0)
(-0.0311607 -0.0501702 0)
(-0.0339846 -0.0865613 0)
(-0.0359671 -0.116781 0)
(-0.0365826 -0.136968 0)
(-0.037282 -0.145774 0)
(-0.0385477 -0.146194 0)
(-0.0404407 -0.140717 0)
(-0.0426027 -0.13125 0)
(-0.0446555 -0.119043 0)
(-0.0464313 -0.105129 0)
(-0.0479532 -0.0905038 0)
(-0.0494509 -0.0761226 0)
(-0.051173 -0.0627376 0)
(-0.0532329 -0.0507453 0)
(-0.0555666 -0.0401776 0)
(-0.0580296 -0.0308468 0)
(-0.0605115 -0.0224905 0)
(-0.0628782 -0.0147935 0)
(-0.0648515 -0.00740701 0)
(-0.00578645 0.0603787 0)
(-0.0036459 0.0491085 0)
(-0.00949506 0.0259654 0)
(-0.0094332 -0.00811748 0)
(-0.0111368 -0.0471135 0)
(-0.012691 -0.0838742 0)
(-0.0155535 -0.114926 0)
(-0.0176514 -0.135799 0)
(-0.0201226 -0.144101 0)
(-0.0231477 -0.143796 0)
(-0.0267811 -0.137814 0)
(-0.0305881 -0.128303 0)
(-0.0341042 -0.116405 0)
(-0.0370691 -0.102943 0)
(-0.0393778 -0.08867 0)
(-0.0412356 -0.0743646 0)
(-0.0430062 -0.0607847 0)
(-0.045009 -0.0484846 0)
(-0.0473471 -0.0376721 0)
(-0.0499332 -0.0282438 0)
(-0.0526355 -0.0199317 0)
(-0.0552738 -0.012389 0)
(-0.0574924 -0.00521201 0)
(-0.00274688 0.0625373 0)
(0.0033754 0.0494591 0)
(0.00212606 0.025986 0)
(0.00723975 -0.00850946 0)
(0.00838909 -0.0461454 0)
(0.00771658 -0.0809845 0)
(0.00335716 -0.111337 0)
(-0.00117683 -0.132544 0)
(-0.00603333 -0.140462 0)
(-0.0109819 -0.13961 0)
(-0.0161844 -0.133295 0)
(-0.0212986 -0.123919 0)
(-0.0258998 -0.112544 0)
(-0.0297431 -0.0998407 0)
(-0.0326308 -0.0863218 0)
(-0.0346797 -0.0724956 0)
(-0.0362696 -0.058983 0)
(-0.0378904 -0.0464241 0)
(-0.0398816 -0.0352566 0)
(-0.0422952 -0.0255828 0)
(-0.045007 -0.0172043 0)
(-0.0477749 -0.00976518 0)
(-0.0501489 -0.00281716 0)
(0.000276719 0.0598231 0)
(0.00969195 0.0451389 0)
(0.0131908 0.0212531 0)
(0.0213242 -0.012834 0)
(0.0247561 -0.0469995 0)
(0.0242929 -0.0777815 0)
(0.0190316 -0.105244 0)
(0.0120044 -0.12603 0)
(0.00438978 -0.1344 0)
(-0.00264761 -0.133625 0)
(-0.00920329 -0.127441 0)
(-0.0151962 -0.118536 0)
(-0.0203856 -0.107909 0)
(-0.0246357 -0.096168 0)
(-0.0277667 -0.0836848 0)
(-0.0298094 -0.070698 0)
(-0.0310616 -0.0575773 0)
(-0.0320586 -0.0448992 0)
(-0.0333583 -0.0332872 0)
(-0.0352475 -0.023155 0)
(-0.0376982 -0.01451 0)
(-0.0404208 -0.00704852 0)
(-0.042836 -0.000309502 0)
(0.00323073 0.052256 0)
(0.0147087 0.0372489 0)
(0.0224521 0.0130321 0)
(0.0310755 -0.0186902 0)
(0.0353207 -0.0488214 0)
(0.0346542 -0.0745859 0)
(0.0289365 -0.0981469 0)
(0.0204667 -0.117404 0)
(0.0109228 -0.126051 0)
(0.00212751 -0.125989 0)
(-0.00559959 -0.120585 0)
(-0.0120144 -0.112642 0)
(-0.0173181 -0.103039 0)
(-0.0214904 -0.0923976 0)
(-0.0244848 -0.0810709 0)
(-0.0263141 -0.0691343 0)
(-0.027161 -0.0566995 0)
(-0.027463 -0.0441414 0)
(-0.0278583 -0.032101 0)
(-0.0288949 -0.0212925 0)
(-0.0307757 -0.0121014 0)
(-0.0332377 -0.00440859 0)
(-0.0355015 0.00222719 0)
(0.00513787 0.0410228 0)
(0.0170624 0.0267112 0)
(0.0271266 0.00332154 0)
(0.0349344 -0.0247379 0)
(0.0385229 -0.050656 0)
(0.037521 -0.071361 0)
(0.0320189 -0.0907842 0)
(0.0234501 -0.107878 0)
(0.0133425 -0.116394 0)
(0.00384777 -0.117226 0)
(-0.00433227 -0.113191 0)
(-0.0106787 -0.106665 0)
(-0.0157055 -0.0983676 0)
(-0.0194603 -0.088936 0)
(-0.0220481 -0.0787751 0)
(-0.0235319 -0.0679314 0)
(-0.0240096 -0.0563532 0)
(-0.023746 -0.0441801 0)
(-0.0232818 -0.0318829 0)
(-0.0233026 -0.0202956 0)
(-0.0243307 -0.0102565 0)
(-0.0263083 -0.00204662 0)
(-0.0283204 0.0046363 0)
(0.00533216 0.028841 0)
(0.0162912 0.0151819 0)
(0.026174 -0.00595122 0)
(0.0323534 -0.029887 0)
(0.0344679 -0.0516991 0)
(0.0331642 -0.0683048 0)
(0.028671 -0.0841107 0)
(0.0213149 -0.0986924 0)
(0.0122241 -0.106596 0)
(0.00350282 -0.108312 0)
(-0.00393151 -0.105879 0)
(-0.00961977 -0.100938 0)
(-0.0140257 -0.0940752 0)
(-0.0172014 -0.0859002 0)
(-0.0193178 -0.0768553 0)
(-0.0204889 -0.0670438 0)
(-0.0207687 -0.0563744 0)
(-0.0202497 -0.0448077 0)
(-0.0192545 -0.0325499 0)
(-0.0183969 -0.0203042 0)
(-0.0184424 -0.0092058 0)
(-0.0197069 -9.77797e-05 0)
(-0.0214055 0.00681209 0)
(0.00458178 0.0194998 0)
(0.0135465 0.00570781 0)
(0.0209776 -0.0132041 0)
(0.0246691 -0.033165 0)
(0.0251639 -0.05142 0)
(0.0237852 -0.0654745 0)
(0.0207514 -0.0787538 0)
(0.0155126 -0.0908686 0)
(0.00883053 -0.0979955 0)
(0.0023475 -0.100472 0)
(-0.00320158 -0.0994322 0)
(-0.00755411 -0.095868 0)
(-0.0109437 -0.0902852 0)
(-0.0133996 -0.0832299 0)
(-0.0150626 -0.0751377 0)
(-0.0160482 -0.0661921 0)
(-0.0163824 -0.0563702 0)
(-0.0160308 -0.0455669 0)
(-0.0150636 -0.0337255 0)
(-0.0138266 -0.0212015 0)
(-0.0130425 -0.00910402 0)
(-0.0135162 0.00108846 0)
(-0.0149 0.00851598 0)
(0.00298759 0.00938511 0)
(0.00809028 -0.0027639 0)
(0.0118243 -0.0182826 0)
(0.0134347 -0.0347891 0)
(0.0131147 -0.0506189 0)
(0.0121751 -0.0636896 0)
(0.0107138 -0.0756333 0)
(0.00799915 -0.0860064 0)
(0.00450346 -0.0926279 0)
(0.00111942 -0.0956146 0)
(-0.00181967 -0.0954311 0)
(-0.00420657 -0.0927193 0)
(-0.00610207 -0.0879377 0)
(-0.00752478 -0.0815776 0)
(-0.00855349 -0.0740437 0)
(-0.00926978 -0.0655755 0)
(-0.00969743 -0.0562605 0)
(-0.00977675 -0.0460676 0)
(-0.00941617 -0.0348677 0)
(-0.00864611 -0.0226422 0)
(-0.00786537 -0.00985004 0)
(-0.0079548 0.00211067 0)
(-0.00905006 0.010678 0)
(-0.10338 -0.0926203 0)
(-0.0676211 -0.0851713 0)
(-0.0519518 -0.0706202 0)
(-0.0181756 -0.0717843 0)
(-0.00219383 -0.0473237 0)
(-0.0423459 -0.0304028 0)
(-0.0702025 0.00391125 0)
(-0.113408 -0.00460192 0)
(-0.0412421 0.0261417 0)
(-0.0647524 0.0465072 0)
(-0.0770566 0.0632148 0)
(-0.0859508 0.0650409 0)
(0.0506673 0.0569313 0)
(0.0461994 0.0649566 0)
(0.0453422 0.0659426 0)
(0.0477014 0.0525607 0)
(0.142041 0.0430913 0)
(0.144371 0.0439498 0)
(0.151248 0.0456066 0)
(0.158572 0.0465794 0)
(0.198224 0.0571858 0)
(0.19399 0.0488752 0)
(0.190952 0.0427751 0)
(0.187739 0.0496557 0)
(0.275447 0.0541766 0)
(0.259459 0.0512719 0)
(0.239645 0.0484452 0)
(0.219069 0.054031 0)
(0.299058 0.10647 0)
(0.264158 0.113349 0)
(0.227261 0.11951 0)
(0.203213 0.109552 0)
(0.365274 0.204441 0)
(0.355527 0.206082 0)
(0.37082 0.196771 0)
(0.370262 0.149823 0)
(0.548533 0.170916 0)
(0.552795 0.142414 0)
(0.564125 0.12729 0)
(0.566024 0.125849 0)
(0.677616 0.213806 0)
(0.647665 0.164965 0)
(0.641298 0.146134 0)
(0.628244 0.12337 0)
(0.700704 0.216349 0)
(0.711935 0.220525 0)
(0.71422 0.172473 0)
(0.712449 0.107863 0)
(0.508075 0.184579 0)
(0.525987 0.175887 0)
(0.539484 0.153683 0)
(0.540104 0.132056 0)
(0.23273 0.144578 0)
(0.243695 0.139856 0)
(0.251066 0.135926 0)
(0.254317 0.135102 0)
(-0.00662613 0.133751 0)
(0.00351917 0.129807 0)
(0.0123609 0.131273 0)
(0.0227924 0.136849 0)
(-0.147533 0.100048 0)
(-0.134834 0.100978 0)
(-0.121781 0.104042 0)
(-0.106641 0.107708 0)
(-0.20228 0.0665594 0)
(-0.19108 0.0707796 0)
(-0.178965 0.0755528 0)
(-0.16516 0.0799157 0)
(-0.204041 0.0427893 0)
(-0.195947 0.0479676 0)
(-0.186928 0.053375 0)
(-0.176552 0.0584962 0)
(-0.185317 0.0275042 0)
(-0.180105 0.0326489 0)
(-0.174049 0.0380265 0)
(-0.166796 0.0432862 0)
(-0.165455 0.0180454 0)
(-0.162154 0.0226989 0)
(-0.158137 0.0275857 0)
(-0.153106 0.0324725 0)
(-0.15027 0.0121995 0)
(-0.148056 0.0163449 0)
(-0.145313 0.0206775 0)
(-0.141748 0.0250731 0)
(-0.139842 0.00795838 0)
(-0.138193 0.0117365 0)
(-0.136164 0.0156361 0)
(-0.133518 0.0196142 0)
(-0.13259 0.00462231 0)
(-0.131267 0.00817723 0)
(-0.129671 0.0117812 0)
(-0.127601 0.0154453 0)
(-0.127048 0.00179361 0)
(-0.125947 0.00522291 0)
(-0.124633 0.00864368 0)
(-0.122967 0.0120954 0)
(-0.122139 -0.000605435 0)
(-0.121235 0.00274758 0)
(-0.120169 0.00605035 0)
(-0.118824 0.00935403 0)
(-0.11724 -0.00254539 0)
(-0.11653 0.000753025 0)
(-0.115703 0.00396923 0)
(-0.114659 0.00715482 0)
(-0.112005 -0.00399375 0)
(-0.11151 -0.000734108 0)
(-0.110938 0.00240305 0)
(-0.110192 0.00548123 0)
(-0.106353 -0.00491722 0)
(-0.106085 -0.00169335 0)
(-0.105761 0.00136933 0)
(-0.105316 0.0043407 0)
(-0.1003 -0.0053052 0)
(-0.100258 -0.00211615 0)
(-0.100184 0.000872132 0)
(-0.100034 0.00373365 0)
(-0.0939309 -0.00516982 0)
(-0.0941047 -0.00201813 0)
(-0.0942633 0.000894134 0)
(-0.0943935 0.0036417 0)
(-0.0873132 -0.00454234 0)
(-0.0876839 -0.00142931 0)
(-0.0880532 0.00140472 0)
(-0.0884442 0.00403104 0)
(-0.0805096 -0.00346981 0)
(-0.0810578 -0.000406676 0)
(-0.0816115 0.0023449 0)
(-0.0822247 0.00484546 0)
(-0.0735492 -0.00200789 0)
(-0.0742222 0.00100028 0)
(-0.0749524 0.00365265 0)
(-0.0757447 0.00601833 0)
(-0.0664716 -0.000235144 0)
(-0.0672471 0.0027056 0)
(-0.0681037 0.00525532 0)
(-0.0690264 0.00747335 0)
(-0.0592522 0.00179062 0)
(-0.0601445 0.00462793 0)
(-0.0610691 0.00706497 0)
(-0.0620793 0.00912324 0)
(-0.0520023 0.00396005 0)
(-0.0529387 0.00668278 0)
(-0.0538891 0.0089906 0)
(-0.0549292 0.010876 0)
(-0.0447239 0.00617408 0)
(-0.0456536 0.00876211 0)
(-0.0465821 0.0109274 0)
(-0.047599 0.0126335 0)
(-0.0374236 0.00835644 0)
(-0.038304 0.010779 0)
(-0.0391734 0.0127812 0)
(-0.0401134 0.0143027 0)
(-0.030144 0.0104299 0)
(-0.0309421 0.0126569 0)
(-0.0317064 0.0144644 0)
(-0.0325198 0.0157975 0)
(-0.0229704 0.0122817 0)
(-0.023654 0.0142971 0)
(-0.0242771 0.0158804 0)
(-0.0249143 0.0170283 0)
(-0.0161299 0.0137214 0)
(-0.0166558 0.0155707 0)
(-0.0171069 0.0169368 0)
(-0.0175385 0.0179302 0)
(-0.00998605 0.0154123 0)
(-0.0104054 0.0169834 0)
(-0.0107543 0.0180189 0)
(-0.0110443 0.0187798 0)
(-0.0312131 -0.106208 0)
(-0.0635057 -0.0309569 0)
(-0.0561694 0.133526 0)
(-0.0560967 0.152337 0)
(-0.0692967 0.140129 0)
(-0.0785843 0.163325 0)
(-0.144167 0.097641 0)
(-0.184653 -0.0340008 0)
(-0.199377 -0.0223998 0)
(-0.176452 -0.00895792 0)
(-0.145945 -0.0256466 0)
(-0.136894 -0.0285302 0)
(-0.112089 -0.0269148 0)
(-0.124481 -0.0733047 0)
(-0.15774 -0.112336 0)
(-0.142513 -0.159382 0)
(-0.10741 -0.153248 0)
(-0.05322 -0.0401762 0)
(0.0704161 0.138975 0)
(-0.186424 -0.0431693 0)
(-0.212836 -0.00257912 0)
(-0.15684 0.0852488 0)
(-0.0992921 0.12323 0)
(-0.0798614 0.140378 0)
(-0.0651627 0.17007 0)
(-0.0836346 0.146907 0)
(-0.0845421 -0.00340041 0)
(-0.128808 -0.0379172 0)
(-0.109633 -0.031341 0)
(-0.0958406 -0.0183911 0)
(-0.118642 8.33076e-06 0)
(-0.152558 -0.0303791 0)
(-0.188599 -0.0510824 0)
(-0.196725 -0.11668 0)
(-0.192438 -0.174526 0)
(-0.184656 -0.180502 0)
(-0.167242 -0.114382 0)
(0.00224532 0.110547 0)
(-0.118145 0.00736314 0)
(-0.16183 -0.0347479 0)
(-0.15163 0.0132605 0)
(-0.113688 0.0824694 0)
(-0.0846731 0.123081 0)
(-0.0621449 0.153875 0)
(-0.040165 0.147399 0)
(-0.000606034 0.0110342 0)
(-0.0576139 -0.00617704 0)
(-0.104201 -0.0227151 0)
(-0.11155 -0.0214745 0)
(-0.0798129 0.0147125 0)
(-0.0815238 0.0292587 0)
(-0.150588 -0.0107391 0)
(-0.176913 -0.10433 0)
(-0.197559 -0.172947 0)
(-0.210774 -0.1918 0)
(-0.194054 -0.14697 0)
(-0.107558 -0.0378252 0)
(0.0480257 0.0339866 0)
(0.0159083 0.0340466 0)
(-0.0586607 0.0312086 0)
(-0.0867324 0.0635037 0)
(-0.0617582 0.0995757 0)
(-0.0423574 0.129429 0)
(-0.00237873 0.11169 0)
(0.0219074 0.0269899 0)
(-0.0435694 0.0478398 0)
(-0.0910634 0.0237956 0)
(-0.078847 -0.0413749 0)
(-0.049503 -0.0420998 0)
(-0.0509535 0.0494677 0)
(-0.0690161 0.0300993 0)
(-0.10685 -0.0637512 0)
(-0.139272 -0.157524 0)
(-0.157956 -0.202199 0)
(-0.150803 -0.199541 0)
(-0.0897342 -0.202109 0)
(0.155549 0.0493615 0)
(0.131192 0.0698178 0)
(0.0923111 0.0854595 0)
(0.0520376 0.0837001 0)
(0.0331521 0.0820793 0)
(0.0276876 0.0982389 0)
(0.0469802 0.081287 0)
(0.0402156 0.0485187 0)
(0.013044 0.0637551 0)
(0.0290556 0.021562 0)
(0.0283886 -0.0345235 0)
(0.00297919 -0.0334963 0)
(-0.0276397 0.0593918 0)
(0.00375389 0.0257111 0)
(-0.0131616 -0.0219923 0)
(-0.0357897 -0.122473 0)
(-0.0626586 -0.189651 0)
(-0.077214 -0.207389 0)
(-0.0342405 -0.281259 0)
(0.183078 0.0586038 0)
(0.17445 0.0864013 0)
(0.161216 0.106036 0)
(0.148784 0.104913 0)
(0.141201 0.0973142 0)
(0.136312 0.0943456 0)
(0.140162 0.0788314 0)
(0.137451 0.0693956 0)
(0.131987 0.0617293 0)
(0.129338 0.0252444 0)
(0.103848 -0.0150441 0)
(0.0624765 -0.00940269 0)
(0.0349395 0.0441655 0)
(0.0606437 0.0180974 0)
(0.0521958 -0.0195447 0)
(0.0473726 -0.100278 0)
(0.0170745 -0.157559 0)
(-0.022167 -0.200047 0)
(-0.00482161 -0.308631 0)
(0.19711 0.0586844 0)
(0.182859 0.088547 0)
(0.176406 0.110761 0)
(0.179529 0.108297 0)
(0.190088 0.102251 0)
(0.202312 0.0971685 0)
(0.21551 0.0855679 0)
(0.225625 0.0741157 0)
(0.229667 0.0629107 0)
(0.22534 0.0457623 0)
(0.201986 0.0304926 0)
(0.151433 0.0369152 0)
(0.113114 0.043577 0)
(0.109489 0.0139546 0)
(0.118051 -0.0182412 0)
(0.111961 -0.0805255 0)
(0.0748214 -0.13454 0)
(0.0244488 -0.178155 0)
(0.0157134 -0.307081 0)
(0.176591 0.0868947 0)
(0.175084 0.0948948 0)
(0.187011 0.101744 0)
(0.209832 0.0848278 0)
(0.227071 0.0773803 0)
(0.239349 0.0742566 0)
(0.255036 0.066039 0)
(0.271624 0.0598781 0)
(0.279041 0.0605628 0)
(0.272061 0.0580951 0)
(0.254249 0.0563738 0)
(0.226693 0.0718139 0)
(0.198084 0.0690697 0)
(0.177419 0.0304305 0)
(0.159014 -0.0259244 0)
(0.149094 -0.0610093 0)
(0.124679 -0.0914679 0)
(0.0663446 -0.138522 0)
(0.0346031 -0.274495 0)
(0.328489 0.130661 0)
(0.293795 0.0957392 0)
(0.265661 0.0939804 0)
(0.242337 0.0767162 0)
(0.223941 0.0747561 0)
(0.228644 0.0687223 0)
(0.258368 0.0555289 0)
(0.294188 0.0491769 0)
(0.314713 0.054654 0)
(0.32274 0.0571762 0)
(0.323789 0.0612344 0)
(0.301242 0.0833915 0)
(0.264412 0.0926283 0)
(0.227648 0.0600232 0)
(0.211538 -0.00526125 0)
(0.18053 -0.0507688 0)
(0.148155 -0.0617726 0)
(0.094105 -0.0856922 0)
(0.0497121 -0.215942 0)
(0.578553 0.165076 0)
(0.548658 0.135555 0)
(0.538569 0.128375 0)
(0.495419 0.125204 0)
(0.468175 0.101126 0)
(0.408713 0.0692603 0)
(0.247501 0.0164668 0)
(0.221068 0.00901217 0)
(0.221386 0.0430621 0)
(0.25994 0.0472095 0)
(0.274918 0.0721271 0)
(0.275326 0.105953 0)
(0.264037 0.113377 0)
(0.250846 0.0849956 0)
(0.228736 0.031281 0)
(0.189464 -0.00112266 0)
(0.131681 -0.0166852 0)
(0.084926 -0.0298666 0)
(0.0491322 -0.161002 0)
(0.641921 0.144663 0)
(0.689724 0.122626 0)
(0.712605 0.130682 0)
(0.747413 0.181284 0)
(0.636829 0.151402 0)
(0.572568 0.176935 0)
(0.569621 0.183314 0)
(0.508081 0.0724688 0)
(0.405466 0.078403 0)
(0.190448 -0.00462883 0)
(0.260503 0.0620929 0)
(0.259128 0.103314 0)
(0.148929 0.132827 0)
(0.126907 0.090957 0)
(0.0934005 0.060182 0)
(0.0691996 0.0257192 0)
(0.0491213 -0.00645751 0)
(0.0398395 -0.00703 0)
(0.036598 -0.108535 0)
(0.707364 0.143212 0)
(0.701704 0.0700883 0)
(0.680526 0.10121 0)
(0.672954 0.199331 0)
(0.663583 0.210727 0)
(0.656056 0.193597 0)
(0.634113 0.166906 0)
(0.600142 0.150679 0)
(0.569884 0.184174 0)
(0.513043 0.20597 0)
(0.441919 0.0413743 0)
(0.180476 0.188281 0)
(0.0158164 0.330509 0)
(-0.304503 0.139637 0)
(-0.0844713 0.0421309 0)
(-0.0284203 0.0218889 0)
(0.0150724 -0.00523746 0)
(0.0026765 -0.0223248 0)
(0.0263186 -0.0665339 0)
(0.531011 0.126189 0)
(0.515229 0.114868 0)
(0.48897 0.129072 0)
(0.488301 0.188916 0)
(0.49228 0.212935 0)
(0.498556 0.195938 0)
(0.496892 0.180126 0)
(0.48831 0.174214 0)
(0.484052 0.175154 0)
(0.470789 0.192489 0)
(0.41655 0.237413 0)
(0.268926 0.394027 0)
(0.18355 0.566789 0)
(-0.199729 0.26152 0)
(-0.226357 -0.13071 0)
(-0.0894873 -0.0661039 0)
(-0.0179313 -0.0281368 0)
(-0.0131835 -0.0315281 0)
(0.0121158 -0.080692 0)
(0.252513 0.144192 0)
(0.242459 0.137378 0)
(0.242964 0.147037 0)
(0.254621 0.178776 0)
(0.26696 0.185797 0)
(0.288962 0.174667 0)
(0.314726 0.162015 0)
(0.338882 0.16054 0)
(0.355461 0.172326 0)
(0.352859 0.21754 0)
(0.325931 0.3093 0)
(0.281822 0.446933 0)
(0.285144 0.633602 0)
(0.182134 0.61378 0)
(-0.358293 -0.130712 0)
(-0.225369 -0.183509 0)
(-0.0889737 -0.0750799 0)
(-0.0306229 -0.0352074 0)
(0.0109476 -0.0503038 0)
(0.0357289 0.137772 0)
(0.052973 0.129327 0)
(0.0718792 0.140186 0)
(0.096374 0.164688 0)
(0.116365 0.165904 0)
(0.140403 0.153133 0)
(0.163805 0.136321 0)
(0.192139 0.144309 0)
(0.212703 0.174613 0)
(0.219999 0.234717 0)
(0.228586 0.329191 0)
(0.247186 0.440976 0)
(0.302476 0.617633 0)
(0.381451 0.748859 0)
(0.112082 0.381434 0)
(-0.350397 -0.338026 0)
(-0.198754 -0.191682 0)
(-0.0749711 -0.122417 0)
(-0.00343164 -0.0686463 0)
(-0.0911731 0.109526 0)
(-0.0634731 0.108455 0)
(-0.0398601 0.118326 0)
(-0.00866749 0.13867 0)
(0.0218107 0.145406 0)
(0.0482064 0.136183 0)
(0.0582799 0.112965 0)
(0.0750578 0.118727 0)
(0.0984747 0.158801 0)
(0.11206 0.22223 0)
(0.145956 0.309715 0)
(0.198735 0.395541 0)
(0.285314 0.550718 0)
(0.449841 0.725817 0)
(0.382855 0.568443 0)
(0.342226 0.0717277 0)
(0.0693817 -0.464295 0)
(-0.0376385 -0.323035 0)
(0.00818074 -0.177102 0)
(-0.151383 0.0831459 0)
(-0.124062 0.0862649 0)
(-0.10124 0.0944071 0)
(-0.0732284 0.108043 0)
(-0.0427477 0.117634 0)
(-0.0135423 0.117891 0)
(0.00153162 0.105047 0)
(0.00610178 0.108828 0)
(0.0168396 0.147315 0)
(0.0305655 0.200653 0)
(0.0695073 0.264637 0)
(0.123291 0.316701 0)
(0.226025 0.430712 0)
(0.387375 0.634477 0)
(0.420926 0.546683 0)
(0.397254 0.199663 0)
(0.244108 -0.0209916 0)
(0.02249 -0.0975056 0)
(0.0306669 -0.0995889 0)
(-0.165976 0.0625662 0)
(-0.144182 0.0673624 0)
(-0.126087 0.0742432 0)
(-0.105268 0.0835473 0)
(-0.0821202 0.0919078 0)
(-0.05957 0.0970149 0)
(-0.045703 0.0970709 0)
(-0.0409274 0.105347 0)
(-0.0331143 0.135709 0)
(-0.0184265 0.176668 0)
(0.0131713 0.223369 0)
(0.0505143 0.250419 0)
(0.115587 0.305298 0)
(0.273425 0.513213 0)
(0.370261 0.513685 0)
(0.341088 0.261894 0)
(0.243365 0.0136932 0)
(0.124806 -0.0703812 0)
(0.0710363 -0.0756649 0)
(-0.159199 0.047742 0)
(-0.143308 0.053777 0)
(-0.129989 0.0602913 0)
(-0.115484 0.0675812 0)
(-0.0997149 0.0747979 0)
(-0.0841935 0.0814752 0)
(-0.0725396 0.0879653 0)
(-0.0652186 0.10052 0)
(-0.0567402 0.125257 0)
(-0.0433278 0.158581 0)
(-0.020965 0.196401 0)
(0.00317213 0.215514 0)
(0.0178972 0.226413 0)
(0.119651 0.384522 0)
(0.261794 0.463014 0)
(0.260337 0.300787 0)
(0.206632 0.104769 0)
(0.144068 0.0311779 0)
(0.0890582 0.0575952 0)
(-0.147658 0.0368388 0)
(-0.136204 0.0433948 0)
(-0.126315 0.0497328 0)
(-0.115908 0.056204 0)
(-0.104951 0.0629446 0)
(-0.0939944 0.0703003 0)
(-0.0842428 0.0793537 0)
(-0.0757816 0.0933729 0)
(-0.0663034 0.115262 0)
(-0.053571 0.144418 0)
(-0.0355616 0.178384 0)
(-0.016471 0.201406 0)
(-0.0195588 0.202021 0)
(0.00759993 0.286208 0)
(0.135362 0.403836 0)
(0.165356 0.313182 0)
(0.136731 0.142648 0)
(0.103068 0.0734744 0)
(0.0842509 0.140667 0)
(-0.137762 0.0291625 0)
(-0.129357 0.0357825 0)
(-0.121875 0.0419074 0)
(-0.114126 0.0479017 0)
(-0.106074 0.0542663 0)
(-0.0978246 0.0617169 0)
(-0.0895779 0.0714247 0)
(-0.0810462 0.0853333 0)
(-0.0710485 0.105172 0)
(-0.058306 0.131276 0)
(-0.0417027 0.162479 0)
(-0.0231229 0.190395 0)
(-0.0175346 0.20008 0)
(-0.0206501 0.238995 0)
(0.0530533 0.339226 0)
(0.103873 0.302437 0)
(0.0920527 0.159908 0)
(0.0575625 0.0861762 0)
(0.0672359 0.210263 0)
(-0.130491 0.0234177 0)
(-0.124142 0.0299607 0)
(-0.118407 0.035913 0)
(-0.112526 0.0416418 0)
(-0.106441 0.0477192 0)
(-0.100066 0.0549217 0)
(-0.0932158 0.0643197 0)
(-0.0853997 0.0772731 0)
(-0.0757321 0.0950177 0)
(-0.0632279 0.118176 0)
(-0.0471164 0.146377 0)
(-0.0280753 0.175636 0)
(-0.0123142 0.19755 0)
(-0.00849118 0.220121 0)
(0.0287299 0.285463 0)
(0.0788517 0.277316 0)
(0.0777956 0.175776 0)
(0.0232811 0.10179 0)
(0.0413731 0.256993 0)
(-0.125208 0.0189977 0)
(-0.12024 0.0254393 0)
(-0.115767 0.0312945 0)
(-0.111239 0.0368841 0)
(-0.106599 0.0427408 0)
(-0.10169 0.0495817 0)
(-0.0962104 0.0583017 0)
(-0.0896189 0.0699253 0)
(-0.0811114 0.0854296 0)
(-0.0697285 0.105525 0)
(-0.0546022 0.130272 0)
(-0.0357778 0.157847 0)
(-0.015911 0.183962 0)
(-0.00174824 0.208023 0)
(0.0259177 0.249826 0)
(0.0663474 0.255223 0)
(0.0809601 0.196258 0)
(0.0108004 0.129794 0)
(0.0116362 0.276358 0)
(-0.121024 0.0154584 0)
(-0.117034 0.021838 0)
(-0.113466 0.0276688 0)
(-0.109899 0.0332116 0)
(-0.106287 0.0389301 0)
(-0.102479 0.0454436 0)
(-0.0981889 0.0534761 0)
(-0.0929454 0.0638008 0)
(-0.0860535 0.0771779 0)
(-0.0766115 0.094276 0)
(-0.0636499 0.115398 0)
(-0.0466896 0.139806 0)
(-0.0266935 0.165391 0)
(-0.00754389 0.190393 0)
(0.0187137 0.222021 0)
(0.0496451 0.2363 0)
(0.073419 0.212886 0)
(0.0106579 0.170178 0)
(-0.00388962 0.279315 0)
(-0.117243 0.0125715 0)
(-0.114013 0.0189141 0)
(-0.111123 0.0247477 0)
(-0.108232 0.0302843 0)
(-0.10531 0.0359225 0)
(-0.10224 0.042192 0)
(-0.09881 0.0496842 0)
(-0.0946798 0.058988 0)
(-0.0893444 0.0706608 0)
(-0.0820909 0.0852222 0)
(-0.0720313 0.103042 0)
(-0.0583961 0.123977 0)
(-0.0411468 0.147063 0)
(-0.0218528 0.170799 0)
(0.00224069 0.196946 0)
(0.0264334 0.215895 0)
(0.051555 0.218439 0)
(0.0136613 0.210895 0)
(-0.0038654 0.278413 0)
(-0.113409 0.0102461 0)
(-0.110847 0.0165376 0)
(-0.108512 0.0223527 0)
(-0.106127 0.0278657 0)
(-0.10367 0.0334267 0)
(-0.101054 0.0395023 0)
(-0.0981393 0.0466024 0)
(-0.0947213 0.0552058 0)
(-0.0905096 0.0657212 0)
(-0.0850706 0.078494 0)
(-0.0777768 0.0937973 0)
(-0.0678886 0.111701 0)
(-0.0548711 0.131838 0)
(-0.0389338 0.153273 0)
(-0.0192098 0.176072 0)
(-0.00023266 0.196457 0)
(0.0233916 0.215805 0)
(0.0120351 0.232557 0)
(6.29569e-05 0.28256 0)
(-0.109266 0.00845099 0)
(-0.107345 0.0146562 0)
(-0.105521 0.0203987 0)
(-0.10357 0.0258276 0)
(-0.101463 0.0312612 0)
(-0.0991344 0.0371296 0)
(-0.0964886 0.0439058 0)
(-0.093418 0.0520285 0)
(-0.0898035 0.0618401 0)
(-0.0854807 0.0735676 0)
(-0.0801649 0.087335 0)
(-0.0733989 0.103154 0)
(-0.0646312 0.120839 0)
(-0.0535055 0.139873 0)
(-0.0395294 0.160137 0)
(-0.0249555 0.180671 0)
(-0.00593705 0.206286 0)
(0.000117205 0.235826 0)
(-0.00113481 0.285069 0)
(-0.104714 0.00718559 0)
(-0.103431 0.01326 0)
(-0.102109 0.0188625 0)
(-0.100575 0.0241258 0)
(-0.0987899 0.0293492 0)
(-0.096687 0.0349442 0)
(-0.0941922 0.0413771 0)
(-0.091245 0.0490954 0)
(-0.0878236 0.0584513 0)
(-0.0839455 0.0696463 0)
(-0.0796209 0.0827125 0)
(-0.0747644 0.0975247 0)
(-0.0691277 0.113811 0)
(-0.0623498 0.131154 0)
(-0.0539104 0.149367 0)
(-0.0441507 0.168687 0)
(-0.0303656 0.194177 0)
(-0.0182843 0.2277 0)
(-0.010047 0.281767 0)
(-0.0997519 0.00644737 0)
(-0.0990916 0.0123487 0)
(-0.0982689 0.0177464 0)
(-0.0971568 0.0227619 0)
(-0.0957031 0.0276836 0)
(-0.0938347 0.0329148 0)
(-0.091478 0.0389285 0)
(-0.0885819 0.0462051 0)
(-0.085153 0.0551532 0)
(-0.0812838 0.0660289 0)
(-0.0771497 0.0788733 0)
(-0.0729522 0.0934887 0)
(-0.0688155 0.109453 0)
(-0.0646862 0.126184 0)
(-0.0601956 0.143148 0)
(-0.0547261 0.160479 0)
(-0.0455667 0.183124 0)
(-0.0322231 0.214476 0)
(-0.0186599 0.264442 0)
(-0.0944148 0.00621817 0)
(-0.0943443 0.0119103 0)
(-0.0940007 0.0170495 0)
(-0.0933071 0.0217484 0)
(-0.0922019 0.0262889 0)
(-0.0906051 0.0310698 0)
(-0.0884363 0.036573 0)
(-0.0856321 0.0433145 0)
(-0.0821817 0.051773 0)
(-0.0781674 0.0623 0)
(-0.0737948 0.0750265 0)
(-0.0693862 0.0897883 0)
(-0.0653049 0.106089 0)
(-0.0618176 0.12312 0)
(-0.0589275 0.139842 0)
(-0.0560558 0.15555 0)
(-0.0503564 0.174436 0)
(-0.0378785 0.199973 0)
(-0.0227099 0.238086 0)
(-0.0887424 0.00646144 0)
(-0.0892047 0.0119129 0)
(-0.0892964 0.0167522 0)
(-0.088995 0.0210854 0)
(-0.0882391 0.0251904 0)
(-0.0869494 0.0294607 0)
(-0.085041 0.0343814 0)
(-0.0824329 0.0404934 0)
(-0.0790747 0.0483341 0)
(-0.0749894 0.0583531 0)
(-0.0703201 0.0708058 0)
(-0.0653629 0.0856396 0)
(-0.0605429 0.102393 0)
(-0.0563046 0.120127 0)
(-0.0529941 0.137386 0)
(-0.0506445 0.152556 0)
(-0.0468635 0.167895 0)
(-0.036196 0.186343 0)
(-0.0215759 0.210355 0)
(-0.0827619 0.00712096 0)
(-0.0836767 0.0123024 0)
(-0.0841356 0.0168107 0)
(-0.0841737 0.0207498 0)
(-0.0837426 0.0243958 0)
(-0.0827762 0.0281348 0)
(-0.0811958 0.0324444 0)
(-0.0789074 0.0378708 0)
(-0.0758181 0.0449851 0)
(-0.0718726 0.0543127 0)
(-0.0671077 0.0662296 0)
(-0.0617086 0.0808276 0)
(-0.0560336 0.0977625 0)
(-0.0505648 0.116106 0)
(-0.0458317 0.134214 0)
(-0.0423442 0.149862 0)
(-0.0388788 0.162815 0)
(-0.0303748 0.17494 0)
(-0.0174462 0.186288 0)
(-0.0764805 0.00812629 0)
(-0.0777537 0.0130065 0)
(-0.0784931 0.0171597 0)
(-0.0787958 0.0206946 0)
(-0.0786405 0.0238899 0)
(-0.0779891 0.027121 0)
(-0.076783 0.0308454 0)
(-0.0749267 0.0355907 0)
(-0.0722918 0.0419289 0)
(-0.0687459 0.050427 0)
(-0.0642086 0.0615565 0)
(-0.0587227 0.0755548 0)
(-0.0525142 0.0922411 0)
(-0.0459997 0.110809 0)
(-0.0397671 0.129636 0)
(-0.0345584 0.146209 0)
(-0.0302077 0.15832 0)
(-0.0234113 0.165999 0)
(-0.012702 0.16757 0)
(-0.0699092 0.00939642 0)
(-0.0714318 0.0139401 0)
(-0.0723524 0.0177183 0)
(-0.0728307 0.0208546 0)
(-0.0728851 0.0236362 0)
(-0.0725187 0.0264252 0)
(-0.0717061 0.0296452 0)
(-0.0703632 0.0337793 0)
(-0.0683384 0.0393657 0)
(-0.0654336 0.046973 0)
(-0.0614584 0.0571347 0)
(-0.0563105 0.0702181 0)
(-0.0500607 0.0862244 0)
(-0.0430034 0.104539 0)
(-0.0356892 0.123709 0)
(-0.0289685 0.141168 0)
(-0.0232885 0.15364 0)
(-0.0173254 0.159019 0)
(-0.00869454 0.153855 0)
(-0.0630572 0.0108416 0)
(-0.0647153 0.0150107 0)
(-0.0657136 0.0183979 0)
(-0.0662744 0.0211549 0)
(-0.0664662 0.0235843 0)
(-0.0663416 0.0260322 0)
(-0.0659162 0.0288743 0)
(-0.0651269 0.0325249 0)
(-0.0638131 0.0374536 0)
(-0.0617283 0.0441918 0)
(-0.05859 0.0532964 0)
(-0.0541627 0.0652388 0)
(-0.0483584 0.0802029 0)
(-0.0413257 0.0978103 0)
(-0.0335104 0.116853 0)
(-0.0257549 0.13493 0)
(-0.0187728 0.148299 0)
(-0.0129808 0.153142 0)
(-0.00586072 0.144018 0)
(-0.0559453 0.0123681 0)
(-0.0576208 0.0161242 0)
(-0.0585963 0.0191104 0)
(-0.0591535 0.0215212 0)
(-0.0594163 0.0236799 0)
(-0.0594876 0.0259117 0)
(-0.0594234 0.0285321 0)
(-0.0591845 0.0318657 0)
(-0.0586141 0.0362853 0)
(-0.05744 0.0422488 0)
(-0.0553145 0.0502978 0)
(-0.0518916 0.060973 0)
(-0.0469322 0.0746244 0)
(-0.0404179 0.0911299 0)
(-0.032656 0.109571 0)
(-0.0243995 0.127842 0)
(-0.0163974 0.142212 0)
(-0.0102961 0.147705 0)
(-0.00395677 0.136765 0)
(-0.0485965 0.0138807 0)
(-0.0501764 0.0171906 0)
(-0.0510403 0.0197763 0)
(-0.0515258 0.0218899 0)
(-0.0518124 0.0238754 0)
(-0.0520436 0.0260276 0)
(-0.0523038 0.0285904 0)
(-0.0525727 0.0317868 0)
(-0.0527071 0.0358755 0)
(-0.0524354 0.0412142 0)
(-0.0513802 0.0482907 0)
(-0.0491198 0.057673 0)
(-0.0452839 0.0698423 0)
(-0.0396768 0.0849211 0)
(-0.0324292 0.102318 0)
(-0.0241613 0.120292 0)
(-0.0155141 0.135433 0)
(-0.00885949 0.142219 0)
(-0.00268356 0.131099 0)
(-0.0410416 0.0152895 0)
(-0.0424249 0.0181304 0)
(-0.0431115 0.020334 0)
(-0.0434895 0.022219 0)
(-0.0437854 0.0241408 0)
(-0.0441619 0.0263473 0)
(-0.0447093 0.0290017 0)
(-0.0454146 0.032225 0)
(-0.0461538 0.0361611 0)
(-0.0466813 0.0410557 0)
(-0.0466318 0.0473108 0)
(-0.0455535 0.0554724 0)
(-0.0429827 0.0661012 0)
(-0.0385608 0.0795226 0)
(-0.0322094 0.0954802 0)
(-0.0243576 0.112659 0)
(-0.0154974 0.128129 0)
(-0.00826898 0.136371 0)
(-0.00183208 0.126343 0)
(-0.0333307 0.0165159 0)
(-0.0344418 0.0188846 0)
(-0.0349244 0.020751 0)
(-0.035208 0.0224999 0)
(-0.0355416 0.024474 0)
(-0.0360753 0.0268511 0)
(-0.0368788 0.0297104 0)
(-0.0379339 0.0330825 0)
(-0.0391362 0.0370153 0)
(-0.040286 0.0416475 0)
(-0.0410681 0.0472763 0)
(-0.0410537 0.0543782 0)
(-0.0397401 0.0635287 0)
(-0.0366481 0.0751908 0)
(-0.0314939 0.0894038 0)
(-0.0244623 0.105315 0)
(-0.0158415 0.120574 0)
(-0.00823179 0.130069 0)
(-0.00134377 0.122016 0)
(-0.0255702 0.0174908 0)
(-0.0263821 0.019422 0)
(-0.0266943 0.0210366 0)
(-0.0269547 0.0227659 0)
(-0.0273914 0.0249016 0)
(-0.028108 0.0275336 0)
(-0.0291364 0.0306603 0)
(-0.0304467 0.0342465 0)
(-0.0319531 0.0382736 0)
(-0.0335095 0.042795 0)
(-0.0348751 0.0480017 0)
(-0.0356884 0.0542672 0)
(-0.0354713 0.0621161 0)
(-0.0336918 0.0720691 0)
(-0.0299091 0.0843846 0)
(-0.0240504 0.0986432 0)
(-0.0161527 0.113136 0)
(-0.00851236 0.123407 0)
(-0.00119252 0.117764 0)
(-0.0180125 0.0182035 0)
(-0.0185754 0.0197883 0)
(-0.0188151 0.0212733 0)
(-0.0191574 0.0230979 0)
(-0.0197551 0.0254612 0)
(-0.0206561 0.0283723 0)
(-0.0218563 0.0317635 0)
(-0.0233165 0.0355649 0)
(-0.0249696 0.039722 0)
(-0.0267184 0.0442318 0)
(-0.0283963 0.0491977 0)
(-0.0297335 0.0548818 0)
(-0.0303271 0.0617081 0)
(-0.0296685 0.0701734 0)
(-0.0272437 0.0806595 0)
(-0.0227858 0.09309 0)
(-0.0160548 0.106364 0)
(-0.00887192 0.116784 0)
(-0.00135746 0.113429 0)
(-0.01136 0.0189068 0)
(-0.0117692 0.0202649 0)
(-0.012032 0.0218037 0)
(-0.0125026 0.0239239 0)
(-0.0132323 0.0266631 0)
(-0.0142394 0.0299497 0)
(-0.0155031 0.0336737 0)
(-0.0169827 0.0377456 0)
(-0.0186274 0.0420903 0)
(-0.020372 0.0466597 0)
(-0.0221046 0.0514694 0)
(-0.0236428 0.0566385 0)
(-0.024682 0.0624268 0)
(-0.0247931 0.0692116 0)
(-0.0234804 0.077396 0)
(-0.0204126 0.0871828 0)
(-0.0151823 0.0982136 0)
(-0.00906738 0.107673 0)
(-0.0018066 0.106099 0)
)
;

boundaryField
{
    leftWall
    {
        type            noSlip;
    }
    rightWall
    {
        type            noSlip;
    }
    lowerWall
    {
        type            noSlip;
    }
    atmosphere
    {
        type            pressureInletOutletVelocity;
        value           nonuniform List<vector> 
46
(
(0.00298759 0.00938511 0)
(0 -0.0027639 0)
(0 -0.0182826 0)
(0 -0.0347891 0)
(0 -0.0506189 0)
(0 -0.0636896 0)
(0 -0.0756333 0)
(0 -0.0860064 0)
(0 -0.0926279 0)
(0 -0.0956146 0)
(0 -0.0954311 0)
(0 -0.0927193 0)
(0 -0.0879377 0)
(0 -0.0815776 0)
(0 -0.0740437 0)
(0 -0.0655755 0)
(0 -0.0562605 0)
(0 -0.0460676 0)
(0 -0.0348677 0)
(0 -0.0226422 0)
(0 -0.00985004 0)
(-0.0079548 0.00211067 0)
(-0.00905006 0.010678 0)
(-0.00998605 0.0154123 0)
(-0.0104054 0.0169834 0)
(-0.0107543 0.0180189 0)
(-0.0110443 0.0187798 0)
(-0.01136 0.0189068 0)
(-0.0117692 0.0202649 0)
(-0.012032 0.0218037 0)
(-0.0125026 0.0239239 0)
(-0.0132323 0.0266631 0)
(-0.0142394 0.0299497 0)
(-0.0155031 0.0336737 0)
(-0.0169827 0.0377456 0)
(-0.0186274 0.0420903 0)
(-0.020372 0.0466597 0)
(-0.0221046 0.0514694 0)
(-0.0236428 0.0566385 0)
(-0.024682 0.0624268 0)
(-0.0247931 0.0692116 0)
(-0.0234804 0.077396 0)
(-0.0204126 0.0871828 0)
(-0.0151823 0.0982136 0)
(-0.00906738 0.107673 0)
(-0.0018066 0.106099 0)
)
;
    }
    defaultFaces
    {
        type            empty;
    }
}


// ************************************************************************* //
