/*--------------------------------*- C++ -*----------------------------------*\
| =========                 |                                                 |
| \\      /  F ield         | OpenFOAM: The Open Source CFD Toolbox           |
|  \\    /   O peration     | Version:  2312                                  |
|   \\  /    A nd           | Website:  www.openfoam.com                      |
|    \\/     M anipulation  |                                                 |
\*---------------------------------------------------------------------------*/
FoamFile
{
    version     2.0;
    format      ascii;
    arch        "LSB;label=32;scalar=64";
    class       surfaceScalarField;
    location    "2.15";
    object      phi;
}
// * * * * * * * * * * * * * * * * * * * * * * * * * * * * * * * * * * * * * //

dimensions      [0 3 -1 0 0 0 0];

oriented        oriented;

internalField   nonuniform List<scalar> 
4432
(
3.58086e-06
-3.58085e-06
4.67803e-06
-1.09717e-06
5.10194e-06
-4.23905e-07
5.16896e-06
-6.70206e-08
5.0537e-06
1.1526e-07
4.783e-06
2.70704e-07
4.43058e-06
3.52418e-07
4.04525e-06
3.85334e-07
3.61954e-06
4.2571e-07
3.08404e-06
5.35504e-07
2.43527e-06
6.48773e-07
1.74922e-06
6.86047e-07
1.12161e-06
6.27613e-07
6.05742e-07
5.15873e-07
2.6244e-07
3.43303e-07
9.32964e-08
1.69144e-07
5.38224e-08
3.9475e-08
8.63588e-08
-3.25355e-08
1.23433e-07
-3.7073e-08
8.91628e-08
3.42713e-08
-3.60903e-08
1.25254e-07
-2.18338e-07
1.82249e-07
-2.18338e-07
2.30689e-06
-5.88774e-06
3.60742e-06
-2.3977e-06
4.30572e-06
-1.12221e-06
4.62687e-06
-3.88162e-07
4.64198e-06
1.00146e-07
4.42455e-06
4.88145e-07
4.09003e-06
6.86938e-07
3.7258e-06
7.49568e-07
3.34992e-06
8.01596e-07
2.81812e-06
1.06731e-06
2.18485e-06
1.28205e-06
1.50705e-06
1.36385e-06
8.77015e-07
1.25766e-06
3.57583e-07
1.03531e-06
9.48201e-09
6.91408e-07
-1.52869e-07
3.31499e-07
-1.55064e-07
4.16722e-08
-8.19409e-08
-1.05656e-07
-3.83052e-08
-8.07058e-08
-7.15031e-08
6.74725e-08
-2.33272e-07
2.87027e-07
-4.59685e-07
4.08665e-07
-6.78018e-07
1.47928e-06
-7.36702e-06
2.74606e-06
-3.66448e-06
3.56342e-06
-1.93957e-06
4.01282e-06
-8.3756e-07
4.12365e-06
-1.06865e-08
3.9525e-06
6.59295e-07
3.66473e-06
9.74709e-07
3.36304e-06
1.05126e-06
3.06541e-06
1.09924e-06
2.62443e-06
1.50829e-06
2.0354e-06
1.87108e-06
1.35638e-06
2.04287e-06
7.14738e-07
1.8993e-06
1.71816e-07
1.57823e-06
-1.86408e-07
1.04963e-06
-3.15673e-07
4.60765e-07
-2.43097e-07
-3.09025e-08
-8.66205e-08
-2.62132e-07
4.57362e-08
-2.13061e-07
5.69855e-08
5.62244e-08
-9.59397e-08
4.39954e-07
-3.03965e-07
6.16693e-07
-9.81983e-07
9.39212e-07
-8.30623e-06
2.0997e-06
-4.82496e-06
2.99398e-06
-2.83385e-06
3.54799e-06
-1.39157e-06
3.74969e-06
-2.12388e-07
3.6259e-06
7.83085e-07
3.38316e-06
1.21746e-06
3.22407e-06
1.21035e-06
3.06907e-06
1.25424e-06
2.62283e-06
1.95453e-06
1.96212e-06
2.5318e-06
1.25227e-06
2.75273e-06
5.85783e-07
2.56579e-06
2.54727e-08
2.13855e-06
-2.87862e-07
1.36297e-06
-2.88207e-07
4.61114e-07
-6.88478e-08
-2.50258e-07
2.39687e-07
-5.70663e-07
4.61063e-07
-4.34434e-07
5.2036e-07
-3.06983e-09
2.60104e-07
7.00213e-07
8.09876e-08
7.95811e-07
-9.00991e-07
9.81179e-07
-9.28741e-06
2.01038e-06
-5.85416e-06
2.83327e-06
-3.65673e-06
3.41706e-06
-1.97536e-06
3.69451e-06
-4.89836e-07
3.5473e-06
9.30299e-07
3.27107e-06
1.49369e-06
3.07696e-06
1.40446e-06
2.98797e-06
1.34324e-06
2.59288e-06
2.34962e-06
1.87454e-06
3.25014e-06
9.15835e-07
3.71144e-06
-3.42711e-08
3.5159e-06
-7.33801e-07
2.83808e-06
-1.04514e-06
1.67431e-06
-9.843e-07
4.00277e-07
-5.37439e-07
-6.9712e-07
1.38744e-07
-1.24685e-06
7.79855e-07
-1.07555e-06
1.01503e-06
-2.38251e-07
4.52127e-07
1.26312e-06
3.0329e-09
1.2449e-06
-8.97962e-07
1.41476e-06
-1.07022e-05
2.29846e-06
-6.73786e-06
2.96555e-06
-4.32382e-06
3.31443e-06
-2.32423e-06
3.38677e-06
-5.62175e-07
2.98862e-06
1.32845e-06
2.37828e-06
2.10403e-06
1.80554e-06
1.97721e-06
1.24186e-06
1.90692e-06
4.18815e-07
3.17267e-06
-4.00149e-07
4.06911e-06
-1.19777e-06
4.50906e-06
-2.33632e-06
4.65445e-06
-3.42817e-06
3.92994e-06
-4.196e-06
2.44215e-06
-4.44917e-06
6.53458e-07
-3.95201e-06
-1.19427e-06
-3.05208e-06
-2.14677e-06
-2.42496e-06
-1.70265e-06
-1.65544e-06
-1.00777e-06
-2.38989e-07
-1.53327e-07
1.0603e-06
-5.43853e-08
1.62344e-07
1.35039e-06
-1.20526e-05
1.98622e-06
-7.37369e-06
1.84721e-06
-4.18481e-06
1.0636e-06
-1.54061e-06
6.27813e-07
-1.26385e-07
6.41531e-07
1.31475e-06
1.15776e-06
1.58782e-06
1.0318e-06
2.10318e-06
-2.3072e-06
5.24594e-06
-1.00498e-05
1.09153e-05
-1.77125e-05
1.17318e-05
-2.3399e-05
1.01956e-05
-2.69244e-05
8.17985e-06
-2.85597e-05
5.5652e-06
-2.87466e-05
2.62914e-06
-2.72956e-05
-7.9757e-07
-2.45699e-05
-3.91993e-06
-2.11463e-05
-5.57039e-06
-1.77671e-05
-5.08182e-06
-1.42683e-05
-4.50648e-06
-8.51994e-06
-5.90173e-06
-1.4273e-06
-7.14702e-06
-1.26494e-06
8.90354e-07
-1.29429e-05
1.80252e-06
-8.28585e-06
3.23338e-06
-5.61567e-06
5.36317e-06
-3.67039e-06
4.60801e-06
6.28784e-07
-2.98108e-06
8.90386e-06
-1.11408e-05
9.74753e-06
-1.69328e-05
7.89528e-06
-2.13059e-05
9.61898e-06
-2.42091e-05
1.38185e-05
-2.73275e-05
1.48503e-05
-3.01192e-05
1.29873e-05
-3.1785e-05
9.84567e-06
-3.22158e-05
5.99597e-06
-3.13041e-05
1.7175e-06
-2.94995e-05
-2.60215e-06
-2.75287e-05
-5.89078e-06
-2.56818e-05
-7.41727e-06
-2.45219e-05
-6.24166e-06
-2.25998e-05
-6.42861e-06
-2.07459e-05
-7.75561e-06
-1.69055e-05
-1.09874e-05
-1.81705e-05
-1.23522e-06
1.23521e-06
1.69919e-06
-2.93441e-06
4.23826e-06
-2.53907e-06
4.72047e-06
-4.82212e-07
2.90553e-06
1.81494e-06
-5.99566e-07
3.5051e-06
-4.57827e-06
3.9787e-06
-8.1598e-06
3.58154e-06
-1.02047e-05
2.04489e-06
-1.05414e-05
3.36702e-07
-9.77328e-06
-7.68107e-07
-7.95708e-06
-1.8162e-06
-4.43515e-06
-3.52193e-06
2.09115e-07
-4.64426e-06
3.0491e-06
-2.83999e-06
3.54156e-06
-4.92458e-07
2.21477e-06
1.32679e-06
2.00191e-07
2.01458e-06
2.00193e-07
5.10312e-06
-3.86791e-06
9.05563e-06
-6.88693e-06
1.18794e-05
-5.36284e-06
1.33018e-05
-1.90463e-06
1.25206e-05
2.59615e-06
1.05084e-05
5.51729e-06
6.80677e-06
7.68033e-06
2.39649e-06
7.99182e-06
-2.06152e-06
6.5029e-06
-4.86275e-06
3.13793e-06
-4.61877e-06
-1.01208e-06
-9.93469e-07
-5.4415e-06
2.70025e-06
-7.21565e-06
5.08533e-06
-7.02935e-06
5.65253e-06
-3.40719e-06
4.82136e-06
3.38711e-07
2.9642e-06
3.18395e-06
1.81185e-06
3.16692e-06
2.01204e-06
7.2098e-06
-1.10777e-05
9.60837e-06
-9.28549e-06
1.27147e-05
-8.46916e-06
1.67736e-05
-5.96357e-06
1.87007e-05
6.69107e-07
1.91462e-05
5.07173e-06
1.75181e-05
9.30846e-06
1.40382e-05
1.14717e-05
9.23711e-06
1.1304e-05
5.90067e-06
6.47437e-06
5.90663e-06
-1.01804e-06
9.386e-06
-8.92086e-06
1.44132e-05
-1.22428e-05
1.62826e-05
-8.89879e-06
1.57929e-05
-2.91751e-06
1.22169e-05
3.91479e-06
1.00024e-05
5.39839e-06
1.37102e-05
-5.40872e-07
1.57223e-05
4.96936e-06
-1.60471e-05
6.74044e-06
-1.10566e-05
6.89673e-06
-8.62546e-06
1.0531e-05
-9.5979e-06
1.51266e-05
-3.9265e-06
1.90627e-05
1.13569e-06
2.17278e-05
6.64331e-06
2.07972e-05
1.24023e-05
1.88732e-05
1.3228e-05
1.62354e-05
9.11215e-06
1.44003e-05
8.17086e-07
1.50849e-05
-9.60543e-06
1.79323e-05
-1.50903e-05
1.71018e-05
-8.06828e-06
1.15617e-05
2.62256e-06
-1.8699e-06
1.73464e-05
-1.14774e-07
3.64325e-06
1.20495e-05
-1.27052e-05
2.77718e-05
2.52494e-06
-1.8572e-05
4.94842e-06
-1.34801e-05
5.22346e-06
-8.90049e-06
6.35895e-06
-1.07334e-05
9.46177e-06
-7.02931e-06
1.2678e-05
-2.08056e-06
1.57954e-05
3.52589e-06
1.75265e-05
1.06713e-05
2.00803e-05
1.06741e-05
2.2058e-05
7.13448e-06
1.87675e-05
4.10759e-06
1.71651e-05
-8.00306e-06
1.34263e-05
-1.13514e-05
6.84102e-06
-1.483e-06
-5.18823e-06
1.46518e-05
-7.69479e-06
1.98529e-05
1.47728e-07
-4.19927e-06
7.07069e-06
-1.96282e-05
3.48425e-05
2.32319e-06
-2.08953e-05
3.50986e-06
-1.46668e-05
3.46525e-06
-8.8559e-06
3.98459e-06
-1.12527e-05
5.59559e-06
-8.64031e-06
7.98692e-06
-4.4719e-06
1.14072e-05
1.05639e-07
1.13994e-05
1.06791e-05
1.43938e-05
7.6797e-06
1.72635e-05
4.26486e-06
1.3343e-05
8.02805e-06
4.49891e-06
8.41009e-07
-2.82502e-06
-4.02751e-06
-1.16482e-05
7.34021e-06
-1.62751e-05
1.92787e-05
-6.10928e-06
9.68706e-06
1.14956e-06
-1.14581e-05
3.08775e-06
-2.15664e-05
3.79302e-05
-3.65815e-06
-1.72371e-05
-5.62838e-06
-1.26965e-05
-6.83537e-06
-7.64892e-06
-6.54133e-06
-1.15468e-05
-2.90677e-06
-1.22749e-05
3.69466e-06
-1.10733e-05
1.29772e-05
-9.17687e-06
1.07064e-05
1.29498e-05
6.08007e-06
1.23061e-05
5.8648e-06
4.48012e-06
-1.10147e-06
1.49943e-05
-1.0053e-05
9.79253e-06
-1.62788e-05
2.19823e-06
-2.09231e-05
1.19845e-05
-1.61171e-05
1.44727e-05
-3.58044e-06
-2.84965e-06
-8.92039e-07
-1.41465e-05
5.77412e-07
-2.30358e-05
3.85076e-05
-1.41161e-05
-3.12108e-06
-1.94177e-05
-7.39486e-06
-1.79629e-05
-9.10376e-06
-1.5935e-05
-1.35746e-05
-1.24461e-05
-1.57638e-05
-7.2512e-06
-1.62682e-05
3.23969e-07
-1.6752e-05
3.37852e-06
9.8952e-06
-5.94801e-06
2.16326e-05
-1.29704e-05
1.15025e-05
-1.57975e-05
1.78214e-05
-1.74619e-05
1.14569e-05
-2.00796e-05
4.81595e-06
-1.90392e-05
1.09442e-05
-1.1762e-05
7.19547e-06
-3.5729e-06
-1.10388e-05
-3.58379e-06
-1.41357e-05
-1.11278e-06
-2.55068e-05
3.73948e-05
6.60714e-06
-1.955e-05
1.14956e-05
-1.31743e-05
7.23461e-06
-1.35467e-06
-2.30903e-06
5.87326e-06
-1.14691e-05
9.7889e-06
-1.80527e-05
1.54874e-05
-2.67814e-05
1.84763e-05
-3.70056e-05
1.81195e-05
-4.5573e-05
1.81865e-05
-5.14359e-05
1.96814e-05
-5.62356e-05
1.965e-05
-6.01868e-05
1.69385e-05
-6.27706e-05
1.24296e-05
-6.39496e-05
7.17497e-06
-6.43315e-05
2.09935e-06
-6.44063e-05
-2.52729e-06
-6.49777e-05
-5.31944e-06
-6.7013e-05
-5.38187e-06
-7.00707e-05
-3.18405e-06
-7.03464e-05
-6.15282e-06
-6.8427e-05
-9.67508e-06
-6.54826e-05
-1.39317e-05
-1.50799e-05
-6.85731e-05
-8.88957e-06
-1.06605e-05
-8.02697e-06
-1.40369e-05
-7.10481e-06
-2.27682e-06
-5.84505e-06
4.61351e-06
-6.43366e-06
1.03775e-05
-8.71834e-06
1.77721e-05
-1.41086e-05
2.38665e-05
-2.28288e-05
2.68397e-05
-3.15992e-05
2.69569e-05
-3.81951e-05
2.62773e-05
-4.40942e-05
2.55491e-05
-4.99742e-05
2.28185e-05
-5.60411e-05
1.84964e-05
-6.2148e-05
1.3282e-05
-6.70935e-05
7.04477e-06
-7.1083e-05
1.46225e-06
-7.51812e-05
-1.22126e-06
-7.90256e-05
-1.5374e-06
-7.97013e-05
-2.50834e-06
-7.78853e-05
-7.96884e-06
-7.51298e-05
-1.24305e-05
-7.42469e-05
-1.48147e-05
-1.51302e-05
-7.41966e-05
7.38643e-06
-1.80469e-05
8.34566e-06
-1.49961e-05
1.14423e-05
-5.37346e-06
1.34338e-05
2.62202e-06
1.18744e-05
1.19369e-05
8.25965e-06
2.13868e-05
3.34745e-06
2.87787e-05
-3.78498e-06
3.39721e-05
-1.26651e-05
3.5837e-05
-2.1094e-05
3.47062e-05
-2.91929e-05
3.3648e-05
-3.89586e-05
3.25842e-05
-5.14404e-05
3.09783e-05
-6.42292e-05
2.60708e-05
-7.36325e-05
1.6448e-05
-7.91794e-05
7.00924e-06
-8.21953e-05
1.79456e-06
-8.17867e-05
-1.94597e-06
-7.74255e-05
-6.86949e-06
-7.31433e-05
-1.22511e-05
-7.11386e-05
-1.44352e-05
-7.12628e-05
-1.46905e-05
-1.58864e-05
-7.05065e-05
3.19791e-05
-5.0026e-05
4.0527e-05
-2.35441e-05
4.28535e-05
-7.69993e-06
3.98087e-05
5.6668e-06
3.48798e-05
1.68658e-05
2.87796e-05
2.7487e-05
2.17241e-05
3.58342e-05
1.25936e-05
4.31027e-05
2.47321e-06
4.59573e-05
-6.14672e-06
4.33261e-05
-1.35135e-05
4.10148e-05
-2.22182e-05
4.12889e-05
-3.36906e-05
4.24507e-05
-4.61252e-05
3.85054e-05
-5.8596e-05
2.89189e-05
-6.89679e-05
1.73811e-05
-7.45131e-05
7.33981e-06
-7.40367e-05
-2.42238e-06
-6.95971e-05
-1.13091e-05
-6.56293e-05
-1.62188e-05
-6.40631e-05
-1.60014e-05
-6.33079e-05
-1.54457e-05
-1.66709e-05
-6.25234e-05
3.29382e-05
-8.29642e-05
4.61874e-05
-3.67932e-05
5.15118e-05
-1.30242e-05
5.5412e-05
1.76654e-06
5.27614e-05
1.95164e-05
4.6596e-05
3.36524e-05
3.91638e-05
4.32665e-05
2.63509e-05
5.59156e-05
1.14716e-05
6.08366e-05
-5.33992e-07
5.53318e-05
-9.64095e-06
5.01217e-05
-1.69922e-05
4.86401e-05
-2.19152e-05
4.73737e-05
-2.63587e-05
4.29489e-05
-3.3142e-05
3.57022e-05
-4.32158e-05
2.74549e-05
-5.27317e-05
1.68557e-05
-5.79119e-05
2.75777e-06
-5.8693e-05
-1.0528e-05
-5.76676e-05
-1.72442e-05
-5.5769e-05
-1.79e-05
-5.26858e-05
-1.85289e-05
-1.87159e-05
-5.06408e-05
2.79661e-05
-0.00011093
4.41743e-05
-5.30014e-05
5.49388e-05
-2.37887e-05
5.77025e-05
-9.97185e-07
5.2206e-05
2.5013e-05
3.63664e-05
4.94921e-05
2.20068e-05
5.76261e-05
6.2765e-06
7.16459e-05
-9.68239e-06
7.67955e-05
-1.88923e-05
6.45417e-05
-2.24268e-05
5.36562e-05
-2.36579e-05
4.98712e-05
-2.37095e-05
4.74253e-05
-2.36734e-05
4.29127e-05
-2.4734e-05
3.67628e-05
-2.6288e-05
2.90088e-05
-2.86324e-05
1.92002e-05
-3.34867e-05
7.61209e-06
-3.96523e-05
-4.36248e-06
-4.44321e-05
-1.24644e-05
-4.50034e-05
-1.73287e-05
-4.41971e-05
-1.93352e-05
-1.95751e-05
-4.33379e-05
-6.72249e-06
-0.000104208
-9.50208e-06
-5.02219e-05
-2.22059e-05
-1.10849e-05
-3.13118e-05
8.10877e-06
-3.14486e-05
2.51496e-05
-3.03749e-05
4.84184e-05
-3.58347e-05
6.30859e-05
-4.27399e-05
7.85512e-05
-4.54548e-05
7.95104e-05
-4.51907e-05
6.42776e-05
-4.44029e-05
5.28684e-05
-4.15569e-05
4.70252e-05
-3.77879e-05
4.36563e-05
-3.44794e-05
3.96043e-05
-3.17574e-05
3.40408e-05
-2.93987e-05
2.66501e-05
-2.76771e-05
1.74786e-05
-2.79954e-05
7.93045e-06
-3.11457e-05
-1.21215e-06
-3.42435e-05
-9.36658e-06
-3.57211e-05
-1.58511e-05
-3.61211e-05
-1.89352e-05
-1.97012e-05
-3.59949e-05
-7.65798e-05
-2.76279e-05
-0.000127138
3.36273e-07
-0.000148096
9.87327e-06
-0.000154715
1.47273e-05
-0.000155046
2.5481e-05
-0.00014824
4.16125e-05
-0.000138465
5.33111e-05
-0.00012058
6.06661e-05
-9.93307e-05
5.82608e-05
-8.4535e-05
4.94819e-05
-7.46142e-05
4.29476e-05
-6.69721e-05
3.93831e-05
-5.98684e-05
3.65526e-05
-5.3286e-05
3.30218e-05
-4.72475e-05
2.80023e-05
-4.16847e-05
2.10872e-05
-3.71414e-05
1.29354e-05
-3.39932e-05
4.78229e-06
-3.26892e-05
-2.51617e-06
-3.28882e-05
-9.16751e-06
-3.31194e-05
-1.562e-05
-3.21002e-05
-1.99544e-05
-1.94839e-05
-3.23174e-05
-9.06538e-05
6.30259e-05
-0.000147429
5.71113e-05
-0.000183832
4.62765e-05
-0.000202849
3.37445e-05
-0.000205296
2.79281e-05
-0.000193796
3.01126e-05
-0.00017509
3.46046e-05
-0.000152704
3.82808e-05
-0.000132956
3.85126e-05
-0.000118382
3.49077e-05
-0.000106684
3.12494e-05
-9.58889e-05
2.85885e-05
-8.52709e-05
2.59345e-05
-7.52252e-05
2.29762e-05
-6.6113e-05
1.88901e-05
-5.77277e-05
1.27019e-05
-5.0742e-05
5.94964e-06
-4.56866e-05
-2.73127e-07
-4.19291e-05
-6.27368e-06
-4.03608e-05
-1.07358e-05
-3.79221e-05
-1.80587e-05
-2.98853e-05
-2.79911e-05
-2.11766e-05
-2.81927e-05
-7.3813e-05
0.000136839
-0.000134082
0.00011738
-0.000188315
0.00010051
-0.000218312
6.37413e-05
-0.000220338
2.99536e-05
-0.000211617
2.13919e-05
-0.000198328
2.13158e-05
-0.00018255
2.25029e-05
-0.000167303
2.3265e-05
-0.00015245
2.00546e-05
-0.00013796
1.67596e-05
-0.000124083
1.47122e-05
-0.000110151
1.20025e-05
-9.71743e-05
9.99902e-06
-8.6704e-05
8.41977e-06
-7.72065e-05
3.20446e-06
-6.93484e-05
-1.9085e-06
-6.43489e-05
-5.27264e-06
-5.61461e-05
-1.44762e-05
-4.9078e-05
-1.78037e-05
-4.28368e-05
-2.42994e-05
-6.68324e-06
-6.41443e-05
-4.70316e-05
1.91727e-05
-4.33975e-05
0.000180236
-8.15792e-05
0.000155562
-0.000167779
0.00018671
-0.000218623
0.000114585
-0.000224263
3.55914e-05
-0.00021993
1.70564e-05
-0.00021315
1.45353e-05
-0.000200001
9.3529e-06
-0.000184911
8.17357e-06
-0.000170655
5.79789e-06
-0.000156032
2.137e-06
-0.000142039
7.19132e-07
-0.000127262
-2.77272e-06
-0.000110717
-6.54548e-06
-9.47391e-05
-7.55644e-06
-7.54056e-05
-1.61271e-05
-4.06982e-05
-3.66157e-05
-1.19833e-05
-3.39874e-05
-1.07962e-05
-1.56628e-05
-2.19003e-05
-6.6992e-06
-3.4444e-05
-1.17553e-05
-6.47006e-05
-3.38867e-05
-3.30051e-05
-7.8726e-05
-2.02416e-05
0.000200478
-1.0182e-05
0.000145502
-7.4846e-05
0.000251373
-0.000128816
0.000168554
-0.000166045
7.28205e-05
-0.000191942
4.29521e-05
-0.000201112
2.37039e-05
-0.000199382
7.6223e-06
-0.000192669
1.46083e-06
-0.000183636
-3.23549e-06
-0.000172568
-8.92944e-06
-0.000168215
-3.63392e-06
-0.000161425
-9.56355e-06
-0.000152991
-1.49791e-05
-0.000147518
-1.30293e-05
-0.000137874
-2.57712e-05
-0.000134654
-3.98348e-05
-0.000132236
-3.64051e-05
-0.000124092
-2.38062e-05
-0.000111831
-1.89597e-05
-9.95315e-05
-2.40547e-05
-0.000101868
-3.15499e-05
-2.88116e-05
-0.00010606
-8.41802e-06
0.000208896
-1.14919e-05
0.000148574
-2.52577e-05
0.000265137
-7.14808e-05
0.000214777
-0.000113801
0.000115141
-0.000142959
7.21112e-05
-0.000159514
4.02581e-05
-0.000167294
1.54017e-05
-0.00016428
-1.55177e-06
-0.000154692
-1.28241e-05
-0.000145015
-1.86055e-05
-0.000127754
-2.08942e-05
-0.000114088
-2.32324e-05
-0.000104162
-2.49058e-05
-9.1106e-05
-2.60853e-05
-8.62124e-05
-3.06665e-05
-8.98271e-05
-3.62198e-05
-9.13568e-05
-3.4875e-05
-8.63781e-05
-2.87846e-05
-7.99663e-05
-2.53713e-05
-7.43413e-05
-2.96795e-05
-7.14253e-05
-3.44651e-05
-3.32306e-05
-6.70057e-05
-8.50065e-07
0.000209746
3.672e-07
0.000147352
-1.28752e-05
0.000278379
-3.65154e-05
0.000238421
-6.65438e-05
0.000145169
-8.42313e-05
8.97978e-05
-8.59592e-05
4.19851e-05
-7.77612e-05
7.20268e-06
-6.78424e-05
-1.14715e-05
-6.2103e-05
-1.85642e-05
-5.80596e-05
-2.26493e-05
-5.47171e-05
-2.4237e-05
-5.22236e-05
-2.5726e-05
-5.0716e-05
-2.64133e-05
-5.00437e-05
-2.67575e-05
-5.0689e-05
-3.00209e-05
-5.25408e-05
-3.43678e-05
-5.24296e-05
-3.49861e-05
-4.88131e-05
-3.2401e-05
-4.45149e-05
-2.96696e-05
-4.27696e-05
-3.14246e-05
-4.41741e-05
-3.30608e-05
-3.34613e-05
-4.39424e-05
-3.83504e-06
0.000213581
-7.95132e-06
0.000151468
-1.73155e-05
0.000287742
-2.1534e-05
0.000242639
-3.88305e-05
0.000162465
-4.14418e-05
9.24083e-05
-3.3466e-05
3.40084e-05
-2.6226e-05
-3.80068e-08
-1.80072e-05
-1.96909e-05
-1.05539e-05
-2.60181e-05
-5.37315e-06
-2.78305e-05
-1.93854e-06
-2.76719e-05
-3.46571e-07
-2.73183e-05
-1.10206e-06
-2.56581e-05
-3.59286e-06
-2.42669e-05
-7.85263e-06
-2.57613e-05
-1.35853e-05
-2.86353e-05
-1.80266e-05
-3.05449e-05
-1.93819e-05
-3.10459e-05
-1.83459e-05
-3.07059e-05
-1.78864e-05
-3.18843e-05
-1.87257e-05
-3.2221e-05
-3.22753e-05
-1.99112e-05
-1.12604e-05
0.000224841
-1.08844e-05
0.000151093
-4.33631e-06
0.000281194
-1.36548e-05
0.000251956
-1.8508e-05
0.000167318
-1.11013e-05
8.50012e-05
-1.54133e-06
2.4448e-05
6.92054e-06
-8.50023e-06
1.24292e-05
-2.51999e-05
1.717e-05
-3.07593e-05
2.03671e-05
-3.10279e-05
2.23823e-05
-2.96875e-05
2.33181e-05
-2.82544e-05
2.33992e-05
-2.57396e-05
2.22568e-05
-2.31249e-05
1.95209e-05
-2.30257e-05
1.52722e-05
-2.43869e-05
1.07209e-05
-2.59939e-05
7.04061e-06
-2.7366e-05
4.83344e-06
-2.84991e-05
2.76104e-06
-2.98121e-05
1.29853e-06
-3.0759e-05
-3.12306e-05
2.5452e-07
-1.53943e-05
0.000240235
-9.82692e-06
0.000145525
-4.57365e-06
0.000275941
-1.20641e-05
0.000259447
-3.56728e-06
0.000158821
1.07229e-05
7.0711e-05
1.96317e-05
1.55392e-05
2.68685e-05
-1.57371e-05
3.11029e-05
-2.94344e-05
3.35472e-05
-3.32037e-05
3.48206e-05
-3.23016e-05
3.51105e-05
-2.99776e-05
3.45213e-05
-2.76656e-05
3.37439e-05
-2.49625e-05
3.31317e-05
-2.2513e-05
3.16565e-05
-2.15508e-05
2.91872e-05
-2.19179e-05
2.61743e-05
-2.29812e-05
2.31442e-05
-2.43362e-05
2.04388e-05
-2.57942e-05
1.79428e-05
-2.73164e-05
1.58847e-05
-2.87008e-05
-2.97522e-05
1.44065e-05
-1.5844e-05
0.000256078
-3.9589e-05
0.00016927
-1.8693e-05
0.000255046
-1.06892e-05
0.000251444
1.18034e-05
0.000136329
2.74924e-05
5.50223e-05
3.67991e-05
6.23267e-06
4.13185e-05
-2.02565e-05
4.27019e-05
-3.08177e-05
4.236e-05
-3.28619e-05
4.12959e-05
-3.12376e-05
3.99492e-05
-2.86311e-05
3.84155e-05
-2.6132e-05
3.71905e-05
-2.37377e-05
3.63369e-05
-2.16597e-05
3.52737e-05
-2.04879e-05
3.37191e-05
-2.03637e-05
3.17692e-05
-2.10316e-05
2.96463e-05
-2.22136e-05
2.75356e-05
-2.36839e-05
2.54964e-05
-2.52774e-05
2.36218e-05
-2.68268e-05
-2.81818e-05
2.20517e-05
-2.7055e-05
0.000283134
-6.67738e-05
0.000208987
-4.33116e-05
0.000231585
-5.07509e-06
0.000213209
2.40199e-05
0.000107234
4.04027e-05
3.86399e-05
4.82458e-05
-1.61014e-06
4.98349e-05
-2.18454e-05
4.8222e-05
-2.92047e-05
4.53551e-05
-2.99949e-05
4.24185e-05
-2.83011e-05
3.99123e-05
-2.6125e-05
3.78584e-05
-2.40782e-05
3.62905e-05
-2.21699e-05
3.51689e-05
-2.05383e-05
3.41976e-05
-1.95168e-05
3.3136e-05
-1.93023e-05
3.19227e-05
-1.98185e-05
3.05828e-05
-2.0874e-05
2.91617e-05
-2.2263e-05
2.76912e-05
-2.38073e-05
2.62165e-05
-2.53521e-05
-2.67785e-05
2.48132e-05
-2.66134e-05
0.000309747
-5.89601e-05
0.000241334
-4.0072e-05
0.000212697
7.61328e-06
0.000165524
3.56849e-05
7.91628e-05
4.97602e-05
2.4565e-05
5.43742e-05
-6.22374e-06
5.30797e-05
-2.05507e-05
4.90536e-05
-2.51784e-05
4.44445e-05
-2.53857e-05
4.03802e-05
-2.42367e-05
3.71816e-05
-2.29264e-05
3.47691e-05
-2.16658e-05
3.30288e-05
-2.04296e-05
3.18362e-05
-1.93458e-05
3.09968e-05
-1.86775e-05
3.03008e-05
-1.86064e-05
2.96069e-05
-1.91248e-05
2.88393e-05
-2.01065e-05
2.79627e-05
-2.13868e-05
2.69674e-05
-2.28123e-05
2.58691e-05
-2.42542e-05
-2.56193e-05
2.471e-05
-1.92424e-05
0.00032899
-4.39617e-05
0.000266054
-2.29973e-05
0.000191732
2.12079e-05
0.000121319
4.48261e-05
5.55448e-05
5.50715e-05
1.43199e-05
5.62831e-05
-7.43508e-06
5.24674e-05
-1.67346e-05
4.68736e-05
-1.95845e-05
4.14587e-05
-1.99706e-05
3.70225e-05
-1.98005e-05
3.36419e-05
-1.95457e-05
3.11495e-05
-1.91733e-05
2.93993e-05
-1.86795e-05
2.82579e-05
-1.82044e-05
2.75589e-05
-1.79786e-05
2.70984e-05
-1.81459e-05
2.67098e-05
-1.87363e-05
2.62733e-05
-1.96702e-05
2.57206e-05
-2.08342e-05
2.50227e-05
-2.21147e-05
2.41819e-05
-2.34135e-05
-2.46611e-05
2.32236e-05
-1.71761e-06
0.000330709
-1.80532e-05
0.000282389
-1.44012e-07
0.000173821
3.31874e-05
8.79878e-05
5.15671e-05
3.71652e-05
5.73876e-05
8.49973e-06
5.53309e-05
-5.37809e-06
4.96965e-05
-1.11e-05
4.34131e-05
-1.33009e-05
3.79524e-05
-1.45098e-05
3.36728e-05
-1.55207e-05
3.04572e-05
-1.63301e-05
2.81027e-05
-1.68188e-05
2.64652e-05
-1.70419e-05
2.54163e-05
-1.71555e-05
2.47948e-05
-1.73572e-05
2.44193e-05
-1.77705e-05
2.41263e-05
-1.84433e-05
2.37992e-05
-1.93432e-05
2.3365e-05
-2.04002e-05
2.27915e-05
-2.15414e-05
2.20753e-05
-2.26974e-05
-2.38204e-05
2.12344e-05
5.12291e-06
0.000325587
8.26729e-06
0.000279245
2.68806e-05
0.000155208
4.78268e-05
6.70415e-05
5.76501e-05
2.73419e-05
5.79713e-05
8.17884e-06
5.29735e-05
-3.80023e-07
4.61322e-05
-4.25855e-06
3.98627e-05
-7.03118e-06
3.48e-05
-9.44694e-06
3.09324e-05
-1.1653e-05
2.80344e-05
-1.34321e-05
2.59233e-05
-1.47076e-05
2.44379e-05
-1.55565e-05
2.34589e-05
-1.61765e-05
2.28344e-05
-1.67328e-05
2.24195e-05
-1.73556e-05
2.20769e-05
-1.81008e-05
2.17095e-05
-1.89758e-05
2.12568e-05
-1.99476e-05
2.06903e-05
-2.0975e-05
2.00052e-05
-2.20125e-05
-2.30279e-05
1.92126e-05
8.53724e-06
0.00031705
2.16124e-05
0.000266171
4.88092e-05
0.000128011
6.06954e-05
5.51554e-05
6.20676e-05
2.59701e-05
5.7211e-05
1.30357e-05
4.97065e-05
7.1248e-06
4.25291e-05
2.91907e-06
3.66255e-05
-1.12736e-06
3.21171e-05
-4.93841e-06
2.87429e-05
-8.27862e-06
2.6223e-05
-1.09121e-05
2.43674e-05
-1.28519e-05
2.30324e-05
-1.42215e-05
2.20904e-05
-1.52345e-05
2.14246e-05
-1.6067e-05
2.09157e-05
-1.68467e-05
2.0465e-05
-1.76501e-05
1.9997e-05
-1.85079e-05
1.94692e-05
-1.942e-05
1.88575e-05
-2.03634e-05
1.8157e-05
-2.13121e-05
-2.22438e-05
1.73729e-05
1.45049e-05
0.000302546
4.61606e-05
0.000234516
7.02455e-05
0.000103927
7.17907e-05
5.36114e-05
6.46236e-05
3.31383e-05
5.50399e-05
2.26198e-05
4.59825e-05
1.61825e-05
3.88363e-05
1.00655e-05
3.35185e-05
4.1906e-06
2.96358e-05
-1.05559e-06
2.67635e-05
-5.40619e-06
2.46226e-05
-8.77107e-06
2.30395e-05
-1.12688e-05
2.18546e-05
-1.30365e-05
2.09626e-05
-1.43425e-05
2.02702e-05
-1.53745e-05
1.96822e-05
-1.62588e-05
1.9133e-05
-1.71009e-05
1.85738e-05
-1.79487e-05
1.79709e-05
-1.88172e-05
1.73091e-05
-1.97016e-05
1.65824e-05
-2.05856e-05
-2.14544e-05
1.5793e-05
3.25057e-05
0.000270039
7.96861e-05
0.000187335
8.48172e-05
9.87982e-05
7.48664e-05
6.35643e-05
6.23346e-05
4.5671e-05
5.03793e-05
3.45757e-05
4.13241e-05
2.52381e-05
3.4821e-05
1.65688e-05
3.02358e-05
8.77599e-06
2.69896e-05
2.19074e-06
2.46438e-05
-3.06026e-06
2.29211e-05
-7.04826e-06
2.16154e-05
-9.96304e-06
2.06242e-05
-1.20453e-05
1.98357e-05
-1.3554e-05
1.91667e-05
-1.47055e-05
1.8561e-05
-1.5653e-05
1.79672e-05
-1.65072e-05
1.73544e-05
-1.73359e-05
1.67031e-05
-1.81659e-05
1.60042e-05
-1.90029e-05
1.52558e-05
-1.98371e-05
-2.06563e-05
1.44575e-05
5.99996e-05
0.000210037
8.99132e-05
0.000157422
8.11759e-05
0.000107538
6.69562e-05
7.7785e-05
5.35083e-05
5.91196e-05
4.30795e-05
4.5005e-05
3.55424e-05
3.27755e-05
3.02222e-05
2.18893e-05
2.653e-05
1.24683e-05
2.397e-05
4.75083e-06
2.21957e-05
-1.2858e-06
2.09277e-05
-5.78024e-06
1.99714e-05
-9.00664e-06
1.92362e-05
-1.13101e-05
1.86123e-05
-1.29301e-05
1.80423e-05
-1.41355e-05
1.74783e-05
-1.50891e-05
1.68947e-05
-1.59235e-05
1.62703e-05
-1.67115e-05
1.55993e-05
-1.74949e-05
1.48819e-05
-1.82855e-05
1.41197e-05
-1.90751e-05
-1.98517e-05
1.33151e-05
5.12549e-05
0.000158783
6.44679e-05
0.000144211
5.96806e-05
0.000112326
5.05345e-05
8.69316e-05
4.17561e-05
6.78985e-05
3.46236e-05
5.21378e-05
2.91738e-05
3.82257e-05
2.5205e-05
2.58583e-05
2.24542e-05
1.52193e-05
2.06257e-05
6.57942e-06
1.94132e-05
-7.31933e-08
1.86431e-05
-5.01009e-06
1.81065e-05
-8.46995e-06
1.76867e-05
-1.08903e-05
1.72995e-05
-1.25428e-05
1.68884e-05
-1.37244e-05
1.64239e-05
-1.46245e-05
1.58893e-05
-1.53889e-05
1.52844e-05
-1.61067e-05
1.46149e-05
-1.68254e-05
1.38894e-05
-1.75601e-05
1.31189e-05
-1.83045e-05
-1.90413e-05
1.23084e-05
2.38702e-05
0.000134914
3.58771e-05
0.000132204
3.817e-05
0.000110033
3.52654e-05
8.98365e-05
3.09105e-05
7.22537e-05
2.66468e-05
5.64017e-05
2.30088e-05
4.18639e-05
2.02051e-05
2.86621e-05
1.82763e-05
1.71482e-05
1.71064e-05
7.74947e-06
1.64953e-05
5.37954e-07
1.62345e-05
-4.74917e-06
1.61499e-05
-8.38536e-06
1.60881e-05
-1.08284e-05
1.59759e-05
-1.24306e-05
1.57586e-05
-1.35071e-05
1.54182e-05
-1.4284e-05
1.49565e-05
-1.49272e-05
1.4386e-05
-1.55362e-05
1.37266e-05
-1.61659e-05
1.29975e-05
-1.68311e-05
1.22182e-05
-1.75254e-05
-1.82234e-05
1.14004e-05
1.06854e-05
0.000124229
2.08979e-05
0.000121991
2.45536e-05
0.000106377
2.4385e-05
9.00052e-05
2.25588e-05
7.40801e-05
2.01777e-05
5.8783e-05
1.78154e-05
4.42263e-05
1.58534e-05
3.06243e-05
1.45186e-05
1.8483e-05
1.38542e-05
8.41404e-06
1.3746e-05
6.46217e-07
1.39613e-05
-4.96449e-06
1.42968e-05
-8.72083e-06
1.45993e-05
-1.11309e-05
1.47654e-05
-1.25966e-05
1.47384e-05
-1.348e-05
1.45185e-05
-1.40641e-05
1.41229e-05
-1.45316e-05
1.35818e-05
-1.49951e-05
1.29269e-05
-1.5511e-05
1.21901e-05
-1.60944e-05
1.13979e-05
-1.67331e-05
-1.73927e-05
1.0567e-05
6.97664e-06
0.000117252
1.36442e-05
0.000115324
1.67521e-05
0.000103269
1.75465e-05
8.92108e-05
1.70059e-05
7.46208e-05
1.57617e-05
6.00272e-05
1.42656e-05
4.57225e-05
1.29021e-05
3.19878e-05
1.19565e-05
1.94287e-05
1.15755e-05
8.79517e-06
1.17553e-05
4.66466e-07
1.22761e-05
-5.48528e-06
1.29213e-05
-9.36597e-06
1.34869e-05
-1.16964e-05
1.38427e-05
-1.29525e-05
1.39435e-05
-1.35807e-05
1.37937e-05
-1.39143e-05
1.34271e-05
-1.4165e-05
1.28874e-05
-1.44554e-05
1.22183e-05
-1.48418e-05
1.14605e-05
-1.53366e-05
1.0645e-05
-1.59178e-05
-1.65425e-05
9.7948e-06
4.98524e-06
0.000112266
9.77229e-06
0.000110536
1.25786e-05
0.000100463
1.38507e-05
8.79387e-05
1.40465e-05
7.44249e-05
1.35579e-05
6.05158e-05
1.27282e-05
4.65523e-05
1.18676e-05
3.28485e-05
1.12293e-05
2.0067e-05
1.09917e-05
9.03277e-06
1.12092e-05
2.49056e-07
1.17629e-05
-6.03889e-06
1.24481e-05
-1.00511e-05
1.30371e-05
-1.22853e-05
1.34009e-05
-1.33162e-05
1.34867e-05
-1.36665e-05
1.3305e-05
-1.37326e-05
1.28968e-05
-1.37567e-05
1.23126e-05
-1.38712e-05
1.15999e-05
-1.41291e-05
1.08007e-05
-1.45375e-05
9.95008e-06
-1.5067e-05
-1.56638e-05
9.07122e-06
4.29743e-06
0.000107969
8.28002e-06
0.000106554
1.09805e-05
9.77624e-05
1.25613e-05
8.63579e-05
1.32621e-05
7.37242e-05
1.33507e-05
6.04272e-05
1.30808e-05
4.68223e-05
1.26648e-05
3.32645e-05
1.22914e-05
2.04404e-05
1.21267e-05
9.19755e-06
1.22163e-05
1.59583e-07
1.25499e-05
-6.37249e-06
1.29802e-05
-1.04813e-05
1.33321e-05
-1.26372e-05
1.34849e-05
-1.3469e-05
1.3392e-05
-1.35736e-05
1.30599e-05
-1.34004e-05
1.25284e-05
-1.32251e-05
1.18448e-05
-1.31875e-05
1.10548e-05
-1.33391e-05
1.01948e-05
-1.36773e-05
9.29696e-06
-1.41694e-05
-1.47508e-05
8.3841e-06
4.39095e-06
0.000103578
8.28812e-06
0.000102657
1.11093e-05
9.49412e-05
1.29734e-05
8.44938e-05
1.40718e-05
7.26257e-05
1.46154e-05
5.98837e-05
1.47824e-05
4.66554e-05
1.47022e-05
3.33448e-05
1.45051e-05
2.06376e-05
1.43298e-05
9.37292e-06
1.42211e-05
2.68363e-07
1.42037e-05
-6.35504e-06
1.42235e-05
-1.0501e-05
1.41713e-05
-1.2585e-05
1.39639e-05
-1.32615e-05
1.35667e-05
-1.31763e-05
1.29887e-05
-1.28223e-05
1.22673e-05
-1.25036e-05
1.1444e-05
-1.23642e-05
1.05518e-05
-1.24469e-05
9.6183e-06
-1.27438e-05
8.66712e-06
-1.32179e-05
-1.38009e-05
7.71709e-06
4.90597e-06
9.86718e-05
9.13772e-06
9.84248e-05
1.22482e-05
9.18308e-05
1.43956e-05
8.23464e-05
1.58016e-05
7.12198e-05
1.66684e-05
5.9017e-05
1.71163e-05
4.62076e-05
1.72338e-05
3.32273e-05
1.71235e-05
2.0748e-05
1.68818e-05
9.61462e-06
1.65539e-05
5.96401e-07
1.61724e-05
-5.97342e-06
1.57421e-05
-1.00706e-05
1.52231e-05
-1.20659e-05
1.45831e-05
-1.26214e-05
1.38196e-05
-1.24126e-05
1.29535e-05
-1.19561e-05
1.20172e-05
-1.15673e-05
1.10405e-05
-1.13874e-05
1.00418e-05
-1.1448e-05
9.0355e-06
-1.17374e-05
8.0345e-06
-1.22171e-05
-1.28191e-05
7.05284e-06
5.65123e-06
9.30206e-05
1.03858e-05
9.36904e-05
1.38208e-05
8.83959e-05
1.61907e-05
7.99767e-05
1.77797e-05
6.96308e-05
1.88171e-05
5.79797e-05
1.93948e-05
4.56299e-05
1.96024e-05
3.30198e-05
1.95304e-05
2.08201e-05
1.92174e-05
9.92767e-06
1.86933e-05
1.12065e-06
1.79806e-05
-5.2606e-06
1.71088e-05
-9.19879e-06
1.61137e-05
-1.10707e-05
1.50346e-05
-1.15422e-05
1.39084e-05
-1.12863e-05
1.27718e-05
-1.08193e-05
1.16475e-05
-1.04429e-05
1.05444e-05
-1.02842e-05
9.46464e-06
-1.03681e-05
8.40596e-06
-1.06787e-05
7.37192e-06
-1.11827e-05
-1.18178e-05
6.37058e-06
6.49593e-06
8.65249e-05
1.16746e-05
8.85118e-05
1.53341e-05
8.47365e-05
1.77896e-05
7.75213e-05
1.94045e-05
6.8016e-05
2.04475e-05
5.69368e-05
2.10482e-05
4.50293e-05
2.13146e-05
3.27535e-05
2.1284e-05
2.08507e-05
2.09299e-05
1.02819e-05
2.02355e-05
1.81511e-06
1.91971e-05
-4.22213e-06
1.79035e-05
-7.90505e-06
1.64605e-05
-9.62752e-06
1.49855e-05
-1.00671e-05
1.35681e-05
-9.86886e-06
1.22454e-05
-9.49656e-06
1.10167e-05
-9.21408e-06
9.8622e-06
-9.12953e-06
8.75838e-06
-9.2642e-06
7.6893e-06
-9.60935e-06
6.65138e-06
-1.01449e-05
-1.08196e-05
5.65345e-06
7.30206e-06
7.92229e-05
1.26875e-05
8.31265e-05
1.6349e-05
8.10752e-05
1.87035e-05
7.51669e-05
2.01619e-05
6.65577e-05
2.10565e-05
5.60423e-05
2.16616e-05
4.44243e-05
2.20475e-05
3.23676e-05
2.21051e-05
2.07932e-05
2.17221e-05
1.0665e-05
2.08423e-05
2.69502e-06
1.94664e-05
-2.8461e-06
1.77558e-05
-6.19438e-06
1.59231e-05
-7.79468e-06
1.41611e-05
-8.30505e-06
1.25832e-05
-8.29081e-06
1.12134e-05
-8.12665e-06
1.00105e-05
-8.01108e-06
8.91202e-06
-8.03094e-06
7.86844e-06
-8.2205e-06
6.85026e-06
-8.59117e-06
5.85065e-06
-9.14492e-06
-9.85482e-06
4.8858e-06
7.80429e-06
7.14188e-05
1.30489e-05
7.7882e-05
1.64411e-05
7.76831e-05
1.84864e-05
7.31217e-05
1.96182e-05
6.5426e-05
2.02877e-05
5.53728e-05
2.10164e-05
4.36957e-05
2.16414e-05
3.17428e-05
2.18338e-05
2.06008e-05
2.13993e-05
1.10996e-05
2.02783e-05
3.81611e-06
1.85196e-05
-1.08739e-06
1.64339e-05
-4.10855e-06
1.43213e-05
-5.68201e-06
1.24302e-05
-6.41389e-06
1.08681e-05
-6.72867e-06
9.60616e-06
-6.86461e-06
8.56242e-06
-6.96727e-06
7.63582e-06
-7.10428e-06
6.74976e-06
-7.33436e-06
5.85755e-06
-7.6988e-06
4.95178e-06
-8.23945e-06
-8.96214e-06
4.05922e-06
7.66482e-06
6.37541e-05
1.2301e-05
7.3246e-05
1.51495e-05
7.48346e-05
1.67741e-05
7.14972e-05
1.75335e-05
6.46667e-05
1.79448e-05
5.49615e-05
1.90514e-05
4.25891e-05
2.00478e-05
3.07464e-05
2.03866e-05
2.02621e-05
1.98253e-05
1.1661e-05
1.83463e-05
5.29519e-06
1.62609e-05
9.98079e-07
1.39373e-05
-1.7849e-06
1.17271e-05
-3.47173e-06
9.90168e-06
-4.58842e-06
8.50442e-06
-5.33133e-06
7.46723e-06
-5.82735e-06
6.67353e-06
-6.17351e-06
6.00514e-06
-6.43581e-06
5.36431e-06
-6.69347e-06
4.67652e-06
-7.01107e-06
3.92834e-06
-7.49087e-06
-8.19204e-06
3.15825e-06
7.00386e-06
5.67503e-05
1.01863e-05
7.00636e-05
1.21104e-05
7.29105e-05
1.36018e-05
7.00059e-05
1.40839e-05
6.41846e-05
1.39173e-05
5.51283e-05
1.56304e-05
4.08761e-05
1.72264e-05
2.91505e-05
1.7784e-05
1.97046e-05
1.71083e-05
1.23367e-05
1.53591e-05
7.04449e-06
1.30252e-05
3.33212e-06
1.05501e-05
6.90273e-07
8.40442e-06
-1.32594e-06
6.81297e-06
-2.99685e-06
5.69443e-06
-4.21266e-06
4.9387e-06
-5.0715e-06
4.42241e-06
-5.65708e-06
4.03732e-06
-6.05058e-06
3.68222e-06
-6.33823e-06
3.27161e-06
-6.60018e-06
2.75872e-06
-6.97801e-06
-7.62496e-06
2.19179e-06
6.71053e-06
6.53639e-06
7.19727e-06
9.53735e-06
9.83334e-06
8.47292e-06
1.04343e-05
1.28198e-05
1.37092e-05
1.30108e-05
1.12505e-05
9.0386e-06
6.947e-06
5.28296e-06
4.00758e-06
3.11834e-06
2.53808e-06
2.1789e-06
1.95397e-06
1.78581e-06
1.61184e-06
1.39301e-06
1.16326e-06
-6.41051e-05
-4.46796e-06
-6.03616e-05
-3.74355e-06
-5.76134e-05
-2.74821e-06
-1.86222e-06
-5.57512e-05
-7.24918e-05
-6.17276e-06
-7.06945e-05
-5.54087e-06
-6.84583e-05
-4.98443e-06
-4.82669e-06
-6.54938e-05
-6.91663e-05
-7.513e-06
-6.77335e-05
-6.97368e-06
-6.6148e-05
-6.56989e-06
-6.58061e-06
-6.43941e-05
-6.16147e-05
-8.42169e-06
-6.06168e-05
-7.9716e-06
-5.94464e-05
-7.74026e-06
-7.9303e-06
-5.80967e-05
-5.01182e-05
-8.94424e-06
-4.92896e-05
-8.80016e-06
-4.81681e-05
-8.86183e-06
-9.08352e-06
-4.70148e-05
-4.29381e-05
-9.34398e-06
-4.23872e-05
-9.35107e-06
-4.19383e-05
-9.31075e-06
-9.43234e-06
-4.15894e-05
-3.5374e-05
-9.96492e-06
-3.50537e-05
-9.67129e-06
-3.60487e-05
-8.31583e-06
-7.40018e-06
-3.80808e-05
-3.25863e-05
-9.69604e-06
-3.20697e-05
-1.01879e-05
-3.16878e-05
-8.69777e-06
-6.06526e-06
-3.30227e-05
-3.39554e-05
-3.93318e-06
-3.56965e-05
-8.44678e-06
-3.32421e-05
-1.1152e-05
-7.03833e-06
-3.2269e-05
2.34168e-05
-8.1768e-06
1.70919e-05
-2.12137e-06
3.17583e-06
2.76355e-06
5.5132e-06
-9.37615e-06
-8.18911e-05
-5.0112e-06
-8.47332e-05
7.21387e-07
-8.61714e-05
4.20176e-06
4.97937e-06
-8.56377e-05
-0.000104044
-7.02681e-06
-9.90596e-05
-4.26378e-06
-9.24701e-05
-2.38771e-06
-9.50647e-07
-8.65404e-05
-6.33124e-05
-1.07197e-05
-5.89274e-05
-8.64843e-06
-5.35226e-05
-7.7929e-06
-6.41997e-06
-4.80535e-05
-4.22145e-05
-1.24473e-05
-3.9746e-05
-1.11174e-05
-3.64971e-05
-1.1042e-05
-1.05591e-05
-3.23584e-05
-1.84827e-05
-1.38755e-05
-1.62742e-05
-1.33255e-05
-1.42667e-05
-1.30501e-05
-1.27612e-05
-1.20648e-05
5.92255e-07
-1.42132e-05
1.28573e-06
-1.40193e-05
2.13815e-06
-1.39027e-05
-1.3818e-05
3.19449e-06
1.40842e-05
-1.38908e-05
1.39379e-05
-1.38728e-05
1.39423e-05
-1.39076e-05
-1.39692e-05
1.40932e-05
2.14725e-05
-1.33117e-05
2.09987e-05
-1.33993e-05
2.0613e-05
-1.35221e-05
-1.36614e-05
2.03048e-05
2.42346e-05
-1.2733e-05
2.36995e-05
-1.28642e-05
2.31947e-05
-1.30177e-05
-1.31908e-05
2.27239e-05
2.41991e-05
-1.22223e-05
2.37032e-05
-1.23684e-05
2.32178e-05
-1.25326e-05
-1.27105e-05
2.27372e-05
2.27826e-05
-1.17813e-05
2.23381e-05
-1.19239e-05
2.18865e-05
-1.20812e-05
-1.22549e-05
2.14306e-05
2.08344e-05
-1.13814e-05
2.04264e-05
-1.15161e-05
2.00111e-05
-1.16662e-05
-1.1831e-05
1.95871e-05
1.88311e-05
-1.10001e-05
1.84394e-05
-1.11246e-05
1.80378e-05
-1.12648e-05
-1.14231e-05
1.76297e-05
1.6994e-05
-1.06213e-05
1.66069e-05
-1.07375e-05
1.62135e-05
-1.08715e-05
-1.10253e-05
1.58155e-05
1.54121e-05
-1.02405e-05
1.50239e-05
-1.03496e-05
1.46304e-05
-1.0478e-05
-1.06299e-05
1.42348e-05
1.40732e-05
-9.85625e-06
1.36836e-05
-9.9599e-06
1.32909e-05
-1.00855e-05
-1.02369e-05
1.28978e-05
1.29285e-05
-9.46971e-06
1.25375e-05
-9.56917e-06
1.21448e-05
-9.69277e-06
-9.84472e-06
1.17525e-05
1.19196e-05
-9.08095e-06
1.15279e-05
-9.17728e-06
1.11354e-05
-9.30045e-06
-9.45356e-06
1.07443e-05
1.10083e-05
-8.68884e-06
1.0614e-05
-8.78322e-06
1.02205e-05
-8.90685e-06
-9.06136e-06
9.82821e-06
1.01694e-05
-8.29131e-06
9.77112e-06
-8.38469e-06
9.37397e-06
-8.5099e-06
-8.66608e-06
8.97869e-06
9.38869e-06
-7.88532e-06
8.98306e-06
-7.97947e-06
8.58059e-06
-8.10732e-06
-8.26535e-06
8.17978e-06
8.65375e-06
-7.46785e-06
8.2393e-06
-7.56464e-06
7.82858e-06
-7.69678e-06
-7.85763e-06
7.42093e-06
7.95312e-06
-7.03681e-06
7.52758e-06
-7.13942e-06
7.10902e-06
-7.27796e-06
-7.44307e-06
6.69444e-06
7.27248e-06
-6.59213e-06
6.8375e-06
-6.70397e-06
6.41121e-06
-6.85179e-06
-7.02371e-06
5.99197e-06
6.5973e-06
-6.13658e-06
6.15523e-06
-6.26226e-06
5.72643e-06
-6.42266e-06
-6.60476e-06
5.30749e-06
5.91068e-06
-5.67648e-06
5.46955e-06
-5.82049e-06
5.04446e-06
-5.99764e-06
-6.19498e-06
4.63488e-06
5.19945e-06
-5.22227e-06
4.76892e-06
-5.39024e-06
4.3607e-06
-5.58896e-06
-5.80849e-06
3.97427e-06
4.4525e-06
-4.7888e-06
4.04938e-06
-4.98648e-06
3.67416e-06
-5.21382e-06
-5.46573e-06
3.33158e-06
3.66703e-06
-4.39662e-06
3.31165e-06
-4.63155e-06
2.99526e-06
-4.89708e-06
-5.19483e-06
2.72437e-06
2.839e-06
-4.07722e-06
2.56519e-06
-4.35708e-06
2.3418e-06
-4.67383e-06
-5.03019e-06
2.17729e-06
1.98376e-06
-3.86902e-06
1.82631e-06
-4.20002e-06
1.72796e-06
-4.5752e-06
-4.98993e-06
1.68782e-06
1.12118e-06
1.10859e-06
1.12611e-06
1.16447e-06
-5.3477e-05
-5.39524e-06
-5.10142e-05
-9.85761e-06
-4.6339e-05
-1.37789e-05
-4.20496e-05
-1.7864e-05
-3.70192e-05
-2.07942e-05
-3.20571e-05
-2.12303e-05
-3.28275e-05
-1.59817e-05
-3.23382e-05
9.40594e-06
-4.36383e-05
3.29327e-05
-5.7751e-05
2.56153e-05
-5.13985e-05
1.14689e-05
-4.07978e-05
8.56134e-07
-3.55904e-05
-3.91367e-07
-2.81633e-05
3.51701e-06
-1.69963e-05
-3.97157e-06
-1.48073e-05
-1.32278e-05
-1.07254e-05
-1.82175e-05
-9.2153e-06
-2.7017e-05
2.81796e-05
-5.92434e-05
-1.16456e-05
-5.4865e-05
-1.4236e-05
-5.16535e-05
-1.69904e-05
-4.92777e-05
-2.02398e-05
-4.68021e-05
-2.32698e-05
-4.61648e-05
-2.18675e-05
-4.79453e-05
-1.42013e-05
-4.31623e-05
4.62302e-06
-3.71553e-05
2.69257e-05
-3.84609e-05
2.69209e-05
-3.62374e-05
9.24534e-06
-2.875e-05
-6.63123e-06
-2.16566e-05
-7.48483e-06
-1.59554e-05
-2.18419e-06
-1.41226e-05
-5.80432e-06
-1.95869e-05
-7.76346e-06
-1.52906e-05
-2.25138e-05
-1.52373e-05
-2.70703e-05
1.29422e-05
-5.98078e-05
-1.62319e-05
-5.59821e-05
-1.80616e-05
-5.42347e-05
-1.87378e-05
-5.43284e-05
-2.01462e-05
-5.39905e-05
-2.36076e-05
-5.33246e-05
-2.25335e-05
-5.11082e-05
-1.64176e-05
-4.3991e-05
-2.49417e-06
-3.03301e-05
1.32649e-05
-1.95875e-05
1.61783e-05
-1.45894e-05
4.2473e-06
-1.22655e-05
-8.95516e-06
-9.50611e-06
-1.02442e-05
-8.71285e-06
-2.97743e-06
-8.20556e-06
-6.31158e-06
-1.10968e-05
-4.87219e-06
-1.29541e-05
-2.06564e-05
-1.61886e-05
-2.38358e-05
-3.2464e-06
-5.46465e-05
-1.96821e-05
-5.19234e-05
-2.07847e-05
-5.08784e-05
-1.97827e-05
-5.38788e-05
-1.71457e-05
-5.84919e-05
-1.89945e-05
-6.04589e-05
-2.05664e-05
-5.84405e-05
-1.84361e-05
-4.99553e-05
-1.09793e-05
-3.29773e-05
-3.71313e-06
-1.54558e-05
-1.34316e-06
-5.04959e-06
-6.15892e-06
-1.62829e-06
-1.23765e-05
-2.03001e-06
-9.84246e-06
2.84084e-06
-7.84826e-06
1.00469e-05
-1.35177e-05
7.24313e-06
-2.06838e-06
5.44158e-07
-1.39574e-05
-6.71051e-06
-1.65811e-05
-9.95691e-06
-4.45903e-05
-2.21066e-05
-4.27452e-05
-2.26298e-05
-4.24227e-05
-2.01052e-05
-4.67309e-05
-1.28375e-05
-5.45496e-05
-1.11757e-05
-6.09762e-05
-1.41397e-05
-6.3562e-05
-1.58503e-05
-5.86825e-05
-1.58588e-05
-4.40551e-05
-1.83406e-05
-2.57278e-05
-1.96705e-05
-1.00138e-05
-2.18729e-05
2.25416e-07
-2.26157e-05
7.55655e-06
-1.71736e-05
1.71156e-05
-1.74073e-05
2.5576e-05
-2.19781e-05
3.21786e-05
-8.67093e-06
2.84468e-05
-1.02257e-05
1.48107e-05
-2.94494e-06
4.85374e-06
-4.22164e-05
-2.14797e-05
-4.35773e-05
-2.12688e-05
-4.49775e-05
-1.8705e-05
-4.84964e-05
-9.31855e-06
-5.10025e-05
-8.66965e-06
-5.35072e-05
-1.1635e-05
-5.54209e-05
-1.39366e-05
-5.3415e-05
-1.78647e-05
-4.59443e-05
-2.58113e-05
-3.43964e-05
-3.12185e-05
-2.163e-05
-3.46393e-05
-1.01356e-05
-3.41101e-05
4.89986e-06
-3.2209e-05
1.92758e-05
-3.17833e-05
2.74865e-05
-3.01888e-05
4.33477e-05
-2.45321e-05
5.92075e-05
-2.60855e-05
6.30655e-05
-6.80295e-06
6.79191e-05
-4.40569e-05
-1.55036e-05
-5.11313e-05
-1.41944e-05
-5.55968e-05
-1.42395e-05
-5.82316e-05
-6.68373e-06
-5.6539e-05
-1.03623e-05
-5.46414e-05
-1.35326e-05
-5.18958e-05
-1.66822e-05
-4.66043e-05
-2.31561e-05
-4.33473e-05
-2.90683e-05
-3.6243e-05
-3.83229e-05
-2.56329e-05
-4.52495e-05
-1.7885e-05
-4.18579e-05
2.24817e-06
-5.23423e-05
2.30135e-05
-5.2549e-05
3.14086e-05
-3.85841e-05
5.13939e-05
-4.45175e-05
7.31811e-05
-4.78728e-05
4.50451e-05
2.13329e-05
0.000112964
-3.9434e-05
-9.0923e-06
-5.0056e-05
-3.57233e-06
-6.02899e-05
-4.00563e-06
-6.41034e-05
-2.87018e-06
-5.90389e-05
-1.54267e-05
-5.59431e-05
-1.66285e-05
-5.24151e-05
-2.021e-05
-3.48439e-05
-4.07271e-05
-1.92277e-05
-4.46849e-05
-2.90313e-05
-2.85198e-05
-3.29874e-05
-4.12934e-05
-2.18036e-05
-5.30419e-05
2.18067e-06
-7.63269e-05
1.01714e-05
-6.05402e-05
1.22618e-05
-4.0675e-05
6.18862e-06
-3.84447e-05
-1.51116e-05
-2.6573e-05
-3.30368e-05
3.92579e-05
7.99269e-05
-2.68475e-05
-1.4514e-05
-3.60837e-05
5.66408e-06
-6.30927e-05
2.30036e-05
-6.92938e-05
3.33111e-06
-5.54552e-05
-2.92654e-05
-4.45349e-05
-2.7549e-05
-4.96153e-05
-1.51298e-05
-5.52367e-05
-3.51057e-05
-5.63105e-05
-4.36112e-05
-3.95356e-05
-4.5295e-05
-2.78946e-05
-5.29345e-05
-2.1292e-05
-5.96447e-05
-2.97191e-05
-6.79e-05
-3.21679e-05
-5.80918e-05
-3.12547e-05
-4.15887e-05
-3.72543e-05
-3.24455e-05
-5.14724e-05
-1.23553e-05
-3.95968e-05
2.73818e-05
4.033e-05
-3.57802e-05
1.18904e-05
-5.61199e-05
2.60043e-05
-6.26617e-05
2.95459e-05
-6.6997e-05
7.66642e-06
-7.75106e-05
-1.87517e-05
-7.81571e-05
-2.69026e-05
-6.33556e-05
-2.99317e-05
-5.57659e-05
-4.26957e-05
-4.79304e-05
-5.14469e-05
-3.34069e-05
-5.98188e-05
-2.25176e-05
-6.38241e-05
-1.90897e-05
-6.30728e-05
-2.36176e-05
-6.33724e-05
-2.39343e-05
-5.77754e-05
-2.58451e-05
-3.96784e-05
-3.30214e-05
-2.52697e-05
-3.5723e-05
-9.65428e-06
-2.39343e-05
1.55927e-05
1.63953e-05
-8.45955e-05
1.08482e-05
-7.73427e-05
1.87517e-05
-6.63127e-05
1.85161e-05
-6.076e-05
2.11389e-06
-5.9054e-05
-2.04576e-05
-5.11534e-05
-3.48032e-05
-3.87136e-05
-4.23717e-05
-3.24311e-05
-4.89785e-05
-2.74427e-05
-5.64356e-05
-1.8633e-05
-6.8629e-05
-1.16666e-05
-7.07909e-05
-1.19027e-05
-6.28374e-05
-1.47346e-05
-6.0541e-05
-1.25342e-05
-5.99764e-05
-1.14846e-05
-4.07285e-05
-1.65621e-05
-2.01928e-05
-1.97848e-05
-6.43204e-06
-1.11522e-05
6.95941e-06
5.24285e-06
-7.46281e-05
-1.06432e-06
-6.16963e-05
5.82002e-06
-4.53012e-05
2.12123e-06
-3.43216e-05
-8.86557e-06
-2.69092e-05
-2.787e-05
-1.93201e-05
-4.23924e-05
-1.19207e-05
-4.97713e-05
-9.0962e-06
-5.18032e-05
-8.35745e-06
-5.71748e-05
-5.5684e-06
-7.14184e-05
-2.30942e-06
-7.40504e-05
-2.62987e-06
-6.25175e-05
-4.10374e-06
-5.90678e-05
-1.4487e-06
-6.2632e-05
8.34603e-08
-4.22613e-05
-5.06802e-06
-1.50419e-05
-8.83866e-06
-2.66205e-06
-4.9808e-06
3.10114e-06
2.61527e-07
-3.6368e-05
-1.27501e-05
-2.10869e-05
-9.46112e-06
-6.21564e-06
-1.275e-05
-1.78794e-07
-1.49024e-05
2.40819e-06
-3.0457e-05
4.42747e-06
-4.44118e-05
5.69603e-06
-5.10401e-05
6.07361e-06
-5.21811e-05
4.50838e-06
-5.56099e-05
2.15591e-06
-6.90663e-05
1.63229e-06
-7.35272e-05
5.01964e-06
-6.59054e-05
7.74599e-06
-6.17946e-05
8.52206e-06
-6.34085e-05
1.00047e-05
-4.37445e-05
3.24775e-06
-8.28549e-06
-1.93406e-06
2.51929e-06
-1.63803e-06
2.80428e-06
-1.37661e-06
-2.15572e-05
-2.35516e-05
-8.24532e-06
-2.27731e-05
4.45551e-06
-2.54509e-05
1.38916e-05
-2.43386e-05
1.70833e-05
-3.36489e-05
1.6669e-05
-4.39976e-05
1.51137e-05
-4.94851e-05
1.47737e-05
-5.18414e-05
1.3359e-05
-5.41955e-05
7.62672e-06
-6.33344e-05
4.18867e-06
-7.00894e-05
8.97169e-06
-7.06887e-05
1.39359e-05
-6.67592e-05
1.19487e-05
-6.14218e-05
9.00667e-06
-4.08028e-05
3.51872e-06
-2.79805e-06
-1.75209e-07
6.21261e-06
-5.15031e-07
3.14387e-06
-1.89216e-06
-5.61266e-06
-3.00042e-05
1.9042e-06
-3.02902e-05
8.699e-06
-3.22458e-05
1.68763e-05
-3.2516e-05
2.08553e-05
-3.76281e-05
2.0785e-05
-4.39276e-05
1.96307e-05
-4.8331e-05
1.9025e-05
-5.12359e-05
1.8275e-05
-5.34459e-05
1.31979e-05
-5.82576e-05
8.336e-06
-6.52279e-05
9.58551e-06
-7.19385e-05
1.22238e-05
-6.93978e-05
7.23594e-06
-5.64344e-05
-1.3399e-06
-3.22274e-05
-4.05376e-06
-8.46058e-08
-3.09199e-06
5.25054e-06
-1.41118e-06
1.46229e-06
-3.30332e-06
6.56805e-06
-3.33781e-05
1.03457e-05
-3.4068e-05
1.35855e-05
-3.54858e-05
1.79766e-05
-3.69074e-05
2.04928e-05
-4.01444e-05
2.08392e-05
-4.42742e-05
2.03107e-05
-4.78027e-05
1.95765e-05
-5.05019e-05
1.88503e-05
-5.272e-05
1.63899e-05
-5.57975e-05
1.17761e-05
-6.06144e-05
7.88688e-06
-6.80497e-05
3.48762e-06
-6.49989e-05
-6.22318e-06
-4.67239e-05
-1.46472e-05
-2.38037e-05
-1.132e-05
-3.41219e-06
-6.16184e-06
9.19302e-08
-2.50344e-06
-2.19611e-06
-5.80723e-06
1.49362e-05
-3.42215e-05
1.61943e-05
-3.53263e-05
1.74652e-05
-3.67569e-05
1.90327e-05
-3.8475e-05
1.98561e-05
-4.09681e-05
1.96053e-05
-4.40236e-05
1.87513e-05
-4.69489e-05
1.76656e-05
-4.94165e-05
1.64129e-05
-5.14675e-05
1.4177e-05
-5.35618e-05
1.02095e-05
-5.66472e-05
2.87771e-06
-6.07181e-05
-7.31911e-06
-5.48024e-05
-1.57074e-05
-3.83359e-05
-1.81717e-05
-2.13397e-05
-1.26855e-05
-8.89872e-06
-6.9849e-06
-5.60874e-06
-2.91508e-06
-6.26661e-06
-8.72217e-06
1.98138e-05
-3.37307e-05
1.96219e-05
-3.51347e-05
1.95386e-05
-3.66738e-05
1.94916e-05
-3.84282e-05
1.909e-05
-4.05668e-05
1.81092e-05
-4.30429e-05
1.66935e-05
-4.55334e-05
1.50064e-05
-4.77296e-05
1.29982e-05
-4.94595e-05
1.0193e-05
-5.07568e-05
5.67908e-06
-5.21335e-05
-2.32014e-06
-5.27191e-05
-1.1307e-05
-4.58157e-05
-1.61476e-05
-3.34956e-05
-1.56645e-05
-2.18231e-05
-1.09781e-05
-1.35853e-05
-6.48445e-06
-1.01027e-05
-2.77221e-06
-9.97866e-06
-1.14948e-05
2.16941e-05
-3.27012e-05
2.08158e-05
-3.42566e-05
1.99996e-05
-3.58579e-05
1.91356e-05
-3.75643e-05
1.80311e-05
-3.94625e-05
1.65435e-05
-4.15555e-05
1.46846e-05
-4.36747e-05
1.24998e-05
-4.55449e-05
9.93058e-06
-4.68905e-05
6.68127e-06
-4.75076e-05
2.07758e-06
-4.753e-05
-4.61281e-06
-4.6029e-05
-1.06156e-05
-3.98131e-05
-1.29595e-05
-3.11519e-05
-1.1829e-05
-2.29538e-05
-8.64865e-06
-1.67658e-05
-5.42863e-06
-1.33227e-05
-2.35658e-06
-1.30513e-05
-1.38511e-05
2.15679e-05
-3.15322e-05
2.04445e-05
-3.31333e-05
1.93174e-05
-3.4731e-05
1.8096e-05
-3.63431e-05
1.66633e-05
-3.80299e-05
1.49225e-05
-3.98149e-05
1.28424e-05
-4.15948e-05
1.04264e-05
-4.31291e-05
7.64543e-06
-4.41097e-05
4.38622e-06
-4.42486e-05
3.24234e-07
-4.34682e-05
-4.4908e-06
-4.12141e-05
-8.05925e-06
-3.62448e-05
-9.22877e-06
-2.99825e-05
-8.35977e-06
-2.38229e-05
-6.38723e-06
-1.87385e-05
-4.24618e-06
-1.5464e-05
-1.85772e-06
-1.54394e-05
-1.57092e-05
2.03008e-05
-3.04026e-05
1.91503e-05
-3.19831e-05
1.79435e-05
-3.35244e-05
1.66124e-05
-3.50121e-05
1.50814e-05
-3.6499e-05
1.32855e-05
-3.80192e-05
1.11912e-05
-3.95007e-05
8.80084e-06
-4.07388e-05
6.13204e-06
-4.1441e-05
3.21318e-06
-4.13298e-05
1.19936e-08
-4.02671e-05
-3.19809e-06
-3.80041e-05
-5.33438e-06
-3.41086e-05
-6.01531e-06
-2.93017e-05
-5.50338e-06
-2.43349e-05
-4.34852e-06
-1.98934e-05
-3.03325e-06
-1.67792e-05
-1.34015e-06
-1.7133e-05
-1.70491e-05
1.85261e-05
-2.93419e-05
1.74197e-05
-3.08769e-05
1.62301e-05
-3.2335e-05
1.49082e-05
-3.36903e-05
1.34087e-05
-3.49997e-05
1.16917e-05
-3.63023e-05
9.73409e-06
-3.75432e-05
7.54901e-06
-3.85538e-05
5.19586e-06
-3.90879e-05
2.77601e-06
-3.89101e-05
3.97218e-07
-3.78884e-05
-1.71043e-06
-3.58965e-05
-3.03584e-06
-3.27833e-05
-3.4716e-06
-2.88659e-05
-3.18917e-06
-2.46173e-05
-2.53653e-06
-2.05461e-05
-1.78348e-06
-1.75324e-05
-8.53417e-07
-1.80627e-05
-1.79028e-05
1.66304e-05
-2.83427e-05
1.55757e-05
-2.98223e-05
1.44286e-05
-3.11881e-05
1.31615e-05
-3.24234e-05
1.17546e-05
-3.35929e-05
1.01873e-05
-3.47351e-05
8.44812e-06
-3.58041e-05
6.5593e-06
-3.66651e-05
4.59676e-06
-3.71254e-05
2.68363e-06
-3.6997e-05
9.52858e-07
-3.61576e-05
-4.32565e-07
-3.45111e-05
-1.27121e-06
-3.19446e-05
-1.52999e-06
-2.86072e-05
-1.3559e-06
-2.47914e-05
-9.88263e-07
-2.09137e-05
-6.21101e-07
-1.78994e-05
-3.25112e-07
-1.8359e-05
-1.82276e-05
1.48494e-05
-2.73768e-05
1.38259e-05
-2.8799e-05
1.27145e-05
-3.00768e-05
1.15076e-05
-3.12166e-05
1.02052e-05
-3.22906e-05
8.80119e-06
-3.33312e-05
7.29394e-06
-3.42969e-05
5.71058e-06
-3.50818e-05
4.12474e-06
-3.55396e-05
2.64925e-06
-3.55215e-05
1.39936e-06
-3.49077e-05
4.75339e-07
-3.35871e-05
-1.89146e-08
-3.14504e-05
-1.21091e-07
-2.8505e-05
-4.29364e-09
-2.49082e-05
1.96589e-07
-2.11145e-05
3.42081e-07
-1.8045e-05
1.28799e-07
-1.81453e-05
-1.80991e-05
1.32846e-05
-2.64268e-05
1.22749e-05
-2.77894e-05
1.11864e-05
-2.89885e-05
1.00293e-05
-3.00596e-05
8.8165e-06
-3.10778e-05
7.55194e-06
-3.20667e-05
6.24243e-06
-3.29874e-05
4.91771e-06
-3.3757e-05
3.64293e-06
-3.42648e-05
2.5109e-06
-3.43894e-05
1.61299e-06
-3.40098e-05
1.01522e-06
-3.29892e-05
7.45355e-07
-3.11804e-05
7.3827e-07
-2.84978e-05
8.68811e-07
-2.50386e-05
9.66998e-07
-2.12126e-05
9.41409e-07
-1.80191e-05
3.54925e-07
-1.75591e-05
-1.77438e-05
1.19511e-05
-2.54803e-05
1.09439e-05
-2.67823e-05
9.86972e-06
-2.79144e-05
8.7496e-06
-2.89396e-05
7.60351e-06
-2.99318e-05
6.44205e-06
-3.09053e-05
5.27884e-06
-3.18242e-05
4.14556e-06
-3.26238e-05
3.09903e-06
-3.32183e-05
2.21368e-06
-3.3504e-05
1.55947e-06
-3.33555e-05
1.17882e-06
-3.26085e-05
1.06895e-06
-3.10704e-05
1.15229e-06
-2.8581e-05
1.29192e-06
-2.51781e-05
1.32298e-06
-2.12435e-05
1.14628e-06
-1.78425e-05
4.22913e-07
-1.68352e-05
-1.73211e-05
1.08059e-05
-2.45337e-05
9.79853e-06
-2.57751e-05
8.73472e-06
-2.68507e-05
7.64212e-06
-2.78471e-05
6.54331e-06
-2.8833e-05
5.45303e-06
-2.9815e-05
4.39012e-06
-3.07613e-05
3.38741e-06
-3.1621e-05
2.49494e-06
-3.23257e-05
1.77231e-06
-3.27813e-05
1.27242e-06
-3.28555e-05
1.02287e-06
-3.23588e-05
1.01034e-06
-3.10578e-05
1.15551e-06
-2.87261e-05
1.32132e-06
-2.53438e-05
1.33294e-06
-2.1255e-05
1.08966e-06
-1.75989e-05
4.30189e-07
-1.6176e-05
-1.68905e-05
9.79509e-06
-2.35847e-05
8.78628e-06
-2.47664e-05
7.73132e-06
-2.57958e-05
6.66027e-06
-2.67761e-05
5.59605e-06
-2.77688e-05
4.55596e-06
-2.87749e-05
3.56222e-06
-2.97675e-05
2.64764e-06
-3.07064e-05
1.85542e-06
-3.15334e-05
1.2322e-06
-3.2158e-05
8.16945e-07
-3.24401e-05
6.29097e-07
-3.21708e-05
6.57856e-07
-3.10864e-05
8.35915e-07
-2.89039e-05
1.0411e-06
-2.55488e-05
1.09312e-06
-2.13069e-05
8.89013e-07
-1.73947e-05
3.69996e-07
-1.56564e-05
-1.65207e-05
8.87364e-06
-2.26302e-05
7.8628e-06
-2.37557e-05
6.81571e-06
-2.47488e-05
5.76336e-06
-2.57238e-05
4.72827e-06
-2.67337e-05
3.72945e-06
-2.77761e-05
2.79066e-06
-2.88286e-05
1.94238e-06
-2.9858e-05
1.21886e-06
-3.08098e-05
6.53173e-07
-3.15922e-05
2.72039e-07
-3.20589e-05
9.15759e-08
-3.19902e-05
1.13045e-07
-3.11077e-05
2.93542e-07
-2.90843e-05
5.44658e-07
-2.57998e-05
6.84833e-07
-2.14468e-05
6.06553e-07
-1.73161e-05
2.78474e-07
-1.53285e-05
-1.62418e-05
8.0152e-06
-2.16668e-05
7.00103e-06
-2.27415e-05
5.96209e-06
-2.37099e-05
4.92962e-06
-2.46913e-05
3.92612e-06
-2.57302e-05
2.97175e-06
-2.68217e-05
2.08952e-06
-2.79463e-05
1.30339e-06
-2.90718e-05
6.34971e-07
-3.01413e-05
1.02083e-07
-3.10592e-05
-2.79728e-07
-3.16769e-05
-4.94232e-07
-3.17755e-05
-5.25056e-07
-3.10767e-05
-3.67787e-07
-2.92413e-05
-8.36106e-08
-2.60837e-05
1.89869e-07
-2.17201e-05
3.01083e-07
-1.74273e-05
1.90294e-07
-1.52171e-05
-1.60516e-05
7.20462e-06
-2.06916e-05
6.18813e-06
-2.17251e-05
5.16124e-06
-2.2683e-05
4.15615e-06
-2.36862e-05
3.1961e-06
-2.47701e-05
2.30109e-06
-2.59266e-05
1.48911e-06
-2.71342e-05
7.72379e-07
-2.83549e-05
1.55305e-07
-2.9524e-05
-3.60029e-07
-3.05437e-05
-7.6707e-07
-3.12697e-05
-1.04303e-06
-3.14994e-05
-1.15549e-06
-3.0964e-05
-1.05843e-06
-2.93382e-05
-7.54542e-07
-2.63874e-05
-3.19515e-07
-2.21549e-05
1.39426e-08
-1.77604e-05
1.24877e-07
-1.53282e-05
-1.59264e-05
6.43457e-06
-1.97053e-05
5.42041e-06
-2.0711e-05
4.41551e-06
-2.16781e-05
3.45386e-06
-2.27245e-05
2.55886e-06
-2.3875e-05
1.74684e-06
-2.51144e-05
1.02475e-06
-2.6412e-05
3.86731e-07
-2.77167e-05
-1.81877e-07
-2.89553e-05
-6.93044e-07
-3.00323e-05
-1.14478e-06
-3.08177e-05
-1.50545e-06
-3.11385e-05
-1.72084e-06
-3.07484e-05
-1.70891e-06
-2.93499e-05
-1.41524e-06
-2.66808e-05
-8.45831e-07
-2.27241e-05
-2.56551e-07
-1.83496e-05
7.58872e-08
-1.566e-05
-1.58506e-05
5.70089e-06
-1.87116e-05
4.69967e-06
-1.97097e-05
3.73469e-06
-2.07131e-05
2.8417e-06
-2.18314e-05
2.04122e-06
-2.30744e-05
1.33881e-06
-2.44119e-05
7.22804e-07
-2.57959e-05
1.66016e-07
-2.71598e-05
-3.63069e-07
-2.8426e-05
-8.85068e-07
-2.95101e-05
-1.39494e-06
-3.03076e-05
-1.85043e-06
-3.06828e-05
-2.18165e-06
-3.04169e-05
-2.2709e-06
-2.92604e-05
-2.02106e-06
-2.69304e-05
-1.354e-06
-2.33909e-05
-5.3144e-07
-1.91717e-05
2.18981e-08
-1.62134e-05
-1.58283e-05
5.0017e-06
-1.77213e-05
4.03173e-06
-1.87397e-05
3.13409e-06
-1.98154e-05
2.34313e-06
-2.10404e-05
1.66843e-06
-2.23996e-05
1.096e-06
-2.38393e-05
5.90251e-07
-2.52899e-05
1.04811e-07
-2.66741e-05
-4.01061e-07
-2.79199e-05
-9.47052e-07
-2.89639e-05
-1.52197e-06
-2.97325e-05
-2.07382e-06
-3.01307e-05
-2.51922e-06
-2.99713e-05
-2.72383e-06
-2.90555e-05
-2.54894e-06
-2.7105e-05
-1.8597e-06
-2.40799e-05
-8.66052e-07
-2.01652e-05
-7.72628e-08
-1.70016e-05
-1.59056e-05
4.33773e-06
-1.67514e-05
3.4267e-06
-1.78286e-05
2.63265e-06
-1.90212e-05
1.98004e-06
-2.03876e-05
1.45609e-06
-2.18754e-05
1.01899e-06
-2.3402e-05
6.11085e-07
-2.48818e-05
1.76644e-07
-2.62395e-05
-3.22878e-07
-2.74202e-05
-8.99529e-07
-2.8387e-05
-1.53463e-06
-2.90971e-05
-2.17094e-06
-2.94941e-05
-2.71897e-06
-2.9423e-05
-3.03944e-06
-2.87347e-05
-2.97148e-06
-2.71727e-05
-2.35284e-06
-2.46982e-05
-1.28736e-06
-2.12304e-05
-2.60778e-07
-1.80282e-05
-1.61661e-05
3.7138e-06
-1.58303e-05
2.89966e-06
-1.70143e-05
2.25114e-06
-1.83726e-05
1.76734e-06
-1.99037e-05
1.40199e-06
-2.15099e-05
1.0856e-06
-2.30855e-05
7.50184e-07
-2.45462e-05
3.44958e-07
-2.58341e-05
-1.565e-07
-2.69185e-05
-7.56711e-07
-2.77865e-05
-1.42985e-06
-2.84238e-05
-2.12402e-06
-2.87997e-05
-2.74885e-06
-2.87979e-05
-3.17672e-06
-2.83066e-05
-3.23816e-06
-2.7111e-05
-2.77062e-06
-2.51655e-05
-1.75435e-06
-2.22465e-05
-5.36882e-07
-1.92452e-05
-1.6703e-05
3.14002e-06
-1.49959e-05
2.47132e-06
-1.63455e-05
2.00709e-06
-1.79082e-05
1.70436e-06
-1.96008e-05
1.48104e-06
-2.12864e-05
1.25433e-06
-2.28586e-05
9.62825e-07
-2.42545e-05
5.73524e-07
-2.54445e-05
7.63862e-08
-2.64211e-05
-5.21167e-07
-2.71888e-05
-1.19576e-06
-2.77489e-05
-1.90269e-06
-2.80925e-05
-2.56638e-06
-2.81339e-05
-3.07761e-06
-2.77951e-05
-3.27595e-06
-2.69124e-05
-3.00793e-06
-2.54333e-05
-2.15231e-06
-2.31018e-05
-8.70475e-07
-2.0527e-05
-1.75732e-05
2.63667e-06
-1.43009e-05
2.16214e-06
-1.58709e-05
1.90205e-06
-1.7648e-05
1.76294e-06
-1.94615e-05
1.64258e-06
-2.11659e-05
1.46762e-06
-2.26834e-05
1.20008e-06
-2.39868e-05
8.28529e-07
-2.50728e-05
3.57482e-07
-2.59499e-05
-2.01177e-07
-2.66299e-05
-8.30477e-07
-2.71194e-05
-1.49998e-06
-2.74228e-05
-2.15206e-06
-2.74817e-05
-2.70463e-06
-2.72423e-05
-3.02072e-06
-2.65961e-05
-2.95792e-06
-2.5496e-05
-2.3371e-06
-2.37225e-05
-1.16595e-06
-2.16977e-05
-1.87392e-05
2.22688e-06
-1.38033e-05
1.9783e-06
-1.56222e-05
1.90474e-06
-1.75744e-05
1.8787e-06
-1.94354e-05
1.8094e-06
-2.10965e-05
1.65418e-06
-2.25281e-05
1.40278e-06
-2.37353e-05
1.06152e-06
-2.47314e-05
6.42176e-07
-2.55304e-05
1.56788e-07
-2.61444e-05
-3.84824e-07
-2.65777e-05
-9.68087e-07
-2.68394e-05
-1.5551e-06
-2.68945e-05
-2.09127e-06
-2.6706e-05
-2.47261e-06
-2.62146e-05
-2.57602e-06
-2.53924e-05
-2.20902e-06
-2.40893e-05
-1.29435e-06
-2.26125e-05
-2.00333e-05
1.92042e-06
-1.35463e-05
1.88077e-06
-1.55824e-05
1.92749e-06
-1.7621e-05
1.94127e-06
-1.94491e-05
1.87386e-06
-2.1029e-05
1.71865e-06
-2.23728e-05
1.48574e-06
-2.35022e-05
1.18936e-06
-2.44349e-05
8.41811e-07
-2.51827e-05
4.51675e-07
-2.57541e-05
2.45008e-08
-2.61503e-05
-4.37165e-07
-2.63776e-05
-9.13439e-07
-2.64181e-05
-1.37046e-06
-2.62488e-05
-1.74101e-06
-2.58439e-05
-1.93126e-06
-2.5202e-05
-1.77696e-06
-2.42435e-05
-1.18028e-06
-2.32088e-05
-2.12135e-05
1.65869e-06
-1.3517e-05
1.7409e-06
-1.56645e-05
1.80276e-06
-1.76827e-05
1.78614e-06
-1.94323e-05
1.69155e-06
-2.09343e-05
1.53504e-06
-2.22161e-05
1.33305e-06
-2.33001e-05
1.09783e-06
-2.41996e-05
8.37383e-07
-2.49221e-05
5.55864e-07
-2.54724e-05
2.5591e-07
-2.58502e-05
-6.46796e-08
-2.60568e-05
-3.98159e-07
-2.60844e-05
-7.26095e-07
-2.59208e-05
-1.01181e-06
-2.55581e-05
-1.19844e-06
-2.50153e-05
-1.17422e-06
-2.42676e-05
-8.66834e-07
-2.35161e-05
-2.20803e-05
1.21697e-06
1.26535e-06
1.25531e-06
1.1915e-06
1.09245e-06
9.7199e-07
8.38519e-07
6.96616e-07
5.48534e-07
3.94772e-07
2.35403e-07
6.89607e-08
-1.035e-07
-2.74029e-07
-4.28014e-07
-5.40925e-07
-5.64114e-07
-4.67885e-07
)
;

boundaryField
{
    leftWall
    {
        type            calculated;
        value           uniform 0;
    }
    rightWall
    {
        type            calculated;
        value           uniform 0;
    }
    lowerWall
    {
        type            calculated;
        value           uniform 0;
    }
    atmosphere
    {
        type            calculated;
        value           nonuniform List<scalar> 
46
(
5.00398e-05
7.02378e-05
7.22497e-05
6.76658e-05
6.38886e-05
5.64887e-05
3.89147e-05
2.67651e-05
1.88152e-05
1.30352e-05
8.8048e-06
5.54411e-06
2.78194e-06
3.38169e-07
-1.7214e-06
-3.32335e-06
-4.49116e-06
-5.29782e-06
-5.82557e-06
-6.16998e-06
-6.42616e-06
-6.75903e-06
-7.39506e-06
-3.82676e-06
-4.18696e-06
-4.59251e-06
-5.0282e-06
-1.35695e-05
-1.57128e-05
-1.76726e-05
-1.93684e-05
-2.08352e-05
-2.20956e-05
-2.31666e-05
-2.40576e-05
-2.4774e-05
-2.53186e-05
-2.56908e-05
-2.58904e-05
-2.59119e-05
-2.57502e-05
-2.5404e-05
-2.49023e-05
-2.42444e-05
-2.36123e-05
-2.25482e-05
)
;
    }
    defaultFaces
    {
        type            empty;
        value           nonuniform List<scalar> 0();
    }
}


// ************************************************************************* //
