/*--------------------------------*- C++ -*----------------------------------*\
| =========                 |                                                 |
| \\      /  F ield         | OpenFOAM: The Open Source CFD Toolbox           |
|  \\    /   O peration     | Version:  2312                                  |
|   \\  /    A nd           | Website:  www.openfoam.com                      |
|    \\/     M anipulation  |                                                 |
\*---------------------------------------------------------------------------*/
FoamFile
{
    version     2.0;
    format      ascii;
    arch        "LSB;label=32;scalar=64";
    class       volVectorField;
    location    "2.15";
    object      U;
}
// * * * * * * * * * * * * * * * * * * * * * * * * * * * * * * * * * * * * * //

dimensions      [0 1 -1 0 0 0 0];

internalField   nonuniform List<vector> 
2268
(
(0.0278843 -0.0133121 0)
(0.0503693 -0.00333382 0)
(0.0555276 -0.000385708 0)
(0.0584034 0.000595492 0)
(0.0577723 0.000777733 0)
(0.0558621 0.000963782 0)
(0.0525241 0.000984052 0)
(0.0484298 0.000973631 0)
(0.0438992 0.00114087 0)
(0.0384626 0.00157771 0)
(0.0314897 0.00190463 0)
(0.0236667 0.00185015 0)
(0.0159871 0.0016162 0)
(0.00932519 0.00129711 0)
(0.00451375 0.000815696 0)
(0.0015921 0.000374566 0)
(0.000609122 5.67014e-05 0)
(0.000789598 -0.000186626 0)
(0.00155544 -0.000125858 0)
(0.00155978 -3.87209e-05 0)
(0.00102215 1.91642e-06 0)
(-0.00166771 -6.02326e-05 0)
(-0.00288285 -0.000918014 0)
(0.0120369 -0.0266396 0)
(0.037777 -0.00913381 0)
(0.0444794 -0.00419955 0)
(0.051328 -0.00128742 0)
(0.052601 0.000531251 0)
(0.0516212 0.0019854 0)
(0.0485921 0.00286895 0)
(0.0447577 0.00317522 0)
(0.0405932 0.00330142 0)
(0.035475 0.00399034 0)
(0.0286115 0.00485885 0)
(0.0208613 0.00541799 0)
(0.0132661 0.00514489 0)
(0.00657706 0.00435678 0)
(0.00172246 0.0030133 0)
(-0.00117803 0.00151817 0)
(-0.00193388 0.000334674 0)
(-0.00138445 -0.000271269 0)
(-0.000373009 -0.000347373 0)
(-0.000389266 0.000404348 0)
(-0.00106126 0.00150506 0)
(-0.00396598 0.00219719 0)
(-0.00567214 -0.00163701 0)
(0.00404678 -0.0371589 0)
(0.0275796 -0.0165801 0)
(0.0351627 -0.00802044 0)
(0.0437505 -0.00290166 0)
(0.0462221 0.000806282 0)
(0.046093 0.00355266 0)
(0.0435656 0.00473483 0)
(0.040219 0.00503196 0)
(0.0368916 0.0055777 0)
(0.0328289 0.00794147 0)
(0.0267814 0.009405 0)
(0.0192577 0.00950638 0)
(0.0114673 0.00839594 0)
(0.00456782 0.00658187 0)
(-0.000460379 0.00414085 0)
(-0.00323136 0.00170363 0)
(-0.00336291 0.000116386 0)
(-0.00194894 -0.000722467 0)
(9.79334e-05 -0.00031883 0)
(0.00106172 0.000167478 0)
(0.000809474 0.00130853 0)
(-0.00282942 0.00184094 0)
(-0.00337538 -0.00490964 0)
(-1.04876e-05 -0.0425927 0)
(0.0200088 -0.0231733 0)
(0.0280126 -0.0129243 0)
(0.0379743 -0.00632017 0)
(0.0416746 -0.00104713 0)
(0.0420537 0.00354252 0)
(0.0400369 0.00587158 0)
(0.0378282 0.00620305 0)
(0.036371 0.00586427 0)
(0.0331552 0.00762446 0)
(0.0263969 0.0101223 0)
(0.0182257 0.012219 0)
(0.0100751 0.0125123 0)
(0.00290627 0.0112718 0)
(-0.00199567 0.0079771 0)
(-0.0037363 0.00392359 0)
(-0.00249131 0.000124568 0)
(0.000931736 -0.00211205 0)
(0.00463227 -0.00182782 0)
(0.00638406 0.000762404 0)
(0.00582944 0.00393278 0)
(0.000816487 0.00500527 0)
(0.00169231 -0.00728469 0)
(0.00128347 -0.046877 0)
(0.0196517 -0.028907 0)
(0.0263073 -0.0173583 0)
(0.0360149 -0.00808559 0)
(0.0404518 -0.000945438 0)
(0.0413692 0.00471983 0)
(0.0391406 0.0070797 0)
(0.0364737 0.00671621 0)
(0.0348823 0.00807319 0)
(0.0324983 0.0146993 0)
(0.0263443 0.0183618 0)
(0.0160899 0.0175243 0)
(0.00436977 0.0139067 0)
(-0.00504116 0.00974687 0)
(-0.0106996 0.00482013 0)
(-0.0120548 6.96132e-05 0)
(-0.00932684 -0.00433394 0)
(-0.00260611 -0.00560066 0)
(0.00563122 -0.00436619 0)
(0.0116252 -0.00127959 0)
(0.0112689 0.00318374 0)
(-0.00049331 0.00392032 0)
(0.000979792 -0.000386962 0)
(0.00604407 -0.0534916 0)
(0.0239165 -0.0331965 0)
(0.0287473 -0.0225967 0)
(0.0361257 -0.0147444 0)
(0.038283 -0.00503649 0)
(0.036572 0.00634496 0)
(0.0309207 0.00985939 0)
(0.0245087 0.00843354 0)
(0.0175834 0.00515956 0)
(0.00970503 0.00764901 0)
(-7.22073e-05 0.0127468 0)
(-0.00803972 0.0181721 0)
(-0.0196879 0.0196634 0)
(-0.032574 0.0173482 0)
(-0.0438836 0.011087 0)
(-0.0502402 0.00346574 0)
(-0.0490686 -0.00489068 0)
(-0.0404812 -0.00940699 0)
(-0.02991 -0.00733525 0)
(-0.0267933 -0.00108252 0)
(-0.0101668 0.0117178 0)
(0.00597124 0.0130848 0)
(0.0155757 -0.0120002 0)
(0.00543648 -0.0653855 0)
(0.0228384 -0.0431072 0)
(0.0225474 -0.0235558 0)
(0.0169398 -0.00710471 0)
(0.00670357 0.000359265 0)
(0.00635452 0.00463244 0)
(0.00914206 0.00800575 0)
(0.0167966 0.00873352 0)
(0.0059617 0.0129563 0)
(-0.0625681 0.0314276 0)
(-0.160064 0.0388761 0)
(-0.237794 0.038912 0)
(-0.293167 0.0367579 0)
(-0.318922 0.0287095 0)
(-0.331118 0.0175142 0)
(-0.324781 0.00452489 0)
(-0.298631 -0.007742 0)
(-0.263005 -0.0151611 0)
(-0.225301 -0.0124043 0)
(-0.182663 -0.00922292 0)
(-0.132407 -0.0132534 0)
(-0.0648777 -0.0147159 0)
(0.0279436 0.0234338 0)
(-0.000214813 -0.0542816 0)
(0.0180172 -0.0270272 0)
(0.0211694 -0.0162372 0)
(0.0459226 -0.0112632 0)
(0.0677998 -0.00282781 0)
(0.0365733 0.0154083 0)
(-0.0905387 0.0164534 0)
(-0.173198 0.0200192 0)
(-0.222 0.0472083 0)
(-0.250386 0.0759152 0)
(-0.294736 0.0769055 0)
(-0.331429 0.0635631 0)
(-0.356578 0.0486268 0)
(-0.368659 0.0310955 0)
(-0.365712 0.0106728 0)
(-0.348137 -0.0123947 0)
(-0.32487 -0.0316586 0)
(-0.304316 -0.0418397 0)
(-0.28861 -0.0382151 0)
(-0.269191 -0.0372742 0)
(-0.239096 -0.0445029 0)
(-0.197019 -0.0571764 0)
(-0.252394 -0.0578973 0)
(-0.0374448 0.010596 0)
(0.00554871 -0.0081559 0)
(0.0372868 -0.00955652 0)
(0.0568003 -0.00254655 0)
(0.046012 0.00726316 0)
(0.0152689 0.0113929 0)
(-0.0282511 0.0114978 0)
(-0.0728896 0.00823693 0)
(-0.109449 -0.00115393 0)
(-0.122781 -0.00586045 0)
(-0.116705 -0.00460986 0)
(-0.101512 -0.00423913 0)
(-0.071079 -0.0108539 0)
(-0.0212139 -0.0149991 0)
(0.0248757 -0.0087278 0)
(0.0413981 -0.00179466 0)
(0.0341208 0.00712244 0)
(0.0109192 0.00765163 0)
(-0.00472765 0.00457608 0)
(0.0150082 0.00199535 0)
(0.0929109 -0.0213102 0)
(0.122083 -0.0151596 0)
(0.147377 -0.001863 0)
(0.147454 0.0116836 0)
(0.134998 0.0210096 0)
(0.102272 0.0254583 0)
(0.0561538 0.0247929 0)
(-0.0015836 0.0211642 0)
(-0.0431173 0.00837641 0)
(-0.0679602 -0.00503874 0)
(-0.0341519 -0.0164747 0)
(0.017242 -0.0224491 0)
(0.0482016 -0.0275031 0)
(0.0616764 -0.0149575 0)
(0.0612185 -0.00137342 0)
(0.0391938 0.00397459 0)
(0.026903 0.00756581 0)
(0.0213488 -0.00414779 0)
(0.055051 -0.0386334 0)
(0.0999871 -0.0421422 0)
(0.124063 -0.0365605 0)
(0.169373 -0.0178332 0)
(0.207378 0.00976018 0)
(0.221069 0.0277707 0)
(0.211938 0.0442867 0)
(0.185253 0.0503326 0)
(0.129909 0.0438348 0)
(0.0879285 0.0225651 0)
(0.0517729 -0.00479203 0)
(0.0865234 -0.0370699 0)
(0.141885 -0.0502336 0)
(0.179124 -0.0390139 0)
(0.185046 -0.0210215 0)
(0.151564 0.00266036 0)
(0.110638 0.0257376 0)
(0.141135 0.0313609 0)
(0.148151 0.0318941 0)
(0.0312808 -0.0695248 0)
(0.0765193 -0.0510757 0)
(0.0723779 -0.0433925 0)
(0.0932654 -0.037854 0)
(0.149687 -0.00545708 0)
(0.197426 0.0203452 0)
(0.231897 0.0456913 0)
(0.251986 0.0632694 0)
(0.226821 0.0638106 0)
(0.200169 0.0417455 0)
(0.174027 -0.00363397 0)
(0.163887 -0.0485619 0)
(0.188232 -0.0684666 0)
(0.212569 -0.0508994 0)
(0.16176 -0.00829379 0)
(0.0696243 0.0459064 0)
(-0.0874598 0.0367734 0)
(0.0818405 -0.0424253 0)
(0.164667 0.106551 0)
(0.00411149 -0.0866844 0)
(0.0540604 -0.0590747 0)
(0.0553457 -0.043732 0)
(0.0594674 -0.05192 0)
(0.0936031 -0.0277875 0)
(0.124826 -0.00781402 0)
(0.155136 0.0194256 0)
(0.191156 0.06065 0)
(0.220758 0.0637724 0)
(0.24374 0.043858 0)
(0.250234 0.0139278 0)
(0.196338 -0.0444039 0)
(0.181889 -0.0712794 0)
(0.120889 -0.0249634 0)
(0.0191302 0.0407026 0)
(-0.121207 0.100522 0)
(-0.0250146 -0.00437608 0)
(0.0214717 -0.0883749 0)
(0.141724 0.14733 0)
(-0.00565556 -0.100502 0)
(0.0512832 -0.0709398 0)
(0.0383058 -0.0455604 0)
(0.032836 -0.056052 0)
(0.061637 -0.0376512 0)
(0.0725079 -0.0112991 0)
(0.113259 0.0165807 0)
(0.122845 0.0353935 0)
(0.151115 0.0382464 0)
(0.19011 0.0253841 0)
(0.212712 0.0242968 0)
(0.0963732 -0.0226415 0)
(-0.0045029 -0.0312165 0)
(-0.0719175 0.014257 0)
(-0.179992 0.0930799 0)
(-0.170766 0.0855358 0)
(0.0428739 -0.0447613 0)
(-0.0304032 -0.105508 0)
(0.118802 0.179218 0)
(-0.0668471 -0.104928 0)
(-0.0338653 -0.0743548 0)
(-0.0755026 -0.0369928 0)
(-0.0894358 -0.0516821 0)
(-0.0603745 -0.0462878 0)
(0.00400823 -0.0310558 0)
(0.0787307 -0.0162751 0)
(0.179193 0.0682103 0)
(0.0772988 0.0365441 0)
(0.0782053 0.0111164 0)
(0.0707276 0.0555606 0)
(-0.0993193 0.0283278 0)
(-0.159408 -0.0130297 0)
(-0.220748 0.0489307 0)
(-0.226099 0.0889071 0)
(-0.133301 0.0203458 0)
(0.0494794 -0.0690434 0)
(-0.0789693 -0.108634 0)
(0.101516 0.190479 0)
(-0.156382 -0.0353653 0)
(-0.196013 -0.0396057 0)
(-0.221829 -0.0380173 0)
(-0.197536 -0.06118 0)
(-0.161506 -0.072573 0)
(-0.108393 -0.075246 0)
(-0.0733141 -0.074855 0)
(0.078391 0.0505827 0)
(-0.00520943 0.0841471 0)
(-0.121008 0.0428065 0)
(-0.141591 0.0859083 0)
(-0.214506 0.0593461 0)
(-0.222861 0.0287696 0)
(-0.228907 0.0590878 0)
(-0.193219 0.0532653 0)
(-0.0789067 -0.0496093 0)
(0.00519542 -0.068125 0)
(-0.100573 -0.120416 0)
(0.0843126 0.191447 0)
(0.000215249 -0.0939712 0)
(0.0581754 -0.0842659 0)
(0.0609054 -0.0482005 0)
(0.0202305 -0.019974 0)
(-0.042185 0.0234458 0)
(-0.0743991 0.0911576 0)
(-0.12039 0.100328 0)
(-0.172762 0.0780762 0)
(-0.222915 0.0707323 0)
(-0.259898 0.0874953 0)
(-0.289689 0.093161 0)
(-0.313937 0.0805328 0)
(-0.331263 0.0587628 0)
(-0.340944 0.0319923 0)
(-0.344213 0.00466167 0)
(-0.34436 -0.0200341 0)
(-0.346103 -0.0361756 0)
(-0.354758 -0.0390131 0)
(-0.369322 -0.0264249 0)
(-0.377236 -0.0325448 0)
(-0.36975 -0.0489275 0)
(-0.363106 -0.0755607 0)
(-0.371239 -0.0951594 0)
(-0.0492072 -0.103839 0)
(-0.0463226 -0.0647039 0)
(-0.043131 0.0253379 0)
(-0.0328834 0.059632 0)
(-0.0308857 0.0647317 0)
(-0.0370816 0.0856773 0)
(-0.0598166 0.109586 0)
(-0.0958337 0.117915 0)
(-0.146753 0.117914 0)
(-0.187451 0.121257 0)
(-0.221152 0.118642 0)
(-0.251824 0.101252 0)
(-0.283999 0.0753516 0)
(-0.317089 0.0494214 0)
(-0.346831 0.0209095 0)
(-0.370038 -0.00600325 0)
(-0.39336 -0.0190687 0)
(-0.416999 -0.0159276 0)
(-0.428816 -0.0102925 0)
(-0.424017 -0.0364478 0)
(-0.411047 -0.059475 0)
(-0.40275 -0.0768027 0)
(-0.402482 -0.0841622 0)
(0.015772 -0.0211034 0)
(0.0518175 -0.0749596 0)
(0.0471626 -0.0388314 0)
(0.0690846 0.00670722 0)
(0.0708119 0.0607553 0)
(0.0547012 0.114629 0)
(0.0330548 0.151824 0)
(0.00347562 0.172147 0)
(-0.0430308 0.171965 0)
(-0.0915356 0.162958 0)
(-0.133696 0.15845 0)
(-0.17856 0.147056 0)
(-0.241238 0.128221 0)
(-0.315335 0.097985 0)
(-0.373643 0.0577513 0)
(-0.412397 0.0231674 0)
(-0.437737 0.00502177 0)
(-0.444763 -0.00350261 0)
(-0.428432 -0.0202943 0)
(-0.402832 -0.0516248 0)
(-0.386193 -0.0707702 0)
(-0.383284 -0.0778814 0)
(-0.383421 -0.0825361 0)
(0.112426 -0.171439 0)
(0.203021 -0.0924164 0)
(0.231135 -0.0297447 0)
(0.226969 0.0161627 0)
(0.20154 0.0660583 0)
(0.170167 0.122699 0)
(0.137731 0.169063 0)
(0.0968296 0.20663 0)
(0.042972 0.223637 0)
(-0.0117382 0.215013 0)
(-0.0542542 0.206738 0)
(-0.090773 0.205614 0)
(-0.14898 0.204679 0)
(-0.215051 0.177765 0)
(-0.283505 0.117872 0)
(-0.348901 0.0574365 0)
(-0.392181 0.018093 0)
(-0.404531 -0.0185186 0)
(-0.386637 -0.0547581 0)
(-0.362235 -0.0798258 0)
(-0.347766 -0.0833163 0)
(-0.3409 -0.0821918 0)
(-0.338764 -0.0901474 0)
(0.0787997 -0.36996 0)
(0.234894 -0.164118 0)
(0.268494 -0.0400696 0)
(0.287986 0.0595428 0)
(0.291872 0.133634 0)
(0.269841 0.189842 0)
(0.234857 0.2298 0)
(0.183817 0.263164 0)
(0.107434 0.274269 0)
(0.0266343 0.258539 0)
(-0.0333835 0.241835 0)
(-0.0742314 0.243456 0)
(-0.105561 0.24737 0)
(-0.12953 0.227574 0)
(-0.156964 0.183011 0)
(-0.20476 0.124014 0)
(-0.264101 0.0598752 0)
(-0.303373 -0.0051294 0)
(-0.317373 -0.0609829 0)
(-0.314915 -0.0899885 0)
(-0.303934 -0.0902998 0)
(-0.290246 -0.0896417 0)
(-0.276936 -0.094186 0)
(-0.00323542 -0.601289 0)
(0.234289 -0.280083 0)
(0.264284 -0.140549 0)
(0.307689 -0.0557416 0)
(0.304613 0.045068 0)
(0.244999 0.140174 0)
(0.152999 0.206901 0)
(0.0856187 0.309657 0)
(-0.00664428 0.362003 0)
(-0.0877504 0.322764 0)
(-0.116418 0.283539 0)
(-0.126011 0.270503 0)
(-0.129307 0.261085 0)
(-0.127457 0.238081 0)
(-0.128781 0.203568 0)
(-0.137624 0.162991 0)
(-0.14948 0.108983 0)
(-0.167747 0.033176 0)
(-0.196198 -0.0448384 0)
(-0.227588 -0.0892664 0)
(-0.2416 -0.102104 0)
(-0.240118 -0.106565 0)
(-0.235351 -0.105122 0)
(-0.155597 -0.654149 0)
(0.0262026 -0.361453 0)
(-0.0823228 -0.112878 0)
(-0.182356 0.0476251 0)
(-0.224342 0.176816 0)
(-0.118474 0.309063 0)
(-0.165911 0.349664 0)
(-0.194566 0.426726 0)
(-0.220223 0.453045 0)
(-0.252939 0.371653 0)
(-0.253341 0.302659 0)
(-0.236624 0.271939 0)
(-0.212429 0.253087 0)
(-0.192859 0.229108 0)
(-0.17718 0.19816 0)
(-0.164393 0.158268 0)
(-0.15393 0.108041 0)
(-0.148588 0.0513394 0)
(-0.15727 -0.00631423 0)
(-0.175448 -0.0516037 0)
(-0.189231 -0.0850381 0)
(-0.193918 -0.100349 0)
(-0.193702 -0.104735 0)
(-0.400749 -0.3581 0)
(-0.573011 -0.108775 0)
(-0.759562 0.00688403 0)
(-0.833246 0.0520009 0)
(-0.848618 0.133449 0)
(-0.810282 0.278024 0)
(-0.764524 0.371785 0)
(-0.700862 0.428756 0)
(-0.574811 0.396597 0)
(-0.49277 0.317382 0)
(-0.426117 0.266729 0)
(-0.379213 0.240343 0)
(-0.339336 0.222965 0)
(-0.30263 0.202332 0)
(-0.269105 0.173623 0)
(-0.238114 0.134456 0)
(-0.21097 0.086868 0)
(-0.190175 0.0392643 0)
(-0.176918 -0.00555686 0)
(-0.175185 -0.0462772 0)
(-0.178791 -0.081336 0)
(-0.176174 -0.101665 0)
(-0.169583 -0.105 0)
(-0.444827 0.121794 0)
(-0.665657 0.143513 0)
(-0.921788 0.155041 0)
(-1.05914 0.151271 0)
(-1.1098 0.166743 0)
(-1.07985 0.199484 0)
(-0.993394 0.233715 0)
(-0.87699 0.258611 0)
(-0.760878 0.258148 0)
(-0.670022 0.230723 0)
(-0.60253 0.2044 0)
(-0.542862 0.18857 0)
(-0.485211 0.174218 0)
(-0.429681 0.156396 0)
(-0.378139 0.131309 0)
(-0.330902 0.0951653 0)
(-0.289657 0.0538876 0)
(-0.25649 0.0144163 0)
(-0.234278 -0.0228641 0)
(-0.223077 -0.054579 0)
(-0.213908 -0.0894079 0)
(-0.186804 -0.119803 0)
(-0.145597 -0.116388 0)
(-0.344925 0.524382 0)
(-0.561871 0.439547 0)
(-0.908222 0.318104 0)
(-1.11827 0.176781 0)
(-1.18612 0.108415 0)
(-1.16277 0.103231 0)
(-1.10051 0.120563 0)
(-1.0227 0.138653 0)
(-0.937463 0.148088 0)
(-0.856756 0.141016 0)
(-0.778909 0.130105 0)
(-0.702771 0.120257 0)
(-0.627494 0.106511 0)
(-0.554651 0.092122 0)
(-0.491484 0.0741493 0)
(-0.43787 0.0425244 0)
(-0.39249 0.00901026 0)
(-0.359319 -0.0187158 0)
(-0.327755 -0.043655 0)
(-0.28694 -0.0636104 0)
(-0.246377 -0.10343 0)
(-0.192155 -0.164914 0)
(0.0433132 -0.141436 0)
(-0.239304 0.849846 0)
(-0.321882 0.73106 0)
(-0.690417 0.576315 0)
(-1.04565 0.348321 0)
(-1.18983 0.166067 0)
(-1.21008 0.119637 0)
(-1.15716 0.102202 0)
(-1.09678 0.0909168 0)
(-1.02199 0.0796982 0)
(-0.946843 0.0547537 0)
(-0.874275 0.0355237 0)
(-0.799483 0.0245393 0)
(-0.721105 0.0143235 0)
(-0.642601 0.00907812 0)
(-0.55397 0.00514641 0)
(-0.455833 -0.0127263 0)
(-0.358494 -0.0313504 0)
(-0.168687 -0.0451749 0)
(0.043297 -0.0868228 0)
(-0.0986933 -0.074163 0)
(-0.158154 -0.111455 0)
(-0.263166 -0.393029 0)
(-0.40261 -0.315382 0)
(-0.189886 1.04343 0)
(-0.11702 0.88117 0)
(-0.189056 1.04821 0)
(-0.389058 0.864805 0)
(-0.762064 0.211885 0)
(-0.968831 0.0463083 0)
(-1.08837 0.0161837 0)
(-1.08609 -0.0208686 0)
(-1.03855 -0.0131961 0)
(-1.00151 -0.00088019 0)
(-0.960462 -0.016456 0)
(-0.918367 0.032601 0)
(-0.892697 -0.00670298 0)
(-0.841817 -0.041895 0)
(-0.804212 -0.0284925 0)
(-0.766689 -0.133925 0)
(-0.722983 -0.307472 0)
(-0.714752 -0.278858 0)
(-0.69607 -0.115345 0)
(-0.631591 -0.0397129 0)
(-0.558561 -0.0594338 0)
(-0.534681 -0.0964797 0)
(-0.563058 -0.0826897 0)
(-0.209465 1.1377 0)
(0.0553117 0.834808 0)
(-0.118538 1.72028 0)
(-0.188034 1.13525 0)
(-0.53402 0.584853 0)
(-0.716914 0.398772 0)
(-0.815664 0.274903 0)
(-0.879854 0.154466 0)
(-0.89366 0.0577257 0)
(-0.850948 -0.017621 0)
(-0.814418 -0.0620747 0)
(-0.739569 -0.124164 0)
(-0.642713 -0.153575 0)
(-0.587059 -0.165657 0)
(-0.521733 -0.180854 0)
(-0.465184 -0.177889 0)
(-0.467771 -0.182056 0)
(-0.487626 -0.166389 0)
(-0.48021 -0.135886 0)
(-0.44917 -0.132039 0)
(-0.413485 -0.17047 0)
(-0.392272 -0.20895 0)
(-0.37337 -0.197196 0)
(-0.232803 1.17387 0)
(0.190482 0.760903 0)
(-0.155727 1.51553 0)
(0.00685297 1.25253 0)
(-0.346572 0.71851 0)
(-0.427729 0.452647 0)
(-0.465603 0.200155 0)
(-0.42827 0.00889075 0)
(-0.375903 -0.089597 0)
(-0.343917 -0.112974 0)
(-0.320619 -0.119631 0)
(-0.304921 -0.107948 0)
(-0.286571 -0.111787 0)
(-0.277784 -0.120744 0)
(-0.270988 -0.12526 0)
(-0.269418 -0.159978 0)
(-0.27664 -0.198822 0)
(-0.282375 -0.200841 0)
(-0.272216 -0.174784 0)
(-0.251753 -0.150459 0)
(-0.233051 -0.160683 0)
(-0.233475 -0.177769 0)
(-0.236507 -0.17586 0)
(-0.230229 1.16668 0)
(0.147052 0.813345 0)
(-0.254451 1.53346 0)
(0.0949707 1.31331 0)
(-0.259802 0.841801 0)
(-0.224159 0.498083 0)
(-0.202761 0.221528 0)
(-0.139259 0.0473016 0)
(-0.113382 -0.0572011 0)
(-0.0744623 -0.102688 0)
(-0.0397595 -0.125571 0)
(-0.0175547 -0.137913 0)
(-0.00327235 -0.147638 0)
(-0.00153988 -0.147922 0)
(-0.0113641 -0.148322 0)
(-0.0300372 -0.160504 0)
(-0.0570714 -0.18025 0)
(-0.0863175 -0.18818 0)
(-0.101569 -0.181604 0)
(-0.103767 -0.171231 0)
(-0.0972588 -0.176584 0)
(-0.0986082 -0.180653 0)
(-0.10341 -0.18488 0)
(-0.206057 1.16226 0)
(0.0466071 0.845275 0)
(-0.115887 1.5684 0)
(0.0417938 1.33323 0)
(-0.161754 0.905867 0)
(-0.078863 0.505419 0)
(-0.0322488 0.16624 0)
(0.0254828 -0.036367 0)
(0.0571894 -0.12437 0)
(0.0819234 -0.156383 0)
(0.100768 -0.162071 0)
(0.115438 -0.157593 0)
(0.124192 -0.151853 0)
(0.126081 -0.139202 0)
(0.121627 -0.126051 0)
(0.112705 -0.127534 0)
(0.0946584 -0.138009 0)
(0.07045 -0.149029 0)
(0.0470778 -0.157884 0)
(0.0300157 -0.162495 0)
(0.0188501 -0.16974 0)
(0.0101729 -0.172448 0)
(0.00341192 -0.173763 0)
(-0.175129 1.21768 0)
(-0.0384342 0.858895 0)
(-0.0446195 1.50599 0)
(-0.0163638 1.39239 0)
(-0.0943842 0.910537 0)
(0.0411352 0.428633 0)
(0.0965666 0.112649 0)
(0.139272 -0.0640413 0)
(0.160627 -0.148467 0)
(0.17531 -0.17474 0)
(0.183831 -0.173112 0)
(0.187397 -0.162734 0)
(0.187312 -0.151931 0)
(0.183044 -0.13757 0)
(0.178794 -0.123274 0)
(0.17414 -0.119417 0)
(0.164249 -0.123429 0)
(0.149264 -0.130169 0)
(0.132353 -0.137226 0)
(0.116306 -0.14436 0)
(0.102094 -0.152444 0)
(0.0902354 -0.159489 0)
(0.0800801 -0.164115 0)
(-0.159564 1.29698 0)
(-0.0751642 0.801509 0)
(-0.215036 1.43216 0)
(-0.0622324 1.40557 0)
(-0.0374028 0.815007 0)
(0.127504 0.345715 0)
(0.191601 0.0600205 0)
(0.221146 -0.097958 0)
(0.22961 -0.164758 0)
(0.22931 -0.18048 0)
(0.224365 -0.173119 0)
(0.217406 -0.159252 0)
(0.209657 -0.145895 0)
(0.20216 -0.131789 0)
(0.196708 -0.119232 0)
(0.192152 -0.113145 0)
(0.18561 -0.113296 0)
(0.176187 -0.117498 0)
(0.16493 -0.124107 0)
(0.153226 -0.132095 0)
(0.141945 -0.140764 0)
(0.131644 -0.148932 0)
(0.121437 -0.155723 0)
(-0.125294 1.48508 0)
(-0.210314 0.968431 0)
(-0.442254 1.31385 0)
(-0.0586769 1.28975 0)
(0.0186364 0.656746 0)
(0.193246 0.253046 0)
(0.256643 0.00972794 0)
(0.272074 -0.116136 0)
(0.266198 -0.164386 0)
(0.251297 -0.171494 0)
(0.234542 -0.161769 0)
(0.219719 -0.148158 0)
(0.207642 -0.135392 0)
(0.198106 -0.123536 0)
(0.191115 -0.113513 0)
(0.185867 -0.10751 0)
(0.180755 -0.106324 0)
(0.174768 -0.109253 0)
(0.167846 -0.115136 0)
(0.160323 -0.122843 0)
(0.152491 -0.131415 0)
(0.14475 -0.139929 0)
(0.136064 -0.147618 0)
(-0.0837594 1.55632 0)
(-0.184203 1.19895 0)
(-0.456601 1.19769 0)
(0.00443103 1.02613 0)
(0.107864 0.498449 0)
(0.245825 0.166741 0)
(0.29377 -0.0253433 0)
(0.295111 -0.117502 0)
(0.275833 -0.148612 0)
(0.250119 -0.150175 0)
(0.226028 -0.141736 0)
(0.206601 -0.13201 0)
(0.191841 -0.122996 0)
(0.180963 -0.114494 0)
(0.173357 -0.107132 0)
(0.168206 -0.10252 0)
(0.164364 -0.101662 0)
(0.160815 -0.104383 0)
(0.156958 -0.109855 0)
(0.152544 -0.117088 0)
(0.14751 -0.125172 0)
(0.142004 -0.133306 0)
(0.135092 -0.140925 0)
(-0.0413601 1.77887 0)
(-0.138735 1.35799 0)
(-0.354466 1.09352 0)
(0.084526 0.75394 0)
(0.184691 0.355059 0)
(0.280797 0.0983962 0)
(0.30882 -0.0418482 0)
(0.296251 -0.103539 0)
(0.266881 -0.121711 0)
(0.235458 -0.122087 0)
(0.20875 -0.118069 0)
(0.188082 -0.113817 0)
(0.172665 -0.109481 0)
(0.16155 -0.104864 0)
(0.154043 -0.100731 0)
(0.149366 -0.0983931 0)
(0.14651 -0.0987251 0)
(0.14443 -0.101756 0)
(0.142326 -0.106948 0)
(0.139716 -0.113565 0)
(0.136357 -0.120885 0)
(0.132322 -0.128296 0)
(0.126753 -0.135352 0)
(-0.0251405 1.79088 0)
(0.00927658 1.53048 0)
(-0.207212 0.981965 0)
(0.169556 0.546722 0)
(0.245644 0.240504 0)
(0.302816 0.0545804 0)
(0.308633 -0.0392103 0)
(0.283689 -0.0767869 0)
(0.248868 -0.0883942 0)
(0.216408 -0.091966 0)
(0.190431 -0.0941809 0)
(0.170733 -0.0958069 0)
(0.15612 -0.0963183 0)
(0.145658 -0.0957393 0)
(0.138676 -0.0949223 0)
(0.134422 -0.0949821 0)
(0.131963 -0.0966806 0)
(0.130344 -0.100161 0)
(0.128786 -0.105139 0)
(0.126787 -0.111139 0)
(0.124083 -0.117663 0)
(0.120689 -0.124264 0)
(0.115859 -0.130641 0)
(-0.0103466 1.78218 0)
(0.102576 1.53661 0)
(-0.0289108 0.892966 0)
(0.262048 0.414487 0)
(0.30055 0.167427 0)
(0.318896 0.0401877 0)
(0.300059 -0.0183328 0)
(0.265603 -0.0419258 0)
(0.229055 -0.0536384 0)
(0.198473 -0.0632189 0)
(0.174911 -0.0721109 0)
(0.157165 -0.0792978 0)
(0.144017 -0.0842724 0)
(0.13459 -0.0873936 0)
(0.128174 -0.0895533 0)
(0.124055 -0.0917554 0)
(0.121429 -0.094683 0)
(0.119524 -0.0985845 0)
(0.117699 -0.103392 0)
(0.115529 -0.108862 0)
(0.112784 -0.114686 0)
(0.10948 -0.120574 0)
(0.104928 -0.126306 0)
(-0.0242581 1.76672 0)
(0.111186 1.50612 0)
(0.149219 0.774393 0)
(0.338426 0.323848 0)
(0.341641 0.138542 0)
(0.326528 0.054514 0)
(0.285952 0.0177168 0)
(0.245762 -0.00273603 0)
(0.210461 -0.0204177 0)
(0.182899 -0.0374448 0)
(0.162206 -0.052618 0)
(0.14673 -0.0647763 0)
(0.135243 -0.0736319 0)
(0.126875 -0.0798565 0)
(0.120921 -0.0844334 0)
(0.116739 -0.0883323 0)
(0.113697 -0.0922218 0)
(0.111205 -0.0964613 0)
(0.108788 -0.101159 0)
(0.10613 -0.106241 0)
(0.103056 -0.111537 0)
(0.0995771 -0.116866 0)
(0.0950559 -0.12209 0)
(-0.0235149 1.71517 0)
(0.129317 1.43395 0)
(0.353639 0.632507 0)
(0.42432 0.2864 0)
(0.372234 0.155313 0)
(0.321731 0.0946079 0)
(0.268009 0.0636437 0)
(0.225409 0.036583 0)
(0.192278 0.00979551 0)
(0.168162 -0.0149559 0)
(0.150555 -0.0358729 0)
(0.137402 -0.0522971 0)
(0.127612 -0.0643778 0)
(0.120344 -0.0730804 0)
(0.114894 -0.079503 0)
(0.110729 -0.0846385 0)
(0.107363 -0.0892308 0)
(0.104362 -0.0937293 0)
(0.101404 -0.0983596 0)
(0.0982827 -0.103168 0)
(0.0948683 -0.108088 0)
(0.0911764 -0.113013 0)
(0.0866103 -0.117849 0)
(0.0114547 1.59952 0)
(0.286648 1.13862 0)
(0.501608 0.524963 0)
(0.456627 0.305561 0)
(0.372452 0.209937 0)
(0.296968 0.154638 0)
(0.242817 0.113322 0)
(0.202108 0.0733927 0)
(0.172955 0.0362213 0)
(0.15247 0.00409345 0)
(0.137963 -0.0219594 0)
(0.127343 -0.0419612 0)
(0.119397 -0.0566412 0)
(0.113365 -0.0672207 0)
(0.108683 -0.0749474 0)
(0.104839 -0.0809248 0)
(0.101459 -0.0859727 0)
(0.0982593 -0.0906173 0)
(0.0950225 -0.0951685 0)
(0.0916151 -0.099763 0)
(0.0879618 -0.104404 0)
(0.0841029 -0.109028 0)
(0.0794834 -0.113568 0)
(0.185241 1.23202 0)
(0.402989 0.816544 0)
(0.498094 0.534834 0)
(0.413712 0.382216 0)
(0.31773 0.283714 0)
(0.254743 0.216747 0)
(0.208348 0.158213 0)
(0.174584 0.104974 0)
(0.150944 0.058222 0)
(0.134612 0.019457 0)
(0.123383 -0.0108936 0)
(0.115529 -0.033851 0)
(0.109741 -0.0506237 0)
(0.105324 -0.0625429 0)
(0.101765 -0.0711159 0)
(0.0986159 -0.0775707 0)
(0.0955982 -0.0827947 0)
(0.0925187 -0.0874099 0)
(0.0892593 -0.0918099 0)
(0.0857579 -0.0961875 0)
(0.0819941 -0.100583 0)
(0.0780355 -0.104958 0)
(0.0733866 -0.109252 0)
(0.189684 0.907677 0)
(0.322166 0.796246 0)
(0.356555 0.601276 0)
(0.296238 0.44645 0)
(0.24449 0.345121 0)
(0.202638 0.263969 0)
(0.169373 0.192673 0)
(0.144464 0.129493 0)
(0.126753 0.0751863 0)
(0.114803 0.0310022 0)
(0.106963 -0.00301698 0)
(0.101966 -0.0283326 0)
(0.0986518 -0.0466351 0)
(0.0962191 -0.0594146 0)
(0.0941516 -0.0683994 0)
(0.0920641 -0.0749344 0)
(0.0897309 -0.080029 0)
(0.0870371 -0.0843956 0)
(0.0839495 -0.0884971 0)
(0.0804891 -0.0925735 0)
(0.0766975 -0.0966944 0)
(0.0726851 -0.100831 0)
(0.0680144 -0.104906 0)
(0.0828944 0.793012 0)
(0.172199 0.762603 0)
(0.208501 0.601368 0)
(0.199159 0.478469 0)
(0.176972 0.379827 0)
(0.153434 0.293794 0)
(0.132119 0.216418 0)
(0.114861 0.147093 0)
(0.102262 0.087255 0)
(0.0941972 0.0387038 0)
(0.0896904 0.00153709 0)
(0.0876494 -0.0256742 0)
(0.0869367 -0.0450066 0)
(0.0867083 -0.0581969 0)
(0.0863655 -0.0671193 0)
(0.0855412 -0.0732996 0)
(0.0840544 -0.0779043 0)
(0.0818764 -0.081754 0)
(0.0790658 -0.085366 0)
(0.0757146 -0.089017 0)
(0.0719311 -0.0927988 0)
(0.0678713 -0.0966744 0)
(0.0631698 -0.100534 0)
(0.0307749 0.702178 0)
(0.0898001 0.680296 0)
(0.128419 0.582486 0)
(0.134274 0.485936 0)
(0.12619 0.395499 0)
(0.114463 0.310969 0)
(0.101306 0.231987 0)
(0.0895484 0.159305 0)
(0.0806315 0.0953352 0)
(0.0754653 0.0429715 0)
(0.073584 0.00304544 0)
(0.0741217 -0.0258356 0)
(0.0758332 -0.0458714 0)
(0.0777551 -0.0590348 0)
(0.0791613 -0.0673928 0)
(0.0796041 -0.0727521 0)
(0.0789459 -0.0764782 0)
(0.0772566 -0.0795054 0)
(0.0746916 -0.0824144 0)
(0.0714234 -0.0855078 0)
(0.0676216 -0.0888776 0)
(0.0634976 -0.0924634 0)
(0.0587337 -0.0961099 0)
(0.0179917 0.64407 0)
(0.0590631 0.635407 0)
(0.0848072 0.564504 0)
(0.0943843 0.483595 0)
(0.093112 0.401341 0)
(0.0881327 0.320419 0)
(0.0802129 0.242177 0)
(0.0723765 0.168021 0)
(0.0660508 0.101063 0)
(0.0626379 0.0452023 0)
(0.0621702 0.00235795 0)
(0.0642466 -0.0283968 0)
(0.0676047 -0.0490537 0)
(0.071076 -0.0617804 0)
(0.0737083 -0.069082 0)
(0.0750083 -0.0731523 0)
(0.0748776 -0.0756147 0)
(0.0734519 -0.0775438 0)
(0.0709637 -0.0795669 0)
(0.0676568 -0.0819879 0)
(0.0637568 -0.0848797 0)
(0.0595055 -0.0881528 0)
(0.0546324 -0.0915954 0)
(0.0124987 0.618477 0)
(0.0425904 0.608132 0)
(0.0614196 0.549242 0)
(0.0727765 0.477963 0)
(0.0752658 0.402198 0)
(0.0744361 0.325156 0)
(0.0703305 0.248646 0)
(0.0657074 0.174282 0)
(0.0616244 0.105557 0)
(0.0593882 0.0468807 0)
(0.0592842 0.00108512 0)
(0.0615211 -0.0318841 0)
(0.0649945 -0.0531823 0)
(0.068556 -0.0653448 0)
(0.0712569 -0.0713691 0)
(0.0725479 -0.0738965 0)
(0.0723042 -0.0748812 0)
(0.0706861 -0.0755614 0)
(0.0679688 -0.0766086 0)
(0.06443 -0.0783116 0)
(0.0603069 -0.0807112 0)
(0.0558512 -0.0836809 0)
(0.0508078 -0.0869487 0)
(0.010957 0.594615 0)
(0.0360685 0.585651 0)
(0.052404 0.534907 0)
(0.0646965 0.470465 0)
(0.0697055 0.399936 0)
(0.0718106 0.326473 0)
(0.0708543 0.251962 0)
(0.0689989 0.178191 0)
(0.0669113 0.108829 0)
(0.0655868 0.0484376 0)
(0.0653129 0.000363684 0)
(0.0665677 -0.0344419 0)
(0.0685797 -0.0563564 0)
(0.0707066 -0.0680731 0)
(0.0721729 -0.0729488 0)
(0.0724216 -0.0740396 0)
(0.0713057 -0.0736209 0)
(0.0689673 -0.0731135 0)
(0.0656663 -0.0732468 0)
(0.0616654 -0.0742924 0)
(0.057185 -0.0762584 0)
(0.0524426 -0.0789789 0)
(0.0471837 -0.0821269 0)
(0.0117698 0.571509 0)
(0.0358661 0.564958 0)
(0.0526254 0.520373 0)
(0.0659324 0.461379 0)
(0.073039 0.395251 0)
(0.077406 0.324961 0)
(0.0789825 0.252487 0)
(0.0792293 0.179868 0)
(0.0785492 0.110813 0)
(0.0776762 0.049855 0)
(0.0769214 0.000683869 0)
(0.0765784 -0.035075 0)
(0.076409 -0.0574245 0)
(0.076252 -0.0688364 0)
(0.0756115 -0.0728249 0)
(0.074058 -0.0727618 0)
(0.0714701 -0.0712151 0)
(0.067976 -0.0697722 0)
(0.0638071 -0.0692056 0)
(0.059178 -0.0697639 0)
(0.0542441 -0.0714227 0)
(0.0491718 -0.0739892 0)
(0.0436738 -0.0771001 0)
(0.0139337 0.546824 0)
(0.0391972 0.543408 0)
(0.0581272 0.504591 0)
(0.0727274 0.45067 0)
(0.081622 0.388551 0)
(0.0876355 0.321205 0)
(0.0909428 0.250904 0)
(0.0924437 0.179917 0)
(0.0925006 0.111888 0)
(0.0916836 0.0513119 0)
(0.0902627 0.00214919 0)
(0.0882638 -0.0337267 0)
(0.0858441 -0.0560977 0)
(0.0831407 -0.0671682 0)
(0.0800131 -0.0704718 0)
(0.0762816 -0.0695834 0)
(0.0719326 -0.067283 0)
(0.0671005 -0.0652656 0)
(0.061964 -0.0643092 0)
(0.05666 -0.0646292 0)
(0.0512681 -0.0661632 0)
(0.0458743 -0.0687046 0)
(0.0401642 -0.0718767 0)
(0.0169995 0.518637 0)
(0.0443219 0.51936 0)
(0.0660232 0.486958 0)
(0.0818199 0.438431 0)
(0.0919233 0.380383 0)
(0.0988282 0.315985 0)
(0.102966 0.248106 0)
(0.10498 0.179101 0)
(0.10535 0.112527 0)
(0.104471 0.0530059 0)
(0.102421 0.00464223 0)
(0.0989899 -0.0305881 0)
(0.0944431 -0.0524346 0)
(0.0891972 -0.0629668 0)
(0.0835324 -0.0657233 0)
(0.0776102 -0.0643746 0)
(0.0715627 -0.0617669 0)
(0.0655177 -0.0595997 0)
(0.0595621 -0.0586086 0)
(0.0537251 -0.0589534 0)
(0.0479949 -0.0605435 0)
(0.0423798 -0.0631793 0)
(0.0365368 -0.0665046 0)
(0.020657 0.485995 0)
(0.0499053 0.492477 0)
(0.0739402 0.467613 0)
(0.0903307 0.425195 0)
(0.100766 0.371532 0)
(0.107662 0.310218 0)
(0.111807 0.244888 0)
(0.113955 0.1779 0)
(0.114631 0.112923 0)
(0.113829 0.0549204 0)
(0.111267 0.00803254 0)
(0.106523 -0.0258087 0)
(0.0998899 -0.0465141 0)
(0.092219 -0.0562824 0)
(0.0842265 -0.0586906 0)
(0.0764317 -0.0573409 0)
(0.0691166 -0.0549543 0)
(0.0623309 -0.0530928 0)
(0.0559899 -0.0523882 0)
(0.0499721 -0.0529616 0)
(0.0441685 -0.054732 0)
(0.0385125 -0.0575403 0)
(0.0326763 -0.0610786 0)
(0.0244241 0.448604 0)
(0.0547479 0.463552 0)
(0.0797888 0.447461 0)
(0.0957103 0.411874 0)
(0.10541 0.362967 0)
(0.111329 0.304851 0)
(0.114933 0.24168 0)
(0.117416 0.176267 0)
(0.118806 0.112938 0)
(0.118286 0.0569226 0)
(0.115127 0.0122589 0)
(0.108956 -0.0193607 0)
(0.100195 -0.038383 0)
(0.0902711 -0.047327 0)
(0.080413 -0.0497806 0)
(0.071429 -0.0490512 0)
(0.0636011 -0.047476 0)
(0.0568082 -0.0463432 0)
(0.0507287 -0.0461563 0)
(0.0450466 -0.0470508 0)
(0.0395522 -0.0490175 0)
(0.0341297 -0.0519896 0)
(0.0284937 -0.0557463 0)
(0.0269711 0.40713 0)
(0.0572141 0.434251 0)
(0.0813704 0.427938 0)
(0.0955705 0.399597 0)
(0.103453 0.355708 0)
(0.107615 0.300551 0)
(0.110781 0.238269 0)
(0.114414 0.173727 0)
(0.1171 0.112307 0)
(0.116914 0.0590533 0)
(0.112855 0.0175579 0)
(0.104868 -0.0111167 0)
(0.0939848 -0.0281851 0)
(0.0822331 -0.0365578 0)
(0.0712794 -0.0397083 0)
(0.06204 -0.0403444 0)
(0.0546111 -0.0401771 0)
(0.0485891 -0.0401092 0)
(0.0434329 -0.0405485 0)
(0.0386606 -0.0417202 0)
(0.0339465 -0.0437594 0)
(0.0291016 -0.0467727 0)
(0.0239162 -0.0506817 0)
(0.0265307 0.363942 0)
(0.0552558 0.40682 0)
(0.0762015 0.410519 0)
(0.0876513 0.389313 0)
(0.0932203 0.350366 0)
(0.0953132 0.297589 0)
(0.0986104 0.233713 0)
(0.10474 0.169407 0)
(0.109232 0.110609 0)
(0.109109 0.0614198 0)
(0.103557 0.024448 0)
(0.0933782 -0.000307461 0)
(0.0809792 -0.0153891 0)
(0.0683522 -0.0240375 0)
(0.0573837 -0.0290358 0)
(0.0488328 -0.0319641 0)
(0.04249 -0.033779 0)
(0.0377679 -0.035049 0)
(0.0339995 -0.0361692 0)
(0.0306082 -0.0375206 0)
(0.0271288 -0.0394155 0)
(0.0232668 -0.0422243 0)
(0.0188375 -0.0461061 0)
(0.0236935 0.326741 0)
(0.0485513 0.386271 0)
(0.0625793 0.397369 0)
(0.07097 0.380689 0)
(0.0754308 0.346348 0)
(0.0743717 0.296054 0)
(0.0773927 0.228042 0)
(0.0881104 0.164595 0)
(0.0951955 0.109372 0)
(0.0951233 0.0648876 0)
(0.0882166 0.032154 0)
(0.0764594 0.00989803 0)
(0.0628326 -0.00481174 0)
(0.0501984 -0.0147973 0)
(0.040141 -0.0215525 0)
(0.0330062 -0.0263 0)
(0.0281616 -0.0296099 0)
(0.0249224 -0.0318929 0)
(0.0226558 -0.0335097 0)
(0.0208111 -0.0349065 0)
(0.0188687 -0.0364631 0)
(0.0164505 -0.0388682 0)
(0.0132101 -0.0426056 0)
(0.0242468 0.27101 0)
(0.0386518 0.3766 0)
(0.0385305 0.388802 0)
(0.046501 0.367041 0)
(0.0541553 0.34574 0)
(0.0468565 0.304668 0)
(0.0461083 0.209769 0)
(0.0636327 0.144398 0)
(0.072979 0.101333 0)
(0.0732252 0.0700381 0)
(0.0659585 0.0471502 0)
(0.0544411 0.0295193 0)
(0.0423122 0.0146141 0)
(0.0321067 0.00160179 0)
(0.0243327 -0.00942898 0)
(0.018639 -0.0180182 0)
(0.0148508 -0.0242826 0)
(0.0124506 -0.0286107 0)
(0.0110021 -0.0314416 0)
(0.0100618 -0.0332879 0)
(0.00922532 -0.0346597 0)
(0.00827353 -0.0364463 0)
(0.00682243 -0.0398684 0)
(-0.355557 -0.0288425 0)
(-0.333175 -0.0220361 0)
(-0.315777 -0.0126312 0)
(-0.302321 -0.00288741 0)
(-0.39379 -0.0666514 0)
(-0.38516 -0.0575478 0)
(-0.373867 -0.0480427 0)
(-0.357187 -0.0433286 0)
(-0.374807 -0.0780308 0)
(-0.367918 -0.072429 0)
(-0.359793 -0.0680013 0)
(-0.348789 -0.0675363 0)
(-0.333396 -0.0929488 0)
(-0.32852 -0.0865059 0)
(-0.322481 -0.0822505 0)
(-0.314256 -0.0832213 0)
(-0.270338 -0.0991927 0)
(-0.26719 -0.0958697 0)
(-0.261816 -0.0952214 0)
(-0.254337 -0.0985868 0)
(-0.231401 -0.105631 0)
(-0.228955 -0.106183 0)
(-0.225983 -0.107681 0)
(-0.223307 -0.109907 0)
(-0.19075 -0.111497 0)
(-0.187698 -0.10999 0)
(-0.188963 -0.102448 0)
(-0.200525 -0.0988819 0)
(-0.173389 -0.111437 0)
(-0.17542 -0.110398 0)
(-0.171543 -0.0948089 0)
(-0.172339 -0.0762872 0)
(-0.159729 -0.104981 0)
(-0.19183 -0.106073 0)
(-0.189967 -0.0902119 0)
(-0.175766 -0.0631421 0)
(0.125889 -0.0298053 0)
(0.170793 -0.0799884 0)
(0.0678363 -0.103175 0)
(-0.0359225 -0.0539139 0)
(-0.437076 -0.0837427 0)
(-0.454503 0.0265616 0)
(-0.453995 0.118855 0)
(-0.460375 0.13211 0)
(-0.56657 -0.0304717 0)
(-0.548925 -0.010342 0)
(-0.516485 0.0101768 0)
(-0.475848 0.0244136 0)
(-0.350537 -0.129655 0)
(-0.330087 -0.100912 0)
(-0.301767 -0.0822762 0)
(-0.270155 -0.0613671 0)
(-0.232173 -0.123815 0)
(-0.22214 -0.105332 0)
(-0.20618 -0.102311 0)
(-0.182332 -0.0921526 0)
(-0.103891 -0.160068 0)
(-0.0939875 -0.148583 0)
(-0.0828389 -0.147008 0)
(-0.0700907 -0.143649 0)
(0.0017717 -0.164353 0)
(0.00448191 -0.159935 0)
(0.00880933 -0.157152 0)
(0.0138329 -0.154863 0)
(0.0768858 -0.160635 0)
(0.0749836 -0.159605 0)
(0.074427 -0.159408 0)
(0.0749285 -0.159547 0)
(0.117348 -0.155041 0)
(0.113835 -0.155626 0)
(0.111344 -0.156706 0)
(0.109686 -0.158001 0)
(0.132099 -0.148274 0)
(0.128636 -0.14964 0)
(0.125615 -0.151297 0)
(0.12314 -0.153178 0)
(0.131687 -0.14216 0)
(0.128541 -0.143806 0)
(0.125742 -0.14567 0)
(0.12333 -0.147694 0)
(0.123814 -0.136798 0)
(0.121118 -0.138467 0)
(0.118555 -0.140308 0)
(0.116246 -0.142334 0)
(0.11322 -0.132097 0)
(0.110733 -0.133683 0)
(0.108405 -0.135444 0)
(0.106302 -0.137367 0)
(0.102386 -0.127691 0)
(0.100026 -0.129165 0)
(0.0977957 -0.130811 0)
(0.0957448 -0.132653 0)
(0.0925114 -0.123377 0)
(0.090154 -0.124747 0)
(0.0879835 -0.12631 0)
(0.0860005 -0.128082 0)
(0.0840178 -0.11904 0)
(0.0816505 -0.120321 0)
(0.0794969 -0.121813 0)
(0.0775124 -0.123557 0)
(0.0768388 -0.114672 0)
(0.0744479 -0.115882 0)
(0.0723062 -0.117332 0)
(0.0703443 -0.119059 0)
(0.0706987 -0.110275 0)
(0.068291 -0.111431 0)
(0.0661627 -0.112848 0)
(0.0642007 -0.11458 0)
(0.0652857 -0.105857 0)
(0.0628692 -0.106971 0)
(0.0607472 -0.108378 0)
(0.0587961 -0.110117 0)
(0.0604029 -0.101413 0)
(0.057963 -0.102497 0)
(0.0558454 -0.103901 0)
(0.0538883 -0.105657 0)
(0.0559122 -0.0969236 0)
(0.0534476 -0.0979889 0)
(0.051313 -0.0994052 0)
(0.0493418 -0.101176 0)
(0.051747 -0.0923527 0)
(0.0492295 -0.0934155 0)
(0.0470723 -0.0948534 0)
(0.045072 -0.0966446 0)
(0.0478318 -0.0876669 0)
(0.0452584 -0.0887466 0)
(0.043057 -0.0902239 0)
(0.0410172 -0.0920389 0)
(0.0441112 -0.0828337 0)
(0.0414581 -0.0839594 0)
(0.0392154 -0.0854945 0)
(0.0371347 -0.0873482 0)
(0.0404931 -0.0778346 0)
(0.0377745 -0.0790446 0)
(0.0354871 -0.0806691 0)
(0.0333694 -0.0825831 0)
(0.0369003 -0.072687 0)
(0.0341194 -0.0740284 0)
(0.0318156 -0.0757757 0)
(0.0296848 -0.0777848 0)
(0.0332208 -0.0674418 0)
(0.0304295 -0.0689661 0)
(0.0281411 -0.0708804 0)
(0.0260319 -0.0730295 0)
(0.0293806 -0.0621938 0)
(0.0266269 -0.0639585 0)
(0.0244227 -0.0660879 0)
(0.0223991 -0.0684445 0)
(0.0252961 -0.0570909 0)
(0.0226819 -0.0591597 0)
(0.0206456 -0.0615697 0)
(0.018797 -0.0642274 0)
(0.0209383 -0.0523206 0)
(0.0185801 -0.0547686 0)
(0.0168396 -0.0575473 0)
(0.0153056 -0.0606391 0)
(0.0162369 -0.0481207 0)
(0.0143474 -0.0510322 0)
(0.0130791 -0.0543159 0)
(0.0120505 -0.058022 0)
(0.0112636 -0.0452393 0)
(0.0100822 -0.0487195 0)
(0.00945532 -0.0526548 0)
(0.00908963 -0.057075 0)
(0.00610061 -0.0436453 0)
(0.00591748 -0.0477603 0)
(0.00596194 -0.052395 0)
(0.00612795 -0.0573761 0)
(-0.294014 0.00242952 0)
(-0.280741 -0.0377428 0)
(-0.262162 -0.0553072 0)
(-0.237269 -0.075925 0)
(-0.209288 -0.0900856 0)
(-0.183265 -0.0933259 0)
(-0.178354 -0.0753298 0)
(-0.163153 0.0566342 0)
(-0.198714 0.150625 0)
(-0.291341 0.0924218 0)
(-0.290146 0.0711371 0)
(-0.252806 0.0311441 0)
(-0.208435 0.0173838 0)
(-0.174939 0.0358408 0)
(-0.121181 0.00190137 0)
(-0.0806568 -0.0705401 0)
(-0.0461537 -0.0714946 0)
(-0.0983101 -0.121828 0)
(0.0232651 0.17241 0)
(-0.338005 -0.045441 0)
(-0.305486 -0.0591204 0)
(-0.284952 -0.0762396 0)
(-0.269355 -0.0951878 0)
(-0.256025 -0.109781 0)
(-0.249969 -0.104853 0)
(-0.255601 -0.0676899 0)
(-0.245877 0.0369389 0)
(-0.20529 0.158001 0)
(-0.207845 0.130954 0)
(-0.206516 0.0469132 0)
(-0.175069 -0.0168269 0)
(-0.135633 -0.0232493 0)
(-0.109243 -0.00663486 0)
(-0.0686994 -0.0387788 0)
(-0.0939867 -0.0489469 0)
(-0.0875973 -0.105259 0)
(-0.103632 -0.123269 0)
(-0.0341391 0.110715 0)
(-0.335555 -0.0707049 0)
(-0.309212 -0.0815437 0)
(-0.293976 -0.0902134 0)
(-0.289909 -0.101757 0)
(-0.291025 -0.115797 0)
(-0.29155 -0.107944 0)
(-0.286347 -0.0722469 0)
(-0.256729 0.0114217 0)
(-0.195688 0.104324 0)
(-0.132645 0.117014 0)
(-0.0939928 0.0397704 0)
(-0.0639656 -0.0422332 0)
(-0.0598329 -0.0429904 0)
(-0.055408 -0.012494 0)
(-0.0309512 -0.0230126 0)
(-0.0524786 -0.0374085 0)
(-0.0630186 -0.106635 0)
(-0.0857489 -0.120511 0)
(-0.0755843 0.0286521 0)
(-0.304206 -0.0876907 0)
(-0.284345 -0.094908 0)
(-0.27159 -0.0949596 0)
(-0.278541 -0.0954377 0)
(-0.303532 -0.109424 0)
(-0.323934 -0.10765 0)
(-0.327009 -0.0856183 0)
(-0.298147 -0.0324386 0)
(-0.221849 0.031403 0)
(-0.12624 0.0550406 0)
(-0.0517872 0.0137386 0)
(-0.011143 -0.0388916 0)
(-0.00502169 -0.0492181 0)
(-0.0193539 -0.020655 0)
(0.0556488 -0.0475353 0)
(0.0489457 -0.0122905 0)
(0.0226871 -0.0939546 0)
(-0.0146239 -0.112919 0)
(-0.0704895 -0.0590147 0)
(-0.246262 -0.103509 0)
(-0.231905 -0.107877 0)
(-0.227149 -0.09792 0)
(-0.235269 -0.0719224 0)
(-0.269879 -0.073291 0)
(-0.315795 -0.087349 0)
(-0.34391 -0.0872119 0)
(-0.335066 -0.0697321 0)
(-0.278195 -0.0643456 0)
(-0.188553 -0.0664222 0)
(-0.0952497 -0.0752619 0)
(-0.0231281 -0.0833373 0)
(0.0254311 -0.0510248 0)
(0.0645609 -0.0499547 0)
(0.124377 -0.0787348 0)
(0.160207 -0.0146296 0)
(0.173207 -0.0517008 0)
(0.125901 -0.0711076 0)
(0.00768626 -0.0701702 0)
(-0.223691 -0.109288 0)
(-0.231552 -0.109613 0)
(-0.239569 -0.0956732 0)
(-0.248487 -0.0507805 0)
(-0.265881 -0.0420206 0)
(-0.283282 -0.0570408 0)
(-0.29788 -0.0713472 0)
(-0.29619 -0.0875884 0)
(-0.270117 -0.115402 0)
(-0.217216 -0.133099 0)
(-0.151578 -0.146277 0)
(-0.08852 -0.143032 0)
(-0.0181224 -0.12243 0)
(0.0729856 -0.120938 0)
(0.125103 -0.125816 0)
(0.187618 -0.0699596 0)
(0.259893 -0.0588925 0)
(0.320248 0.0216122 0)
(0.286005 0.100251 0)
(-0.218258 -0.0945599 0)
(-0.256615 -0.0913766 0)
(-0.291371 -0.0812298 0)
(-0.307613 -0.0432165 0)
(-0.309832 -0.0462598 0)
(-0.300689 -0.0613529 0)
(-0.288026 -0.0745564 0)
(-0.265961 -0.0980051 0)
(-0.241815 -0.137287 0)
(-0.215477 -0.163965 0)
(-0.170255 -0.179998 0)
(-0.117129 -0.179011 0)
(-0.0546379 -0.177938 0)
(0.0732559 -0.173828 0)
(0.153438 -0.164141 0)
(0.211286 -0.151431 0)
(0.310689 -0.161108 0)
(0.401036 -0.0587712 0)
(0.200897 0.507445 0)
(-0.1855 -0.0627637 0)
(-0.238023 -0.0538318 0)
(-0.303032 -0.0582144 0)
(-0.339907 -0.0332452 0)
(-0.336972 -0.0589437 0)
(-0.309843 -0.0758526 0)
(-0.291973 -0.0946505 0)
(-0.250499 -0.12656 0)
(-0.161524 -0.153511 0)
(-0.0792381 -0.183104 0)
(-0.180787 -0.236743 0)
(-0.153149 -0.235518 0)
(-0.0744761 -0.311656 0)
(0.0781274 -0.314256 0)
(0.0704532 -0.211305 0)
(0.0843126 -0.261428 0)
(-0.0482115 -0.284311 0)
(-0.15289 0.2526 0)
(-0.0813148 0.57401 0)
(-0.164077 -0.0399372 0)
(-0.140521 0.00772347 0)
(-0.2576 0.013854 0)
(-0.374224 -0.000695525 0)
(-0.354071 -0.0792171 0)
(-0.282781 -0.0891186 0)
(-0.199442 -0.0737784 0)
(-0.300255 -0.208997 0)
(-0.300238 -0.231932 0)
(-0.255127 -0.146888 0)
(-0.175889 -0.20755 0)
(-0.121365 -0.282386 0)
(-0.134833 -0.402148 0)
(-0.164954 -0.298799 0)
(-0.162347 -0.193256 0)
(-0.183391 -0.143473 0)
(-0.269179 -0.00740809 0)
(-0.242917 0.184056 0)
(-0.121437 0.311868 0)
(-0.118585 -0.0520357 0)
(-0.243675 0.0598942 0)
(-0.334296 0.178815 0)
(-0.360511 0.0430763 0)
(-0.398973 -0.159271 0)
(-0.42683 -0.153111 0)
(-0.383876 -0.100858 0)
(-0.318706 -0.191354 0)
(-0.278686 -0.238614 0)
(-0.216261 -0.264028 0)
(-0.145012 -0.288264 0)
(-0.104792 -0.298356 0)
(-0.115113 -0.311441 0)
(-0.124451 -0.275851 0)
(-0.1281 -0.193844 0)
(-0.161714 -0.1467 0)
(-0.195638 -0.0829766 0)
(-0.17612 0.0861625 0)
(-0.0509308 0.110167 0)
(-0.468152 0.121262 0)
(-0.425766 0.149086 0)
(-0.383489 0.133181 0)
(-0.353338 0.0396727 0)
(-0.326112 -0.0696216 0)
(-0.291754 -0.137984 0)
(-0.23862 -0.176152 0)
(-0.189282 -0.223975 0)
(-0.160477 -0.267113 0)
(-0.121248 -0.318056 0)
(-0.0770527 -0.330245 0)
(-0.0586247 -0.307492 0)
(-0.0756797 -0.303117 0)
(-0.0723807 -0.287815 0)
(-0.0588724 -0.193451 0)
(-0.0742493 -0.111761 0)
(-0.107371 -0.0358751 0)
(-0.0919027 0.04621 0)
(-0.0163763 0.0424708 0)
(-0.438483 0.0265162 0)
(-0.366224 0.0683977 0)
(-0.295722 0.060937 0)
(-0.220551 -0.0204078 0)
(-0.153252 -0.12522 0)
(-0.117991 -0.19412 0)
(-0.0785659 -0.228529 0)
(-0.0552555 -0.246921 0)
(-0.0486509 -0.279315 0)
(-0.0338584 -0.346559 0)
(-0.0184379 -0.3565 0)
(-0.0110897 -0.300611 0)
(-0.0220383 -0.288421 0)
(-0.0140168 -0.302654 0)
(0.00288982 -0.202534 0)
(-0.00511103 -0.0842745 0)
(-0.0460816 -0.025468 0)
(-0.0422813 0.0189956 0)
(-0.00537512 0.00952549 0)
(-0.234293 -0.0482896 0)
(-0.156098 -0.02211 0)
(-0.0695105 -0.0360946 0)
(-0.0113783 -0.057271 0)
(0.00906613 -0.138266 0)
(0.0215809 -0.213378 0)
(0.0299758 -0.247026 0)
(0.0317849 -0.252765 0)
(0.0279975 -0.273446 0)
(0.0209399 -0.343374 0)
(0.00786952 -0.360831 0)
(0.0125015 -0.311621 0)
(0.034653 -0.290855 0)
(0.0503294 -0.309047 0)
(0.0502289 -0.213352 0)
(0.0423804 -0.0579643 0)
(-0.00261872 -0.00182657 0)
(-0.0157336 0.0115732 0)
(0.000120932 -0.00403263 0)
(-0.150817 -0.0841286 0)
(-0.0823508 -0.0790654 0)
(-0.0114706 -0.0958564 0)
(0.0552989 -0.0902052 0)
(0.0884938 -0.151519 0)
(0.0952546 -0.210861 0)
(0.0865706 -0.242653 0)
(0.0799626 -0.252592 0)
(0.0769447 -0.266215 0)
(0.0592686 -0.321867 0)
(0.0269766 -0.349742 0)
(0.0276474 -0.335124 0)
(0.064844 -0.315564 0)
(0.0764906 -0.305052 0)
(0.0549708 -0.212725 0)
(0.0368887 -0.0330537 0)
(0.00565974 0.0229911 0)
(-0.00698004 0.015384 0)
(0.00117157 -0.00775787 0)
(-0.0502162 -0.138618 0)
(-0.0114925 -0.136524 0)
(0.0289001 -0.146897 0)
(0.0696249 -0.146077 0)
(0.1048 -0.175399 0)
(0.115357 -0.213191 0)
(0.109903 -0.236848 0)
(0.103823 -0.249902 0)
(0.101921 -0.260686 0)
(0.0875547 -0.293104 0)
(0.0534653 -0.330046 0)
(0.0441327 -0.350157 0)
(0.0616077 -0.335493 0)
(0.0585423 -0.290926 0)
(0.012627 -0.186506 0)
(-0.0239674 -0.00200253 0)
(-0.0207331 0.0343332 0)
(-0.0141501 0.0138218 0)
(-0.00137796 -0.0117962 0)
(0.0256549 -0.157142 0)
(0.0444531 -0.160018 0)
(0.0629115 -0.168099 0)
(0.0848086 -0.173291 0)
(0.104806 -0.191908 0)
(0.11299 -0.21564 0)
(0.111615 -0.233886 0)
(0.107498 -0.24715 0)
(0.104332 -0.257738 0)
(0.0968627 -0.276029 0)
(0.0754988 -0.304507 0)
(0.0523266 -0.343748 0)
(0.0343809 -0.332054 0)
(-0.00324185 -0.25526 0)
(-0.0645778 -0.129006 0)
(-0.0791419 0.000199415 0)
(-0.0446302 0.0168441 0)
(-0.0236833 -0.000249722 0)
(-0.00416854 -0.0213074 0)
(0.0769902 -0.165224 0)
(0.0829956 -0.170154 0)
(0.0895554 -0.177398 0)
(0.0976228 -0.185379 0)
(0.10496 -0.19904 0)
(0.106949 -0.215791 0)
(0.103693 -0.230932 0)
(0.0982303 -0.243317 0)
(0.0923249 -0.253599 0)
(0.0837942 -0.265812 0)
(0.0680259 -0.284692 0)
(0.0387646 -0.313513 0)
(-0.0110882 -0.292017 0)
(-0.0663465 -0.200192 0)
(-0.0990641 -0.101223 0)
(-0.0871557 -0.0275155 0)
(-0.0500778 -0.0133565 0)
(-0.0265424 -0.0200405 0)
(-0.00530927 -0.0347643 0)
(0.106593 -0.165314 0)
(0.105591 -0.171712 0)
(0.104724 -0.179171 0)
(0.104462 -0.187791 0)
(0.103774 -0.199062 0)
(0.100406 -0.212294 0)
(0.0939417 -0.225288 0)
(0.085555 -0.236594 0)
(0.0758488 -0.245748 0)
(0.0636154 -0.253809 0)
(0.0456603 -0.264323 0)
(0.0135698 -0.275372 0)
(-0.0400701 -0.24133 0)
(-0.079944 -0.169704 0)
(-0.0903224 -0.102279 0)
(-0.0728173 -0.0551046 0)
(-0.0450106 -0.0386725 0)
(-0.0249863 -0.0393858 0)
(-0.00507526 -0.0488998 0)
(0.118296 -0.161205 0)
(0.114053 -0.168569 0)
(0.109422 -0.176385 0)
(0.104865 -0.184936 0)
(0.0998832 -0.194807 0)
(0.0931885 -0.205872 0)
(0.0842709 -0.217031 0)
(0.0734206 -0.226908 0)
(0.0607565 -0.234341 0)
(0.0456218 -0.238809 0)
(0.0260627 -0.241835 0)
(-0.00497187 -0.238711 0)
(-0.0453373 -0.205456 0)
(-0.0678121 -0.155344 0)
(-0.0690372 -0.108841 0)
(-0.0553184 -0.0746854 0)
(-0.036692 -0.0575196 0)
(-0.0213309 -0.0560779 0)
(-0.00409835 -0.0615177 0)
(0.118137 -0.155749 0)
(0.112849 -0.16349 0)
(0.106757 -0.171379 0)
(0.100359 -0.179547 0)
(0.0934225 -0.188315 0)
(0.0851055 -0.197738 0)
(0.074932 -0.20719 0)
(0.0628623 -0.215432 0)
(0.0489074 -0.221004 0)
(0.0329155 -0.222645 0)
(0.0140365 -0.22041 0)
(-0.0112389 -0.210515 0)
(-0.0369445 -0.183447 0)
(-0.0491881 -0.148216 0)
(-0.0485273 -0.114142 0)
(-0.0398007 -0.0869626 0)
(-0.0279976 -0.0704412 0)
(-0.0170155 -0.069451 0)
(-0.00298491 -0.0718695 0)
(0.111388 -0.150151 0)
(0.106053 -0.15791 0)
(0.0996925 -0.165605 0)
(0.0927748 -0.173201 0)
(0.0852099 -0.180943 0)
(0.0764248 -0.188963 0)
(0.0660454 -0.196851 0)
(0.0539743 -0.203529 0)
(0.0402992 -0.207516 0)
(0.0252851 -0.207409 0)
(0.00899228 -0.202628 0)
(-0.00918985 -0.19134 0)
(-0.0248846 -0.170248 0)
(-0.0321535 -0.144001 0)
(-0.0316711 -0.117338 0)
(-0.0266506 -0.09426 0)
(-0.0195292 -0.078672 0)
(-0.0124286 -0.0794853 0)
(-0.00195932 -0.0797174 0)
(0.101758 -0.144883 0)
(0.0966845 -0.152458 0)
(0.090493 -0.159777 0)
(0.0836424 -0.166708 0)
(0.0761402 -0.173499 0)
(0.0676034 -0.180325 0)
(0.0577727 -0.186884 0)
(0.0465887 -0.192275 0)
(0.0342551 -0.195185 0)
(0.0212935 -0.194361 0)
(0.00830715 -0.189142 0)
(-0.00418292 -0.178771 0)
(-0.0139295 -0.162074 0)
(-0.0185246 -0.141251 0)
(-0.0183243 -0.119069 0)
(-0.0155958 -0.0984337 0)
(-0.0113081 -0.0835289 0)
(-0.00770629 -0.0859002 0)
(-0.00115688 -0.0851024 0)
(0.0914895 -0.139935 0)
(0.0866749 -0.147263 0)
(0.0807167 -0.154132 0)
(0.0741199 -0.160421 0)
(0.06698 -0.166415 0)
(0.0590561 -0.172307 0)
(0.0501883 -0.177854 0)
(0.0403711 -0.182327 0)
(0.0298689 -0.18467 0)
(0.0192874 -0.183864 0)
(0.00938075 -0.179298 0)
(0.000795076 -0.170505 0)
(-0.00534195 -0.156916 0)
(-0.00817246 -0.139513 0)
(-0.00797623 -0.12006 0)
(-0.00653208 -0.100793 0)
(-0.00384859 -0.08613 0)
(-0.00301364 -0.0887819 0)
(-0.000255568 -0.0879885 0)
(0.0818841 -0.135211 0)
(0.0772146 -0.142265 0)
(0.0714074 -0.148683 0)
(0.0650586 -0.154432 0)
(0.0583382 -0.159846 0)
(0.0511047 -0.165099 0)
(0.0432789 -0.169979 0)
(0.0349039 -0.17391 0)
(0.0262513 -0.176085 0)
(0.0178783 -0.175702 0)
(0.0104673 -0.172174 0)
(0.00458351 -0.165012 0)
(0.000789329 -0.153717 0)
(-0.000800813 -0.138597 0)
(-0.000402408 -0.120688 0)
(0.000423073 -0.102107 0)
(0.00213132 -0.0873636 0)
(0.00102804 -0.0888488 0)
(0.000662712 -0.0883253 0)
(0.0734891 -0.130584 0)
(0.0688662 -0.137355 0)
(0.0631231 -0.143363 0)
(0.0569647 -0.148711 0)
(0.0506042 -0.153762 0)
(0.0439638 -0.158651 0)
(0.037029 -0.163182 0)
(0.0298846 -0.166904 0)
(0.0227882 -0.169208 0)
(0.0162058 -0.169451 0)
(0.0106898 -0.16705 0)
(0.00666978 -0.161404 0)
(0.00443137 -0.151891 0)
(0.00382207 -0.138305 0)
(0.00448349 -0.121243 0)
(0.00498435 -0.102794 0)
(0.00601477 -0.0876243 0)
(0.00333014 -0.0867363 0)
(0.000966346 -0.0869578 0)
(0.0663605 -0.125991 0)
(0.061722 -0.132468 0)
(0.055997 -0.13812 0)
(0.049977 -0.143193 0)
(0.043887 -0.148054 0)
(0.0376867 -0.152793 0)
(0.0314115 -0.157225 0)
(0.0251797 -0.160998 0)
(0.0192331 -0.163647 0)
(0.013954 -0.164635 0)
(0.00977517 -0.163365 0)
(0.00700505 -0.159103 0)
(0.00579893 -0.151016 0)
(0.00586631 -0.138498 0)
(0.00680616 -0.121869 0)
(0.00718148 -0.103055 0)
(0.00760079 -0.0870596 0)
(0.00402227 -0.0833756 0)
(0.000992658 -0.0850203 0)
(0.0602478 -0.121402 0)
(0.0555783 -0.12758 0)
(0.0498596 -0.132931 0)
(0.0439478 -0.137827 0)
(0.0380543 -0.142616 0)
(0.0321607 -0.147348 0)
(0.0263396 -0.151855 0)
(0.0207329 -0.15586 0)
(0.0155682 -0.158999 0)
(0.011161 -0.160798 0)
(0.00784784 -0.160633 0)
(0.00584093 -0.157638 0)
(0.00524546 -0.150766 0)
(0.00571463 -0.13907 0)
(0.00691465 -0.12259 0)
(0.00734533 -0.103103 0)
(0.00744897 -0.0859498 0)
(0.00384531 -0.0799481 0)
(0.00112757 -0.0828956 0)
(0.0548562 -0.116808 0)
(0.0501457 -0.122689 0)
(0.0444351 -0.127789 0)
(0.0386142 -0.132577 0)
(0.0328692 -0.137371 0)
(0.0271954 -0.142186 0)
(0.0216918 -0.146879 0)
(0.0165132 -0.151232 0)
(0.01187 -0.154945 0)
(0.00801694 -0.157577 0)
(0.00520851 -0.158465 0)
(0.00358059 -0.15663 0)
(0.00324537 -0.150851 0)
(0.00385697 -0.139876 0)
(0.00527924 -0.123475 0)
(0.00591663 -0.103203 0)
(0.00625177 -0.0847791 0)
(0.00308543 -0.0770258 0)
(0.00116877 -0.0809197 0)
(0.0499417 -0.112198 0)
(0.0451881 -0.117792 0)
(0.0394844 -0.122689 0)
(0.0337451 -0.127423 0)
(0.0281264 -0.132274 0)
(0.0226365 -0.137236 0)
(0.0173919 -0.142188 0)
(0.0125476 -0.146959 0)
(0.00828437 -0.151282 0)
(0.00478819 -0.154719 0)
(0.00223493 -0.156569 0)
(0.000695597 -0.155781 0)
(0.000337627 -0.151016 0)
(0.000846133 -0.14077 0)
(0.0024255 -0.124571 0)
(0.00336489 -0.103614 0)
(0.00439001 -0.084016 0)
(0.00201929 -0.074924 0)
(0.00120981 -0.0793452 0)
(0.0453678 -0.107554 0)
(0.0405587 -0.112883 0)
(0.034863 -0.117628 0)
(0.0292078 -0.12236 0)
(0.0237247 -0.127318 0)
(0.0184364 -0.132483 0)
(0.0134684 -0.137756 0)
(0.00895718 -0.142985 0)
(0.00503107 -0.147908 0)
(0.00178973 -0.15207 0)
(-0.000669723 -0.154746 0)
(-0.0023327 -0.154858 0)
(-0.00292841 -0.151034 0)
(-0.00275228 -0.141626 0)
(-0.00111505 -0.125877 0)
(0.000140649 -0.104555 0)
(0.00223399 -0.084025 0)
(0.000919278 -0.0738294 0)
(0.00132535 -0.0782314 0)
(0.0410463 -0.102857 0)
(0.0361837 -0.107958 0)
(0.030508 -0.112611 0)
(0.0249655 -0.117405 0)
(0.0196697 -0.122535 0)
(0.0146586 -0.127972 0)
(0.0100516 -0.133623 0)
(0.00593735 -0.139326 0)
(0.00236218 -0.14479 0)
(-0.000677146 -0.149539 0)
(-0.00315487 -0.152855 0)
(-0.00508744 -0.153693 0)
(-0.00609197 -0.150712 0)
(-0.00641697 -0.14227 0)
(-0.00487066 -0.127333 0)
(-0.00337148 -0.106258 0)
(7.47882e-05 -0.0850404 0)
(-3.09157e-05 -0.0738191 0)
(0.00155045 -0.0774909 0)
(0.036937 -0.0981003 0)
(0.0320291 -0.103026 0)
(0.0264125 -0.107668 0)
(0.0210504 -0.112611 0)
(0.0160451 -0.118006 0)
(0.0114409 -0.123801 0)
(0.0073209 -0.12988 0)
(0.00368794 -0.136032 0)
(0.00048096 -0.141919 0)
(-0.00240823 -0.147065 0)
(-0.00499585 -0.150787 0)
(-0.00729909 -0.152161 0)
(-0.00882546 -0.149928 0)
(-0.00976214 -0.142553 0)
(-0.00849219 -0.128812 0)
(-0.00685556 -0.108723 0)
(-0.00196616 -0.0872725 0)
(-0.000852943 -0.0748855 0)
(0.00181423 -0.0770099 0)
(0.0330025 -0.0932918 0)
(0.0280865 -0.0981235 0)
(0.0226042 -0.102865 0)
(0.0175397 -0.108079 0)
(0.0129789 -0.113858 0)
(0.00894394 -0.1201 0)
(0.00543499 -0.126622 0)
(0.00233481 -0.133137 0)
(-0.000530036 -0.13927 0)
(-0.00334017 -0.144572 0)
(-0.00611996 -0.148462 0)
(-0.00885791 -0.150183 0)
(-0.0109741 -0.148602 0)
(-0.012558 -0.14238 0)
(-0.0117347 -0.13017 0)
(-0.0101433 -0.111806 0)
(-0.00407334 -0.0907466 0)
(-0.00173206 -0.0770177 0)
(0.00206136 -0.0767426 0)
(0.029224 -0.088465 0)
(0.0243603 -0.0933168 0)
(0.0191384 -0.0983116 0)
(0.014541 -0.103954 0)
(0.0106118 -0.110245 0)
(0.00729899 -0.116991 0)
(0.00446989 -0.123905 0)
(0.00187819 -0.130626 0)
(-0.000726546 -0.136777 0)
(-0.00354635 -0.141988 0)
(-0.0065788 -0.145825 0)
(-0.00975971 -0.147728 0)
(-0.0124785 -0.146707 0)
(-0.0146843 -0.141673 0)
(-0.0144525 -0.131242 0)
(-0.0131295 -0.115218 0)
(-0.00647245 -0.0952683 0)
(-0.00295971 -0.0802523 0)
(0.00217033 -0.0768078 0)
(0.0255804 -0.0836852 0)
(0.0208762 -0.0887156 0)
(0.0160962 -0.0941624 0)
(0.0121777 -0.100412 0)
(0.00906155 -0.107317 0)
(0.00655797 -0.114547 0)
(0.00438026 -0.12171 0)
(0.00219158 -0.128417 0)
(-0.000267436 -0.134348 0)
(-0.0031652 -0.139256 0)
(-0.00645374 -0.142865 0)
(-0.0100153 -0.144813 0)
(-0.0132718 -0.144269 0)
(-0.016026 -0.140392 0)
(-0.0164958 -0.131864 0)
(-0.0156459 -0.118506 0)
(-0.00923009 -0.100421 0)
(-0.00474851 -0.084681 0)
(0.00203586 -0.0775207 0)
(0.0220759 -0.0790612 0)
(0.0176866 -0.0844819 0)
(0.013587 -0.0906144 0)
(0.010565 -0.0976287 0)
(0.00837666 -0.105164 0)
(0.00665386 -0.112746 0)
(0.00499827 -0.119935 0)
(0.00306614 -0.126393 0)
(0.000661053 -0.131908 0)
(-0.00231491 -0.136368 0)
(-0.00577346 -0.139642 0)
(-0.00957043 -0.141529 0)
(-0.0132104 -0.141373 0)
(-0.0163861 -0.138548 0)
(-0.0176046 -0.131894 0)
(-0.017399 -0.121215 0)
(-0.0119628 -0.10562 0)
(-0.00705554 -0.0902471 0)
(0.00143263 -0.0793473 0)
(0.0187344 -0.0747514 0)
(0.0148858 -0.0808282 0)
(0.0117367 -0.087878 0)
(0.00976514 -0.0957218 0)
(0.00848577 -0.103766 0)
(0.00738864 -0.111462 0)
(0.00607023 -0.118432 0)
(0.00427202 -0.124458 0)
(0.00190321 -0.129455 0)
(-0.00105778 -0.133412 0)
(-0.00450691 -0.136311 0)
(-0.00831594 -0.138064 0)
(-0.0120985 -0.138187 0)
(-0.015512 -0.136226 0)
(-0.0174196 -0.131256 0)
(-0.0179556 -0.123028 0)
(-0.0139708 -0.110271 0)
(-0.00937163 -0.0965196 0)
(0.000244696 -0.0827277 0)
(0.0156376 -0.0709802 0)
(0.0125999 -0.078 0)
(0.0106371 -0.0861111 0)
(0.00971593 -0.0946835 0)
(0.00915781 -0.102979 0)
(0.00844741 -0.110521 0)
(0.00729654 -0.117086 0)
(0.00558334 -0.122602 0)
(0.00331692 -0.127082 0)
(0.000532792 -0.130575 0)
(-0.00267285 -0.133111 0)
(-0.00623052 -0.134684 0)
(-0.00986183 -0.134955 0)
(-0.0132723 -0.13361 0)
(-0.0156653 -0.129992 0)
(-0.0169161 -0.123834 0)
(-0.0145028 -0.113933 0)
(-0.0108607 -0.102696 0)
(-0.00136528 -0.0877908 0)
(0.0129063 -0.0680105 0)
(0.0109524 -0.0762108 0)
(0.0102355 -0.0853378 0)
(0.0101344 -0.0943524 0)
(0.00997863 -0.10258 0)
(0.00941134 -0.109757 0)
(0.00832382 -0.115841 0)
(0.00671902 -0.120872 0)
(0.00466688 -0.124913 0)
(0.00222201 -0.128028 0)
(-0.000528459 -0.130247 0)
(-0.00359204 -0.131618 0)
(-0.00678992 -0.131909 0)
(-0.00991435 -0.130917 0)
(-0.0124514 -0.128246 0)
(-0.0141836 -0.123692 0)
(-0.013179 -0.116351 0)
(-0.010797 -0.107911 0)
(-0.00276412 -0.0940404 0)
(0.0106641 -0.0661335 0)
(0.00991588 -0.0755737 0)
(0.0101681 -0.0853895 0)
(0.0104414 -0.094414 0)
(0.0103371 -0.102287 0)
(0.00973491 -0.108992 0)
(0.0086788 -0.114617 0)
(0.00724074 -0.119251 0)
(0.00550326 -0.122961 0)
(0.00351325 -0.125799 0)
(0.00132936 -0.127779 0)
(-0.00106616 -0.128941 0)
(-0.00361805 -0.129168 0)
(-0.00618294 -0.12832 0)
(-0.00845611 -0.12621 0)
(-0.010264 -0.122766 0)
(-0.0102278 -0.117456 0)
(-0.00904387 -0.111538 0)
(-0.00329281 -0.100381 0)
(0.00877364 -0.0656792 0)
(0.00898788 -0.0759335 0)
(0.00956213 -0.0858 0)
(0.00970441 -0.0944216 0)
(0.00939821 -0.101811 0)
(0.00870369 -0.108094 0)
(0.00772647 -0.113386 0)
(0.00654184 -0.117764 0)
(0.00520789 -0.121274 0)
(0.00375121 -0.123944 0)
(0.00219595 -0.125777 0)
(0.000539186 -0.126786 0)
(-0.00122883 -0.126925 0)
(-0.00303294 -0.12611 0)
(-0.00469884 -0.124283 0)
(-0.00614127 -0.121506 0)
(-0.0065252 -0.117577 0)
(-0.00620038 -0.113524 0)
(-0.00277984 -0.10566 0)
(0.00634945 -0.0658821 0)
(0.00666182 -0.0762989 0)
(0.00682812 -0.0858246 0)
(0.00660468 -0.0940662 0)
(0.00615225 -0.101193 0)
(0.00555064 -0.107318 0)
(0.0048633 -0.112523 0)
(0.00412122 -0.116853 0)
(0.00334299 -0.120335 0)
(0.00253334 -0.122983 0)
(0.0016958 -0.124794 0)
(0.000823917 -0.125766 0)
(-8.5016e-05 -0.125873 0)
(-0.00102037 -0.125088 0)
(-0.00189367 -0.123405 0)
(-0.00268487 -0.120963 0)
(-0.00301953 -0.117758 0)
(-0.00311698 -0.114678 0)
(-0.00161 -0.109459 0)
)
;

boundaryField
{
    leftWall
    {
        type            noSlip;
    }
    rightWall
    {
        type            noSlip;
    }
    lowerWall
    {
        type            noSlip;
    }
    atmosphere
    {
        type            pressureInletOutletVelocity;
        value           nonuniform List<vector> 
46
(
(0.0242468 0.27101 0)
(0.0386518 0.3766 0)
(0.0385305 0.388802 0)
(0.046501 0.367041 0)
(0.0541553 0.34574 0)
(0.0468565 0.304668 0)
(0.0461083 0.209769 0)
(0.0636327 0.144398 0)
(0.072979 0.101333 0)
(0.0732252 0.0700381 0)
(0.0659585 0.0471502 0)
(0.0544411 0.0295193 0)
(0.0423122 0.0146141 0)
(0.0321067 0.00160179 0)
(0 -0.00942898 0)
(0 -0.0180182 0)
(0 -0.0242826 0)
(0 -0.0286107 0)
(0 -0.0314416 0)
(0 -0.0332879 0)
(0 -0.0346597 0)
(0 -0.0364463 0)
(0 -0.0398684 0)
(0 -0.0436453 0)
(0 -0.0477603 0)
(0 -0.052395 0)
(0 -0.0573761 0)
(0 -0.0658821 0)
(0 -0.0762989 0)
(0 -0.0858246 0)
(0 -0.0940662 0)
(0 -0.101193 0)
(0 -0.107318 0)
(0 -0.112523 0)
(0 -0.116853 0)
(0 -0.120335 0)
(0 -0.122983 0)
(0 -0.124794 0)
(0 -0.125766 0)
(0 -0.125873 0)
(0 -0.125088 0)
(0 -0.123405 0)
(0 -0.120963 0)
(0 -0.117758 0)
(0 -0.114678 0)
(0 -0.109459 0)
)
;
    }
    defaultFaces
    {
        type            empty;
    }
}


// ************************************************************************* //
