/*--------------------------------*- C++ -*----------------------------------*\
| =========                 |                                                 |
| \\      /  F ield         | OpenFOAM: The Open Source CFD Toolbox           |
|  \\    /   O peration     | Version:  2312                                  |
|   \\  /    A nd           | Website:  www.openfoam.com                      |
|    \\/     M anipulation  |                                                 |
\*---------------------------------------------------------------------------*/
FoamFile
{
    version     2.0;
    format      ascii;
    arch        "LSB;label=32;scalar=64";
    class       surfaceScalarField;
    location    "5.05";
    object      phi;
}
// * * * * * * * * * * * * * * * * * * * * * * * * * * * * * * * * * * * * * //

dimensions      [0 3 -1 0 0 0 0];

oriented        oriented;

internalField   nonuniform List<scalar> 
4432
(
-1.11268e-06
1.11272e-06
-2.6303e-06
1.51766e-06
-4.12656e-06
1.49628e-06
-5.52561e-06
1.39906e-06
-6.7744e-06
1.24879e-06
-7.82134e-06
1.04694e-06
-8.61006e-06
7.8871e-07
-9.0957e-06
4.85635e-07
-9.2623e-06
1.66599e-07
-9.12476e-06
-1.37548e-07
-8.71986e-06
-4.04903e-07
-8.11269e-06
-6.07165e-07
-7.37811e-06
-7.3458e-07
-6.58684e-06
-7.91279e-07
-5.77413e-06
-8.12707e-07
-4.94759e-06
-8.26549e-07
-4.13568e-06
-8.1191e-07
-3.3756e-06
-7.6009e-07
-2.71909e-06
-6.56512e-07
-2.16907e-06
-5.50024e-07
-1.66015e-06
-5.08935e-07
-1.07783e-06
-5.82325e-07
-1.07783e-06
-1.63994e-06
2.75277e-06
-3.17912e-06
3.05692e-06
-4.66705e-06
2.98428e-06
-6.05082e-06
2.78287e-06
-7.28331e-06
2.4813e-06
-8.31353e-06
2.07717e-06
-9.08136e-06
1.55656e-06
-9.53835e-06
9.42639e-07
-9.67078e-06
2.99035e-07
-9.49638e-06
-3.11941e-07
-9.05476e-06
-8.46521e-07
-8.40695e-06
-1.25498e-06
-7.63545e-06
-1.50608e-06
-6.8143e-06
-1.61243e-06
-5.97462e-06
-1.6524e-06
-5.11221e-06
-1.68897e-06
-4.26111e-06
-1.66302e-06
-3.45768e-06
-1.56353e-06
-2.75983e-06
-1.35438e-06
-2.16207e-06
-1.14779e-06
-1.59551e-06
-1.07551e-06
-9.31898e-07
-1.24594e-06
-2.00974e-06
-1.8066e-06
4.55939e-06
-3.41491e-06
4.66525e-06
-4.94837e-06
4.51775e-06
-6.37516e-06
4.20966e-06
-7.64856e-06
3.75469e-06
-8.71059e-06
3.13919e-06
-9.49807e-06
2.34402e-06
-9.95669e-06
1.40125e-06
-1.0076e-05
4.18373e-07
-9.87911e-06
-5.0887e-07
-9.4013e-06
-1.32433e-06
-8.71197e-06
-1.94431e-06
-7.89756e-06
-2.32048e-06
-7.04365e-06
-2.46634e-06
-6.17652e-06
-2.51952e-06
-5.27048e-06
-2.59501e-06
-4.36806e-06
-2.56544e-06
-3.49957e-06
-2.43203e-06
-2.74085e-06
-2.1131e-06
-2.09036e-06
-1.79828e-06
-1.48964e-06
-1.67624e-06
-8.01582e-07
-1.934e-06
-2.81132e-06
-1.79249e-06
6.35194e-06
-3.44023e-06
6.31303e-06
-5.01735e-06
6.0949e-06
-6.50584e-06
5.69817e-06
-7.84645e-06
5.09531e-06
-8.9688e-06
4.26154e-06
-9.80567e-06
3.18089e-06
-1.02965e-05
1.89205e-06
-1.04294e-05
5.51278e-07
-1.02315e-05
-7.06693e-07
-9.73293e-06
-1.82294e-06
-9.00194e-06
-2.67529e-06
-8.14327e-06
-3.17915e-06
-7.26367e-06
-3.34594e-06
-6.3824e-06
-3.4008e-06
-5.42388e-06
-3.55353e-06
-4.45864e-06
-3.53069e-06
-3.50439e-06
-3.38629e-06
-2.65707e-06
-2.96043e-06
-1.91077e-06
-2.54459e-06
-1.27256e-06
-2.31445e-06
-6.28067e-07
-2.5785e-06
-3.43939e-06
-1.59957e-06
7.95149e-06
-3.17808e-06
7.89153e-06
-4.71895e-06
7.63575e-06
-6.24022e-06
7.21941e-06
-7.6901e-06
6.54517e-06
-8.94744e-06
5.51887e-06
-9.89922e-06
4.13264e-06
-1.04721e-05
2.4649e-06
-1.06399e-05
7.19117e-07
-1.04264e-05
-9.20251e-07
-9.84804e-06
-2.40127e-06
-9.04582e-06
-3.4775e-06
-8.16283e-06
-4.06213e-06
-7.30798e-06
-4.20079e-06
-6.46469e-06
-4.24409e-06
-5.46452e-06
-4.5537e-06
-4.46135e-06
-4.53386e-06
-3.41141e-06
-4.43623e-06
-2.41846e-06
-3.95338e-06
-1.47716e-06
-3.48588e-06
-7.49131e-07
-3.04248e-06
-2.29739e-07
-3.09789e-06
-3.66913e-06
-1.54415e-06
9.49569e-06
-3.04038e-06
9.38779e-06
-4.45359e-06
9.04899e-06
-5.79899e-06
8.56483e-06
-7.06292e-06
7.80911e-06
-8.14733e-06
6.60329e-06
-8.93398e-06
4.91929e-06
-9.37373e-06
2.90465e-06
-9.45407e-06
7.9946e-07
-9.21819e-06
-1.15613e-06
-8.72953e-06
-2.88994e-06
-8.14644e-06
-4.06059e-06
-7.50121e-06
-4.70737e-06
-6.82677e-06
-4.87524e-06
-6.0898e-06
-4.98106e-06
-5.09401e-06
-5.5495e-06
-4.1666e-06
-5.46129e-06
-2.99952e-06
-5.60332e-06
-1.7709e-06
-5.18201e-06
-6.05647e-07
-4.65115e-06
2.17787e-07
-3.86593e-06
4.64812e-07
-3.34493e-06
-3.20434e-06
-1.34262e-06
1.08384e-05
-2.46709e-06
1.05124e-05
-3.61926e-06
1.02013e-05
-4.78998e-06
9.73564e-06
-5.92441e-06
8.9436e-06
-7.03252e-06
7.71145e-06
-7.94052e-06
5.82732e-06
-8.47918e-06
3.44332e-06
-8.62054e-06
9.4082e-07
-8.40609e-06
-1.37058e-06
-8.08274e-06
-3.21331e-06
-7.5176e-06
-4.62576e-06
-6.48199e-06
-5.74301e-06
-5.1092e-06
-6.24807e-06
-3.6717e-06
-6.41862e-06
-2.35542e-06
-6.86582e-06
-1.37525e-06
-6.44151e-06
-1.34182e-07
-6.84443e-06
1.34517e-06
-6.66141e-06
2.69788e-06
-6.00391e-06
3.45566e-06
-4.62376e-06
2.94928e-06
-2.83858e-06
-2.55113e-07
-2.92068e-07
1.11306e-05
1.31932e-07
1.00885e-05
5.17116e-07
9.81615e-06
8.08856e-07
9.44395e-06
1.29741e-06
8.45508e-06
1.79059e-06
7.21828e-06
2.2517e-06
5.36621e-06
2.71685e-06
2.97817e-06
3.26571e-06
3.91932e-07
3.89386e-06
-1.99876e-06
4.65535e-06
-3.97482e-06
5.74291e-06
-5.71334e-06
7.32166e-06
-7.3218e-06
9.28898e-06
-8.21542e-06
1.10723e-05
-8.20194e-06
1.18251e-05
-7.61863e-06
1.22153e-05
-6.83178e-06
1.24244e-05
-7.05352e-06
1.27744e-05
-7.0115e-06
1.28145e-05
-6.04397e-06
1.16402e-05
-3.4495e-06
8.63613e-06
1.65461e-07
8.38098e-06
-1.43908e-06
1.43908e-06
-1.62838e-06
1.89302e-07
-1.21397e-06
-4.1441e-07
-4.6549e-07
-7.48474e-07
4.82994e-07
-9.4848e-07
1.61053e-06
-1.12753e-06
2.79486e-06
-1.18433e-06
3.9006e-06
-1.10574e-06
4.84124e-06
-9.40637e-07
5.54212e-06
-7.00879e-07
6.05902e-06
-5.16896e-07
6.44107e-06
-3.82053e-07
6.93757e-06
-4.96497e-07
7.4403e-06
-5.02735e-07
7.28475e-06
1.55552e-07
6.89832e-06
3.86435e-07
6.21678e-06
6.81545e-07
3.99301e-06
2.22377e-06
3.99302e-06
-5.01547e-08
1.48924e-06
-4.80248e-07
6.19399e-07
-6.06956e-07
-2.87699e-07
-1.84114e-07
-1.17131e-06
6.02412e-07
-1.735e-06
1.68233e-06
-2.20745e-06
2.9814e-06
-2.48339e-06
4.16757e-06
-2.29191e-06
5.20956e-06
-1.98262e-06
6.02323e-06
-1.51455e-06
6.54429e-06
-1.03796e-06
6.65939e-06
-4.9715e-07
6.71099e-06
-5.48089e-07
6.84855e-06
-6.40294e-07
6.8278e-06
1.76309e-07
6.70534e-06
5.08895e-07
5.81219e-06
1.5747e-06
3.42091e-06
4.61506e-06
7.41393e-06
2.45106e-07
1.24414e-06
9.63794e-08
7.68133e-07
-9.07548e-08
-1.00553e-07
-3.59399e-07
-9.02655e-07
-4.34185e-07
-1.6602e-06
7.27525e-09
-2.6489e-06
1.00704e-06
-3.48314e-06
2.36611e-06
-3.65097e-06
3.74746e-06
-3.36396e-06
5.27113e-06
-3.03821e-06
6.74799e-06
-2.5148e-06
7.30189e-06
-1.05105e-06
7.27166e-06
-5.17865e-07
7.44419e-06
-8.12819e-07
8.55417e-06
-9.33677e-07
9.25529e-06
-1.92213e-07
7.69065e-06
3.13934e-06
4.05138e-06
8.25433e-06
1.14653e-05
-2.95768e-06
4.20185e-06
-1.0619e-06
-1.12763e-06
-1.55364e-07
-1.00707e-06
-1.36542e-06
3.07423e-07
-2.61992e-06
-4.05673e-07
-3.45731e-06
-1.81147e-06
-3.81753e-06
-3.12289e-06
-3.32855e-06
-4.13991e-06
-2.36034e-06
-4.33214e-06
1.70673e-06
-7.10524e-06
6.76283e-06
-7.57086e-06
9.35225e-06
-3.64044e-06
1.00482e-05
-1.21381e-06
1.04019e-05
-1.16643e-06
1.09787e-05
-1.51049e-06
1.04188e-05
3.67694e-07
8.21019e-06
5.34796e-06
5.03498e-06
1.14296e-05
1.65003e-05
-1.62037e-07
4.36389e-06
2.75971e-06
-4.04936e-06
3.60595e-06
-1.85329e-06
3.7018e-06
2.11592e-07
1.89004e-06
1.40612e-06
-3.47453e-06
3.55314e-06
-9.16225e-06
2.56485e-06
-9.85386e-06
-3.44828e-06
-8.01995e-06
-6.16603e-06
-1.00248e-06
-1.41227e-05
7.24105e-06
-1.58144e-05
1.35892e-05
-9.98855e-06
1.47472e-05
-2.3718e-06
8.28054e-06
5.30021e-06
-4.20577e-06
1.09758e-05
-8.36907e-06
4.53101e-06
-2.66319e-06
-3.57907e-07
4.11949e-06
4.64691e-06
2.06199e-05
2.74227e-06
1.62162e-06
5.82536e-06
-7.13245e-06
6.64975e-06
-2.67766e-06
6.91538e-06
-5.40248e-08
5.67265e-06
2.64888e-06
2.82258e-06
6.40323e-06
-3.22211e-06
8.60958e-06
-6.56489e-06
-1.05454e-07
-5.38847e-06
-7.34241e-06
-1.30953e-06
-1.82016e-05
2.98507e-06
-2.0109e-05
7.34307e-06
-1.43465e-05
8.08615e-06
-3.11484e-06
1.77957e-07
1.32084e-05
-9.77671e-06
2.09305e-05
-1.179e-05
6.54428e-06
-6.88184e-06
-5.266e-06
9.89228e-07
-3.22414e-06
2.16091e-05
7.38086e-06
-5.75922e-06
1.02194e-05
-9.97094e-06
1.05715e-05
-3.02976e-06
9.84695e-06
6.70499e-07
7.70485e-06
4.791e-06
5.54063e-06
8.56749e-06
3.25248e-06
1.08978e-05
-4.54313e-07
3.60138e-06
-1.45914e-06
-6.33755e-06
-1.17232e-06
-1.84884e-05
-1.09653e-06
-2.01847e-05
-3.64568e-07
-1.50785e-05
2.55814e-07
-3.73519e-06
-5.50546e-06
1.89697e-05
-1.02301e-05
2.56552e-05
-8.73284e-06
5.0471e-06
-4.29276e-06
-9.70606e-06
-6.07207e-07
-6.90968e-06
2.10019e-05
1.27267e-05
-1.84859e-05
1.40252e-05
-1.12694e-05
1.30533e-05
-2.05778e-06
1.14667e-05
2.25706e-06
9.25118e-06
7.00655e-06
7.11888e-06
1.06998e-05
5.84312e-06
1.21736e-05
3.76777e-06
5.67674e-06
2.73808e-06
-5.30783e-06
-1.05569e-06
-1.46946e-05
-4.54236e-06
-1.6698e-05
-6.30894e-06
-1.33119e-05
-6.32758e-06
-3.71653e-06
-8.02558e-06
2.06678e-05
-1.0428e-05
2.80576e-05
-5.69598e-06
3.15054e-07
-1.91148e-06
-1.34905e-05
-1.7444e-06
-7.07676e-06
1.92575e-05
8.8379e-08
1.10422e-05
1.2547e-06
8.92211e-06
2.78371e-06
8.28712e-06
4.58076e-06
7.64688e-06
7.04724e-06
5.98857e-06
9.33608e-06
4.92941e-06
1.13831e-05
3.31917e-06
1.29871e-05
1.37411e-06
1.43735e-05
-9.94472e-07
1.61024e-05
-3.72771e-06
1.8328e-05
-6.20053e-06
2.10298e-05
-8.41518e-06
2.42471e-05
-1.05391e-05
2.80021e-05
-1.19704e-05
3.2232e-05
-1.24319e-05
3.64131e-05
-1.17997e-05
3.99248e-05
-1.03435e-05
4.19941e-05
-9.12283e-06
4.30895e-05
-8.10697e-06
4.31448e-05
-6.09929e-06
4.26078e-05
-2.91242e-06
4.17134e-05
1.05983e-06
5.69381e-06
4.44005e-05
1.74873e-06
9.29336e-06
2.52291e-06
8.14784e-06
3.33925e-06
7.47069e-06
4.91067e-06
6.07537e-06
5.89572e-06
5.00345e-06
6.3049e-06
4.52016e-06
7.27442e-06
2.34959e-06
9.3466e-06
-6.98121e-07
1.12314e-05
-2.87933e-06
1.3326e-05
-5.82239e-06
1.59295e-05
-8.80405e-06
1.90435e-05
-1.15292e-05
2.27342e-05
-1.42299e-05
2.64282e-05
-1.56645e-05
3.02352e-05
-1.62389e-05
3.44903e-05
-1.60548e-05
3.85617e-05
-1.44149e-05
4.22594e-05
-1.28206e-05
4.52808e-05
-1.11283e-05
4.65729e-05
-7.39144e-06
4.64271e-05
-2.76665e-06
4.58186e-05
1.66834e-06
5.43183e-06
4.60805e-05
4.87793e-06
4.41532e-06
1.00766e-05
2.94907e-06
1.36784e-05
3.86882e-06
1.70673e-05
2.68631e-06
1.99085e-05
2.16218e-06
2.12746e-05
3.15399e-06
2.07177e-05
2.90641e-06
1.98757e-05
1.43809e-07
1.96892e-05
-2.69282e-06
1.99458e-05
-6.07903e-06
2.04428e-05
-9.30111e-06
2.18457e-05
-1.29321e-05
2.41624e-05
-1.65466e-05
2.61664e-05
-1.76685e-05
2.8378e-05
-1.84506e-05
3.09978e-05
-1.86746e-05
3.41742e-05
-1.75913e-05
3.76394e-05
-1.62858e-05
4.01849e-05
-1.36738e-05
4.05677e-05
-7.77428e-06
3.86468e-05
-8.45736e-07
3.52416e-05
5.07353e-06
8.82016e-06
3.18532e-05
6.76106e-06
-2.34586e-06
1.48842e-05
-5.17421e-06
2.11479e-05
-2.39497e-06
2.61444e-05
-2.31024e-06
3.23547e-05
-4.04819e-06
3.75755e-05
-2.06685e-06
3.96911e-05
7.90753e-07
3.96524e-05
1.82445e-07
3.90702e-05
-2.11067e-06
3.85634e-05
-5.57224e-06
3.7212e-05
-7.94978e-06
3.53944e-05
-1.11145e-05
3.37081e-05
-1.48603e-05
3.24939e-05
-1.64543e-05
3.15809e-05
-1.75376e-05
3.07009e-05
-1.77946e-05
3.07791e-05
-1.76695e-05
3.24978e-05
-1.80045e-05
3.534e-05
-1.6516e-05
3.74464e-05
-9.88066e-06
3.55233e-05
1.07735e-06
2.97374e-05
1.08594e-05
1.61682e-05
2.23893e-05
5.24728e-06
-7.59318e-06
9.92046e-06
-9.84744e-06
1.40835e-05
-6.55808e-06
1.70216e-05
-5.24835e-06
2.02854e-05
-7.31198e-06
2.39045e-05
-5.68594e-06
2.78333e-05
-3.13809e-06
3.22853e-05
-4.26957e-06
3.67857e-05
-6.61111e-06
4.06099e-05
-9.3965e-06
4.3765e-05
-1.11048e-05
4.53359e-05
-1.26855e-05
4.49522e-05
-1.44766e-05
4.4115e-05
-1.5617e-05
4.22569e-05
-1.56795e-05
3.92463e-05
-1.47839e-05
3.52212e-05
-1.36445e-05
3.0864e-05
-1.36472e-05
2.77426e-05
-1.33946e-05
2.70808e-05
-9.21888e-06
2.64023e-05
1.75587e-06
2.3435e-05
1.38266e-05
2.15682e-05
1.80348e-05
3.42543e-06
-1.10186e-05
5.25445e-06
-1.16764e-05
8.08547e-06
-9.38909e-06
1.10831e-05
-8.24592e-06
1.36084e-05
-9.83735e-06
1.74028e-05
-9.48032e-06
2.27532e-05
-8.48845e-06
2.80529e-05
-9.56924e-06
3.27446e-05
-1.13028e-05
3.63709e-05
-1.30229e-05
3.96031e-05
-1.4337e-05
4.22628e-05
-1.53452e-05
4.39044e-05
-1.61181e-05
4.46366e-05
-1.63492e-05
4.47039e-05
-1.57468e-05
4.41476e-05
-1.42275e-05
4.26621e-05
-1.2159e-05
3.88886e-05
-9.87368e-06
3.25582e-05
-7.06417e-06
2.75195e-05
-4.18018e-06
2.4488e-05
4.78728e-06
2.0962e-05
1.73526e-05
2.60733e-05
1.64568e-05
2.82832e-06
-1.38469e-05
4.73812e-06
-1.35862e-05
7.56759e-06
-1.22185e-05
1.117e-05
-1.18483e-05
1.41726e-05
-1.28399e-05
1.80624e-05
-1.33702e-05
2.30758e-05
-1.35018e-05
2.78408e-05
-1.43342e-05
3.21965e-05
-1.56585e-05
3.60741e-05
-1.69005e-05
3.96733e-05
-1.79363e-05
4.28952e-05
-1.8567e-05
4.54011e-05
-1.8624e-05
4.71111e-05
-1.80592e-05
4.81141e-05
-1.67497e-05
4.82609e-05
-1.43743e-05
4.73846e-05
-1.12826e-05
4.52752e-05
-7.7642e-06
4.13351e-05
-3.12403e-06
3.51949e-05
1.95998e-06
2.91544e-05
1.08277e-05
2.32557e-05
2.32511e-05
3.23082e-05
1.70207e-05
3.08778e-06
-1.69347e-05
5.95618e-06
-1.64546e-05
9.48338e-06
-1.57457e-05
1.3291e-05
-1.56559e-05
1.67873e-05
-1.63362e-05
2.0507e-05
-1.70899e-05
2.47169e-05
-1.77117e-05
2.91849e-05
-1.88023e-05
3.36447e-05
-2.01183e-05
3.81197e-05
-2.13755e-05
4.25706e-05
-2.23873e-05
4.68933e-05
-2.28898e-05
5.0641e-05
-2.23718e-05
5.36186e-05
-2.10369e-05
5.59418e-05
-1.9073e-05
5.72689e-05
-1.57014e-05
5.7031e-05
-1.10448e-05
5.61429e-05
-6.87605e-06
5.53947e-05
-2.37586e-06
5.14967e-05
5.85794e-06
4.40752e-05
1.82491e-05
3.47625e-05
3.25637e-05
4.16635e-05
2.54071e-05
3.65029e-06
-2.0585e-05
7.2422e-06
-2.00468e-05
1.12523e-05
-1.97563e-05
1.52318e-05
-1.96361e-05
1.8763e-05
-1.98681e-05
2.22512e-05
-2.05786e-05
2.63574e-05
-2.18183e-05
3.09793e-05
-2.34249e-05
3.57768e-05
-2.49169e-05
4.07448e-05
-2.63451e-05
4.5881e-05
-2.75255e-05
5.14775e-05
-2.84883e-05
5.65502e-05
-2.74466e-05
6.06135e-05
-2.51032e-05
6.44607e-05
-2.29246e-05
6.84506e-05
-1.96952e-05
7.09726e-05
-1.35689e-05
7.32657e-05
-9.17126e-06
7.41931e-05
-3.30399e-06
7.13244e-05
8.72636e-06
6.33379e-05
2.62355e-05
5.30351e-05
4.28665e-05
5.15865e-05
4.3112e-05
8.6067e-06
-2.91917e-05
1.64143e-05
-2.78543e-05
2.13576e-05
-2.46994e-05
1.96376e-05
-1.79159e-05
1.70682e-05
-1.72984e-05
1.91791e-05
-2.26893e-05
2.83054e-05
-3.09444e-05
3.62564e-05
-3.13758e-05
4.22615e-05
-3.09218e-05
4.83391e-05
-3.24223e-05
5.41847e-05
-3.33708e-05
6.44729e-05
-3.87761e-05
7.56281e-05
-3.86016e-05
7.93186e-05
-2.87934e-05
7.81303e-05
-2.17355e-05
7.51602e-05
-1.67248e-05
7.14489e-05
-9.85782e-06
5.90995e-05
3.17762e-06
5.90932e-05
-3.29779e-06
6.88935e-05
-1.0749e-06
6.98712e-05
2.52571e-05
6.91169e-05
4.36212e-05
4.95836e-05
7.11206e-05
2.57915e-06
-3.17707e-05
3.51621e-06
-2.87911e-05
5.77112e-06
-2.69537e-05
1.34621e-05
-2.56059e-05
2.16905e-05
-2.55259e-05
2.80181e-05
-2.90161e-05
3.10295e-05
-3.3955e-05
3.63372e-05
-3.66824e-05
4.33336e-05
-3.79165e-05
5.02412e-05
-3.93277e-05
5.78241e-05
-4.0951e-05
6.23419e-05
-4.32911e-05
6.6277e-05
-4.25337e-05
7.45516e-05
-3.7064e-05
8.38888e-05
-3.10673e-05
9.0655e-05
-2.34863e-05
8.96462e-05
-8.84627e-06
8.51003e-05
7.72567e-06
7.71399e-05
4.66296e-06
6.70323e-05
9.03222e-06
7.25899e-05
1.96992e-05
8.48108e-05
3.14004e-05
3.601e-05
9.83847e-05
1.54438e-06
-3.33155e-05
4.00164e-06
-3.12485e-05
6.92326e-06
-2.98755e-05
1.10132e-05
-2.96959e-05
1.60152e-05
-3.05279e-05
1.97746e-05
-3.27755e-05
2.19859e-05
-3.61662e-05
2.43431e-05
-3.90394e-05
2.74007e-05
-4.09738e-05
3.08705e-05
-4.27971e-05
3.43996e-05
-4.44797e-05
3.64641e-05
-4.5355e-05
3.8431e-05
-4.44998e-05
4.29904e-05
-4.16226e-05
5.07408e-05
-3.88168e-05
6.14071e-05
-3.41517e-05
7.60335e-05
-2.34718e-05
8.98793e-05
-6.1193e-06
8.59588e-05
8.58342e-06
7.52182e-05
1.9773e-05
8.09578e-05
1.39602e-05
9.65842e-05
1.57728e-05
2.58358e-05
0.000106758
1.59925e-07
-3.34755e-05
1.44047e-06
-3.25292e-05
3.09005e-06
-3.15252e-05
4.90233e-06
-3.15083e-05
6.83483e-06
-3.24605e-05
8.25238e-06
-3.41931e-05
8.80113e-06
-3.6715e-05
8.95158e-06
-3.91899e-05
9.04031e-06
-4.10625e-05
9.22839e-06
-4.29851e-05
9.08648e-06
-4.43377e-05
8.05833e-06
-4.43267e-05
6.84923e-06
-4.32905e-05
6.96361e-06
-4.17366e-05
8.92174e-06
-4.07745e-05
1.28978e-05
-3.81272e-05
2.12424e-05
-3.18159e-05
3.72752e-05
-2.21517e-05
5.54766e-05
-9.61741e-06
7.10261e-05
4.22411e-06
7.74279e-05
7.55808e-06
8.43019e-05
8.8994e-06
2.72314e-05
8.29059e-05
-5.8411e-07
-3.28913e-05
-4.23048e-07
-3.26902e-05
-1.39914e-07
-3.18083e-05
3.47058e-08
-3.16829e-05
2.39825e-08
-3.24498e-05
-3.39244e-07
-3.38299e-05
-1.4003e-06
-3.56539e-05
-3.00432e-06
-3.75859e-05
-4.98707e-06
-3.90797e-05
-7.19265e-06
-4.07795e-05
-9.75898e-06
-4.17713e-05
-1.27252e-05
-4.13605e-05
-1.5603e-05
-4.04126e-05
-1.73876e-05
-3.99519e-05
-1.84916e-05
-3.96703e-05
-1.92407e-05
-3.73777e-05
-1.86814e-05
-3.23747e-05
-1.60994e-05
-2.47331e-05
-1.00781e-05
-1.56381e-05
-1.60436e-06
-4.24883e-06
1.47214e-06
4.4832e-06
-6.23603e-06
1.66082e-05
4.00868e-05
-1.90872e-05
-1.01798e-06
-3.1873e-05
-1.74824e-06
-3.19596e-05
-2.41593e-06
-3.11403e-05
-3.22196e-06
-3.08767e-05
-4.29799e-06
-3.13735e-05
-5.72393e-06
-3.24038e-05
-7.608e-06
-3.37697e-05
-9.96422e-06
-3.52295e-05
-1.25942e-05
-3.64496e-05
-1.57149e-05
-3.76586e-05
-1.91497e-05
-3.83365e-05
-2.26851e-05
-3.7825e-05
-2.6232e-05
-3.68656e-05
-2.98848e-05
-3.62988e-05
-3.37891e-05
-3.57658e-05
-3.76869e-05
-3.34795e-05
-4.14106e-05
-2.86505e-05
-4.44013e-05
-2.17418e-05
-4.66115e-05
-1.34271e-05
-4.77763e-05
-3.08326e-06
-5.08861e-05
7.59404e-06
-5.73546e-05
2.30778e-05
4.46836e-05
-6.19507e-05
-1.24882e-06
-3.06235e-05
-2.44551e-06
-3.07623e-05
-3.61603e-06
-2.99693e-05
-4.86514e-06
-2.96271e-05
-6.32177e-06
-2.99165e-05
-8.06653e-06
-3.06587e-05
-1.01631e-05
-3.16728e-05
-1.26337e-05
-3.27585e-05
-1.53784e-05
-3.37046e-05
-1.86211e-05
-3.44156e-05
-2.23015e-05
-3.46558e-05
-2.60606e-05
-3.40657e-05
-2.98834e-05
-3.30425e-05
-3.4178e-05
-3.20039e-05
-3.92256e-05
-3.07178e-05
-4.45668e-05
-2.81379e-05
-4.98324e-05
-2.33843e-05
-5.47434e-05
-1.68301e-05
-5.91224e-05
-9.04752e-06
-6.25222e-05
3.17331e-07
-6.65623e-05
1.16351e-05
-7.01554e-05
2.66709e-05
4.44105e-05
-6.98819e-05
-1.40987e-06
-2.92129e-05
-2.83722e-06
-2.93343e-05
-4.18881e-06
-2.86171e-05
-5.54392e-06
-2.82715e-05
-7.03389e-06
-2.8426e-05
-8.75845e-06
-2.89336e-05
-1.0782e-05
-2.96488e-05
-1.31474e-05
-3.03927e-05
-1.58531e-05
-3.09985e-05
-1.89412e-05
-3.13272e-05
-2.24027e-05
-3.11939e-05
-2.59967e-05
-3.04713e-05
-2.97199e-05
-2.93189e-05
-3.38506e-05
-2.78728e-05
-3.86666e-05
-2.59014e-05
-4.39743e-05
-2.28296e-05
-4.91496e-05
-1.82085e-05
-5.37971e-05
-1.21819e-05
-5.77839e-05
-5.06001e-06
-6.10224e-05
3.55638e-06
-6.35715e-05
1.41845e-05
-6.45276e-05
2.76276e-05
4.22649e-05
-6.23818e-05
-1.54498e-06
-2.76671e-05
-3.11558e-06
-2.77629e-05
-4.56062e-06
-2.71714e-05
-5.95146e-06
-2.688e-05
-7.40928e-06
-2.69677e-05
-9.03748e-06
-2.73049e-05
-1.09188e-05
-2.77669e-05
-1.31053e-05
-2.82057e-05
-1.56186e-05
-2.84848e-05
-1.84588e-05
-2.84866e-05
-2.15652e-05
-2.8087e-05
-2.4825e-05
-2.7211e-05
-2.8251e-05
-2.58925e-05
-3.1987e-05
-2.41363e-05
-3.61033e-05
-2.17846e-05
-4.04269e-05
-1.85055e-05
-4.45356e-05
-1.40992e-05
-4.81376e-05
-8.57934e-06
-5.1018e-05
-2.17912e-06
-5.30228e-05
5.56169e-06
-5.37576e-05
1.49198e-05
-5.26899e-05
2.65597e-05
3.89361e-05
-4.93603e-05
-1.68382e-06
-2.59827e-05
-3.37635e-06
-2.60698e-05
-4.91795e-06
-2.56292e-05
-6.36339e-06
-2.54341e-05
-7.82319e-06
-2.55074e-05
-9.39043e-06
-2.57372e-05
-1.11459e-05
-2.60111e-05
-1.31431e-05
-2.6208e-05
-1.54064e-05
-2.6221e-05
-1.79317e-05
-2.59608e-05
-2.06724e-05
-2.53458e-05
-2.3561e-05
-2.43219e-05
-2.65792e-05
-2.28738e-05
-2.97594e-05
-2.09556e-05
-3.30793e-05
-1.84642e-05
-3.63733e-05
-1.52109e-05
-3.93844e-05
-1.10876e-05
-4.1807e-05
-6.15616e-06
-4.3554e-05
-4.31661e-07
-4.42419e-05
6.24981e-06
-4.34293e-05
1.41072e-05
-4.063e-05
2.37611e-05
3.44345e-05
-3.61281e-05
-1.81353e-06
-2.41684e-05
-3.61917e-06
-2.42635e-05
-5.26054e-06
-2.39873e-05
-6.77802e-06
-2.39161e-05
-8.26127e-06
-2.40237e-05
-9.79037e-06
-2.42077e-05
-1.14379e-05
-2.43631e-05
-1.32538e-05
-2.43917e-05
-1.52655e-05
-2.42089e-05
-1.74739e-05
-2.3752e-05
-1.98482e-05
-2.2971e-05
-2.23439e-05
-2.18258e-05
-2.4929e-05
-2.02882e-05
-2.75655e-05
-1.83187e-05
-3.01928e-05
-1.58364e-05
-3.26574e-05
-1.27458e-05
-3.47645e-05
-8.98015e-06
-3.6312e-05
-4.60823e-06
-3.71382e-05
3.94803e-07
-3.69198e-05
6.03157e-06
-3.52667e-05
1.24543e-05
-3.16671e-05
2.01611e-05
2.89744e-05
-2.62065e-05
-1.93141e-06
-2.22366e-05
-3.83586e-06
-2.23586e-05
-5.56163e-06
-2.22611e-05
-7.1381e-06
-2.23392e-05
-8.63357e-06
-2.25278e-05
-1.01162e-05
-2.27247e-05
-1.16489e-05
-2.28301e-05
-1.32826e-05
-2.27577e-05
-1.5048e-05
-2.24432e-05
-1.69536e-05
-2.1846e-05
-1.89843e-05
-2.09398e-05
-2.11067e-05
-1.97031e-05
-2.32788e-05
-1.81156e-05
-2.54474e-05
-1.61497e-05
-2.75288e-05
-1.37546e-05
-2.93851e-05
-1.08892e-05
-3.08594e-05
-7.50543e-06
-3.17695e-05
-3.69783e-06
-3.20076e-05
6.33091e-07
-3.13284e-05
5.35243e-06
-2.94422e-05
1.0568e-05
-2.58841e-05
1.66033e-05
2.34713e-05
-2.03809e-05
-2.02894e-06
-2.02072e-05
-4.01333e-06
-2.03739e-05
-5.80189e-06
-2.04722e-05
-7.41249e-06
-2.07283e-05
-8.89567e-06
-2.10444e-05
-1.03095e-05
-2.13105e-05
-1.17146e-05
-2.14247e-05
-1.31647e-05
-2.13072e-05
-1.46964e-05
-2.09112e-05
-1.63258e-05
-2.02163e-05
-1.80459e-05
-1.92193e-05
-1.98303e-05
-1.79184e-05
-2.16374e-05
-1.63081e-05
-2.34102e-05
-1.43766e-05
-2.50617e-05
-1.21027e-05
-2.64861e-05
-9.46447e-06
-2.75434e-05
-6.44789e-06
-2.81037e-05
-3.13725e-06
-2.80294e-05
5.58857e-07
-2.7176e-05
4.49901e-06
-2.53443e-05
8.73633e-06
-2.21863e-05
1.34449e-05
1.86047e-05
-1.73193e-05
-2.10743e-06
-1.80997e-05
-4.15323e-06
-1.83279e-05
-5.97938e-06
-1.86459e-05
-7.59793e-06
-1.91096e-05
-9.0434e-06
-1.95987e-05
-1.0369e-05
-1.99847e-05
-1.16364e-05
-2.0157e-05
-1.29051e-05
-2.00383e-05
-1.42208e-05
-1.95953e-05
-1.56049e-05
-1.88319e-05
-1.7056e-05
-1.77679e-05
-1.85509e-05
-1.64232e-05
-2.00493e-05
-1.48094e-05
-2.14959e-05
-1.29297e-05
-2.28175e-05
-1.07808e-05
-2.39278e-05
-8.35399e-06
-2.46986e-05
-5.67679e-06
-2.50679e-05
-2.76782e-06
-2.48797e-05
3.70765e-07
-2.40427e-05
3.66195e-06
-2.24127e-05
7.1061e-06
-1.97501e-05
1.07825e-05
1.46101e-05
-1.57553e-05
-2.16534e-06
-1.59342e-05
-4.25304e-06
-1.62401e-05
-6.09927e-06
-1.67995e-05
-7.70168e-06
-1.75071e-05
-9.08976e-06
-1.82105e-05
-1.03114e-05
-1.87629e-05
-1.14347e-05
-1.90335e-05
-1.25276e-05
-1.89452e-05
-1.3642e-05
-1.84807e-05
-1.48072e-05
-1.76664e-05
-1.60264e-05
-1.65485e-05
-1.72788e-05
-1.51706e-05
-1.85253e-05
-1.35626e-05
-1.97124e-05
-1.17425e-05
-2.07768e-05
-9.71614e-06
-2.1642e-05
-7.4886e-06
-2.22392e-05
-5.07939e-06
-2.24769e-05
-2.53001e-06
-2.22691e-05
1.63041e-07
-2.15384e-05
2.93115e-06
-2.01819e-05
5.74954e-06
-1.80398e-05
8.64023e-06
1.14935e-05
-1.4923e-05
-2.20711e-06
-1.37272e-05
-4.31904e-06
-1.41282e-05
-6.1634e-06
-1.49552e-05
-7.731e-06
-1.59394e-05
-9.0447e-06
-1.68967e-05
-1.01544e-05
-1.76532e-05
-1.11348e-05
-1.80529e-05
-1.20594e-05
-1.80205e-05
-1.29871e-05
-1.75529e-05
-1.39537e-05
-1.66997e-05
-1.49675e-05
-1.55345e-05
-1.6012e-05
-1.4126e-05
-1.70514e-05
-1.2523e-05
-1.80366e-05
-1.07571e-05
-1.89094e-05
-8.84317e-06
-1.96048e-05
-6.79309e-06
-2.00618e-05
-4.62225e-06
-2.02276e-05
-2.36418e-06
-2.00235e-05
-4.09613e-08
-1.9409e-05
2.31658e-06
-1.83129e-05
4.65321e-06
-1.66403e-05
6.96773e-06
9.14687e-06
-1.42936e-05
-2.23149e-06
-1.14958e-05
-4.35265e-06
-1.20072e-05
-6.17959e-06
-1.31283e-05
-7.69789e-06
-1.44212e-05
-8.92663e-06
-1.5668e-05
-9.9241e-06
-1.66557e-05
-1.07707e-05
-1.72062e-05
-1.15423e-05
-1.72488e-05
-1.22996e-05
-1.67955e-05
-1.30842e-05
-1.5915e-05
-1.39115e-05
-1.47071e-05
-1.47711e-05
-1.32662e-05
-1.56333e-05
-1.16607e-05
-1.64544e-05
-9.9358e-06
-1.71794e-05
-8.11807e-06
-1.77541e-05
-6.21824e-06
-1.81242e-05
-4.25209e-06
-1.82464e-05
-2.24191e-06
-1.80564e-05
-2.30986e-07
-1.75449e-05
1.80497e-06
-1.66575e-05
3.76579e-06
-1.53472e-05
5.65725e-06
7.38504e-06
-1.35852e-05
-2.24465e-06
-9.25144e-06
-4.36043e-06
-9.89161e-06
-6.1583e-06
-1.13306e-05
-7.61663e-06
-1.2963e-05
-8.75635e-06
-1.45283e-05
-9.64872e-06
-1.57633e-05
-1.03813e-05
-1.64736e-05
-1.10224e-05
-1.66077e-05
-1.16296e-05
-1.61883e-05
-1.22492e-05
-1.52953e-05
-1.29029e-05
-1.40532e-05
-1.35909e-05
-1.25782e-05
-1.42923e-05
-1.09593e-05
-1.497e-05
-9.25797e-06
-1.55763e-05
-7.51171e-06
-1.606e-05
-5.7345e-06
-1.63723e-05
-3.9397e-06
-1.64716e-05
-2.14264e-06
-1.63308e-05
-3.7178e-07
-1.5905e-05
1.37905e-06
-1.5182e-05
3.04265e-06
-1.414e-05
4.61528e-06
6.02379e-06
-1.27786e-05
-2.25047e-06
-7.00121e-06
-4.35514e-06
-7.78718e-06
-6.11664e-06
-9.5693e-06
-7.50817e-06
-1.15716e-05
-8.55821e-06
-1.34784e-05
-9.35817e-06
-1.49634e-05
-1.00009e-05
-1.5831e-05
-1.05363e-05
-1.60723e-05
-1.10164e-05
-1.57081e-05
-1.14903e-05
-1.48215e-05
-1.19851e-05
-1.35584e-05
-1.25093e-05
-1.20538e-05
-1.30553e-05
-1.04133e-05
-1.35984e-05
-8.7148e-06
-1.40994e-05
-7.01069e-06
-1.45091e-05
-5.32471e-06
-1.47828e-05
-3.66601e-06
-1.4882e-05
-2.04342e-06
-1.47822e-05
-4.71697e-07
-1.4449e-05
1.04582e-06
-1.38723e-05
2.46588e-06
-1.30424e-05
3.78518e-06
4.95084e-06
-1.19693e-05
-2.25562e-06
-4.74594e-06
-4.35086e-06
-5.69224e-06
-6.07249e-06
-7.8479e-06
-7.39356e-06
-1.02507e-05
-8.3548e-06
-1.25173e-05
-9.07621e-06
-1.42421e-05
-9.64827e-06
-1.5259e-05
-1.00973e-05
-1.56234e-05
-1.0473e-05
-1.53324e-05
-1.0825e-05
-1.44695e-05
-1.11798e-05
-1.32036e-05
-1.15523e-05
-1.16814e-05
-1.19478e-05
-1.00178e-05
-1.23561e-05
-8.30653e-06
-1.27528e-05
-6.61395e-06
-1.30936e-05
-4.98391e-06
-1.33353e-05
-3.42431e-06
-1.34409e-05
-1.93785e-06
-1.33838e-05
-5.28842e-07
-1.31392e-05
8.01085e-07
-1.26961e-05
2.02265e-06
-1.20475e-05
3.13658e-06
4.10305e-06
-1.11997e-05
-2.25591e-06
-2.49034e-06
-4.3415e-06
-3.60694e-06
-6.02366e-06
-6.16598e-06
-7.27565e-06
-8.99891e-06
-8.16304e-06
-1.16301e-05
-8.82163e-06
-1.35837e-05
-9.32304e-06
-1.47577e-05
-9.68987e-06
-1.52566e-05
-9.98105e-06
-1.50412e-05
-1.02402e-05
-1.42104e-05
-1.04838e-05
-1.29601e-05
-1.0724e-05
-1.14411e-05
-1.09772e-05
-9.76466e-06
-1.12525e-05
-8.03122e-06
-1.15383e-05
-6.32812e-06
-1.18072e-05
-4.71503e-06
-1.20152e-05
-3.21638e-06
-1.21258e-05
-1.82728e-06
-1.21071e-05
-5.47576e-07
-1.19432e-05
6.37079e-07
-1.16186e-05
1.69792e-06
-1.11254e-05
2.64333e-06
3.44573e-06
-1.0468e-05
-2.22665e-06
-2.6402e-07
-4.2938e-06
-1.54009e-06
-5.93579e-06
-4.52424e-06
-7.12485e-06
-7.81005e-06
-7.97624e-06
-1.07788e-05
-8.58548e-06
-1.29746e-05
-8.99047e-06
-1.43528e-05
-9.26735e-06
-1.49798e-05
-9.49337e-06
-1.48153e-05
-9.69298e-06
-1.40108e-05
-9.86356e-06
-1.27895e-05
-1.00065e-05
-1.12982e-05
-1.01383e-05
-9.63288e-06
-1.02843e-05
-7.88527e-06
-1.04563e-05
-6.15622e-06
-1.06429e-05
-4.52845e-06
-1.0809e-05
-3.05035e-06
-1.09143e-05
-1.72201e-06
-1.09322e-05
-5.29769e-07
-1.08342e-05
5.38975e-07
-1.06107e-05
1.47438e-06
-1.02509e-05
2.28351e-06
2.94606e-06
-9.75122e-06
-2.14395e-06
1.87962e-06
-4.16906e-06
4.84735e-07
-5.76124e-06
-2.93231e-06
-6.90068e-06
-6.6708e-06
-7.74124e-06
-9.93844e-06
-8.29086e-06
-1.24251e-05
-8.57403e-06
-1.40697e-05
-8.76783e-06
-1.47861e-05
-8.95196e-06
-1.46312e-05
-9.12428e-06
-1.38386e-05
-9.26383e-06
-1.26501e-05
-9.35464e-06
-1.12075e-05
-9.40332e-06
-9.58426e-06
-9.43946e-06
-7.84919e-06
-9.49803e-06
-6.09772e-06
-9.59198e-06
-4.43456e-06
-9.70462e-06
-2.93778e-06
-9.79655e-06
-1.63014e-06
-9.83326e-06
-4.93134e-07
-9.7891e-06
4.9471e-07
-9.64843e-06
1.33363e-06
-9.39852e-06
2.0335e-06
2.58176e-06
-9.03414e-06
-2.00516e-06
3.88451e-06
-3.93337e-06
2.41269e-06
-5.45949e-06
-1.40641e-06
-6.57927e-06
-5.5512e-06
-7.38581e-06
-9.13205e-06
-7.82818e-06
-1.19828e-05
-8.00271e-06
-1.38953e-05
-8.14446e-06
-1.46445e-05
-8.31462e-06
-1.44612e-05
-8.49017e-06
-1.36631e-05
-8.63421e-06
-1.25061e-05
-8.7168e-06
-1.1125e-05
-8.72904e-06
-9.57209e-06
-8.69104e-06
-7.88726e-06
-8.64951e-06
-6.13932e-06
-8.64547e-06
-4.43867e-06
-8.69011e-06
-2.8932e-06
-8.7535e-06
-1.56682e-06
-8.7967e-06
-4.50015e-07
-8.79056e-06
4.88457e-07
-8.71551e-06
1.25849e-06
-8.55485e-06
1.87281e-06
2.32587e-06
-8.29895e-06
-1.81153e-06
5.69578e-06
-3.58678e-06
4.18771e-06
-5.01857e-06
2.51853e-08
-6.09901e-06
-4.47093e-06
-6.84182e-06
-8.38938e-06
-7.14048e-06
-1.16843e-05
-7.24422e-06
-1.37917e-05
-7.37144e-06
-1.45173e-05
-7.55385e-06
-1.42789e-05
-7.75718e-06
-1.34598e-05
-7.93533e-06
-1.2328e-05
-8.04602e-06
-1.10144e-05
-8.06642e-06
-9.55176e-06
-8.00094e-06
-7.95282e-06
-7.88978e-06
-6.25055e-06
-7.79329e-06
-4.53524e-06
-7.75569e-06
-2.93088e-06
-7.7735e-06
-1.54909e-06
-7.80946e-06
-4.14141e-07
-7.82503e-06
5.03922e-07
-7.79713e-06
1.23051e-06
-7.70589e-06
1.78146e-06
2.15826e-06
-7.53823e-06
-1.54656e-06
7.24216e-06
-3.12524e-06
5.7662e-06
-4.4167e-06
1.31648e-06
-5.41613e-06
-3.47165e-06
-6.03412e-06
-7.77151e-06
-6.20811e-06
-1.15104e-05
-6.28741e-06
-1.37125e-05
-6.43547e-06
-1.43694e-05
-6.65698e-06
-1.40574e-05
-6.90883e-06
-1.32081e-05
-7.14071e-06
-1.20962e-05
-7.30637e-06
-1.08488e-05
-7.37203e-06
-9.48618e-06
-7.32656e-06
-7.99839e-06
-7.18893e-06
-6.38827e-06
-7.02189e-06
-4.70236e-06
-6.89569e-06
-3.05716e-06
-6.85131e-06
-1.59355e-06
-6.86172e-06
-4.03817e-07
-6.88419e-06
5.26283e-07
-6.88752e-06
1.23375e-06
-6.84779e-06
1.74169e-06
2.05756e-06
-6.74709e-06
-1.21044e-06
8.45241e-06
-2.54599e-06
7.1016e-06
-3.64341e-06
2.41375e-06
-4.50146e-06
-2.61372e-06
-4.93468e-06
-7.3384e-06
-5.02878e-06
-1.14164e-05
-5.13447e-06
-1.36069e-05
-5.34102e-06
-1.41629e-05
-5.63147e-06
-1.37671e-05
-5.94975e-06
-1.28899e-05
-6.24626e-06
-1.17998e-05
-6.47825e-06
-1.06169e-05
-6.6102e-06
-9.35432e-06
-6.61916e-06
-7.98951e-06
-6.50588e-06
-6.50163e-06
-6.30877e-06
-4.89956e-06
-6.10764e-06
-3.25837e-06
-5.98415e-06
-1.71712e-06
-5.95029e-06
-4.37761e-07
-5.9653e-06
5.41202e-07
-5.98529e-06
1.25366e-06
-5.98043e-06
1.73675e-06
2.00772e-06
-5.93057e-06
-8.22319e-07
9.27462e-06
-1.87656e-06
8.15572e-06
-2.75328e-06
3.29036e-06
-3.37964e-06
-1.98746e-06
-3.59882e-06
-7.1193e-06
-3.6513e-06
-1.1364e-05
-3.82723e-06
-1.3431e-05
-4.13077e-06
-1.38594e-05
-4.5144e-06
-1.33835e-05
-4.9101e-06
-1.24942e-05
-5.27004e-06
-1.14399e-05
-5.56402e-06
-1.0323e-05
-5.76446e-06
-9.15395e-06
-5.84693e-06
-7.90713e-06
-5.79559e-06
-6.55304e-06
-5.62039e-06
-5.07484e-06
-5.38059e-06
-3.49825e-06
-5.17627e-06
-1.92151e-06
-5.07851e-06
-5.3559e-07
-5.0675e-06
5.3009e-07
-5.0916e-06
1.27768e-06
-5.10871e-06
1.75382e-06
1.99307e-06
-5.09409e-06
-4.18361e-07
9.69286e-06
-1.16458e-06
8.90184e-06
-1.80808e-06
3.93378e-06
-2.16545e-06
-1.63017e-06
-2.14592e-06
-7.1389e-06
-2.19805e-06
-1.13119e-05
-2.47551e-06
-1.31536e-05
-2.89995e-06
-1.3435e-05
-3.38286e-06
-1.29007e-05
-3.84605e-06
-1.20311e-05
-4.25102e-06
-1.1035e-05
-4.58488e-06
-9.98917e-06
-4.83549e-06
-8.90341e-06
-4.9855e-06
-7.7572e-06
-5.01356e-06
-6.52505e-06
-4.9067e-06
-5.18176e-06
-4.6862e-06
-3.71882e-06
-4.42692e-06
-2.18086e-06
-4.25433e-06
-7.08247e-07
-4.20028e-06
4.75963e-07
-4.21633e-06
1.29367e-06
-4.24464e-06
1.78206e-06
2.00193e-06
-4.25349e-06
-5.87673e-08
9.75157e-06
-4.76542e-07
9.31955e-06
-8.95445e-07
4.35262e-06
-9.68418e-07
-1.55725e-06
-7.41301e-07
-7.36607e-06
-8.35513e-07
-1.12178e-05
-1.23567e-06
-1.27535e-05
-1.77748e-06
-1.28933e-05
-2.33195e-06
-1.23462e-05
-2.82613e-06
-1.1537e-05
-3.2386e-06
-1.06226e-05
-3.57526e-06
-9.65257e-06
-3.84258e-06
-8.63614e-06
-4.03447e-06
-7.56536e-06
-4.1328e-06
-6.42677e-06
-4.11408e-06
-5.20054e-06
-3.96752e-06
-3.86543e-06
-3.72335e-06
-2.42507e-06
-3.49354e-06
-9.38105e-07
-3.38228e-06
3.64639e-07
-3.37771e-06
1.28904e-06
-3.40932e-06
1.81365e-06
2.02201e-06
-3.42942e-06
2.20912e-07
9.53062e-06
1.04845e-07
9.43558e-06
-1.32172e-07
4.58961e-06
8.40884e-08
-1.77354e-06
3.99259e-07
-7.68127e-06
2.35197e-07
-1.10537e-05
-2.66291e-07
-1.22521e-05
-8.77017e-07
-1.22826e-05
-1.43922e-06
-1.17841e-05
-1.9033e-06
-1.10729e-05
-2.27267e-06
-1.02533e-05
-2.56949e-06
-9.35578e-06
-2.81203e-06
-8.39365e-06
-3.00584e-06
-7.37158e-06
-3.14295e-06
-6.28971e-06
-3.20261e-06
-5.14092e-06
-3.15947e-06
-3.90862e-06
-3.00432e-06
-2.58027e-06
-2.78078e-06
-1.16169e-06
-2.63083e-06
2.14642e-07
-2.59916e-06
1.25733e-06
-2.62521e-06
1.83965e-06
2.04246e-06
-2.64566e-06
3.63389e-07
9.16722e-06
5.60764e-07
9.23821e-06
3.43659e-07
4.80671e-06
7.49664e-07
-2.17955e-06
1.04836e-06
-7.97997e-06
8.06144e-07
-1.08115e-05
2.8125e-07
-1.17272e-05
-2.78498e-07
-1.17228e-05
-7.44938e-07
-1.13176e-05
-1.10411e-06
-1.07138e-05
-1.37868e-06
-9.97876e-06
-1.59508e-06
-9.13941e-06
-1.77397e-06
-8.21481e-06
-1.92631e-06
-7.21928e-06
-2.05478e-06
-6.16128e-06
-2.15105e-06
-5.0447e-06
-2.19436e-06
-3.86535e-06
-2.15799e-06
-2.61667e-06
-2.05417e-06
-1.26554e-06
-1.94643e-06
1.06856e-07
-1.91891e-06
1.22977e-06
-1.95437e-06
1.8751e-06
2.0368e-06
-1.94871e-06
4.08857e-07
8.15348e-07
4.03502e-07
8.05201e-07
9.97404e-07
7.28742e-07
3.34571e-07
-1.16383e-08
-2.75068e-07
-4.63725e-07
-6.01462e-07
-7.05647e-07
-7.88742e-07
-8.59973e-07
-9.26347e-07
-9.92867e-07
-1.06103e-06
-1.12672e-06
-1.16816e-06
-1.20195e-06
-1.2419e-06
-1.23833e-06
-1.1255e-06
4.19521e-05
2.44836e-06
4.01401e-05
1.81197e-06
3.88718e-05
1.26834e-06
2.30465e-07
3.86414e-05
4.55849e-05
2.94395e-06
4.45609e-05
2.83603e-06
4.2473e-05
3.35625e-06
4.21932e-06
3.84841e-05
2.97268e-05
5.07033e-06
2.71646e-05
5.39826e-06
2.39637e-05
6.55714e-06
7.59973e-06
2.05833e-05
1.85627e-05
8.89686e-06
1.46231e-05
9.33787e-06
1.15467e-05
9.63355e-06
9.42285e-06
9.72355e-06
1.52761e-05
1.16555e-05
1.25798e-05
1.20341e-05
1.01129e-05
1.21004e-05
1.22455e-05
7.29028e-06
1.41547e-05
1.39575e-05
1.14717e-05
1.47169e-05
8.4549e-06
1.51171e-05
1.56423e-05
5.05807e-06
1.39525e-05
1.70256e-05
1.05236e-05
1.81458e-05
6.8773e-06
1.87633e-05
1.93171e-05
3.20246e-06
2.10124e-05
2.14202e-05
1.60412e-05
2.31169e-05
1.03326e-05
2.44719e-05
2.52591e-05
4.39063e-06
3.92031e-05
2.53293e-05
3.4384e-05
2.7936e-05
2.75002e-05
3.13558e-05
3.48286e-05
1.79315e-05
7.35249e-05
2.29254e-05
7.83873e-05
2.30739e-05
7.96284e-05
3.01185e-05
4.13184e-05
7.31437e-05
0.000106166
1.51434e-05
0.00011426
1.49824e-05
0.000117127
2.72604e-05
4.59111e-05
0.000112541
0.000109022
1.2878e-05
0.00010749
1.65157e-05
9.93886e-05
3.53713e-05
5.36259e-05
9.16741e-05
7.17461e-05
2.40394e-05
4.97635e-05
3.8503e-05
3.51702e-05
4.9967e-05
5.98241e-05
2.89682e-05
-2.73572e-05
3.23116e-05
-2.99463e-05
4.10949e-05
-2.73287e-05
4.73469e-05
5.08214e-05
-1.83286e-05
-6.12137e-05
3.15749e-05
-5.60568e-05
3.59367e-05
-4.75146e-05
3.88035e-05
3.92183e-05
-3.59122e-05
-6.59885e-05
2.76808e-05
-5.94412e-05
2.93889e-05
-5.00051e-05
2.93673e-05
2.83281e-05
-3.91151e-05
-5.88839e-05
2.41829e-05
-5.31025e-05
2.36078e-05
-4.50905e-05
2.13551e-05
1.96048e-05
-3.63669e-05
-4.68062e-05
2.16289e-05
-4.3087e-05
1.98881e-05
-3.79453e-05
1.62137e-05
1.45982e-05
-3.29386e-05
-3.39916e-05
1.94927e-05
-3.21346e-05
1.80319e-05
-3.03205e-05
1.43993e-05
1.29596e-05
-2.86819e-05
-2.36406e-05
1.69269e-05
-2.21884e-05
1.65792e-05
-2.18687e-05
1.40797e-05
1.26919e-05
-2.16012e-05
-1.7396e-05
1.39421e-05
-1.52829e-05
1.44665e-05
-1.44624e-05
1.32587e-05
1.23636e-05
-1.41343e-05
-1.43698e-05
1.09926e-05
-1.17444e-05
1.18405e-05
-1.01458e-05
1.16599e-05
1.13524e-05
-9.13488e-06
-1.3248e-05
8.48539e-06
-1.0697e-05
9.28974e-06
-8.64479e-06
9.60725e-06
9.69389e-06
-6.98654e-06
-1.29896e-05
6.55201e-06
-1.08778e-05
7.1775e-06
-8.87675e-06
7.606e-06
7.84748e-06
-7.03065e-06
-1.28856e-05
5.14403e-06
-1.13116e-05
5.60351e-06
-9.67738e-06
5.97142e-06
6.22382e-06
-8.05397e-06
-1.25633e-05
4.12203e-06
-1.1421e-05
4.46092e-06
-1.01905e-05
4.74068e-06
4.94714e-06
-8.91408e-06
-1.20055e-05
3.34889e-06
-1.11477e-05
3.60313e-06
-1.02135e-05
3.80607e-06
3.95657e-06
-9.22311e-06
-1.13594e-05
2.73888e-06
-1.06845e-05
2.928e-06
-9.94858e-06
3.06996e-06
3.17193e-06
-9.16417e-06
-1.07125e-05
2.2517e-06
-1.01726e-05
2.38796e-06
-9.58289e-06
2.48001e-06
2.54375e-06
-8.95489e-06
-1.00822e-05
1.86582e-06
-9.65177e-06
1.95731e-06
-9.18152e-06
2.00957e-06
2.04307e-06
-8.68102e-06
-9.45133e-06
1.5659e-06
-9.11512e-06
1.62103e-06
-8.7468e-06
1.64102e-06
1.6492e-06
-8.35307e-06
-8.80734e-06
1.33904e-06
-8.55078e-06
1.3643e-06
-8.26755e-06
1.35763e-06
1.34539e-06
-7.96389e-06
-8.13273e-06
1.17277e-06
-7.94294e-06
1.17444e-06
-7.73192e-06
1.14643e-06
1.11524e-06
-7.50189e-06
-7.42174e-06
1.05621e-06
-7.28655e-06
1.03911e-06
-7.13386e-06
9.93598e-07
9.47548e-07
-6.96629e-06
-6.66993e-06
9.79008e-07
-6.57818e-06
9.47284e-07
-6.47338e-06
8.88646e-07
8.2883e-07
-6.35476e-06
-5.88346e-06
9.31823e-07
-5.82475e-06
8.88464e-07
-5.75536e-06
8.19139e-07
7.48459e-07
-5.67509e-06
-5.06774e-06
9.05425e-07
-5.03198e-06
8.5264e-07
-4.98752e-06
7.74559e-07
6.94301e-07
-4.93344e-06
-4.24059e-06
8.92462e-07
-4.21808e-06
8.30049e-07
-4.18741e-06
7.43803e-07
6.54319e-07
-4.1475e-06
-3.42108e-06
8.84093e-07
-3.40173e-06
8.10646e-07
-3.37166e-06
7.1366e-07
6.12383e-07
-3.32978e-06
-2.63402e-06
8.72407e-07
-2.60463e-06
7.81212e-07
-2.55634e-06
6.65323e-07
5.48299e-07
-2.49229e-06
-1.89187e-06
8.15555e-07
-1.80584e-06
6.95166e-07
-1.69947e-06
5.58915e-07
4.37772e-07
-1.58896e-06
-1.02029e-06
-8.96439e-07
-7.65986e-07
-6.48998e-07
3.1472e-05
-1.13166e-05
2.91584e-05
-8.95581e-06
2.6883e-05
2.17626e-07
2.29621e-05
6.17806e-06
1.90625e-05
1.09061e-05
1.61167e-05
1.36456e-05
1.462e-05
1.36703e-05
1.10768e-05
9.22003e-06
1.06169e-05
-4.84794e-06
-3.10328e-06
-9.74442e-07
-1.67462e-05
-3.05506e-06
-2.3797e-05
-6.26113e-06
-2.63737e-05
-1.13982e-06
-1.91064e-05
1.34005e-05
-1.105e-05
2.00013e-05
-1.27974e-06
-9.45519e-06
-1.73783e-06
-1.30324e-05
-5.07822e-06
-3.73635e-06
1.41793e-05
2.35108e-05
3.65676e-06
1.42851e-05
2.69924e-07
1.08713e-05
3.63149e-06
1.05351e-05
6.51423e-06
9.24939e-06
1.21919e-05
9.81153e-06
1.30835e-05
1.03135e-05
1.31683e-05
8.14438e-06
1.13892e-05
-5.32915e-07
3.82937e-06
-1.53932e-05
1.38858e-05
-2.71483e-05
8.70005e-06
-3.29858e-05
-4.23651e-07
-3.32683e-05
-8.57316e-07
-2.09548e-05
1.087e-06
-6.55209e-06
5.59864e-06
-5.08137e-06
-1.09259e-05
-8.28589e-06
-9.82789e-06
-9.10028e-06
-2.92195e-06
5.07903e-06
1.14042e-05
1.28359e-05
5.12721e-06
6.54695e-06
1.55302e-06
7.2057e-06
-8.44224e-07
8.91149e-06
-2.41715e-06
1.37648e-05
-2.17976e-06
1.28462e-05
-3.02634e-06
1.40149e-05
-7.35719e-06
1.572e-05
-1.39082e-05
1.03803e-05
-1.33621e-05
1.33398e-05
-1.54986e-05
1.08366e-05
-2.34331e-05
7.51082e-06
-2.83643e-05
4.07386e-06
-2.45612e-05
-2.71612e-06
-1.70414e-05
-1.92115e-06
-1.96529e-05
-8.3143e-06
-1.96146e-05
-9.86623e-06
-1.47733e-05
-7.76324e-06
-9.69421e-06
5.0555e-06
1.75039e-05
-2.90021e-06
1.45026e-05
-8.4615e-06
1.2767e-05
-1.5128e-05
1.5578e-05
-1.69767e-05
1.56136e-05
-1.74452e-05
1.33147e-05
-1.74895e-05
1.40593e-05
-1.7177e-05
1.54075e-05
-1.70695e-05
1.02728e-05
-1.13963e-05
7.66666e-06
-8.56571e-06
8.00599e-06
-1.34664e-05
1.24115e-05
-1.73035e-05
7.91096e-06
-2.02288e-05
2.09167e-07
-1.86643e-05
-3.48565e-06
-1.84906e-05
-8.48798e-06
-1.74841e-05
-1.08727e-05
-1.20936e-05
-1.31537e-05
-2.17878e-05
-2.76358e-06
2.75577e-05
-1.2871e-05
2.46101e-05
-2.09953e-05
2.08913e-05
-2.5642e-05
2.02248e-05
-2.71928e-05
1.71644e-05
-2.71095e-05
1.32314e-05
-2.45487e-05
1.14985e-05
-1.93804e-05
1.02392e-05
-1.56987e-05
6.59114e-06
-1.18418e-05
3.80979e-06
-1.07e-05
6.86415e-06
-9.79676e-06
1.15083e-05
-6.23043e-06
4.34461e-06
-4.27614e-06
-1.74513e-06
-1.76624e-06
-5.99555e-06
-1.4154e-06
-8.83881e-06
-1.65957e-06
-1.06285e-05
1.11573e-07
-1.49248e-05
-2.16762e-05
-5.88387e-06
3.84997e-05
-1.63574e-05
3.50837e-05
-2.47538e-05
2.92876e-05
-2.81999e-05
2.36709e-05
-3.08699e-05
1.98345e-05
-3.21538e-05
1.45153e-05
-3.07013e-05
1.0046e-05
-2.60947e-05
5.63262e-06
-2.07692e-05
1.26559e-06
-1.61734e-05
-7.85986e-07
-1.0711e-05
1.40171e-06
-3.02545e-06
3.82271e-06
3.55873e-06
-2.23959e-06
8.11086e-06
-6.29727e-06
1.07884e-05
-8.67309e-06
1.28158e-05
-1.08663e-05
1.42718e-05
-1.20845e-05
1.1631e-05
-1.2284e-05
-1.00452e-05
-6.0602e-06
4.77623e-05
-1.54149e-05
4.44384e-05
-2.20558e-05
3.59286e-05
-2.51001e-05
2.67152e-05
-2.71228e-05
2.18573e-05
-2.81848e-05
1.55773e-05
-2.84907e-05
1.03519e-05
-2.66212e-05
3.76311e-06
-2.42257e-05
-1.12997e-06
-2.03758e-05
-4.63587e-06
-1.34206e-05
-5.55354e-06
-3.19326e-06
-6.40462e-06
3.73119e-06
-9.1641e-06
8.64297e-06
-1.12091e-05
1.19114e-05
-1.19416e-05
1.38306e-05
-1.27854e-05
1.56572e-05
-1.39112e-05
1.32432e-05
-9.86997e-06
3.19802e-06
-8.36286e-06
6.05158e-05
-2.04623e-05
5.65379e-05
-2.93594e-05
4.48261e-05
-3.35711e-05
3.09277e-05
-3.33749e-05
2.16615e-05
-3.20244e-05
1.42271e-05
-3.30641e-05
1.13916e-05
-3.06699e-05
1.3688e-06
-2.94075e-05
-2.39266e-06
-2.54639e-05
-8.58043e-06
-1.82568e-05
-1.27625e-05
-9.47219e-06
-1.51911e-05
-5.24089e-06
-1.33967e-05
-8.23223e-07
-1.56273e-05
3.35743e-06
-1.61226e-05
3.70668e-06
-1.31347e-05
-6.0456e-07
-9.59998e-06
-3.60402e-06
-6.87051e-06
-4.05997e-07
5.51892e-06
7.29313e-05
-5.9952e-06
6.80575e-05
-2.12742e-05
6.01087e-05
-4.04549e-05
5.01106e-05
-4.23224e-05
2.35296e-05
-3.26378e-05
4.54239e-06
-1.01474e-05
-1.10991e-05
-1.64423e-06
-7.13488e-06
-3.21523e-06
-8.22277e-07
-2.15716e-05
9.77512e-06
-4.77311e-05
1.33962e-05
-6.47492e-05
1.82673e-06
-6.10071e-05
-1.71391e-05
-4.65299e-05
-3.01047e-05
-3.28674e-05
-2.9785e-05
-1.77836e-05
-2.82185e-05
-1.4475e-05
-1.29086e-05
-1.32451e-05
-8.10038e-06
-1.36511e-05
5.61133e-05
8.99714e-05
3.56697e-05
8.85039e-05
1.74416e-05
7.83378e-05
2.74447e-06
6.48072e-05
-3.23714e-06
2.951e-05
2.26851e-06
-9.6423e-07
1.29357e-05
-2.17668e-05
2.98264e-05
-2.4026e-05
4.1625e-05
-1.2621e-05
4.28516e-05
8.54917e-06
3.24058e-05
2.38438e-05
1.17602e-05
2.24741e-05
-7.30346e-06
1.92599e-06
-1.4872e-05
-2.25356e-05
-1.3726e-05
-3.09306e-05
-1.16446e-05
-3.02997e-05
-4.86592e-06
-1.96872e-05
-1.39359e-06
-1.15727e-05
-1.50448e-05
8.5047e-05
0.000117458
6.28061e-05
0.000110736
4.57315e-05
9.54088e-05
3.6211e-05
7.4325e-05
2.40991e-05
4.16203e-05
1.87485e-05
4.38562e-06
2.09038e-05
-2.39225e-05
2.76037e-05
-3.0726e-05
3.32317e-05
-1.8249e-05
3.24507e-05
9.33053e-06
2.80615e-05
2.82337e-05
2.2408e-05
2.8128e-05
1.00908e-05
1.42434e-05
-1.75726e-06
-1.06873e-05
-8.75125e-06
-2.39365e-05
-8.64239e-06
-3.04086e-05
-1.00332e-07
-2.82294e-05
4.83031e-06
-1.65036e-05
-1.02145e-05
6.81687e-05
0.000140945
5.47828e-05
0.000124115
4.67819e-05
0.000103406
4.23496e-05
7.87557e-05
3.52646e-05
4.87046e-05
2.85477e-05
1.1102e-05
2.47279e-05
-2.01029e-05
2.46031e-05
-3.06014e-05
2.20114e-05
-1.56572e-05
1.53189e-05
1.60232e-05
1.57012e-05
2.78517e-05
1.73464e-05
2.6483e-05
1.585e-05
1.574e-05
4.8032e-06
3.59434e-07
-3.79492e-06
-1.53385e-05
-4.86414e-06
-2.93395e-05
1.33433e-06
-3.4428e-05
5.98418e-06
-2.11535e-05
-4.23048e-06
3.24815e-05
0.000137424
3.56401e-05
0.000120953
3.86358e-05
0.000100409
3.98916e-05
7.74995e-05
3.86315e-05
4.99646e-05
3.31999e-05
1.65336e-05
2.52494e-05
-1.21525e-05
1.82819e-05
-2.36339e-05
9.61501e-06
-6.99031e-06
2.73194e-06
2.29063e-05
7.96407e-06
2.26197e-05
1.65974e-05
1.78497e-05
1.99851e-05
1.23522e-05
1.12769e-05
9.06761e-06
2.24394e-06
-6.30567e-06
-9.79957e-08
-2.69977e-05
2.05885e-06
-3.6585e-05
5.7829e-06
-2.48778e-05
1.55238e-06
4.6557e-06
0.000114438
2.04184e-05
0.00010519
2.96618e-05
9.11659e-05
3.36816e-05
7.348e-05
3.6428e-05
4.72186e-05
3.38128e-05
1.9149e-05
2.27747e-05
-1.11424e-06
8.21961e-06
-9.07872e-06
-7.19699e-07
1.94906e-06
-3.38296e-07
2.2525e-05
7.41952e-06
1.48618e-05
1.47781e-05
1.0491e-05
1.66095e-05
1.05209e-05
1.14517e-05
1.42253e-05
6.31552e-06
-1.16964e-06
3.29886e-06
-2.39812e-05
1.78474e-06
-3.5071e-05
4.18228e-06
-2.72754e-05
5.73449e-06
-1.00147e-05
8.85406e-05
1.01153e-05
8.50603e-05
2.08858e-05
8.03963e-05
2.52758e-05
6.90908e-05
3.07127e-05
4.17824e-05
2.78051e-05
2.2057e-05
1.62012e-05
1.049e-05
3.65819e-07
6.75682e-06
-6.06491e-06
8.37987e-06
-1.11414e-06
1.75742e-05
3.80614e-06
9.94155e-06
6.21083e-06
8.08629e-06
6.92088e-06
9.81072e-06
7.12455e-06
1.40215e-05
8.16236e-06
-2.20758e-06
5.6487e-06
-2.14676e-05
1.17063e-06
-3.05931e-05
1.20103e-06
-2.73061e-05
6.93553e-06
-1.61309e-05
6.55569e-05
1.08685e-06
6.78436e-05
1.11983e-05
7.0286e-05
1.58788e-05
6.44111e-05
1.92503e-05
3.84117e-05
1.13595e-05
2.99483e-05
1.61256e-08
2.18337e-05
-8.21428e-06
1.49874e-05
-1.23482e-05
1.25139e-05
-8.87383e-06
1.40999e-05
-6.6987e-06
7.76641e-06
-3.3456e-06
4.73314e-06
9.65886e-07
5.49916e-06
7.14619e-06
7.84112e-06
1.00848e-05
-5.14625e-06
6.03216e-06
-1.74151e-05
1.5157e-08
-2.45762e-05
-2.22816e-06
-2.50627e-05
4.70727e-06
-2.01667e-05
4.93572e-05
-8.22744e-06
5.59051e-05
1.05034e-06
6.10091e-05
7.39022e-06
5.8072e-05
8.16483e-06
3.76377e-05
1.96665e-06
3.61469e-05
-4.1919e-06
2.79925e-05
-8.28067e-06
1.90764e-05
-1.06663e-05
1.48996e-05
-8.81811e-06
1.22517e-05
-6.21541e-06
5.16369e-06
-2.52407e-06
1.04176e-06
2.75615e-06
2.18893e-07
9.49209e-06
1.10511e-06
1.04718e-05
-6.12606e-06
5.27358e-06
-1.22169e-05
-6.69939e-07
-1.86327e-05
-5.13037e-06
-2.06025e-05
-4.23072e-07
-2.35415e-05
3.99604e-05
-1.50515e-05
4.74157e-05
-6.51209e-06
5.24702e-05
1.39332e-06
5.01671e-05
1.80303e-06
3.72284e-05
6.25963e-07
3.73243e-05
-7.60243e-07
2.9379e-05
-1.79569e-06
2.01119e-05
-1.65706e-06
1.4761e-05
5.34637e-07
1.006e-05
1.91e-06
3.7883e-06
3.26708e-06
-3.15352e-07
5.96935e-06
-2.48343e-06
9.87412e-06
-2.79971e-06
9.85017e-06
-6.10217e-06
5.74275e-06
-8.10956e-06
2.09033e-07
-1.30991e-05
-4.5245e-06
-1.58689e-05
-4.94764e-06
-2.34616e-05
3.47403e-05
-1.66641e-05
4.06185e-05
-8.70911e-06
4.45155e-05
-9.26256e-07
4.23846e-05
7.8889e-07
3.55135e-05
4.07518e-06
3.40382e-05
6.87293e-06
2.65813e-05
8.37289e-06
1.8612e-05
9.99041e-06
1.31435e-05
1.1614e-05
8.43644e-06
1.1284e-05
4.11829e-06
1.04071e-05
5.61477e-07
1.0035e-05
-2.11138e-06
1.11735e-05
-3.93824e-06
1.0723e-05
-5.65176e-06
8.3529e-06
-5.7395e-06
3.33759e-06
-8.08379e-06
-1.10539e-06
-1.1426e-05
-6.053e-06
-1.87319e-05
3.18708e-05
-1.32963e-05
3.5183e-05
-6.08638e-06
3.73057e-05
5.40921e-07
3.57575e-05
3.80099e-06
3.22536e-05
9.04256e-06
2.87967e-05
1.34317e-05
2.21922e-05
1.63386e-05
1.57052e-05
1.8678e-05
1.08041e-05
2.00394e-05
7.07499e-06
1.99182e-05
4.2395e-06
1.85684e-05
1.91123e-06
1.67152e-05
-2.5826e-07
1.50231e-05
-2.24621e-06
1.33094e-05
-3.93816e-06
1.10962e-05
-3.52625e-06
6.64748e-06
-3.63517e-06
2.01627e-06
-6.79476e-06
-4.03678e-06
-1.19139e-05
2.96502e-05
-7.5452e-06
3.08142e-05
-1.46796e-06
3.12285e-05
4.32007e-06
2.99695e-05
9.22869e-06
2.7345e-05
1.45259e-05
2.34996e-05
1.8753e-05
1.79651e-05
2.16472e-05
1.2811e-05
2.35693e-05
8.882e-06
2.45392e-05
6.10502e-06
2.46522e-05
4.12638e-06
2.3923e-05
2.6404e-06
2.22149e-05
1.44979e-06
1.95547e-05
4.13984e-07
1.62602e-05
-6.4378e-07
1.27555e-05
-2.15261e-08
8.59049e-06
5.29799e-07
3.62583e-06
-1.83017e-06
-4.10916e-07
-6.15811e-06
2.66732e-05
-2.03852e-06
2.66944e-05
3.09433e-06
2.60956e-05
8.39389e-06
2.46699e-05
1.3478e-05
2.22609e-05
1.82707e-05
1.87069e-05
2.18324e-05
1.44034e-05
2.41497e-05
1.04936e-05
2.55102e-05
7.52153e-06
2.61456e-05
5.46952e-06
2.61565e-05
4.11541e-06
2.55234e-05
3.27344e-06
2.41175e-05
2.85565e-06
2.17663e-05
2.76511e-06
1.81373e-05
2.98524e-06
1.39977e-05
4.11794e-06
9.63817e-06
4.88932e-06
4.35221e-06
3.45582e-06
3.94125e-06
-3.12954e-06
2.28159e-05
1.00808e-06
2.25566e-05
5.5184e-06
2.15852e-05
1.01044e-05
2.00838e-05
1.4468e-05
1.78972e-05
1.81911e-05
1.49837e-05
2.08252e-05
1.17693e-05
2.24348e-05
8.88395e-06
2.33049e-05
6.65139e-06
2.36682e-05
5.10615e-06
2.36198e-05
4.16382e-06
2.31174e-05
3.77573e-06
2.20384e-05
3.93466e-06
2.01699e-05
4.63351e-06
1.72742e-05
5.88094e-06
1.36968e-05
7.69527e-06
9.62929e-06
8.95682e-06
4.60016e-06
8.48489e-06
8.54144e-06
-2.94863e-06
1.87335e-05
9.98422e-07
1.86094e-05
4.87077e-06
1.77127e-05
8.59515e-06
1.63594e-05
1.19587e-05
1.45337e-05
1.46614e-05
1.22809e-05
1.65466e-05
9.88404e-06
1.77367e-05
7.69376e-06
1.84505e-05
5.93753e-06
1.88528e-05
4.70387e-06
1.89716e-05
4.0449e-06
1.87286e-05
4.01873e-06
1.79763e-05
4.68691e-06
1.65293e-05
6.08039e-06
1.42463e-05
8.16392e-06
1.1327e-05
1.06145e-05
7.88213e-06
1.24017e-05
3.69194e-06
1.26751e-05
1.22333e-05
-4.39031e-06
1.50696e-05
-9.09979e-07
1.51288e-05
2.33247e-06
1.44701e-05
5.31455e-06
1.33772e-05
7.93542e-06
1.19127e-05
1.00595e-05
1.01568e-05
1.16439e-05
8.29952e-06
1.27789e-05
6.55874e-06
1.35825e-05
5.13387e-06
1.41338e-05
4.15251e-06
1.44308e-05
3.74786e-06
1.43877e-05
4.06174e-06
1.38729e-05
5.20169e-06
1.27493e-05
7.20394e-06
1.09981e-05
9.91509e-06
8.67761e-06
1.2935e-05
5.84728e-06
1.5232e-05
2.6132e-06
1.59091e-05
1.48466e-05
-5.90586e-06
1.20611e-05
-2.98387e-06
1.22067e-05
-2.56634e-07
1.17428e-05
2.24039e-06
1.08801e-05
4.4584e-06
9.69463e-06
6.33003e-06
8.28511e-06
7.83309e-06
6.79641e-06
8.98944e-06
5.40233e-06
9.854e-06
4.26925e-06
1.04681e-05
3.53838e-06
1.08237e-05
3.3922e-06
1.08598e-05
4.02557e-06
1.04628e-05
5.59866e-06
9.55882e-06
8.10787e-06
8.12636e-06
1.13475e-05
6.21963e-06
1.48417e-05
3.94014e-06
1.75114e-05
1.60415e-06
1.82452e-05
1.64507e-05
-6.81793e-06
9.65571e-06
-4.40247e-06
9.79104e-06
-2.09366e-06
9.43383e-06
7.1171e-08
8.71518e-06
2.03204e-06
7.73369e-06
3.73694e-06
6.58015e-06
5.14786e-06
5.38543e-06
6.26111e-06
4.28903e-06
7.0895e-06
3.44082e-06
7.65735e-06
2.97048e-06
7.98842e-06
3.06108e-06
8.02443e-06
3.98952e-06
7.66703e-06
5.95602e-06
6.86364e-06
8.91123e-06
5.60723e-06
1.26039e-05
4.00008e-06
1.64488e-05
2.27039e-06
1.92411e-05
7.94766e-07
1.97207e-05
1.72455e-05
-7.24002e-06
7.73135e-06
-5.25579e-06
7.80667e-06
-3.3011e-06
7.47904e-06
-1.43431e-06
6.84831e-06
2.99359e-07
5.99995e-06
1.82777e-06
5.05167e-06
3.11032e-06
4.10283e-06
4.11739e-06
3.28191e-06
4.85673e-06
2.70142e-06
5.34031e-06
2.48685e-06
5.59385e-06
2.8075e-06
5.603e-06
3.98032e-06
5.25704e-06
6.30194e-06
4.50527e-06
9.66297e-06
3.37052e-06
1.37386e-05
2.05883e-06
1.77605e-05
9.34411e-07
2.03655e-05
2.43514e-07
2.04117e-05
1.7489e-05
-7.41371e-06
6.18998e-06
-5.78906e-06
6.18189e-06
-4.15203e-06
5.84192e-06
-2.55997e-06
5.25618e-06
-1.06771e-06
4.50763e-06
2.79872e-07
3.70404e-06
1.4156e-06
2.96705e-06
2.30367e-06
2.3938e-06
2.92879e-06
2.07625e-06
3.3008e-06
2.1148e-06
3.45524e-06
2.65303e-06
3.41181e-06
4.02371e-06
3.08513e-06
6.6286e-06
2.39934e-06
1.03487e-05
1.41989e-06
1.47181e-05
5.03586e-07
1.86768e-05
1.46595e-08
2.08544e-05
-6.42391e-08
2.04905e-05
1.74247e-05
-7.44971e-06
4.9585e-06
-6.1303e-06
4.86236e-06
-4.77896e-06
4.49051e-06
-3.44019e-06
3.91734e-06
-2.17205e-06
3.23943e-06
-1.02752e-06
2.55946e-06
-5.05959e-08
1.99007e-06
7.11682e-07
1.63147e-06
1.21298e-06
1.57492e-06
1.46231e-06
1.86543e-06
1.48623e-06
2.62908e-06
1.35068e-06
4.15923e-06
1.06293e-06
6.91632e-06
5.41577e-07
1.08701e-05
-1.43872e-07
1.54035e-05
-5.68042e-07
1.91009e-05
-4.98881e-07
2.07853e-05
-2.04663e-07
2.01963e-05
1.72201e-05
-7.3787e-06
3.98397e-06
-6.31487e-06
3.79844e-06
-5.20875e-06
3.38431e-06
-4.11013e-06
2.81865e-06
-3.06859e-06
2.19784e-06
-2.12136e-06
1.61218e-06
-1.32296e-06
1.19163e-06
-7.18568e-07
1.02705e-06
-3.45345e-07
1.20166e-06
-2.34324e-07
1.75438e-06
-3.60732e-07
2.75546e-06
-6.13466e-07
4.41193e-06
-8.10633e-07
7.11347e-06
-1.0113e-06
1.10707e-05
-1.25979e-06
1.5652e-05
-1.1401e-06
1.89812e-05
-6.87238e-07
2.03324e-05
-2.74835e-07
1.97839e-05
1.69452e-05
-7.20287e-06
3.22281e-06
-6.36024e-06
2.95572e-06
-5.47757e-06
2.50158e-06
-4.59808e-06
1.93911e-06
-3.763e-06
1.36271e-06
-3.02009e-06
8.69232e-07
-2.40262e-06
5.74119e-07
-1.95444e-06
5.78835e-07
-1.72483e-06
9.72026e-07
-1.75177e-06
1.78129e-06
-2.004e-06
3.00767e-06
-2.30219e-06
4.71011e-06
-2.37374e-06
7.185e-06
-2.15438e-06
1.08513e-05
-1.83281e-06
1.53304e-05
-1.31836e-06
1.84668e-05
-6.96182e-07
1.97102e-05
-3.32255e-07
1.942e-05
1.6613e-05
-6.92166e-06
2.64245e-06
-6.27259e-06
2.30656e-06
-5.59185e-06
1.82078e-06
-4.92149e-06
1.2687e-06
-4.2973e-06
7.38477e-07
-3.75053e-06
3.22429e-07
-3.31209e-06
1.35652e-07
-3.01908e-06
2.85796e-07
-2.91709e-06
8.70016e-07
-3.04862e-06
1.9128e-06
-3.37707e-06
3.33611e-06
-3.67831e-06
5.01133e-06
-3.57016e-06
7.07685e-06
-2.90295e-06
1.01841e-05
-2.04102e-06
1.44684e-05
-1.24554e-06
1.76713e-05
-6.18251e-07
1.90829e-05
-4.11994e-07
1.92137e-05
1.6201e-05
-6.53615e-06
2.2122e-06
-6.05491e-06
1.82524e-06
-5.55897e-06
1.32478e-06
-5.08427e-06
7.93967e-07
-4.65599e-06
3.10162e-07
-4.29533e-06
-3.8266e-08
-4.01788e-06
-1.41814e-07
-3.8513e-06
1.19194e-07
-3.82489e-06
8.43591e-07
-3.98531e-06
2.0732e-06
-4.31602e-06
3.66682e-06
-4.63692e-06
5.33223e-06
-4.40187e-06
6.84179e-06
-3.35318e-06
9.13545e-06
-2.0885e-06
1.32038e-05
-1.04823e-06
1.6631e-05
-4.79903e-07
1.85146e-05
-4.74324e-07
1.92082e-05
1.57267e-05
-6.04766e-06
1.905e-06
-5.71079e-06
1.4883e-06
-5.37376e-06
9.87704e-07
-5.07044e-06
4.90613e-07
-4.82104e-06
6.07342e-08
-4.62976e-06
-2.29567e-07
-4.49616e-06
-2.75436e-07
-4.4161e-06
3.91215e-08
-4.39658e-06
8.24062e-07
-4.46331e-06
2.13994e-06
-4.65001e-06
3.85352e-06
-4.89967e-06
5.58188e-06
-4.75587e-06
6.69799e-06
-3.76682e-06
8.14641e-06
-2.19928e-06
1.16362e-05
-9.02249e-07
1.5334e-05
-3.22793e-07
1.79352e-05
-4.54436e-07
1.93398e-05
1.52723e-05
-5.46381e-06
1.69364e-06
-5.2382e-06
1.26263e-06
-5.0335e-06
7.82965e-07
-4.87718e-06
3.34268e-07
-4.78125e-06
-3.52254e-08
-4.74194e-06
-2.68891e-07
-4.73404e-06
-2.83349e-07
-4.72533e-06
3.04047e-08
-4.68529e-06
7.84022e-07
-4.60293e-06
2.05758e-06
-4.52659e-06
3.77719e-06
-4.53228e-06
5.58758e-06
-4.61016e-06
6.77588e-06
-4.14047e-06
7.67673e-06
-2.59362e-06
1.00894e-05
-1.03243e-06
1.37728e-05
-2.73438e-07
1.71762e-05
-3.51498e-07
1.94179e-05
1.49207e-05
-4.7884e-06
1.54852e-06
-4.64359e-06
1.11776e-06
-4.53585e-06
6.75193e-07
-4.4926e-06
2.90997e-07
-4.52438e-06
-3.4711e-09
-4.61471e-06
-1.78565e-07
-4.72591e-06
-1.72159e-07
-4.80319e-06
1.07678e-07
-4.78422e-06
7.65047e-07
-4.61922e-06
1.89258e-06
-4.32464e-06
3.48261e-06
-4.04701e-06
5.30995e-06
-4.10577e-06
6.83465e-06
-4.14901e-06
7.71998e-06
-3.16702e-06
9.10742e-06
-1.53267e-06
1.21385e-05
-4.78203e-07
1.61217e-05
-2.04129e-07
1.91438e-05
1.47166e-05
-4.03385e-06
1.43481e-06
-3.92973e-06
1.0136e-06
-3.87482e-06
6.20257e-07
-3.90227e-06
3.1843e-07
-4.02287e-06
1.17109e-07
-4.21667e-06
1.52329e-08
-4.44227e-06
5.34345e-08
-4.62777e-06
2.9318e-07
-4.69393e-06
8.31204e-07
-4.56295e-06
1.7616e-06
-4.20733e-06
3.127e-06
-3.73605e-06
4.83868e-06
-3.47627e-06
6.57488e-06
-3.62751e-06
7.87123e-06
-3.40877e-06
8.88869e-06
-2.25954e-06
1.09893e-05
-9.22543e-07
1.47847e-05
-1.04652e-07
1.83259e-05
1.4612e-05
-3.20756e-06
1.31255e-06
-3.09731e-06
9.03308e-07
-3.0501e-06
5.73027e-07
-3.10128e-06
3.69592e-07
-3.26054e-06
2.76356e-07
-3.51636e-06
2.71049e-07
-3.82684e-06
3.63915e-07
-4.12446e-06
5.908e-07
-4.32402e-06
1.03076e-06
-4.33041e-06
1.76799e-06
-4.06946e-06
2.86606e-06
-3.56865e-06
4.33788e-06
-3.05413e-06
6.06036e-06
-2.90341e-06
7.72052e-06
-3.04137e-06
9.02666e-06
-2.65741e-06
1.06053e-05
-1.44557e-06
1.35729e-05
-1.72827e-07
1.70532e-05
1.44391e-05
-2.30918e-06
1.1294e-06
-2.15415e-06
7.4826e-07
-2.08296e-06
5.01821e-07
-2.12187e-06
4.08492e-07
-2.27337e-06
4.27856e-07
-2.52789e-06
5.25576e-07
-2.86117e-06
6.97198e-07
-3.23043e-06
9.60065e-07
-3.55625e-06
1.3566e-06
-3.74212e-06
1.95388e-06
-3.69212e-06
2.81606e-06
-3.3538e-06
3.99957e-06
-2.81864e-06
5.52521e-06
-2.38896e-06
7.29085e-06
-2.40696e-06
9.04467e-06
-2.5036e-06
1.0702e-05
-1.8347e-06
1.2904e-05
-4.48424e-07
1.56669e-05
1.39907e-05
-1.33366e-06
8.7408e-07
-1.15165e-06
5.6625e-07
-1.07205e-06
4.22214e-07
-1.09357e-06
4.30011e-07
-1.20349e-06
5.37786e-07
-1.39584e-06
7.17934e-07
-1.66432e-06
9.65693e-07
-1.99238e-06
1.28814e-06
-2.34528e-06
1.70951e-06
-2.65116e-06
2.25977e-06
-2.82574e-06
2.99066e-06
-2.77002e-06
3.94387e-06
-2.43672e-06
5.19192e-06
-1.99472e-06
6.84887e-06
-1.90688e-06
8.95685e-06
-2.18999e-06
1.09851e-05
-1.9427e-06
1.26567e-05
-8.3003e-07
1.45543e-05
1.31607e-05
-4.19756e-07
-2.88502e-07
-2.50499e-07
-2.69291e-07
-3.29884e-07
-4.28889e-07
-5.67362e-07
-7.47629e-07
-9.64133e-07
-1.20247e-06
-1.41493e-06
-1.53361e-06
-1.47998e-06
-1.29265e-06
-1.40447e-06
-1.81491e-06
-1.77061e-06
-1.02348e-06
)
;

boundaryField
{
    leftWall
    {
        type            calculated;
        value           uniform 0;
    }
    rightWall
    {
        type            calculated;
        value           uniform 0;
    }
    lowerWall
    {
        type            calculated;
        value           uniform 0;
    }
    atmosphere
    {
        type            calculated;
        value           nonuniform List<scalar> 
46
(
8.75837e-06
8.83172e-06
5.21855e-06
-2.58125e-06
-8.17218e-06
-1.05429e-05
-1.1333e-05
-1.13766e-05
-1.10542e-05
-1.05252e-05
-9.84104e-06
-9.03524e-06
-8.13173e-06
-7.14807e-06
-6.09492e-06
-4.97819e-06
-3.79721e-06
-2.55099e-06
-1.22412e-06
1.40633e-07
1.26972e-06
1.87151e-06
1.92396e-06
7.10327e-07
5.71305e-07
4.28452e-07
3.20778e-07
6.44836e-07
4.34995e-07
3.84212e-07
4.48805e-07
5.98382e-07
8.16943e-07
1.10417e-06
1.46841e-06
1.92602e-06
2.49811e-06
3.20313e-06
4.06256e-06
5.1383e-06
6.66155e-06
9.06867e-06
1.13955e-05
1.26124e-05
1.38071e-05
1.21372e-05
)
;
    }
    defaultFaces
    {
        type            empty;
        value           nonuniform List<scalar> 0();
    }
}


// ************************************************************************* //
