/*--------------------------------*- C++ -*----------------------------------*\
| =========                 |                                                 |
| \\      /  F ield         | OpenFOAM: The Open Source CFD Toolbox           |
|  \\    /   O peration     | Version:  2312                                  |
|   \\  /    A nd           | Website:  www.openfoam.com                      |
|    \\/     M anipulation  |                                                 |
\*---------------------------------------------------------------------------*/
FoamFile
{
    version     2.0;
    format      ascii;
    arch        "LSB;label=32;scalar=64";
    class       surfaceScalarField;
    location    "4.65";
    object      phi;
}
// * * * * * * * * * * * * * * * * * * * * * * * * * * * * * * * * * * * * * //

dimensions      [0 3 -1 0 0 0 0];

oriented        oriented;

internalField   nonuniform List<scalar> 
4432
(
7.49632e-07
-7.49621e-07
1.06332e-06
-3.13682e-07
1.32689e-06
-2.63568e-07
1.58768e-06
-2.60787e-07
1.85811e-06
-2.70421e-07
2.13961e-06
-2.81495e-07
2.44565e-06
-3.06036e-07
2.80224e-06
-3.56588e-07
3.22758e-06
-4.25334e-07
3.70982e-06
-4.82228e-07
4.21551e-06
-5.05675e-07
4.71308e-06
-4.97552e-07
5.17957e-06
-4.66476e-07
5.5905e-06
-4.10896e-07
5.91621e-06
-3.25678e-07
6.11106e-06
-1.94817e-07
6.10745e-06
3.66464e-09
5.82025e-06
2.87243e-07
5.17638e-06
6.4392e-07
4.15038e-06
1.02606e-06
2.83512e-06
1.3153e-06
1.32187e-06
1.5133e-06
1.32187e-06
2.23935e-07
-9.73544e-07
5.1916e-07
-6.08898e-07
7.97948e-07
-5.4235e-07
1.07864e-06
-5.41478e-07
1.36894e-06
-5.60714e-07
1.66767e-06
-5.80225e-07
1.99311e-06
-6.31479e-07
2.37579e-06
-7.39262e-07
2.83253e-06
-8.82082e-07
3.34983e-06
-9.99532e-07
3.89038e-06
-1.04623e-06
4.41993e-06
-1.0271e-06
4.91726e-06
-9.63791e-07
5.35936e-06
-8.52968e-07
5.72049e-06
-6.8677e-07
5.95585e-06
-4.30125e-07
5.99769e-06
-3.8107e-08
5.75546e-06
5.29563e-07
5.14866e-06
1.25082e-06
4.15161e-06
2.02322e-06
2.87911e-06
2.58792e-06
1.43577e-06
2.95677e-06
2.75781e-06
9.05648e-08
-1.0641e-06
3.53827e-07
-8.72155e-07
6.07131e-07
-7.95651e-07
8.65458e-07
-7.99804e-07
1.13034e-06
-8.25601e-07
1.40337e-06
-8.53253e-07
1.70768e-06
-9.35787e-07
2.07707e-06
-1.10865e-06
2.53359e-06
-1.33861e-06
3.06151e-06
-1.52745e-06
3.61397e-06
-1.59869e-06
4.15462e-06
-1.56773e-06
4.66736e-06
-1.47651e-06
5.13216e-06
-1.31775e-06
5.53376e-06
-1.08834e-06
5.82933e-06
-7.25665e-07
5.9391e-06
-1.47844e-07
5.776e-06
6.92694e-07
5.22746e-06
1.79938e-06
4.25233e-06
2.99837e-06
3.00803e-06
3.83223e-06
1.61616e-06
4.34865e-06
4.37392e-06
1.76858e-07
-1.24094e-06
4.5412e-07
-1.1494e-06
7.05451e-07
-1.04697e-06
9.28988e-07
-1.02333e-06
1.14192e-06
-1.03853e-06
1.36704e-06
-1.07836e-06
1.63574e-06
-1.20448e-06
1.97726e-06
-1.45017e-06
2.41143e-06
-1.77277e-06
2.92159e-06
-2.03761e-06
3.45353e-06
-2.13063e-06
3.96999e-06
-2.08419e-06
4.46576e-06
-1.97228e-06
4.92633e-06
-1.77831e-06
5.35573e-06
-1.51772e-06
5.72122e-06
-1.09113e-06
5.93608e-06
-3.62682e-07
5.89153e-06
7.37287e-07
5.43317e-06
2.25779e-06
4.47547e-06
3.95613e-06
3.2367e-06
5.07106e-06
1.86386e-06
5.72155e-06
6.23791e-06
3.98147e-07
-1.63909e-06
7.53149e-07
-1.5044e-06
1.04762e-06
-1.34145e-06
1.25654e-06
-1.23225e-06
1.42151e-06
-1.2035e-06
1.60585e-06
-1.2627e-06
1.84519e-06
-1.44382e-06
2.1477e-06
-1.75267e-06
2.52662e-06
-2.15169e-06
2.98954e-06
-2.50051e-06
3.46716e-06
-2.60823e-06
3.91059e-06
-2.5276e-06
4.33861e-06
-2.40029e-06
4.74605e-06
-2.18575e-06
5.16825e-06
-1.93991e-06
5.57213e-06
-1.49501e-06
5.88386e-06
-6.7441e-07
5.9894e-06
6.31753e-07
5.6534e-06
2.59379e-06
4.74333e-06
4.86621e-06
3.46485e-06
6.34955e-06
2.10351e-06
7.08291e-06
8.34139e-06
6.52076e-07
-2.29105e-06
1.1596e-06
-2.01185e-06
1.49467e-06
-1.67645e-06
1.69059e-06
-1.42812e-06
1.85342e-06
-1.36627e-06
2.09689e-06
-1.5061e-06
2.43564e-06
-1.78251e-06
2.80932e-06
-2.12629e-06
3.19157e-06
-2.53385e-06
3.56035e-06
-2.86922e-06
3.95555e-06
-3.00335e-06
4.28769e-06
-2.85967e-06
4.53594e-06
-2.6485e-06
4.74107e-06
-2.39084e-06
4.98652e-06
-2.18534e-06
5.33596e-06
-1.84443e-06
5.67354e-06
-1.01197e-06
5.89368e-06
4.11633e-07
5.67544e-06
2.81206e-06
5.01466e-06
5.52702e-06
3.7809e-06
7.58334e-06
2.14572e-06
8.71812e-06
1.04872e-05
6.20073e-07
-2.91102e-06
1.41248e-06
-2.80411e-06
1.81182e-06
-2.07566e-06
2.13177e-06
-1.74795e-06
2.71844e-06
-1.95282e-06
3.52673e-06
-2.31427e-06
4.14506e-06
-2.40072e-06
4.19245e-06
-2.17354e-06
3.65965e-06
-2.00091e-06
2.84102e-06
-2.05044e-06
2.77719e-06
-2.93939e-06
3.29768e-06
-3.38005e-06
3.95827e-06
-3.30899e-06
4.62996e-06
-3.06243e-06
5.19608e-06
-2.75137e-06
5.636e-06
-2.28425e-06
6.01565e-06
-1.39152e-06
5.91301e-06
5.1435e-07
5.53554e-06
3.18959e-06
5.00346e-06
6.05916e-06
3.95257e-06
8.6343e-06
2.00991e-06
1.06609e-05
1.24971e-05
7.73769e-07
-3.68466e-06
1.80183e-06
-3.83208e-06
2.35521e-06
-2.62897e-06
2.41905e-06
-1.81172e-06
2.32701e-06
-1.86073e-06
2.42941e-06
-2.41661e-06
2.65752e-06
-2.62875e-06
2.82983e-06
-2.34578e-06
2.58975e-06
-1.76075e-06
2.11584e-06
-1.57645e-06
1.51428e-06
-2.33774e-06
1.07833e-06
-2.944e-06
7.92769e-07
-3.02334e-06
6.57361e-07
-2.92693e-06
4.40147e-07
-2.53405e-06
-1.84198e-07
-1.65979e-06
1.04068e-07
-1.67969e-06
1.03778e-06
-4.19284e-07
2.32467e-06
1.90275e-06
3.15311e-06
5.23076e-06
2.88951e-06
8.89793e-06
1.57427e-06
1.19761e-05
1.40714e-05
-2.66473e-07
2.665e-07
1.85827e-06
-2.12473e-06
3.78994e-06
-1.93166e-06
4.65956e-06
-8.69618e-07
5.14365e-06
-4.84097e-07
5.16094e-06
-1.72955e-08
4.33041e-06
8.3053e-07
2.84069e-06
1.48972e-06
7.64895e-07
2.07579e-06
-1.20711e-06
1.972e-06
-2.23967e-06
1.03256e-06
-2.71172e-06
4.72055e-07
-2.85614e-06
1.44433e-07
-2.51363e-06
-3.42504e-07
-1.92325e-06
-5.90376e-07
-1.28732e-06
-6.35922e-07
-7.97987e-07
-4.89324e-07
-3.75018e-07
-4.22958e-07
-3.75009e-07
1.03598e-06
-7.69447e-07
2.70526e-06
-3.79399e-06
4.49829e-06
-3.72469e-06
5.57436e-06
-1.94567e-06
6.03203e-06
-9.41762e-07
5.84479e-06
1.6995e-07
5.03196e-06
1.64337e-06
3.6619e-06
2.85978e-06
1.39264e-06
4.34506e-06
-6.94635e-07
4.05929e-06
-2.01664e-06
2.35458e-06
-2.86053e-06
1.31597e-06
-3.10928e-06
3.93191e-07
-3.00588e-06
-4.45879e-07
-2.63277e-06
-9.63474e-07
-2.04785e-06
-1.22083e-06
-1.34311e-06
-1.19405e-06
-6.57067e-07
-1.10898e-06
-1.03206e-06
2.15176e-06
-2.92119e-06
2.83468e-06
-4.4769e-06
3.79259e-06
-4.68259e-06
5.24281e-06
-3.3959e-06
6.22693e-06
-1.9259e-06
6.24269e-06
1.54172e-07
5.63256e-06
2.25348e-06
5.20323e-06
3.28908e-06
4.0245e-06
5.52378e-06
1.97012e-06
6.11366e-06
-5.57992e-07
4.88268e-06
-2.43723e-06
3.19521e-06
-3.16404e-06
1.12001e-06
-3.69812e-06
8.82463e-08
-3.64661e-06
-1.01493e-06
-2.94594e-06
-1.92143e-06
-1.83341e-06
-2.30651e-06
-7.86176e-07
-2.15614e-06
-1.81816e-06
2.12114e-06
-5.0422e-06
2.28228e-06
-4.63792e-06
1.84324e-06
-4.24344e-06
3.2627e-06
-4.81527e-06
5.39855e-06
-4.06168e-06
7.15462e-06
-1.60184e-06
7.81834e-06
1.58981e-06
6.80444e-06
4.30302e-06
9.47389e-06
2.85439e-06
1.30777e-05
2.50986e-06
1.47008e-05
3.25965e-06
1.51212e-05
2.77488e-06
1.20962e-05
4.14503e-06
3.06259e-06
9.12201e-06
-1.65773e-06
3.70551e-06
-4.10014e-09
-3.57494e-06
2.61651e-06
-4.92702e-06
3.58617e-06
-3.12569e-06
1.76808e-06
1.14391e-06
-6.18604e-06
1.31163e-06
-4.80561e-06
-1.27812e-06
-1.6537e-06
-1.85952e-06
-4.23393e-06
-7.07568e-07
-5.21369e-06
-1.57596e-06
-7.33514e-07
-1.79591e-06
1.80969e-06
-2.2442e-07
2.73147e-06
6.20266e-06
-3.57273e-06
1.4858e-05
-6.14551e-06
1.89832e-05
-8.65504e-07
1.95146e-05
2.24347e-06
1.57156e-05
7.94409e-06
1.00188e-05
1.48188e-05
6.32261e-06
7.40181e-06
6.62137e-06
-3.87361e-06
8.09502e-06
-6.40058e-06
7.06108e-06
-2.09166e-06
8.82926e-06
-3.35892e-06
-2.82684e-06
-3.02444e-06
-5.13989e-06
-1.69908e-06
-2.97892e-06
1.43559e-06
-7.36847e-06
3.77137e-06
-7.54937e-06
1.87043e-06
1.16752e-06
-2.10161e-06
5.78181e-06
-8.70158e-07
1.50011e-06
2.70722e-06
-7.15004e-06
8.54426e-06
-1.19825e-05
1.38278e-05
-6.14891e-06
1.61968e-05
-1.25537e-07
1.53724e-05
8.76866e-06
1.39118e-05
1.62794e-05
1.15129e-05
9.80077e-06
9.67295e-06
-2.03356e-06
9.11287e-06
-5.84044e-06
6.87869e-06
1.42602e-07
1.5708e-05
-1.29926e-07
-2.69673e-06
-5.39874e-08
-5.21565e-06
1.97556e-06
-5.00831e-06
4.26803e-06
-9.66083e-06
5.61588e-06
-8.89711e-06
4.69245e-06
2.09105e-06
1.90968e-06
8.56468e-06
1.76234e-06
1.64754e-06
2.2898e-06
-7.67743e-06
3.00806e-06
-1.27007e-05
7.63959e-06
-1.07804e-05
1.25361e-05
-5.02204e-06
1.36817e-05
7.62311e-06
1.47068e-05
1.52545e-05
1.33135e-05
1.11941e-05
1.06827e-05
5.97287e-07
8.60847e-06
-3.76614e-06
5.83314e-06
2.91799e-06
2.15412e-05
3.25649e-06
-5.95314e-06
4.30348e-06
-6.26256e-06
5.58751e-06
-6.29229e-06
6.52767e-06
-1.06009e-05
6.45739e-06
-8.8268e-06
4.9697e-06
3.57878e-06
4.4105e-06
9.1239e-06
4.75034e-06
1.30773e-06
4.22076e-06
-7.14782e-06
1.47373e-06
-9.95362e-06
2.75968e-06
-1.20663e-05
8.40696e-06
-1.06693e-05
1.14737e-05
4.55641e-06
1.35838e-05
1.31444e-05
1.32197e-05
1.15583e-05
1.02526e-05
3.56444e-06
6.97543e-06
-4.88959e-07
4.04566e-06
5.8478e-06
2.55869e-05
1.64251e-07
-3.84887e-06
9.39868e-07
-4.60765e-06
1.25441e-06
-2.94347e-06
8.06753e-07
-1.36402e-06
1.52121e-08
-1.06913e-06
-5.37107e-07
-1.86424e-06
-1.19715e-06
-1.96865e-06
-1.66711e-06
-1.87575e-06
-1.48805e-06
-1.93972e-06
-7.24551e-07
-2.33986e-06
-5.48215e-07
-2.51397e-06
-1.5275e-06
-1.96461e-06
-3.06825e-06
-1.48248e-06
-4.19195e-06
-1.80312e-06
-4.5868e-06
-2.1391e-06
-5.0704e-06
-1.17609e-06
-6.50447e-06
-2.45517e-07
-6.41897e-06
-5.04679e-07
-5.09899e-06
5.82871e-07
-3.14701e-06
3.27884e-06
-8.0983e-07
6.56071e-06
4.01497e-06
7.15134e-06
4.0926e-06
1.39937e-05
-9.90789e-07
-2.85803e-06
-2.7423e-06
-2.85611e-06
-3.99887e-06
-1.68687e-06
-4.50366e-06
-8.59194e-07
-4.85533e-06
-7.17438e-07
-5.33317e-06
-1.38636e-06
-6.27799e-06
-1.02379e-06
-6.70194e-06
-1.45174e-06
-5.81906e-06
-2.82255e-06
-3.9825e-06
-4.17635e-06
-2.84337e-06
-3.65302e-06
-3.07129e-06
-1.7366e-06
-4.08162e-06
-4.7205e-07
-4.685e-06
-1.19964e-06
-4.23496e-06
-2.58903e-06
-4.52908e-06
-8.8187e-07
-5.82062e-06
1.04612e-06
-6.91014e-06
5.84927e-07
-7.35022e-06
1.02304e-06
-6.85126e-06
2.77996e-06
-3.93016e-06
3.63968e-06
1.537e-06
1.68412e-06
-2.32658e-06
7.95626e-06
-3.63261e-07
-2.49481e-06
-1.53123e-06
-1.68816e-06
-1.85022e-06
-1.36789e-06
-4.35894e-06
1.64953e-06
-6.64595e-06
1.56957e-06
-9.02713e-06
9.9483e-07
-1.22701e-05
2.21916e-06
-1.52445e-05
1.52275e-06
-1.66188e-05
-1.4482e-06
-1.64493e-05
-4.34583e-06
-1.60399e-05
-4.06237e-06
-1.57075e-05
-2.06891e-06
-1.55411e-05
-6.38307e-07
-1.57023e-05
-1.03835e-06
-1.63176e-05
-1.97365e-06
-1.67445e-05
-4.5485e-07
-1.68792e-05
1.18092e-06
-1.73409e-05
1.0467e-06
-1.70147e-05
6.96939e-07
-1.57315e-05
1.49672e-06
-1.39247e-05
1.83292e-06
-1.07719e-05
-1.46851e-06
-7.29923e-06
-5.79918e-06
-4.59488e-07
-2.03539e-06
-7.51397e-07
-1.39633e-06
-2.98568e-06
8.66316e-07
-8.66678e-06
7.33056e-06
-1.50429e-05
7.9456e-06
-2.08938e-05
6.84576e-06
-2.68951e-05
8.22036e-06
-3.28604e-05
7.48805e-06
-3.82807e-05
3.9722e-06
-4.30757e-05
4.49241e-07
-4.70573e-05
-8.06902e-08
-4.9419e-05
2.92816e-07
-4.98171e-05
-2.4006e-07
-4.89632e-05
-1.89222e-06
-4.71846e-05
-3.75216e-06
-4.39534e-05
-3.68597e-06
-4.01976e-05
-2.57477e-06
-3.7276e-05
-1.87489e-06
-3.42492e-05
-2.32979e-06
-3.02402e-05
-2.51225e-06
-2.58669e-05
-2.54034e-06
-2.20286e-05
-5.30688e-06
-1.03774e-05
-1.89503e-05
-8.16321e-06
6.12762e-06
-1.5425e-05
5.86527e-06
-2.39231e-05
9.36427e-06
-3.16889e-05
1.50962e-05
-3.992e-05
1.61767e-05
-4.79688e-05
1.48944e-05
-5.45335e-05
1.47851e-05
-6.05282e-05
1.34827e-05
-6.64186e-05
9.86258e-06
-7.11357e-05
5.16639e-06
-7.33352e-05
2.11893e-06
-7.2966e-05
-7.63148e-08
-7.10091e-05
-2.19689e-06
-6.84934e-05
-4.40791e-06
-6.61636e-05
-6.08195e-06
-6.31556e-05
-6.69389e-06
-5.91415e-05
-6.5889e-06
-5.42984e-05
-6.71797e-06
-4.92907e-05
-7.33755e-06
-4.3035e-05
-8.76801e-06
-3.55579e-05
-1.00174e-05
-2.97719e-05
-1.10929e-05
-1.31344e-05
-2.7015e-05
-9.99031e-06
1.61177e-05
-2.0554e-05
1.64287e-05
-3.06849e-05
1.9495e-05
-3.86863e-05
2.30974e-05
-4.64e-05
2.38903e-05
-5.46623e-05
2.31567e-05
-6.16685e-05
2.17913e-05
-6.70641e-05
1.88783e-05
-7.14481e-05
1.42466e-05
-7.51799e-05
8.89829e-06
-7.72011e-05
4.14018e-06
-7.72576e-05
-1.98496e-08
-7.5987e-05
-3.46744e-06
-7.38835e-05
-6.51139e-06
-7.11203e-05
-8.84516e-06
-6.75723e-05
-1.02419e-05
-6.3244e-05
-1.09172e-05
-5.84683e-05
-1.14938e-05
-5.34792e-05
-1.23267e-05
-4.82682e-05
-1.3979e-05
-4.24938e-05
-1.5792e-05
-3.54175e-05
-1.81693e-05
-1.99536e-05
-2.85984e-05
-1.01643e-05
2.62817e-05
-2.03909e-05
2.66552e-05
-2.95987e-05
2.87027e-05
-3.74941e-05
3.09927e-05
-4.5766e-05
3.21621e-05
-5.47101e-05
3.21008e-05
-6.28741e-05
2.99554e-05
-6.92176e-05
2.52219e-05
-7.39084e-05
1.89375e-05
-7.71126e-05
1.21025e-05
-7.82681e-05
5.29574e-06
-7.7538e-05
-7.49963e-07
-7.57255e-05
-5.27987e-06
-7.28662e-05
-9.37066e-06
-6.91771e-05
-1.25343e-05
-6.47479e-05
-1.4671e-05
-5.98203e-05
-1.58449e-05
-5.47159e-05
-1.65982e-05
-4.94548e-05
-1.75878e-05
-4.47588e-05
-1.86751e-05
-4.09871e-05
-1.95637e-05
-3.71683e-05
-2.1988e-05
-2.32717e-05
-3.38501e-05
-1.0052e-05
3.63337e-05
-1.98781e-05
3.64812e-05
-2.88333e-05
3.76579e-05
-3.71576e-05
3.93171e-05
-4.6949e-05
4.19537e-05
-5.83338e-05
4.34856e-05
-6.87425e-05
4.0364e-05
-7.67244e-05
3.32037e-05
-8.23684e-05
2.45814e-05
-8.4915e-05
1.4649e-05
-8.48105e-05
5.19147e-06
-8.24794e-05
-3.08072e-06
-7.81932e-05
-9.56572e-06
-7.36658e-05
-1.38976e-05
-6.86539e-05
-1.7546e-05
-6.3244e-05
-2.00806e-05
-5.7729e-05
-2.13596e-05
-5.20693e-05
-2.22575e-05
-4.62562e-05
-2.34006e-05
-4.06331e-05
-2.42979e-05
-3.75313e-05
-2.2665e-05
-3.63653e-05
-2.31535e-05
-2.37989e-05
-3.58375e-05
-9.15112e-06
4.54848e-05
-1.73634e-05
4.46937e-05
-2.36549e-05
4.39496e-05
-2.86491e-05
4.43115e-05
-3.56036e-05
4.89081e-05
-4.74609e-05
5.5343e-05
-5.75144e-05
5.04177e-05
-6.60771e-05
4.17666e-05
-8.10477e-05
3.95522e-05
-9.87393e-05
3.23413e-05
-0.000105791
1.22427e-05
-0.000100586
-8.28233e-06
-9.05496e-05
-1.95968e-05
-8.22767e-05
-2.21629e-05
-7.43096e-05
-2.55039e-05
-6.66471e-05
-2.77325e-05
-6.0197e-05
-2.77966e-05
-5.4412e-05
-2.80325e-05
-4.90249e-05
-2.8783e-05
-4.17764e-05
-3.15438e-05
-3.72729e-05
-2.71671e-05
-3.43654e-05
-2.60595e-05
-2.72256e-05
-3.09377e-05
-6.4356e-06
5.19209e-05
-1.15167e-05
4.97751e-05
-1.22305e-05
4.46638e-05
-9.47339e-06
4.15551e-05
-7.77439e-06
4.72097e-05
-2.61266e-06
5.01799e-05
1.1859e-05
3.59461e-05
5.89812e-06
4.77279e-05
-1.98731e-05
6.53205e-05
-2.74432e-05
3.99124e-05
-3.7558e-05
2.23591e-05
-4.89183e-05
3.0788e-06
-5.76657e-05
-1.08488e-05
-5.69016e-05
-2.29271e-05
-5.50143e-05
-2.73916e-05
-6.45546e-05
-1.81929e-05
-8.35945e-05
-8.75755e-06
-9.13072e-05
-2.03204e-05
-8.06595e-05
-3.94305e-05
-6.23964e-05
-4.98061e-05
-3.88551e-05
-5.07077e-05
-2.47386e-05
-4.01759e-05
-4.61428e-05
-5.82059e-06
-1.07401e-06
5.29954e-05
2.75552e-07
4.84262e-05
6.5079e-06
3.8431e-05
7.66965e-06
4.03912e-05
1.36843e-05
4.1193e-05
3.56774e-05
2.81875e-05
4.84618e-05
2.31638e-05
3.70517e-05
5.91398e-05
4.40902e-05
5.82845e-05
4.28626e-05
4.11418e-05
4.06639e-05
2.45598e-05
3.48191e-05
8.92255e-06
3.07256e-05
-6.75934e-06
2.50005e-05
-1.72086e-05
1.91999e-05
-2.15996e-05
2.05029e-05
-1.9506e-05
2.86628e-05
-1.69301e-05
2.89516e-05
-2.06187e-05
1.84378e-05
-2.89204e-05
3.54417e-06
-3.49139e-05
-1.00025e-05
-3.71611e-05
-1.48487e-05
-3.53294e-05
-3.68174e-05
-2.4174e-05
1.4368e-07
5.28409e-05
5.95992e-06
4.26011e-05
2.01044e-05
2.42823e-05
2.89755e-05
3.15203e-05
3.61669e-05
3.40035e-05
4.32558e-05
2.11014e-05
3.89843e-05
2.74364e-05
3.41284e-05
6.39977e-05
4.30903e-05
4.93296e-05
4.345e-05
4.07847e-05
4.36185e-05
2.43921e-05
4.57023e-05
6.83964e-06
4.44695e-05
-5.52575e-06
4.04158e-05
-1.31539e-05
3.63132e-05
-1.74958e-05
3.5941e-05
-1.91325e-05
3.79559e-05
-1.89436e-05
3.72977e-05
-1.99592e-05
3.18904e-05
-2.35122e-05
2.54279e-05
-2.845e-05
1.91372e-05
-3.08693e-05
1.39642e-05
-3.01559e-05
-2.84944e-05
5.64232e-06
2.16043e-05
3.12353e-05
3.51281e-05
2.90783e-05
3.29919e-05
2.64214e-05
3.15279e-05
3.29881e-05
3.31528e-05
3.23817e-05
2.2866e-05
3.13882e-05
1.48165e-05
3.54849e-05
2.42204e-05
5.45936e-05
2.89295e-05
4.46209e-05
3.69052e-05
3.28089e-05
4.23848e-05
1.89126e-05
4.36372e-05
5.58756e-06
4.20475e-05
-3.93527e-06
3.9143e-05
-1.02483e-05
3.64496e-05
-1.48011e-05
3.50896e-05
-1.7771e-05
3.47085e-05
-1.85611e-05
3.31192e-05
-1.83685e-05
2.9442e-05
-1.98335e-05
2.60034e-05
-2.501e-05
2.33849e-05
-2.825e-05
2.08832e-05
-2.76529e-05
-2.45759e-05
1.6965e-05
2.1472e-05
9.77702e-06
2.37072e-05
2.68539e-05
1.37483e-05
3.63849e-05
8.11112e-06
3.86265e-05
7.95011e-06
3.25433e-05
8.25799e-06
3.10805e-05
8.17011e-06
3.55723e-05
2.01077e-05
4.26557e-05
2.92006e-05
3.55275e-05
3.63033e-05
2.57057e-05
4.01738e-05
1.50419e-05
4.06777e-05
5.08376e-06
3.91455e-05
-2.40258e-06
3.6758e-05
-7.86011e-06
3.40336e-05
-1.20757e-05
3.13644e-05
-1.51006e-05
2.91705e-05
-1.6366e-05
2.67452e-05
-1.5942e-05
2.44915e-05
-1.75788e-05
2.2606e-05
-2.31235e-05
2.10906e-05
-2.67338e-05
1.86971e-05
-2.52592e-05
-2.01834e-05
1.43049e-05
-5.78452e-06
1.5563e-05
-4.59147e-06
2.56619e-05
8.1963e-07
3.09744e-05
5.816e-06
3.36305e-05
7.73875e-06
3.06205e-05
8.97021e-06
2.9849e-05
1.25015e-05
3.20409e-05
2.14665e-05
3.36903e-05
2.92046e-05
2.77889e-05
3.47208e-05
2.01892e-05
3.74796e-05
1.2283e-05
3.75221e-05
5.04151e-06
3.6042e-05
-9.22053e-07
3.38543e-05
-5.67187e-06
3.11103e-05
-9.33088e-06
2.79907e-05
-1.19802e-05
2.50371e-05
-1.34115e-05
2.27693e-05
-1.36734e-05
2.11893e-05
-1.5998e-05
1.89312e-05
-2.08647e-05
1.67264e-05
-2.45285e-05
1.33358e-05
-2.18682e-05
-1.47524e-05
7.90489e-06
-4.02317e-06
1.95859e-05
-1.26452e-06
2.29035e-05
3.72598e-06
2.59839e-05
7.94366e-06
2.94126e-05
9.84345e-06
2.87206e-05
1.15468e-05
2.81456e-05
1.54469e-05
2.81409e-05
2.22501e-05
2.68871e-05
2.78709e-05
2.21681e-05
3.16471e-05
1.64131e-05
3.33918e-05
1.05385e-05
3.34264e-05
5.00728e-06
3.23541e-05
1.50709e-07
3.05387e-05
-3.85591e-06
2.82154e-05
-7.00689e-06
2.55291e-05
-9.29315e-06
2.28648e-05
-1.07465e-05
2.10534e-05
-1.18613e-05
1.9079e-05
-1.4023e-05
1.6116e-05
-1.79012e-05
1.25616e-05
-2.09738e-05
8.05533e-06
-1.73618e-05
-7.76278e-06
1.06563e-06
-3.26505e-07
1.99114e-05
1.27858e-06
2.12976e-05
3.96361e-06
2.32983e-05
7.31122e-06
2.60647e-05
9.97848e-06
2.60532e-05
1.28032e-05
2.5321e-05
1.66743e-05
2.427e-05
2.14657e-05
2.2096e-05
2.53244e-05
1.83097e-05
2.7843e-05
1.38949e-05
2.90103e-05
9.37177e-06
2.9011e-05
5.00717e-06
2.8164e-05
9.98292e-07
2.67154e-05
-2.40668e-06
2.48919e-05
-5.18272e-06
2.29065e-05
-7.30705e-06
2.10699e-05
-8.90919e-06
1.95138e-05
-1.03046e-05
1.75517e-05
-1.20604e-05
1.42957e-05
-1.46447e-05
1.03337e-05
-1.70116e-05
6.67552e-06
-1.37033e-05
-3.82342e-06
2.73608e-06
6.1426e-07
1.92971e-05
1.88236e-06
2.00294e-05
3.87955e-06
2.1301e-05
6.79729e-06
2.31469e-05
9.66616e-06
2.31846e-05
1.26302e-05
2.23573e-05
1.59555e-05
2.09451e-05
1.93516e-05
1.87004e-05
2.20576e-05
1.56043e-05
2.38464e-05
1.21067e-05
2.47242e-05
8.49471e-06
2.47874e-05
4.94465e-06
2.41976e-05
1.58885e-06
2.31287e-05
-1.337e-06
2.17794e-05
-3.83274e-06
2.03414e-05
-5.86831e-06
1.89679e-05
-7.53502e-06
1.76585e-05
-8.99463e-06
1.60226e-05
-1.04241e-05
1.3409e-05
-1.20307e-05
9.90397e-06
-1.35061e-05
7.31858e-06
-1.11178e-05
-2.84385e-06
6.33901e-06
9.3785e-07
1.83592e-05
2.02867e-06
1.89388e-05
3.61715e-06
1.97129e-05
6.05893e-06
2.07056e-05
8.6772e-06
2.05668e-05
1.13498e-05
1.96853e-05
1.40806e-05
1.8215e-05
1.66497e-05
1.6132e-05
1.8715e-05
1.35397e-05
2.01505e-05
1.0672e-05
2.09471e-05
7.69889e-06
2.11436e-05
4.74903e-06
2.08044e-05
1.92884e-06
2.00803e-05
-6.12079e-07
1.90945e-05
-2.84615e-06
1.79838e-05
-4.7568e-06
1.68464e-05
-6.39692e-06
1.56843e-05
-7.83198e-06
1.43591e-05
-9.09839e-06
1.2507e-05
-1.0178e-05
9.86285e-06
-1.08616e-05
8.07144e-06
-9.32585e-06
-3.20823e-06
8.43574e-06
9.38261e-07
1.74221e-05
1.88648e-06
1.79915e-05
3.1979e-06
1.84022e-05
5.15635e-06
1.87478e-05
7.35879e-06
1.8365e-05
9.64056e-06
1.74042e-05
1.19085e-05
1.59477e-05
1.39936e-05
1.40477e-05
1.57174e-05
1.18167e-05
1.69954e-05
9.3948e-06
1.77973e-05
6.89783e-06
1.81278e-05
4.41938e-06
1.80115e-05
2.04602e-06
1.75491e-05
-1.48809e-07
1.68229e-05
-2.11914e-06
1.59227e-05
-3.85582e-06
1.49172e-05
-5.39072e-06
1.38319e-05
-6.74608e-06
1.26432e-05
-7.90907e-06
1.12623e-05
-8.7965e-06
9.5479e-06
-9.14651e-06
8.33761e-06
-8.11544e-06
-3.94905e-06
9.07864e-06
7.60274e-07
1.66626e-05
1.5433e-06
1.72094e-05
2.63226e-06
1.73142e-05
4.19396e-06
1.71869e-05
6.00505e-06
1.65547e-05
7.92771e-06
1.54822e-05
9.84692e-06
1.40293e-05
1.16284e-05
1.2267e-05
1.31528e-05
1.02931e-05
1.43429e-05
8.2055e-06
1.51581e-05
6.08353e-06
1.55837e-05
3.99457e-06
1.56361e-05
1.99447e-06
1.53658e-05
1.22353e-07
1.48347e-05
-1.5872e-06
1.41076e-05
-3.12795e-06
1.32321e-05
-4.51447e-06
1.22385e-05
-5.75178e-06
1.1148e-05
-6.81803e-06
9.98339e-06
-7.63121e-06
8.8269e-06
-7.98959e-06
8.11279e-06
-7.40046e-06
-4.7822e-06
8.94587e-06
5.21322e-07
1.61428e-05
1.10903e-06
1.66228e-05
1.98434e-06
1.64398e-05
3.22536e-06
1.59468e-05
4.71063e-06
1.50702e-05
6.33378e-06
1.38598e-05
7.98812e-06
1.23757e-05
9.55967e-06
1.06962e-05
1.09463e-05
8.90728e-06
1.2071e-05
7.08161e-06
1.28833e-05
5.27212e-06
1.33633e-05
3.51539e-06
1.35201e-05
1.83846e-06
1.33875e-05
2.55801e-07
1.30096e-05
-1.20845e-06
1.24347e-05
-2.55232e-06
1.16984e-05
-3.77737e-06
1.08292e-05
-4.88201e-06
9.85755e-06
-5.84571e-06
8.83976e-06
-6.61278e-06
7.89805e-06
-7.04705e-06
7.38439e-06
-6.88674e-06
-5.50661e-06
8.10939e-06
2.74218e-07
1.58692e-05
6.41561e-07
1.62564e-05
1.29773e-06
1.57845e-05
2.27011e-06
1.49752e-05
3.48702e-06
1.3854e-05
4.86998e-06
1.24776e-05
6.32453e-06
1.09218e-05
7.7455e-06
9.27598e-06
9.03266e-06
7.62089e-06
1.01045e-05
6.0106e-06
1.09068e-05
4.47062e-06
1.14163e-05
3.00666e-06
1.16375e-05
1.61808e-06
1.15955e-05
2.98662e-07
1.13308e-05
-9.42945e-07
1.08792e-05
-2.09998e-06
1.02716e-05
-3.16904e-06
9.53483e-06
-4.14462e-06
8.7015e-06
-5.01177e-06
7.81613e-06
-5.72674e-06
6.99006e-06
-6.22049e-06
6.46014e-06
-6.35561e-06
-5.8176e-06
6.77118e-06
2.84208e-08
1.58421e-05
1.67189e-07
1.61186e-05
6.08275e-07
1.53443e-05
1.34628e-06
1.4238e-05
2.34502e-06
1.2856e-05
3.54322e-06
1.12802e-05
4.85379e-06
9.61201e-06
6.17087e-06
7.95965e-06
7.38945e-06
6.40306e-06
8.42357e-06
4.97726e-06
9.21569e-06
3.67929e-06
9.74078e-06
2.48237e-06
1.00009e-05
1.35877e-06
1.00197e-05
2.80587e-07
9.83021e-06
-7.52653e-07
9.46836e-06
-1.73741e-06
8.96347e-06
-2.66348e-06
8.34374e-06
-3.52427e-06
7.63588e-06
-4.30335e-06
6.88571e-06
-4.97594e-06
6.1673e-06
-5.50125e-06
5.61096e-06
-5.7996e-06
-5.72854e-06
5.5224e-06
-2.03502e-07
1.60461e-05
-2.68087e-07
1.61839e-05
-4.95608e-08
1.51265e-05
4.83577e-07
1.37056e-05
1.30836e-06
1.20319e-05
2.3709e-06
1.02183e-05
3.58268e-06
8.40095e-06
4.82995e-06
6.7131e-06
6.00195e-06
5.23181e-06
7.00842e-06
3.97155e-06
7.79148e-06
2.89699e-06
8.32465e-06
1.94997e-06
8.60921e-06
1.07498e-06
8.66707e-06
2.23469e-07
8.52503e-06
-6.09897e-07
8.22384e-06
-1.43554e-06
7.79249e-06
-2.2315e-06
7.26039e-06
-2.99161e-06
6.65685e-06
-3.69931e-06
6.01902e-06
-4.33755e-06
5.4003e-06
-4.88242e-06
4.88249e-06
-5.2806e-06
-5.44918e-06
4.60272e-06
-4.26839e-07
1.6474e-05
-6.96695e-07
1.64545e-05
-6.59507e-07
1.509e-05
-2.88525e-07
1.33353e-05
3.95403e-07
1.13487e-05
1.36146e-06
9.25295e-06
2.50469e-06
7.25842e-06
3.70041e-06
5.5181e-06
4.83403e-06
4.09891e-06
5.8161e-06
2.99021e-06
6.58982e-06
2.12402e-06
7.12837e-06
1.41214e-06
7.42989e-06
7.74179e-07
7.51155e-06
1.42503e-07
7.40466e-06
-5.02332e-07
7.14355e-06
-1.17381e-06
6.76302e-06
-1.85039e-06
6.29273e-06
-2.52082e-06
5.76164e-06
-3.16778e-06
5.20365e-06
-3.77914e-06
4.6613e-06
-4.33936e-06
4.18917e-06
-4.80912e-06
-5.11546e-06
3.85598e-06
-6.24812e-07
1.7099e-05
-1.08235e-06
1.69126e-05
-1.19773e-06
1.5206e-05
-9.6076e-07
1.30989e-05
-3.75947e-07
1.07645e-05
5.07548e-07
8.37012e-06
1.59526e-06
6.17139e-06
2.73955e-06
4.3745e-06
3.83251e-06
3.00665e-06
4.78687e-06
2.03655e-06
5.54983e-06
1.36175e-06
6.09292e-06
8.69736e-07
6.41266e-06
4.55107e-07
6.51785e-06
3.79617e-08
6.43861e-06
-4.22481e-07
6.20859e-06
-9.43226e-07
5.86423e-06
-1.50552e-06
5.43579e-06
-2.09195e-06
4.95378e-06
-2.68539e-06
4.44631e-06
-3.27131e-06
3.94916e-06
-3.84216e-06
3.50459e-06
-4.36323e-06
-4.76301e-06
3.15178e-06
-8.0437e-07
1.79043e-05
-1.42154e-06
1.75305e-05
-1.67736e-06
1.54625e-05
-1.548e-06
1.29702e-05
-1.04298e-06
1.02601e-05
-2.16529e-07
7.54431e-06
8.14916e-07
5.1406e-06
1.89736e-06
3.29273e-06
2.93878e-06
1.9659e-06
3.86269e-06
1.1133e-06
4.61272e-06
6.12368e-07
5.16312e-06
3.19969e-07
5.50425e-06
1.14585e-07
5.63882e-06
-9.60275e-08
5.59155e-06
-3.74659e-07
5.39031e-06
-7.4149e-07
5.07504e-06
-1.1898e-06
4.67883e-06
-1.69537e-06
4.22834e-06
-2.23462e-06
3.75246e-06
-2.79508e-06
3.28019e-06
-3.36926e-06
2.84462e-06
-3.92869e-06
-4.39565e-06
2.47757e-06
-9.6215e-07
1.88666e-05
-1.72402e-06
1.82928e-05
-2.10444e-06
1.58434e-05
-2.0657e-06
1.2932e-05
-1.61047e-06
9.8055e-06
-8.16537e-07
6.75098e-06
1.38175e-07
4.18651e-06
1.13283e-06
2.2987e-06
2.11079e-06
9.88553e-07
2.99439e-06
2.30301e-07
3.7293e-06
-1.21954e-07
4.289e-06
-2.39168e-07
4.65894e-06
-2.54816e-07
4.8352e-06
-2.71778e-07
4.82572e-06
-3.64711e-07
4.65985e-06
-5.75189e-07
4.37435e-06
-9.03938e-07
4.00457e-06
-1.32529e-06
3.5799e-06
-1.80968e-06
3.12425e-06
-2.33916e-06
2.6631e-06
-2.9084e-06
2.22656e-06
-3.49089e-06
-4.01319e-06
1.84337e-06
-1.09774e-06
1.99652e-05
-1.98869e-06
1.91842e-05
-2.48439e-06
1.63396e-05
-2.52945e-06
1.29776e-05
-2.10557e-06
9.38215e-06
-1.33524e-06
5.9812e-06
-4.70039e-07
3.32188e-06
4.18495e-07
1.41072e-06
1.32688e-06
8.07173e-08
2.15866e-06
-6.00945e-07
2.86818e-06
-8.30966e-07
3.4345e-06
-8.05009e-07
3.83888e-06
-6.58735e-07
4.06576e-06
-4.98241e-07
4.11156e-06
-4.10121e-07
3.99294e-06
-4.56227e-07
3.74424e-06
-6.54939e-07
3.40219e-06
-9.82995e-07
2.99944e-06
-1.40673e-06
2.55972e-06
-1.89925e-06
2.10677e-06
-2.45482e-06
1.66614e-06
-3.05132e-06
-3.6132e-06
1.2667e-06
-1.19665e-06
2.11617e-05
-2.19394e-06
2.01818e-05
-2.78781e-06
1.69338e-05
-2.89036e-06
1.30805e-05
-2.52442e-06
9.01667e-06
-1.84287e-06
5.30012e-06
-1.06741e-06
2.5469e-06
-2.38146e-07
5.81939e-07
6.0991e-07
-7.66878e-07
1.37076e-06
-1.36136e-06
2.03364e-06
-1.49343e-06
2.59152e-06
-1.36251e-06
3.0276e-06
-1.09446e-06
3.3111e-06
-7.81422e-07
3.42372e-06
-5.22457e-07
3.36879e-06
-4.01054e-07
3.16564e-06
-4.51583e-07
2.85814e-06
-6.75331e-07
2.48079e-06
-1.02923e-06
2.05869e-06
-1.47698e-06
1.61293e-06
-2.00923e-06
1.17038e-06
-2.60731e-06
-3.2e-06
7.56881e-07
-1.23575e-06
2.23981e-05
-2.29867e-06
2.12451e-05
-2.95134e-06
1.75869e-05
-3.09362e-06
1.32232e-05
-2.82958e-06
8.753e-06
-2.29663e-06
4.76754e-06
-1.57646e-06
1.82711e-06
-7.435e-07
-2.50653e-07
2.98229e-08
-1.53985e-06
7.09136e-07
-2.04035e-06
1.29162e-06
-2.07562e-06
1.80085e-06
-1.87149e-06
2.23499e-06
-1.52836e-06
2.5646e-06
-1.11084e-06
2.74971e-06
-7.07406e-07
2.76783e-06
-4.19056e-07
2.62836e-06
-3.12022e-07
2.36503e-06
-4.11937e-07
2.01793e-06
-6.82105e-07
1.61752e-06
-1.07646e-06
1.1856e-06
-1.57683e-06
7.45269e-07
-2.16829e-06
-2.7811e-06
3.26697e-07
-1.1881e-06
2.35861e-05
-2.25731e-06
2.23144e-05
-2.91418e-06
1.82439e-05
-3.11872e-06
1.34279e-05
-2.96929e-06
8.60382e-06
-2.53714e-06
4.33565e-06
-1.80204e-06
1.09227e-06
-1.00661e-06
-1.04585e-06
-3.45217e-07
-2.20104e-06
2.06631e-07
-2.59201e-06
6.78864e-07
-2.5477e-06
1.1023e-06
-2.29481e-06
1.49293e-06
-1.9189e-06
1.83639e-06
-1.45425e-06
2.08279e-06
-9.53792e-07
2.18229e-06
-5.18577e-07
2.11981e-06
-2.49585e-07
1.9148e-06
-2.07007e-07
1.60897e-06
-3.76342e-07
1.23656e-06
-7.04121e-07
8.23838e-07
-1.16476e-06
3.93e-07
-1.73638e-06
-2.3642e-06
-2.48721e-08
-1.03604e-06
2.46225e-05
-2.03363e-06
2.33122e-05
-2.65413e-06
1.88646e-05
-2.90819e-06
1.36821e-05
-2.86319e-06
8.55894e-06
-2.42139e-06
3.89397e-06
-1.69239e-06
3.63387e-07
-1.02311e-06
-1.71504e-06
-5.09431e-07
-2.71465e-06
-1.1506e-07
-2.98635e-06
2.1424e-07
-2.87699e-06
5.23221e-07
-2.60382e-06
8.34297e-07
-2.23004e-06
1.14986e-06
-1.76991e-06
1.42849e-06
-1.23256e-06
1.60597e-06
-6.96235e-07
1.6324e-06
-2.76209e-07
1.50233e-06
-7.717e-08
1.2459e-06
-1.20166e-07
9.11945e-07
-3.70449e-07
5.263e-07
-7.78958e-07
1.13862e-07
-1.32554e-06
-1.95784e-06
-2.924e-07
-7.79452e-07
2.54016e-05
-1.62393e-06
2.41566e-05
-2.17072e-06
1.94113e-05
-2.42549e-06
1.39369e-05
-2.39024e-06
8.52369e-06
-1.9066e-06
3.41033e-06
-1.28368e-06
-2.59562e-07
-8.01168e-07
-2.19761e-06
-4.71521e-07
-3.04438e-06
-2.51656e-07
-3.20633e-06
-8.20427e-08
-3.04675e-06
8.67489e-08
-2.77279e-06
2.87405e-07
-2.43092e-06
5.31376e-07
-2.01413e-06
8.04621e-07
-1.50609e-06
1.03704e-06
-9.28976e-07
1.15668e-06
-3.96195e-07
1.1139e-06
-3.47627e-08
9.25923e-07
6.74445e-08
6.38964e-07
-8.38919e-08
2.88288e-07
-4.29086e-07
-9.64058e-08
-9.39936e-07
-1.57303e-06
-4.82236e-07
-4.44051e-07
2.58459e-05
-1.06107e-06
2.47736e-05
-1.47623e-06
1.98264e-05
-1.65935e-06
1.41199e-05
-1.48054e-06
8.34477e-06
-1.01678e-06
2.94644e-06
-6.41013e-07
-6.35484e-07
-3.87016e-07
-2.45179e-06
-2.69057e-07
-3.16255e-06
-2.25422e-07
-3.2502e-06
-2.14567e-07
-3.05788e-06
-1.90468e-07
-2.79719e-06
-1.1849e-07
-2.50323e-06
2.51654e-08
-2.15817e-06
2.40311e-07
-1.72165e-06
4.88063e-07
-1.17716e-06
6.84266e-07
-5.92856e-07
7.42912e-07
-9.38855e-08
6.38997e-07
1.7084e-07
4.06929e-07
1.47694e-07
1.01646e-07
-1.23915e-07
-2.46833e-07
-5.93508e-07
-1.21833e-06
-6.01919e-07
-8.6022e-08
2.59315e-05
-4.06055e-07
2.50934e-05
-6.35131e-07
2.00553e-05
-6.20704e-07
1.41053e-05
-2.67782e-07
7.99166e-06
6.37938e-08
2.61466e-06
1.75379e-07
-7.47309e-07
1.77439e-07
-2.45411e-06
7.78164e-08
-3.06321e-06
-6.65522e-08
-3.10615e-06
-2.07819e-07
-2.91696e-06
-3.18858e-07
-2.68654e-06
-3.71675e-07
-2.45083e-06
-3.45864e-07
-2.18443e-06
-2.25293e-07
-1.8427e-06
-1.52033e-08
-1.38775e-06
2.18257e-07
-8.26832e-07
3.72832e-07
-2.48987e-07
3.70018e-07
1.73121e-07
2.12534e-07
3.04613e-07
-4.38876e-08
1.31287e-07
-3.47278e-07
-2.89492e-07
-9.00313e-07
-6.66925e-07
2.69344e-07
2.56623e-05
2.62863e-07
2.50998e-05
2.69997e-07
2.0048e-05
4.90191e-07
1.38849e-05
9.10664e-07
7.57095e-06
1.10817e-06
2.41689e-06
1.04496e-06
-6.84373e-07
8.13923e-07
-2.22337e-06
4.91876e-07
-2.74148e-06
1.66452e-07
-2.78107e-06
-1.09862e-07
-2.64102e-06
-3.27816e-07
-2.46899e-06
-4.79026e-07
-2.30006e-06
-5.56472e-07
-2.10745e-06
-5.43821e-07
-1.85583e-06
-4.2591e-07
-1.50616e-06
-2.20727e-07
-1.03252e-06
-2.00076e-09
-4.68236e-07
1.01839e-07
6.87272e-08
3.53954e-08
3.70449e-07
-1.60301e-07
3.2686e-07
-4.16363e-07
-3.54482e-08
-6.23529e-07
-6.93323e-07
5.38477e-07
2.51235e-05
8.06796e-07
2.48313e-05
1.03037e-06
1.98243e-05
1.44264e-06
1.34725e-05
1.88668e-06
7.12679e-06
1.98997e-06
2.31347e-06
1.75959e-06
-4.54154e-07
1.31663e-06
-1.78058e-06
8.18534e-07
-2.24357e-06
3.69057e-07
-2.3318e-06
8.63034e-09
-2.28082e-06
-2.69295e-07
-2.19131e-06
-4.80625e-07
-2.089e-06
-6.30576e-07
-1.95777e-06
-7.08092e-07
-1.77861e-06
-6.92622e-07
-1.52193e-06
-5.71952e-07
-1.15349e-06
-3.67992e-07
-6.72504e-07
-1.86122e-07
-1.1344e-07
-1.50959e-07
3.34969e-07
-2.74787e-07
4.49926e-07
-4.79922e-07
1.70857e-07
-3.93244e-07
-7.11007e-07
6.97408e-07
2.4426e-05
1.13193e-06
2.43967e-05
1.49318e-06
1.94629e-05
2.04489e-06
1.29207e-05
2.48619e-06
6.68535e-06
2.48494e-06
2.31456e-06
2.10694e-06
-7.63318e-08
1.50975e-06
-1.18357e-06
9.22934e-07
-1.65695e-06
4.40872e-07
-1.84995e-06
7.45943e-08
-1.91478e-06
-2.01896e-07
-1.91507e-06
-4.19345e-07
-1.87181e-06
-5.93313e-07
-1.78409e-06
-7.22728e-07
-1.64948e-06
-7.91322e-07
-1.45363e-06
-7.74601e-07
-1.17051e-06
-6.58812e-07
-7.88587e-07
-4.81256e-07
-2.91318e-07
-3.72458e-07
2.25869e-07
-4.17007e-07
4.94674e-07
-5.68747e-07
3.20798e-07
-2.18577e-07
-7.4379e-07
7.08486e-07
2.37172e-05
1.18907e-06
2.39157e-05
1.59014e-06
1.90615e-05
2.15604e-06
1.23544e-05
2.52573e-06
6.31527e-06
2.40282e-06
2.43705e-06
1.90639e-06
4.19678e-07
1.28231e-06
-5.59933e-07
7.48424e-07
-1.12352e-06
3.45577e-07
-1.44758e-06
5.48577e-08
-1.62456e-06
-1.62268e-07
-1.69846e-06
-3.37803e-07
-1.69681e-06
-4.86924e-07
-1.63551e-06
-6.1648e-07
-1.52049e-06
-7.20904e-07
-1.34977e-06
-7.82264e-07
-1.10972e-06
-7.76192e-07
-7.95247e-07
-6.98741e-07
-3.69356e-07
-6.10777e-07
1.37337e-07
-6.24351e-07
5.07051e-07
-7.44224e-07
4.4075e-07
-1.10255e-07
-8.53312e-07
5.45816e-07
9.99097e-07
1.30951e-06
1.62962e-06
1.7511e-06
1.53835e-06
1.12749e-06
7.37984e-07
4.21546e-07
1.88765e-07
1.57206e-08
-1.17053e-07
-2.25592e-07
-3.2176e-07
-4.13803e-07
-5.04172e-07
-5.88949e-07
-6.62234e-07
-7.09348e-07
-7.46953e-07
-8.10961e-07
-8.70933e-07
-8.35563e-07
1.36823e-05
3.11372e-07
1.43834e-05
-7.00917e-07
1.60025e-05
-1.61911e-06
-3.05899e-06
1.90615e-05
1.03791e-05
-2.1113e-06
1.12729e-05
-1.59488e-06
1.19344e-05
-2.28062e-06
-4.27287e-06
1.31483e-05
-3.17512e-06
-4.73533e-06
-2.18356e-06
-2.58632e-06
-2.52034e-06
-1.94391e-06
-4.27133e-06
-2.5219e-06
-1.80963e-05
-5.58937e-06
-1.73118e-05
-3.37105e-06
-1.62191e-05
-3.03667e-06
-5.28596e-06
-1.52045e-05
-2.61487e-05
-6.45579e-06
-2.3557e-05
-5.96265e-06
-2.03991e-05
-6.19467e-06
-6.76994e-06
-1.89152e-05
-2.61078e-05
-8.94642e-06
-2.42889e-05
-7.78168e-06
-2.29899e-05
-7.49372e-06
-7.54681e-06
-2.22132e-05
-3.22994e-05
-1.04972e-05
-3.07191e-05
-9.36198e-06
-2.9755e-05
-8.45791e-06
-8.28983e-06
-2.9012e-05
-3.54071e-05
-1.09275e-05
-3.45164e-05
-1.02525e-05
-3.39091e-05
-9.06513e-06
-9.57432e-06
-3.26244e-05
-3.05071e-05
-1.13578e-05
-3.28722e-05
-7.88493e-06
-3.27451e-05
-9.18782e-06
-1.40174e-05
-2.82957e-05
3.99543e-07
-1.75762e-05
-7.86339e-06
3.80719e-07
-2.13865e-05
4.3382e-06
-5.01248e-06
-3.03907e-05
-2.70527e-05
-1.46962e-05
-2.16931e-05
-4.97918e-06
-1.07136e-05
-6.64379e-06
-8.34184e-06
-7.38885e-06
2.77174e-06
-1.18244e-05
7.1889e-06
-9.39549e-06
8.39365e-06
-7.84759e-06
-6.84582e-06
6.8988e-06
1.47472e-05
-9.60565e-06
1.32504e-05
-7.89668e-06
1.19036e-05
-6.4997e-06
-5.55568e-06
1.06147e-05
1.17035e-05
-7.00363e-06
9.05612e-06
-5.2493e-06
6.57059e-06
-4.01294e-06
-4.70509e-06
5.7207e-06
4.13373e-06
-3.23185e-06
-8.88e-07
-2.26316e-07
-4.15492e-06
-7.45425e-07
-5.66215e-06
-3.19737e-06
-3.19009e-06
1.02425e-06
-8.02227e-06
4.606e-06
-8.39241e-06
-3.74683e-07
-8.74585e-06
-5.30841e-06
1.17719e-06
2.58333e-06
-1.43736e-07
5.92748e-06
-1.93668e-06
1.41861e-06
-7.34533e-06
-3.33692e-06
7.14004e-06
1.78251e-06
8.70255e-06
4.36516e-06
6.70377e-06
3.41793e-06
-2.29202e-06
1.65079e-06
9.62609e-06
5.92284e-07
1.14179e-05
2.57387e-06
1.21145e-05
2.72153e-06
8.55535e-07
8.96748e-06
1.01964e-05
-5.25356e-07
1.18979e-05
8.72271e-07
1.31478e-05
1.47234e-06
1.04832e-06
1.29554e-05
9.90422e-06
-1.48366e-06
1.13873e-05
-6.09953e-07
1.2866e-05
-6.11653e-09
1.32238e-07
1.37828e-05
8.818e-06
-2.19193e-06
9.92797e-06
-1.72014e-06
1.12035e-05
-1.28048e-06
-1.0363e-06
1.23725e-05
7.15133e-06
-2.57155e-06
7.7749e-06
-2.34214e-06
8.6028e-06
-2.10821e-06
-1.95892e-06
9.52626e-06
5.60954e-06
-2.65852e-06
5.83682e-06
-2.57032e-06
6.20959e-06
-2.47973e-06
-2.4406e-06
6.69155e-06
4.53561e-06
-2.59149e-06
4.5447e-06
-2.57782e-06
4.63941e-06
-2.5748e-06
-2.61316e-06
4.81268e-06
3.73812e-06
-2.47356e-06
3.66723e-06
-2.50821e-06
3.65386e-06
-2.56019e-06
-2.65142e-06
3.69229e-06
3.01629e-06
-2.33773e-06
2.91966e-06
-2.40952e-06
2.86255e-06
-2.50356e-06
-2.63252e-06
2.84436e-06
2.33099e-06
-2.19135e-06
2.21399e-06
-2.29445e-06
2.1323e-06
-2.42066e-06
-2.57913e-06
2.07883e-06
1.68601e-06
-2.03431e-06
1.55766e-06
-2.16415e-06
1.45345e-06
-2.31737e-06
-2.50091e-06
1.37577e-06
1.10194e-06
-1.86952e-06
9.57291e-07
-2.02135e-06
8.37744e-07
-2.19653e-06
-2.4001e-06
7.3689e-07
5.8524e-07
-1.69728e-06
4.33348e-07
-1.86685e-06
2.96529e-07
-2.06036e-06
-2.28141e-06
1.78424e-07
1.51769e-07
-1.52244e-06
-1.19153e-08
-1.70539e-06
-1.58706e-07
-1.91234e-06
-2.14846e-06
-2.91985e-07
-2.00904e-07
-1.34685e-06
-3.65775e-07
-1.53855e-06
-5.21212e-07
-1.75824e-06
-2.00714e-06
-6.62337e-07
-4.64386e-07
-1.17528e-06
-6.30593e-07
-1.3749e-06
-7.85363e-07
-1.60271e-06
-1.86123e-06
-9.31818e-07
-6.47351e-07
-1.01032e-06
-8.0445e-07
-1.21586e-06
-9.58918e-07
-1.44977e-06
-1.71564e-06
-1.10448e-06
-7.5611e-07
-8.57114e-07
-9.06465e-07
-1.06875e-06
-1.04913e-06
-1.3067e-06
-1.57694e-06
-1.18875e-06
-8.06789e-07
-7.1848e-07
-9.38663e-07
-9.3556e-07
-1.06851e-06
-1.17902e-06
-1.45143e-06
-1.19425e-06
-8.13921e-07
-5.98755e-07
-9.28573e-07
-8.24071e-07
-1.03545e-06
-1.07178e-06
-1.34649e-06
-1.14122e-06
-8.08409e-07
-5.01513e-07
-8.94835e-07
-7.35624e-07
-9.76227e-07
-9.92048e-07
-1.27156e-06
-1.0512e-06
-8.12743e-07
-4.33268e-07
-8.71002e-07
-6.80501e-07
-9.09927e-07
-9.52554e-07
-1.24518e-06
-9.36914e-07
-8.64573e-07
-4.22885e-07
-8.46242e-07
-6.97133e-07
-8.02897e-07
-9.97146e-07
-1.29259e-06
-7.56068e-07
-7.49491e-07
-6.38683e-07
-5.16567e-07
-4.11195e-07
1.92093e-05
-6.10089e-06
1.87845e-05
-5.83775e-06
1.85753e-05
-6.0831e-06
1.78585e-05
-9.88416e-06
1.49628e-05
-5.93109e-06
1.15769e-05
6.9647e-06
1.31891e-05
7.51171e-06
1.61152e-05
-1.6184e-06
1.26614e-05
-3.69404e-06
6.59386e-06
-3.88603e-06
3.39838e-06
-8.87081e-06
6.77642e-06
-1.40473e-05
1.4161e-05
-2.82816e-06
1.9624e-05
7.6814e-06
2.14623e-05
9.72008e-06
1.71711e-05
7.85563e-06
8.67596e-06
8.00623e-06
2.36409e-06
1.21597e-05
2.7951e-05
1.65554e-05
-9.50801e-06
1.54027e-05
-4.68504e-06
1.20877e-05
-2.76821e-06
8.08894e-06
-5.88539e-06
6.51551e-06
-4.3577e-06
7.78222e-06
5.69796e-06
1.06318e-05
4.66214e-06
1.33538e-05
-4.34043e-06
1.41309e-05
-4.47116e-06
1.54671e-05
-5.22223e-06
8.01741e-06
-1.42115e-06
-1.47552e-06
-4.55436e-06
2.73542e-06
-7.03908e-06
9.16915e-06
1.24769e-06
1.01633e-05
8.72595e-06
5.39951e-06
1.26195e-05
-2.30544e-06
1.57112e-05
-5.81061e-06
1.56649e-05
2.21404e-05
5.39195e-08
-1.20839e-05
1.09419e-07
-4.74059e-06
-3.52082e-06
8.61972e-07
-4.64507e-06
-4.7612e-06
-2.87125e-06
-6.13157e-06
4.8062e-07
2.34602e-06
3.61772e-06
1.52498e-06
3.88442e-06
-4.60718e-06
9.27062e-06
-9.85739e-06
1.48911e-05
-1.08427e-05
1.25065e-05
9.63435e-07
2.86537e-06
5.08674e-06
-3.18513e-06
-9.88566e-07
-3.34254e-06
1.40511e-06
-4.63804e-06
1.00215e-05
-8.58345e-06
1.65649e-05
-1.36389e-05
2.07667e-05
-1.44674e-05
1.64934e-05
7.67302e-06
-1.36592e-05
-1.36292e-05
-8.30008e-06
-1.00999e-05
-6.95354e-06
-4.84671e-07
-1.01954e-05
-1.51949e-06
-1.26908e-05
-3.63621e-06
-8.82192e-06
-1.52299e-06
-1.46035e-06
-5.83669e-06
2.23588e-06
-8.30347e-06
4.76545e-06
-1.2387e-05
5.24614e-06
-1.13234e-05
4.11085e-06
2.09871e-06
2.86537e-07
8.91105e-06
-6.73775e-06
6.03573e-06
-1.19932e-05
6.66054e-06
-1.50592e-05
1.30875e-05
-1.7848e-05
1.93537e-05
-1.932e-05
2.22388e-05
-1.35073e-05
1.06808e-05
-5.83427e-06
-1.6673e-05
-1.58716e-05
-1.23245e-05
-1.44485e-05
-7.08425e-06
-5.72511e-06
-1.18884e-05
3.2845e-06
-1.48286e-05
-6.96227e-07
-8.1643e-06
-8.18737e-06
-2.07703e-06
-1.19241e-05
5.72577e-07
-1.09532e-05
1.31311e-08
-1.18276e-05
-1.9039e-06
-9.40641e-06
-8.33905e-07
1.02869e-06
3.22927e-07
7.75421e-06
-2.65785e-06
9.01652e-06
-7.48138e-06
1.14841e-05
-1.06143e-05
1.62205e-05
-1.07736e-05
1.9513e-05
-6.26622e-06
1.77314e-05
2.27216e-07
4.18741e-06
-5.60703e-06
-2.01899e-05
-1.7895e-05
-1.76306e-05
-1.7008e-05
-1.15638e-05
-1.17922e-05
-8.28721e-06
7.76478e-09
-6.6047e-06
-2.37889e-06
-1.17949e-06
-1.36127e-05
3.11005e-06
-1.62137e-05
4.40507e-06
-1.22482e-05
3.87619e-06
-1.12988e-05
3.80992e-06
-9.34016e-06
5.44701e-06
-6.08408e-07
7.14086e-06
6.06036e-06
6.75622e-06
9.40117e-06
5.46579e-06
1.27745e-05
5.13041e-06
1.65559e-05
8.46813e-06
1.61753e-05
1.5105e-05
1.10946e-05
1.22865e-05
7.0059e-06
6.67953e-06
-2.695e-05
-1.9957e-05
-2.38948e-05
-2.00631e-05
-1.77302e-05
-1.79568e-05
-5.24462e-06
-1.24777e-05
4.39901e-06
-1.20224e-05
8.86407e-06
-1.80777e-05
1.03758e-05
-1.77253e-05
1.20335e-05
-1.3906e-05
1.23163e-05
-1.15815e-05
1.06277e-05
-7.6516e-06
9.9427e-06
7.66311e-08
1.08744e-05
5.12869e-06
1.28691e-05
7.40648e-06
1.42467e-05
1.1397e-05
1.55748e-05
1.52278e-05
1.8403e-05
1.33471e-05
2.0426e-05
9.07161e-06
1.17215e-05
1.57104e-05
1.8401e-05
-2.98487e-05
-2.27323e-05
-2.54219e-05
-2.44894e-05
-1.86047e-05
-2.47735e-05
-7.09463e-06
-2.39873e-05
5.19918e-06
-2.43159e-05
1.20137e-05
-2.48916e-05
1.26007e-05
-1.83113e-05
1.48802e-05
-1.61847e-05
1.55164e-05
-1.2217e-05
1.75738e-05
-9.70886e-06
2.15758e-05
-3.92519e-06
2.64687e-05
2.35785e-07
3.02458e-05
3.62941e-06
3.04388e-05
1.12038e-05
2.38639e-05
2.18022e-05
1.06932e-05
2.65175e-05
-6.78836e-06
2.65531e-05
-6.17979e-06
1.51017e-05
1.22212e-05
-2.80399e-05
-2.29814e-05
-2.39596e-05
-2.85649e-05
-1.47888e-05
-3.39412e-05
-1.83666e-06
-3.6937e-05
8.90268e-06
-3.50545e-05
8.59337e-06
-2.45816e-05
8.15618e-06
-1.78738e-05
7.17829e-06
-1.52066e-05
2.98124e-06
-8.01963e-06
1.03646e-05
-1.70918e-05
3.41076e-05
-2.7667e-05
5.80907e-05
-2.37477e-05
7.33669e-05
-1.16483e-05
5.41408e-05
3.04293e-05
1.39362e-05
6.20049e-05
-8.99914e-06
4.94518e-05
-2.36784e-05
4.12322e-05
-2.00891e-05
1.15132e-05
-7.86769e-06
-3.2407e-05
-2.0964e-05
-2.73488e-05
-3.36222e-05
-2.51722e-05
-3.61169e-05
-2.78627e-05
-3.42453e-05
-2.98967e-05
-3.30193e-05
-2.60218e-05
-2.84556e-05
-1.21618e-05
-3.17335e-05
7.12896e-06
-3.4497e-05
1.93506e-05
-2.02408e-05
1.34482e-05
-1.11883e-05
-7.89351e-06
-6.32405e-06
-2.20006e-05
-9.63915e-06
-2.94605e-05
-4.18675e-06
-2.72418e-05
2.82104e-05
-1.37366e-05
4.85006e-05
-1.11454e-05
4.6861e-05
-9.39835e-06
3.94845e-05
1.94492e-06
1.71297e-07
-5.92183e-06
-7.72288e-06
-2.06349e-05
-1.51301e-05
-2.62178e-05
-2.3257e-05
-2.79913e-05
-2.75759e-05
-2.9927e-05
-2.87365e-05
-3.18575e-05
-2.4986e-05
-3.2205e-05
-2.14655e-05
-3.5253e-05
-2.10833e-05
-3.48784e-05
-2.13482e-05
-1.99751e-05
-2.8419e-05
-4.11673e-06
-4.14673e-05
6.72432e-06
-5.1752e-05
6.47434e-07
-5.65684e-05
6.3288e-07
-5.12337e-05
2.28777e-05
-3.5717e-05
3.29869e-05
-1.89252e-05
3.00712e-05
-1.37939e-06
2.194e-05
5.77373e-06
-6.98067e-06
-1.47802e-07
7.36526e-06
-2.10997e-05
3.12533e-06
-2.19763e-05
-4.21599e-06
-2.06485e-05
-1.20694e-05
-2.20722e-05
-1.7121e-05
-2.68046e-05
-1.9439e-05
-2.98859e-05
-2.12789e-05
-3.34122e-05
-2.41811e-05
-3.19753e-05
-2.65904e-05
-1.75651e-05
-2.97593e-05
-9.47167e-07
-3.01155e-05
7.08111e-06
-3.2484e-05
3.0164e-06
-3.97807e-05
7.93001e-06
-3.94235e-05
2.25225e-05
-3.40507e-05
2.76156e-05
-2.30671e-05
1.90891e-05
-2.09186e-06
9.67287e-07
1.9661e-06
-1.10387e-05
1.81858e-06
9.70262e-06
-2.01864e-05
7.67097e-06
-1.99436e-05
2.67998e-06
-1.56563e-05
-3.93599e-06
-1.54551e-05
-1.10303e-05
-1.97092e-05
-1.63501e-05
-2.45654e-05
-1.89031e-05
-3.08586e-05
-2.17098e-05
-2.9168e-05
-2.26534e-05
-1.66208e-05
-2.185e-05
-1.75013e-06
-1.98453e-05
5.07677e-06
-1.7312e-05
4.83314e-07
-1.79115e-05
8.52952e-06
-2.0645e-05
2.52561e-05
-1.95781e-05
2.65488e-05
-1.17224e-05
1.12335e-05
-5.88946e-07
-1.01663e-05
2.0654e-06
-1.36926e-05
3.88379e-06
7.23464e-06
-2.16997e-05
7.40371e-06
-2.01121e-05
3.43507e-06
-1.16871e-05
-2.04341e-06
-9.97596e-06
-1.06814e-05
-1.10707e-05
-1.64667e-05
-1.87796e-05
-1.85379e-05
-2.87869e-05
-2.22209e-05
-2.54845e-05
-2.36258e-05
-1.52156e-05
-2.01717e-05
-5.20378e-06
-1.51731e-05
7.85664e-08
-1.64894e-05
1.79982e-06
-1.7756e-05
9.79631e-06
-1.59708e-05
2.3471e-05
-1.27271e-05
2.33052e-05
-4.7539e-06
3.26034e-06
1.3243e-07
-1.50524e-05
5.12515e-07
-1.4073e-05
4.3966e-06
1.75753e-06
-2.66542e-05
3.4663e-06
-2.18205e-05
1.75806e-06
-9.97847e-06
-4.65275e-06
-3.56477e-06
-1.52688e-05
-4.54288e-07
-1.92477e-05
-1.48003e-05
-2.10256e-05
-2.70085e-05
-2.63056e-05
-2.02041e-05
-2.97117e-05
-1.18091e-05
-2.88236e-05
-6.09139e-06
-2.738e-05
-1.36465e-06
-2.90581e-05
3.47829e-06
-2.78607e-05
8.5993e-06
-2.00729e-05
1.56835e-05
-1.0751e-05
1.39836e-05
-3.71565e-06
-3.77471e-06
-1.91157e-06
-1.68564e-05
-2.06189e-07
-1.57778e-05
4.19033e-06
-1.82189e-06
-3.01405e-05
-1.95326e-06
-2.16889e-05
-4.60484e-06
-7.32666e-06
-1.25478e-05
4.37845e-06
-2.07537e-05
7.75191e-06
-2.25676e-05
-1.2986e-05
-2.73429e-05
-2.22328e-05
-3.52944e-05
-1.22522e-05
-3.97351e-05
-7.36786e-06
-4.13251e-05
-4.50093e-06
-4.03351e-05
-2.3541e-06
-3.61425e-05
-7.13797e-07
-2.97962e-05
2.25348e-06
-2.02178e-05
6.10574e-06
-9.44172e-06
3.20802e-06
-4.65848e-06
-8.55749e-06
-3.37281e-06
-1.81415e-05
7.80374e-08
-1.92286e-05
4.26896e-06
-6.19571e-06
-2.72813e-05
-1.02222e-05
-1.76621e-05
-1.22932e-05
-5.25535e-06
-1.37656e-05
5.85115e-06
-1.64821e-05
1.04688e-05
-2.2582e-05
-6.88578e-06
-2.97264e-05
-1.50879e-05
-3.4795e-05
-7.1832e-06
-3.559e-05
-6.57236e-06
-3.39127e-05
-6.17769e-06
-3.03967e-05
-5.86953e-06
-2.56654e-05
-5.44454e-06
-1.97998e-05
-3.61146e-06
-1.34357e-05
-2.57765e-07
-7.33373e-06
-2.89328e-06
-5.58338e-06
-1.03072e-05
-3.33129e-06
-2.03932e-05
-6.44449e-07
-2.19145e-05
3.62452e-06
-8.47646e-06
-1.71535e-05
-1.33933e-05
-1.27449e-05
-1.19076e-05
-6.7406e-06
-7.98101e-06
1.92498e-06
-7.44868e-06
9.93688e-06
-1.33741e-05
-9.59847e-07
-1.93075e-05
-9.1541e-06
-2.10449e-05
-5.44529e-06
-2.14755e-05
-6.1412e-06
-1.94151e-05
-8.23751e-06
-1.6045e-05
-9.23899e-06
-1.2171e-05
-9.31784e-06
-8.66731e-06
-7.11448e-06
-5.90744e-06
-3.01687e-06
-4.0996e-06
-4.70036e-06
-4.50636e-06
-9.89978e-06
-3.1166e-06
-2.17822e-05
-2.36241e-06
-2.26686e-05
1.26292e-06
-1.33494e-06
-6.85057e-06
-6.79036e-06
-7.28882e-06
-7.62029e-06
-5.9101e-06
-3.54003e-06
-2.15476e-06
1.16277e-06
5.23461e-06
8.79586e-07
-6.76147e-07
-2.05288e-06
-6.2211e-06
-3.20079e-06
-4.29681e-06
-4.03268e-06
-5.30871e-06
-3.98979e-06
-8.27977e-06
-2.90882e-06
-1.03193e-05
-1.52627e-06
-1.06997e-05
-2.45738e-07
-8.39424e-06
1.70506e-06
-4.96687e-06
1.84398e-06
-4.83851e-06
5.46862e-08
-8.10973e-06
-2.01689e-06
-1.97102e-05
-2.75346e-06
-2.19307e-05
-1.49055e-06
8.63202e-06
-2.52641e-06
5.31166e-06
-3.96768e-06
2.91982e-06
-3.51755e-06
3.20521e-06
-2.43952e-06
8.02377e-06
4.16638e-07
9.8244e-06
-2.4762e-06
8.79028e-06
-5.18641e-06
9.6029e-06
-5.10883e-06
1.01209e-05
-5.8261e-06
9.54605e-06
-7.70426e-06
8.83142e-06
-9.60397e-06
8.0311e-06
-9.89863e-06
8.10021e-06
-8.46259e-06
9.11448e-06
-5.98037e-06
8.4038e-06
-4.12704e-06
5.92356e-06
-5.62878e-06
1.4107e-06
-1.51964e-05
-1.7038e-06
-1.88161e-05
-3.1934e-06
1.33443e-05
-2.08718e-06
1.28425e-05
-3.46506e-06
1.27494e-05
-3.42377e-06
1.30647e-05
-2.75415e-06
1.56589e-05
-2.17701e-06
1.68342e-05
-3.65097e-06
1.68537e-05
-5.20531e-06
1.7593e-05
-5.84754e-06
1.82238e-05
-6.45633e-06
1.81548e-05
-7.63466e-06
1.70708e-05
-8.51929e-06
1.5563e-05
-8.39007e-06
1.46868e-05
-7.58566e-06
1.41276e-05
-5.42048e-06
1.2722e-05
-2.72068e-06
1.01587e-05
-3.06478e-06
4.99228e-06
-1.00295e-05
-1.82917e-07
-1.36395e-05
-3.37641e-06
1.37279e-05
-3.44166e-06
1.46388e-05
-4.37509e-06
1.57592e-05
-4.54341e-06
1.72979e-05
-4.29215e-06
1.93363e-05
-4.21488e-06
2.06053e-05
-4.91932e-06
2.13057e-05
-5.90521e-06
2.20502e-05
-6.59145e-06
2.26211e-05
-7.02661e-06
2.24067e-05
-7.41964e-06
2.13597e-05
-7.47159e-06
1.98657e-05
-6.8954e-06
1.8211e-05
-5.93021e-06
1.64619e-05
-3.67063e-06
1.47143e-05
-9.72297e-07
1.20583e-05
-4.08161e-07
6.93466e-06
-4.90485e-06
9.86989e-07
-7.6918e-06
-2.38837e-06
1.11835e-05
-5.09818e-06
1.24873e-05
-5.6781e-06
1.38977e-05
-5.95316e-06
1.55894e-05
-5.98315e-06
1.74424e-05
-6.06737e-06
1.89811e-05
-6.45747e-06
2.00932e-05
-7.01677e-06
2.09532e-05
-7.45088e-06
2.15568e-05
-7.62965e-06
2.16769e-05
-7.53915e-06
2.12402e-05
-7.03427e-06
2.0291e-05
-5.94547e-06
1.86316e-05
-4.27012e-06
1.68135e-05
-1.85176e-06
1.49515e-05
8.90363e-07
1.22205e-05
2.32352e-06
7.28128e-06
3.47324e-08
1.72614e-06
-2.13505e-06
-6.62439e-07
7.78089e-06
-6.18671e-06
8.77855e-06
-6.67496e-06
9.88862e-06
-7.06252e-06
1.12276e-05
-7.32153e-06
1.2709e-05
-7.54816e-06
1.41068e-05
-7.85473e-06
1.52888e-05
-8.19825e-06
1.62611e-05
-8.4226e-06
1.70195e-05
-8.38757e-06
1.74701e-05
-7.98913e-06
1.75254e-05
-7.08888e-06
1.71349e-05
-5.55431e-06
1.62244e-05
-3.35888e-06
1.49247e-05
-5.51297e-07
1.32523e-05
2.5634e-06
1.08092e-05
4.76729e-06
6.5391e-06
4.30585e-06
1.92664e-06
2.4772e-06
1.26531e-06
5.30474e-06
-6.6782e-06
5.83629e-06
-7.20586e-06
6.47503e-06
-7.70064e-06
7.29057e-06
-8.13652e-06
8.26282e-06
-8.5199e-06
9.28636e-06
-8.87778e-06
1.02666e-05
-9.17801e-06
1.11623e-05
-9.31778e-06
1.19487e-05
-9.17346e-06
1.25679e-05
-8.60781e-06
1.29364e-05
-7.45679e-06
1.29582e-05
-5.57544e-06
1.25482e-05
-2.94816e-06
1.17086e-05
2.88957e-07
1.03973e-05
3.87532e-06
8.35187e-06
6.8134e-06
5.03459e-06
7.62334e-06
1.67e-06
5.84347e-06
2.93498e-06
3.87098e-06
-6.85617e-06
4.11415e-06
-7.44839e-06
4.44733e-06
-8.03324e-06
4.90033e-06
-8.58901e-06
5.47275e-06
-9.09185e-06
6.12276e-06
-9.52734e-06
6.79569e-06
-9.85048e-06
7.45603e-06
-9.97766e-06
8.08106e-06
-9.79798e-06
8.63632e-06
-9.16253e-06
9.05607e-06
-7.87596e-06
9.23376e-06
-5.7525e-06
9.05807e-06
-2.77182e-06
8.46712e-06
8.80576e-07
7.38057e-06
4.96252e-06
5.62529e-06
8.56925e-06
3.39829e-06
9.85135e-06
1.34158e-06
7.89977e-06
4.27769e-06
2.86569e-06
-6.87717e-06
2.96673e-06
-7.54894e-06
3.15809e-06
-8.22414e-06
3.44053e-06
-8.87103e-06
3.80291e-06
-9.45384e-06
4.21405e-06
-9.93811e-06
4.63889e-06
-1.02749e-05
5.05226e-06
-1.03906e-05
5.44353e-06
-1.01888e-05
5.80733e-06
-9.52586e-06
6.1163e-06
-8.18441e-06
6.28079e-06
-5.91643e-06
6.15952e-06
-2.64995e-06
5.63029e-06
1.41042e-06
4.59932e-06
5.99407e-06
3.27826e-06
9.89088e-06
2.10901e-06
1.10207e-05
1.02717e-06
8.98329e-06
5.3044e-06
1.9996e-06
-6.79743e-06
2.01061e-06
-7.55949e-06
2.11194e-06
-8.32508e-06
2.29465e-06
-9.05338e-06
2.53981e-06
-9.69868e-06
2.81458e-06
-1.02126e-05
3.08249e-06
-1.05425e-05
3.31579e-06
-1.06236e-05
3.50426e-06
-1.03769e-05
3.66212e-06
-9.68329e-06
3.80463e-06
-8.32644e-06
3.88902e-06
-6.00031e-06
3.77177e-06
-2.53215e-06
3.29482e-06
1.88795e-06
2.42873e-06
6.86071e-06
1.6817e-06
1.06384e-05
1.29536e-06
1.1408e-05
8.1191e-07
9.46612e-06
6.1174e-06
1.22041e-06
-6.64184e-06
1.15215e-06
-7.49095e-06
1.17524e-06
-8.34789e-06
1.27574e-06
-9.15365e-06
1.43241e-06
-9.85512e-06
1.61291e-06
-1.03928e-05
1.77661e-06
-1.0706e-05
1.88742e-06
-1.07341e-05
1.92603e-06
-1.04152e-05
1.90459e-06
-9.6615e-06
1.87251e-06
-8.29398e-06
1.85681e-06
-5.98418e-06
1.7659e-06
-2.44078e-06
1.43158e-06
2.22274e-06
8.9029e-07
7.40247e-06
7.26123e-07
1.0803e-05
8.48841e-07
1.12852e-05
6.49745e-07
9.66684e-06
6.76654e-06
5.14647e-07
-6.41917e-06
3.82773e-07
-7.35884e-06
3.35406e-07
-8.30035e-06
3.61062e-07
-9.17918e-06
4.40802e-07
-9.93474e-06
5.41795e-07
-1.04937e-05
6.24031e-07
-1.07881e-05
6.45036e-07
-1.0755e-05
5.72736e-07
-1.03427e-05
4.07833e-07
-9.49634e-06
2.01405e-07
-8.08725e-06
5.79613e-08
-5.84039e-06
3.68206e-08
-2.41926e-06
-1.08489e-08
2.27081e-06
-6.32753e-08
7.45528e-06
2.09308e-07
1.05307e-05
6.13915e-07
1.08814e-05
5.00952e-07
9.77894e-06
7.26853e-06
-9.48394e-08
-6.14592e-06
-2.84867e-07
-7.16877e-06
-3.96464e-07
-8.18876e-06
-4.39971e-07
-9.13569e-06
-4.38206e-07
-9.93653e-06
-4.16339e-07
-1.05156e-05
-4.09315e-07
-1.07951e-05
-4.603e-07
-1.07039e-05
-6.11578e-07
-1.01913e-05
-8.82747e-07
-9.22504e-06
-1.22883e-06
-7.741e-06
-1.50491e-06
-5.5641e-06
-1.49888e-06
-2.42505e-06
-1.1917e-06
1.96389e-06
-7.21367e-07
6.98521e-06
-3.10011e-08
9.84064e-06
4.66267e-07
1.03838e-05
3.27631e-07
9.91904e-06
7.59538e-06
-6.02699e-07
-5.83514e-06
-8.41486e-07
-6.93005e-06
-1.01259e-06
-8.0178e-06
-1.12805e-06
-9.02039e-06
-1.20446e-06
-9.86029e-06
-1.26175e-06
-1.04584e-05
-1.33008e-06
-1.07269e-05
-1.44569e-06
-1.05884e-05
-1.65403e-06
-9.98303e-06
-1.99289e-06
-8.88617e-06
-2.43588e-06
-7.29796e-06
-2.81924e-06
-5.18066e-06
-2.83601e-06
-2.40819e-06
-2.17579e-06
1.3038e-06
-1.13071e-06
5.94024e-06
-1.54062e-07
8.86406e-06
3.56541e-07
9.87385e-06
1.09816e-07
1.01646e-05
7.70612e-06
-9.99988e-07
-5.49779e-06
-1.27508e-06
-6.65528e-06
-1.49965e-06
-7.79357e-06
-1.68492e-06
-8.83546e-06
-1.84213e-06
-9.70342e-06
-1.98526e-06
-1.03156e-05
-2.13052e-06
-1.05819e-05
-2.30421e-06
-1.0415e-05
-2.54724e-06
-9.7402e-06
-2.90239e-06
-8.53119e-06
-3.37591e-06
-6.82456e-06
-3.829e-06
-4.72767e-06
-3.88263e-06
-2.35463e-06
-3.00106e-06
4.22189e-07
-1.48527e-06
4.42441e-06
-2.37688e-07
7.61643e-06
2.78444e-07
9.35709e-06
-3.61094e-08
1.04804e-05
7.66905e-06
-1.28109e-06
-5.14873e-06
-1.587e-06
-6.34977e-06
-1.85927e-06
-7.52178e-06
-2.10866e-06
-8.58656e-06
-2.34463e-06
-9.46793e-06
-2.57225e-06
-1.00885e-05
-2.79279e-06
-1.03618e-05
-3.01362e-06
-1.01945e-05
-3.25597e-06
-9.4982e-06
-3.56058e-06
-8.22688e-06
-3.9581e-06
-6.42731e-06
-4.39184e-06
-4.29417e-06
-4.52575e-06
-2.22094e-06
-3.61267e-06
-4.91096e-07
-1.84984e-06
2.66136e-06
-3.97659e-07
6.16401e-06
1.84786e-07
8.77501e-06
-1.25239e-07
1.07889e-05
7.54465e-06
-1.45324e-06
-4.80065e-06
-1.77501e-06
-6.02861e-06
-2.08214e-06
-7.21527e-06
-2.38754e-06
-8.28179e-06
-2.69665e-06
-9.15944e-06
-3.00379e-06
-9.78191e-06
-3.29409e-06
-1.00721e-05
-3.55234e-06
-9.93679e-06
-3.77287e-06
-9.27817e-06
-3.97015e-06
-8.03006e-06
-4.17818e-06
-6.21971e-06
-4.41428e-06
-4.05847e-06
-4.5444e-06
-2.0912e-06
-3.98556e-06
-1.0503e-06
-2.45857e-06
1.13402e-06
-8.52594e-07
4.55771e-06
-6.07478e-08
7.98226e-06
-1.48259e-07
1.08775e-05
7.39529e-06
-1.51977e-06
-4.47015e-06
-1.84097e-06
-5.70804e-06
-2.16838e-06
-6.88854e-06
-2.517e-06
-7.93387e-06
-2.88907e-06
-8.78805e-06
-3.26935e-06
-9.4023e-06
-3.62758e-06
-9.71446e-06
-3.92626e-06
-9.63871e-06
-4.13018e-06
-9.07483e-06
-4.21827e-06
-7.9425e-06
-4.19981e-06
-6.23868e-06
-4.12157e-06
-4.1372e-06
-4.08002e-06
-2.13323e-06
-4.09077e-06
-1.04001e-06
-3.20972e-06
2.52524e-07
-1.58614e-06
2.93367e-06
-5.35322e-07
6.93164e-06
-1.17786e-07
1.04583e-05
7.27832e-06
-1.49319e-06
-4.17198e-06
-1.79536e-06
-5.4066e-06
-2.12333e-06
-6.56129e-06
-2.49544e-06
-7.56249e-06
-2.91286e-06
-8.37135e-06
-3.35458e-06
-8.96127e-06
-3.77944e-06
-9.29028e-06
-4.1327e-06
-9.2861e-06
-4.35465e-06
-8.85349e-06
-4.39385e-06
-7.90389e-06
-4.22762e-06
-6.40548e-06
-3.90253e-06
-4.46283e-06
-3.60957e-06
-2.42673e-06
-3.74774e-06
-9.02347e-07
-3.54275e-06
4.7046e-08
-2.50102e-06
1.8915e-06
-1.16874e-06
5.59835e-06
-1.49011e-07
9.43966e-06
7.12818e-06
-1.38948e-06
-3.92416e-06
-1.64897e-06
-5.14773e-06
-1.94961e-06
-6.26132e-06
-2.31544e-06
-7.19734e-06
-2.74959e-06
-7.93786e-06
-3.2308e-06
-8.48071e-06
-3.71442e-06
-8.80727e-06
-4.13663e-06
-8.86448e-06
-4.42137e-06
-8.56932e-06
-4.49398e-06
-7.83183e-06
-4.30434e-06
-6.59565e-06
-3.8727e-06
-4.895e-06
-3.37137e-06
-2.92857e-06
-3.19431e-06
-1.0799e-06
-3.34508e-06
1.97339e-07
-3.00544e-06
1.55139e-06
-1.77701e-06
4.37016e-06
-3.64437e-07
8.02534e-06
6.76459e-06
-1.22131e-06
-3.75465e-06
-1.40398e-06
-4.96548e-06
-1.6404e-06
-6.02528e-06
-1.9605e-06
-6.8776e-06
-2.37014e-06
-7.52856e-06
-2.85279e-06
-7.9984e-06
-3.36973e-06
-8.29063e-06
-3.85906e-06
-8.37544e-06
-4.23896e-06
-8.18969e-06
-4.41876e-06
-7.65229e-06
-4.32176e-06
-6.6929e-06
-3.92765e-06
-5.28933e-06
-3.34159e-06
-3.51485e-06
-2.83722e-06
-1.58447e-06
-2.79506e-06
1.55014e-07
-2.86654e-06
1.62277e-06
-2.24772e-06
3.75062e-06
-7.79816e-07
6.55887e-06
5.98419e-06
-9.82823e-07
-3.70919e-06
-1.04943e-06
-4.89946e-06
-1.18754e-06
-5.88775e-06
-1.4232e-06
-6.6425e-06
-1.76033e-06
-7.19197e-06
-2.18835e-06
-7.57091e-06
-2.68212e-06
-7.79738e-06
-3.19596e-06
-7.8621e-06
-3.65869e-06
-7.72744e-06
-3.97857e-06
-7.33287e-06
-4.06081e-06
-6.61112e-06
-3.84091e-06
-5.50968e-06
-3.34303e-06
-4.01316e-06
-2.75689e-06
-2.17102e-06
-2.44139e-06
-1.60896e-07
-2.56909e-06
1.75005e-06
-2.40455e-06
3.58641e-06
-1.24498e-06
5.398e-06
4.73896e-06
-6.42717e-07
-3.82328e-06
-5.85411e-07
-4.9575e-06
-6.23332e-07
-5.85055e-06
-7.60011e-07
-6.50653e-06
-9.86409e-07
-6.96627e-06
-1.29499e-06
-7.26301e-06
-1.67638e-06
-7.41666e-06
-2.11053e-06
-7.42861e-06
-2.55764e-06
-7.28098e-06
-2.95205e-06
-6.93911e-06
-3.21032e-06
-6.35348e-06
-3.24611e-06
-5.47452e-06
-3.01086e-06
-4.24903e-06
-2.55895e-06
-2.62354e-06
-2.17206e-06
-5.48384e-07
-2.32384e-06
1.90132e-06
-2.30328e-06
3.5649e-06
-1.53009e-06
4.62448e-06
3.20877e-06
-2.09677e-07
-1.11082e-07
-1.06369e-07
-1.67116e-07
-2.75404e-07
-4.23764e-07
-6.11861e-07
-8.39739e-07
-1.10057e-06
-1.37575e-06
-1.63039e-06
-1.81684e-06
-1.87714e-06
-1.76838e-06
-1.5091e-06
-1.81642e-06
-1.89422e-06
-1.34123e-06
)
;

boundaryField
{
    leftWall
    {
        type            calculated;
        value           uniform 0;
    }
    rightWall
    {
        type            calculated;
        value           uniform 0;
    }
    lowerWall
    {
        type            calculated;
        value           uniform 0;
    }
    atmosphere
    {
        type            calculated;
        value           nonuniform List<scalar> 
46
(
2.31712e-05
2.34622e-05
1.87508e-05
1.2034e-05
6.19354e-06
2.64956e-06
8.30274e-07
-1.707e-07
-8.07364e-07
-1.21509e-06
-1.45181e-06
-1.56599e-06
-1.58858e-06
-1.53967e-06
-1.42877e-06
-1.25974e-06
-1.02528e-06
-7.22303e-07
-3.22593e-07
1.74541e-07
5.70826e-07
5.00085e-07
-1.46401e-07
-5.09755e-07
-8.10061e-07
-1.12025e-06
-1.39835e-06
-4.02506e-06
-5.05636e-06
-5.85551e-06
-6.44603e-06
-6.85823e-06
-7.1149e-06
-7.2288e-06
-7.20097e-06
-7.02039e-06
-6.66415e-06
-6.09907e-06
-5.2883e-06
-4.18895e-06
-2.73252e-06
-8.07892e-07
2.20841e-06
3.64259e-06
4.07142e-06
1.86754e-06
)
;
    }
    defaultFaces
    {
        type            empty;
        value           nonuniform List<scalar> 0();
    }
}


// ************************************************************************* //
