/*--------------------------------*- C++ -*----------------------------------*\
| =========                 |                                                 |
| \\      /  F ield         | OpenFOAM: The Open Source CFD Toolbox           |
|  \\    /   O peration     | Version:  2312                                  |
|   \\  /    A nd           | Website:  www.openfoam.com                      |
|    \\/     M anipulation  |                                                 |
\*---------------------------------------------------------------------------*/
FoamFile
{
    version     2.0;
    format      ascii;
    arch        "LSB;label=32;scalar=64";
    class       volScalarField;
    location    "0.1";
    object      alphas;
}
// * * * * * * * * * * * * * * * * * * * * * * * * * * * * * * * * * * * * * //

dimensions      [0 0 0 0 0 0 0];

internalField   nonuniform List<scalar> 
2268
(
2
2
2
2
2
2
2
2
2
2
2
2
2
2
2
2
2
1.9029
1.1961
1
1
1
1
2
2
2
2
2
2
2
2
2
2
2
2
2
2
2
2
1.9598
1.49556
1.02657
1
1
1
1
2
2
2
2
2
2
2
2
2
2
2
2
2
2
2
1.99847
1.64968
1.08302
1
1
1
1
1
2
2
2
2
2
2
2
2
2
2
2
2
2
1.99999
1.99999
1.789
1.18968
1
1
1
1
1
1
2
2
2
2
2
2
2
2
2
2
2
2
1.99994
1.99992
1.90929
1.32577
1.00428
1
1
1
1
1
1
2
2
2
2
2
2
2
2
2
2
2
1.99998
1.99987
1.99987
1.53626
1.03108
1
1
1
1
1
1
1
2
2
2
2
2
2
2
2
2
2
2
1.99996
1.99975
1.85922
1.16127
0.999999
1
1
1
1
1
1
1
2
2
2
2
2
2
2
2
2
2
2
2
1.99897
1.60459
1.03126
0.999892
1
1
1
1
1
1
1
3
3
3
3
3
3
3
3
3
3
3
3
3
3
3
3
3
3
3
3
3
3
3
3
3
3
3
3
3
3
3
3
3
3
3
3
3
3
3
3
3
3
3
3
3
3
3
3
3
3
3
3
3
3
3
3
3
3
3
3
3
3
3
3
3
3
3
3
3
3
3
3
3
3
3
3
3
3
3
3
3
2.99999
2.99999
3
3
3
3
3
3
3
3
3
3
3
3
3
3
2.82314
2.76655
2.96964
2.99999
2.99999
3
3
3
3
3
3
3
3
3
3
3
3
3
2.61624
1.53139
1.29154
2.14169
2.97712
3
3
3
3
3
3
3
3
3
3
3
3
3
1.98606
1.33668
1
1
1.43002
2.85249
3
3
3
3
3
3
3
3
3
3
3
3
3
2
2
2
2
2
2
2
2
2
2
2
1.9365
1.79426
1.24813
0.997313
1
1
1
1
1
1
1
1
2
2
2
2
2
2
2
2
1.99159
1.90428
1.62902
0.68377
0.478866
0.890891
1
1
1
1
1
1
1
1
1
1.94667
1.93835
1.91945
1.88506
1.82691
1.73264
1.58518
1.36094
0.981613
0.546096
0.150523
0.000566626
0.141413
0.876913
1.00259
1
1
1
1
1
1
1
1
0.675582
0.64499
0.585037
0.498529
0.390368
0.268617
0.144954
0.0288187
9.26631e-10
3.15401e-11
1.02268e-17
1.80599e-10
0.13365
0.875308
1.00266
1.00033
1
1
1
1
1
1
1
5.13016e-17
6.30171e-17
7.46861e-17
9.5789e-17
1.46965e-16
2.10538e-16
3.03438e-16
5.77719e-16
9.23444e-16
1.19472e-15
-3.20864e-20
5.21959e-10
0.136552
0.879794
0.999993
1
1
1
1
1
1
1
1
8.78578e-16
9.84469e-16
1.08897e-15
1.30452e-15
1.36771e-15
1.76047e-15
2.3409e-15
5.25315e-15
8.16748e-15
9.98747e-15
-1.51178e-18
3.35405e-09
0.111983
0.847081
1
1
1
1
1
1
1
1
1
1.19456e-14
1.24013e-14
1.2998e-14
1.50453e-14
1.95716e-14
2.54906e-14
3.10107e-14
4.37264e-14
5.53009e-14
6.89175e-14
-1.93127e-18
2.01804e-08
0.110029
0.838079
1
1
1
1
1
1
1
1
1
1.29836e-13
1.26203e-13
1.27027e-13
1.41402e-13
1.60424e-13
2.04638e-13
2.40859e-13
3.25946e-13
3.36446e-13
4.01811e-13
6.94961e-31
1.11361e-07
0.139839
0.8622
1
1
1
1
1
1
1
1
1
1.08758e-12
9.98471e-13
9.74205e-13
1.03347e-12
1.21862e-12
1.54348e-12
1.76478e-12
1.79924e-12
2.40807e-12
2.24901e-12
5.55211e-29
5.5504e-07
0.190932
0.902571
1
1
1
1
1
1
1
1
1
6.84577e-12
6.32825e-12
6.01908e-12
6.32681e-12
7.9217e-12
6.95937e-12
7.7269e-12
1.0161e-11
8.64287e-12
1.17868e-11
1.96988e-24
2.4707e-06
0.25351
0.938934
1
1
1
1
1
1
1
1
1
3.43954e-11
3.55294e-11
3.30528e-11
3.44442e-11
3.55498e-11
3.7335e-11
4.03028e-11
3.81474e-11
4.81298e-11
4.21864e-11
6.38875e-12
9.73016e-06
0.32934
0.967982
1
1
1
1
1
1
1
1
1
1.57504e-10
1.41587e-10
1.28757e-10
1.28045e-10
1.30293e-10
1.26781e-10
1.31648e-10
1.42982e-10
1.38646e-10
1.42431e-10
1.61769e-11
3.35556e-05
0.42011
0.987828
1
1
1
1
1
1
1
1
1
4.86604e-10
4.38427e-10
3.89931e-10
3.68447e-10
3.58274e-10
3.38188e-10
3.39079e-10
3.4026e-10
3.17706e-10
3.1561e-10
1.9893e-11
0.000101288
0.530122
0.997959
1
1
1
1
1
1
1
1
1
1.02905e-09
9.09989e-10
7.88431e-10
6.88819e-10
6.44241e-10
6.17694e-10
6.29838e-10
5.94587e-10
4.80683e-10
6.11252e-10
1.60669e-11
0.000295656
0.657196
1
1
1
1
1
1
1
1
1
1
9.79512e-10
8.40358e-10
6.84975e-10
5.52464e-10
5.54156e-10
6.16798e-10
7.56549e-10
6.71247e-10
3.29228e-10
1.41297e-09
1.39298e-11
0.0011776
0.763419
0.999999
1
1
1
1
1
1
1
1
1.02308
2.05444e-09
2.14441e-09
2.33324e-09
2.01708e-09
1.61202e-09
4.55464e-10
-1.10897e-18
3.05834e-18
-1.41657e-18
0.000481199
0.015168
0.0667037
0.808948
0.999913
1
1
1
1
1.0087
1.07034
1.23139
1.57605
2.17032
0.409592
0.425147
0.454862
0.501002
0.566249
0.651053
0.760136
0.894502
1.06173
1.30017
1.59976
1.9289
1.19814
1.12345
1.19654
1.32357
1.49316
1.71346
2.04051
2.37791
2.68283
2.93803
3
2.59658
2.61219
2.64065
2.6814
2.73272
2.79051
2.853
2.91577
2.97734
2.99998
2.99981
2.99205
2.69167
2.51614
2.63505
2.77497
2.89283
2.9856
3
3
3
3
3
3
3
3
3
3
3
3
3
3
2.99999
2.99966
2.99765
3
2.9976
2.9999
3
3
3
3
3
3
3
2.99999
3
3
3
3
3
3
3
3
3
3
3
3
3
3
3
3
3
3
3
3
3
3
2.99989
3
3
3
3
3
3
3
3
3
3
3
3
3
3
3
3
3
3
3
3
3
3
2.99999
3
3
3
3
3
3
3
3
3
3
3
3
3
3
3
3
3
3
3
3
3
3
3
3
3
3
3
3
3
3
3
3
3
3
3
3
3
3
3
3
3
3
3
3
3
3
3
3
3
3
3
3
3
3
3
3
3
3
3
3
3
3
3
3
3
3
3
3
3
3
3
3
3
3
3
3
3
3
3
3
3
3
3
3
3
3
3
3
3
3
3
3
3
3
3
3
3
3
3
3
3
3
3
3
3
3
3
3
3
3
3
3
3
3
3
3
3
3
3
3
3
3
3
3
3
3
3
3
3
3
3
3
3
3
3
3
3
3
3
3
3
3
3
3
3
3
3
3
3
3
3
3
3
3
3
3
3
3
3
3
3
3
3
3
3
3
3
3
3
3
3
3
3
3
3
3
3
3
3
3
3
3
3
3
3
3
3
3
3
3
3
3
3
3
3
3
3
3
3
3
3
3
3
3
3
3
3
3
3
3
3
3
3
3
3
3
3
3
3
3
3
3
3
3
3
3
3
3
3
3
3
3
3
3
3
3
3
3
3
3
3
3
3
3
3
3
3
3
3
3
3
3
3
3
3
3
3
3
3
3
3
3
3
3
3
3
3
3
3
3
3
3
3
3
3
3
3
3
3
3
3
3
3
3
3
3
3
3
3
3
3
3
3
3
3
3
3
3
3
3
3
3
3
3
3
3
3
3
3
3
3
3
3
3
3
3
3
3
3
3
3
3
3
3
3
3
3
3
3
3
3
3
3
3
3
3
3
3
3
3
3
3
3
3
3
3
3
3
3
3
3
3
3
3
3
3
3
3
3
3
3
3
3
3
3
3
3
3
3
3
3
3
3
3
3
3
3
3
3
3
3
3
3
3
3
3
3
3
3
3
3
3
3
3
3
3
3
3
3
3
3
3
3
3
3
3
3
3
3
3
3
3
3
3
3
3
3
3
3
3
3
3
3
3
3
3
3
3
3
3
3
3
3
3
3
3
3
3
3
3
3
3
3
3
3
3
3
3
3
3
3
3
3
3
3
3
3
3
3
3
3
3
3
3
3
3
3
3
3
3
3
3
3
3
3
3
3
3
3
3
3
3
3
1
1
1
1
1
1
1
1
1
1
1
1
1
1
1
1
1
1
1
1
1
1
1
1
1
1
1
1
1
1
1
1
1
1
1
1
1
1
1
1.10742
1
1
1
2.1047
1
1
1.62684
2.91387
1
1.13876
2.61751
3
1
1.88479
2.9771
3
1.32168
2.49822
3
3
2.59901
2.76828
2.9981
3
3
2.88809
2.97207
3
3
2.9974
2.97673
3
2.99985
2.99921
2.99403
3
2.99924
2.99937
3
3
2.99995
2.99994
3
3
3
3
3
3
3
3
3
3
3
3
3
3
3
3
3
3
3
3
3
3
3
3
3
3
3
3
3
3
3
3
3
3
3
3
3
3
3
3
3
3
3
3
3
3
3
3
3
3
3
3
3
3
3
3
3
3
3
3
3
3
3
3
3
3
3
3
3
3
3
3
3
3
3
3
3
3
3
3
3
3
3
3
3
3
1
1
1
1
1.25261
2.76094
3
3
3
3
3
3
3
3
3
3
3
3
3
1
1
1
1
1.56253
2.81804
3
3
3
3
3
3
3
3
3
3
3
3
3
1
1
1
1.54172
2.89081
3
3
3
3
3
3
3
3
3
3
3
3
3
3
1
1
1.12656
2.47766
3
3
3
3
3
3
3
3
3
3
3
3
3
3
3
1
1
2.01258
2.99024
3
3
3
3
3
3
3
3
3
3
3
3
3
3
3
1
1.44015
2.81933
3
3
3
3
3
3
3
3
3
3
3
3
3
3
3
3
1
2.34225
3
3
3
3
3
3
3
3
3
3
3
3
3
3
3
3
3
1.44112
2.88438
3
3
3
3
3
3
3
3
3
3
3
3
3
3
3
3
3
2.17221
3
3
3
3
3
3
3
3
3
3
3
3
3
3
3
3
3
3
2.75454
3
3
3
3
3
3
3
3
3
3
3
3
3
3
3
3
3
3
2.99465
3
3
3
3
3
3
3
3
3
3
3
3
3
3
3
3
3
3
3
3
3
3
3
3
3
3
3
3
3
3
3
3
3
3
3
3
3
3
3
3
3
3
3
3
3
3
3
3
3
3
3
3
3
3
3
3
3
3
3
3
3
3
3
3
3
3
3
3
3
3
3
3
3
3
3
3
3
3
3
3
3
3
3
3
3
3
3
3
3
3
3
3
3
3
3
3
3
3
3
3
3
3
3
3
3
3
3
3
3
3
3
3
3
3
3
3
3
3
3
3
3
3
3
3
3
3
3
3
3
3
3
3
3
3
3
3
3
3
3
3
3
3
3
3
3
3
3
3
3
3
3
3
3
3
3
3
3
3
3
3
3
3
3
3
3
3
3
3
3
3
3
3
3
3
3
3
3
3
3
3
3
3
3
3
3
3
3
3
3
3
3
3
3
3
3
3
3
3
3
3
3
3
3
3
3
3
3
3
3
3
3
3
3
3
3
3
3
3
3
3
3
3
3
3
3
3
3
3
3
3
3
3
3
3
3
3
3
3
3
3
3
3
3
3
3
3
3
3
3
3
3
3
3
3
3
3
3
3
3
3
3
3
3
3
3
3
3
3
3
3
3
3
3
3
3
3
3
3
3
3
3
3
3
3
3
3
3
3
3
3
3
3
3
3
3
3
3
3
3
3
3
3
3
3
3
3
3
3
3
3
3
3
3
3
3
3
3
3
3
3
3
3
3
3
3
3
3
3
3
3
3
3
3
3
3
3
3
3
3
3
3
3
3
3
3
3
3
3
3
3
3
3
3
3
3
3
3
3
3
3
3
3
3
3
3
3
3
3
3
3
3
3
3
3
3
3
3
3
3
3
3
3
3
3
3
3
3
3
3
3
3
3
3
3
3
3
3
3
3
3
3
3
3
3
3
3
3
3
3
3
3
3
3
3
3
3
3
3
3
3
3
3
3
3
3
3
3
3
3
3
3
3
3
3
3
3
3
3
3
3
3
3
3
3
3
3
3
3
3
3
3
3
3
3
3
3
3
3
3
3
3
3
3
3
3
3
3
3
3
3
3
3
3
3
3
3
3
3
3
3
3
3
3
3
3
3
3
3
3
3
3
3
3
3
3
3
3
3
3
3
3
3
3
3
3
3
3
3
3
3
3
3
3
3
3
3
3
3
3
3
3
3
3
3
3
3
3
3
3
3
3
3
3
3
3
3
3
3
3
3
3
3
3
3
3
3
3
3
3
3
3
3
3
3
3
3
3
3
3
3
3
3
3
3
3
3
3
3
3
3
3
3
3
3
3
3
3
3
3
3
3
3
3
3
3
3
3
3
3
3
3
3
3
3
3
3
3
3
3
3
3
3
3
3
3
3
3
)
;

boundaryField
{
    leftWall
    {
        type            calculated;
        value           nonuniform List<scalar> 
50
(
2
2
2
2
2
2
2
2
2
2
1.94667
0.675582
5.13016e-17
8.78578e-16
1.19456e-14
1.29836e-13
1.08758e-12
6.84577e-12
3.43954e-11
1.57504e-10
4.86604e-10
1.02905e-09
9.79512e-10
2.05444e-09
0.409592
2.59658
3
3
3
3
3
3
3
3
3
3
3
3
3
3
3
3
3
3
3
3
3
3
3
3
)
;
    }
    rightWall
    {
        type            calculated;
        value           nonuniform List<scalar> 
50
(
3
3
3
3
3
3
3
3
3
3
3
3
3
3
3
3
3
3
3
3
3
3
3
3
3
3
3
3
3
3
3
3
3
3
3
3
3
3
3
3
3
3
3
3
3
3
3
3
3
3
)
;
    }
    lowerWall
    {
        type            calculated;
        value           nonuniform List<scalar> 
62
(
2
2
2
2
2
2
2
2
2
2
2
2
2
2
2
2
2
1.9029
1.1961
1
1
1
1
1
1
1
1
1
1
1
1
1
1
1
1
3
3
3
3
3
3
3
1.98606
3
3
3
3
3
3
3
3
3
3
3
3
3
3
3
3
3
3
3
)
;
    }
    atmosphere
    {
        type            calculated;
        value           nonuniform List<scalar> 
46
(
3
3
3
3
3
3
3
3
3
3
3
3
3
3
3
3
3
3
3
3
3
3
3
3
3
3
3
3
3
3
3
3
3
3
3
3
3
3
3
3
3
3
3
3
3
3
)
;
    }
    defaultFaces
    {
        type            empty;
    }
}


// ************************************************************************* //
