/*--------------------------------*- C++ -*----------------------------------*\
| =========                 |                                                 |
| \\      /  F ield         | OpenFOAM: The Open Source CFD Toolbox           |
|  \\    /   O peration     | Version:  2312                                  |
|   \\  /    A nd           | Website:  www.openfoam.com                      |
|    \\/     M anipulation  |                                                 |
\*---------------------------------------------------------------------------*/
FoamFile
{
    version     2.0;
    format      ascii;
    arch        "LSB;label=32;scalar=64";
    class       volVectorField;
    location    "0.1";
    object      U;
}
// * * * * * * * * * * * * * * * * * * * * * * * * * * * * * * * * * * * * * //

dimensions      [0 1 -1 0 0 0 0];

internalField   nonuniform List<vector> 
2268
(
(0.0134207 -0.00636971 0)
(0.0388497 -0.00656185 0)
(0.0660548 -0.00695552 0)
(0.0951645 -0.00758222 0)
(0.12714 -0.00848542 0)
(0.163129 -0.00973454 0)
(0.204558 -0.0114333 0)
(0.253257 -0.0137342 0)
(0.311858 -0.0168948 0)
(0.382909 -0.0211604 0)
(0.473791 -0.0276208 0)
(0.589959 -0.0374642 0)
(0.73453 -0.0452721 0)
(0.892105 -0.0444594 0)
(1.03412 -0.035996 0)
(1.13836 -0.0257218 0)
(1.20133 -0.0181266 0)
(1.2379 -0.0117687 0)
(1.26217 0.00739059 0)
(1.00914 0.0607529 0)
(0.681599 0.0774354 0)
(0.398783 0.077405 0)
(0.159795 0.0752792 0)
(0.0133379 -0.0182088 0)
(0.0386288 -0.0187336 0)
(0.0656679 -0.0198034 0)
(0.09458 -0.0214936 0)
(0.126315 -0.0239093 0)
(0.161998 -0.027217 0)
(0.203031 -0.0316617 0)
(0.251195 -0.0375964 0)
(0.309124 -0.0456011 0)
(0.379074 -0.0562185 0)
(0.468456 -0.0714063 0)
(0.580439 -0.0930657 0)
(0.718116 -0.110223 0)
(0.867253 -0.106956 0)
(1.00052 -0.084455 0)
(1.09803 -0.056581 0)
(1.15961 -0.0338165 0)
(1.19974 -0.00917949 0)
(1.14286 0.10679 0)
(0.847814 0.183408 0)
(0.60584 0.194091 0)
(0.3733 0.188691 0)
(0.155613 0.18542 0)
(0.0131565 -0.0302527 0)
(0.0381396 -0.0311194 0)
(0.0648181 -0.0328961 0)
(0.0933087 -0.0356983 0)
(0.124532 -0.039703 0)
(0.15957 -0.0451865 0)
(0.199766 -0.052557 0)
(0.246795 -0.062401 0)
(0.303234 -0.0756509 0)
(0.370834 -0.0932892 0)
(0.457094 -0.118065 0)
(0.563918 -0.152662 0)
(0.694739 -0.180903 0)
(0.835245 -0.176608 0)
(0.957882 -0.142772 0)
(1.04666 -0.10285 0)
(1.11264 -0.0648368 0)
(1.14809 0.01488 0)
(0.919888 0.210939 0)
(0.715609 0.280759 0)
(0.546941 0.294579 0)
(0.354191 0.295508 0)
(0.154444 0.302728 0)
(0.0128872 -0.0421131 0)
(0.0374078 -0.0433035 0)
(0.0635469 -0.0457573 0)
(0.0914119 -0.0496226 0)
(0.121879 -0.0551418 0)
(0.155963 -0.0626908 0)
(0.194918 -0.0728199 0)
(0.240265 -0.0863221 0)
(0.294465 -0.104411 0)
(0.358602 -0.128483 0)
(0.440396 -0.161872 0)
(0.540749 -0.20801 0)
(0.663822 -0.246336 0)
(0.794691 -0.240133 0)
(0.905386 -0.197504 0)
(0.991037 -0.148378 0)
(1.07006 -0.0739751 0)
(0.958745 0.139203 0)
(0.756576 0.274922 0)
(0.626083 0.350905 0)
(0.507292 0.372153 0)
(0.346196 0.39012 0)
(0.159341 0.418752 0)
(0.0125327 -0.0537167 0)
(0.0364376 -0.0552141 0)
(0.0618606 -0.0583096 0)
(0.0888969 -0.0631788 0)
(0.118359 -0.0701205 0)
(0.151172 -0.0795961 0)
(0.188464 -0.0922774 0)
(0.231554 -0.10913 0)
(0.282717 -0.131575 0)
(0.34226 -0.161447 0)
(0.418338 -0.202495 0)
(0.510441 -0.259188 0)
(0.623333 -0.308165 0)
(0.742074 -0.30176 0)
(0.844965 -0.255858 0)
(0.944894 -0.188961 0)
(0.9861 0.0334176 0)
(0.779724 0.190425 0)
(0.641817 0.325299 0)
(0.56662 0.398632 0)
(0.486294 0.430561 0)
(0.353064 0.474239 0)
(0.173408 0.537235 0)
(0.0120899 -0.0648228 0)
(0.0352171 -0.0666017 0)
(0.0597369 -0.0702787 0)
(0.0857268 -0.0760474 0)
(0.113915 -0.084253 0)
(0.145113 -0.0954235 0)
(0.180293 -0.110327 0)
(0.220555 -0.130064 0)
(0.267941 -0.156203 0)
(0.322005 -0.191047 0)
(0.391535 -0.238482 0)
(0.47356 -0.304311 0)
(0.572069 -0.366003 0)
(0.675102 -0.364007 0)
(0.784985 -0.315885 0)
(0.936319 -0.155561 0)
(0.794671 0.0758912 0)
(0.634502 0.236296 0)
(0.562181 0.361552 0)
(0.529367 0.42582 0)
(0.484665 0.472696 0)
(0.379273 0.549318 0)
(0.201093 0.666161 0)
(0.0115412 -0.0753606 0)
(0.0336974 -0.0773842 0)
(0.0570982 -0.081578 0)
(0.0817964 -0.0881474 0)
(0.108422 -0.0974755 0)
(0.137667 -0.110148 0)
(0.170349 -0.127013 0)
(0.207388 -0.149293 0)
(0.250579 -0.178656 0)
(0.298948 -0.217906 0)
(0.361871 -0.270426 0)
(0.432156 -0.343717 0)
(0.510415 -0.42138 0)
(0.598214 -0.42921 0)
(0.734224 -0.365256 0)
(0.782526 -0.0744363 0)
(0.612553 0.114298 0)
(0.525717 0.273481 0)
(0.50721 0.374756 0)
(0.512545 0.434534 0)
(0.50306 0.498886 0)
(0.431677 0.613888 0)
(0.249624 0.81662 0)
(0.0108689 -0.0868615 0)
(0.0318211 -0.0891579 0)
(0.0538545 -0.0939076 0)
(0.0770184 -0.101332 0)
(0.101849 -0.111848 0)
(0.128932 -0.126094 0)
(0.158959 -0.145007 0)
(0.192747 -0.169914 0)
(0.231828 -0.202606 0)
(0.275123 -0.246186 0)
(0.331839 -0.303286 0)
(0.389477 -0.381628 0)
(0.444019 -0.476108 0)
(0.522886 -0.494713 0)
(0.684674 -0.345658 0)
(0.598077 -0.0519463 0)
(0.480149 0.150122 0)
(0.452894 0.288306 0)
(0.4757 0.369839 0)
(0.514201 0.429256 0)
(0.541371 0.51154 0)
(0.521702 0.670384 0)
(0.330918 1.0312 0)
(-0.185325 0.064852 0)
(-0.380362 0.0300355 0)
(-0.420053 -0.0116251 0)
(-0.266708 -0.0590679 0)
(0.0657544 -0.0764185 0)
(0.346982 -0.0564633 0)
(0.536112 -0.0278566 0)
(0.612993 -0.00568482 0)
(0.609892 0.0064177 0)
(0.564113 0.0120119 0)
(0.50173 0.0140659 0)
(0.434849 0.0144647 0)
(0.368458 0.0141155 0)
(0.304612 0.0134656 0)
(0.243923 0.0127862 0)
(0.186237 0.0121759 0)
(0.131044 0.0117004 0)
(0.0776942 0.0113677 0)
(0.0266185 0.0112321 0)
(-0.191459 0.179462 0)
(-0.392117 0.0925314 0)
(-0.415875 -0.0291135 0)
(-0.22226 -0.17263 0)
(0.115358 -0.212164 0)
(0.397287 -0.157371 0)
(0.580459 -0.0786293 0)
(0.649139 -0.0167209 0)
(0.63855 0.0192302 0)
(0.586556 0.0358617 0)
(0.519543 0.0419707 0)
(0.449263 0.0431245 0)
(0.38021 0.0420437 0)
(0.314165 0.0401297 0)
(0.251552 0.038122 0)
(0.192098 0.036341 0)
(0.135227 0.0349445 0)
(0.0802242 0.0339759 0)
(0.0274747 0.033234 0)
(-0.208643 0.307803 0)
(-0.418106 0.147655 0)
(-0.401451 -0.0696468 0)
(-0.14484 -0.296486 0)
(0.186591 -0.366506 0)
(0.459446 -0.265032 0)
(0.62967 -0.125712 0)
(0.680635 -0.0212585 0)
(0.656232 0.0371175 0)
(0.594954 0.063035 0)
(0.522973 0.0720145 0)
(0.45023 0.0732001 0)
(0.380026 0.0709546 0)
(0.313538 0.0675169 0)
(0.250841 0.0640234 0)
(0.191473 0.0609749 0)
(0.134762 0.058598 0)
(0.0799425 0.0569672 0)
(0.0273729 0.0557809 0)
(-0.241873 0.442934 0)
(-0.451506 0.170887 0)
(-0.25322 -0.130477 0)
(0.0444497 -0.43713 0)
(0.32357 -0.474907 0)
(0.567445 -0.370278 0)
(0.709771 -0.163188 0)
(0.728751 -0.0179709 0)
(0.679956 0.0602908 0)
(0.604405 0.0931966 0)
(0.525449 0.103609 0)
(0.449602 0.104015 0)
(0.378163 0.100168 0)
(0.311389 0.0949856 0)
(0.248861 0.0899089 0)
(0.189861 0.0855528 0)
(0.133598 0.0821875 0)
(0.0792371 0.0798954 0)
(0.0271232 0.0782605 0)
(-0.292416 0.585925 0)
(-0.48865 0.223392 0)
(0.265886 -0.349507 0)
(0.435266 -0.591092 0)
(0.576032 -0.67023 0)
(0.727578 -0.42212 0)
(0.828812 -0.178316 0)
(0.794999 0.00174988 0)
(0.710066 0.0930173 0)
(0.615458 0.128359 0)
(0.527807 0.137543 0)
(0.448259 0.135828 0)
(0.375442 0.129692 0)
(0.308439 0.12245 0)
(0.246207 0.115639 0)
(0.187724 0.109921 0)
(0.13206 0.105545 0)
(0.0783153 0.102591 0)
(0.0268009 0.100505 0)
(-0.309639 0.688027 0)
(0.532156 -0.164943 0)
(1.16887 -0.472473 0)
(1.17174 -0.53064 0)
(1.1184 -0.614417 0)
(0.936888 -0.468038 0)
(0.967701 -0.145141 0)
(0.87837 0.0491361 0)
(0.74362 0.139941 0)
(0.626012 0.170433 0)
(0.528871 0.174439 0)
(0.44568 0.16881 0)
(0.371665 0.159573 0)
(0.304634 0.14989 0)
(0.242884 0.141182 0)
(0.185088 0.134029 0)
(0.130178 0.128621 0)
(0.0771869 0.124996 0)
(0.0264044 0.122472 0)
(0.411413 0.683657 0)
(1.20716 -0.403203 0)
(1.19739 -0.455471 0)
(1.19573 -0.498101 0)
(1.18813 -0.534425 0)
(1.10449 -0.516897 0)
(1.06102 -0.108869 0)
(0.933842 0.106389 0)
(0.769645 0.195276 0)
(0.632889 0.218333 0)
(0.52749 0.213822 0)
(0.44142 0.20266 0)
(0.366644 0.18961 0)
(0.299893 0.177178 0)
(0.238862 0.166448 0)
(0.181943 0.157815 0)
(0.12795 0.151364 0)
(0.0758707 0.147071 0)
(0.0259528 0.144113 0)
(1.21336 -0.286963 0)
(1.22709 -0.380984 0)
(1.23724 -0.454043 0)
(1.24869 -0.499111 0)
(1.2568 -0.529698 0)
(1.25013 -0.536424 0)
(1.14922 -0.0218153 0)
(0.972671 0.188892 0)
(0.77528 0.260554 0)
(0.632464 0.269907 0)
(0.522182 0.254358 0)
(0.434964 0.236351 0)
(0.36021 0.218956 0)
(0.294177 0.203586 0)
(0.234148 0.19079 0)
(0.178311 0.180689 0)
(0.125399 0.173226 0)
(0.0743596 0.168284 0)
(0.0254266 0.164931 0)
(0.0101096 -0.100367 0)
(0.0296985 -0.102949 0)
(0.0502279 -0.108252 0)
(0.0717639 -0.116525 0)
(0.0947561 -0.128212 0)
(0.119691 -0.144006 0)
(0.147164 -0.16493 0)
(0.177927 -0.192459 0)
(0.213286 -0.228427 0)
(0.252354 -0.275946 0)
(0.30333 -0.337869 0)
(0.350716 -0.41682 0)
(0.385356 -0.521863 0)
(0.459103 -0.541555 0)
(0.533014 -0.24081 0)
(0.395519 0.0038541 0)
(0.361009 0.170831 0)
(0.397102 0.26565 0)
(0.465904 0.324437 0)
(0.552806 0.379086 0)
(0.659549 0.4619 0)
(0.858205 0.611092 0)
(1.10496 0.927931 0)
(0.00862299 -0.12261 0)
(0.0254741 -0.125634 0)
(0.04298 -0.13179 0)
(0.0611969 -0.141314 0)
(0.0804265 -0.154609 0)
(0.10101 -0.172337 0)
(0.123444 -0.195595 0)
(0.148701 -0.226189 0)
(0.177703 -0.266032 0)
(0.209591 -0.317509 0)
(0.250635 -0.384698 0)
(0.299595 -0.456218 0)
(0.330025 -0.581377 0)
(0.380172 -0.569848 0)
(0.310911 -0.201114 0)
(0.285629 0.0243321 0)
(0.323451 0.135272 0)
(0.394582 0.195097 0)
(0.486014 0.235502 0)
(0.595312 0.272901 0)
(0.726977 0.319393 0)
(0.910498 0.379547 0)
(1.17352 0.3982 0)
(0.00707811 -0.137505 0)
(0.0210699 -0.140554 0)
(0.035681 -0.146669 0)
(0.0511374 -0.156099 0)
(0.0678998 -0.169277 0)
(0.0865246 -0.186946 0)
(0.107731 -0.21039 0)
(0.132994 -0.241769 0)
(0.162124 -0.282658 0)
(0.201695 -0.340234 0)
(0.261806 -0.428939 0)
(0.349996 -0.510083 0)
(0.372129 -0.642294 0)
(0.319411 -0.480861 0)
(0.257015 -0.190548 0)
(0.274902 -0.0158149 0)
(0.333539 0.0628853 0)
(0.411831 0.103877 0)
(0.50558 0.129358 0)
(0.614305 0.14705 0)
(0.741534 0.158376 0)
(0.897893 0.160834 0)
(1.13697 0.134525 0)
(0.00703289 -0.126683 0)
(0.0214549 -0.130636 0)
(0.0378949 -0.138633 0)
(0.0574591 -0.15128 0)
(0.0820347 -0.169623 0)
(0.114024 -0.195347 0)
(0.155951 -0.230984 0)
(0.21013 -0.279099 0)
(0.27445 -0.34323 0)
(0.328745 -0.427639 0)
(0.366229 -0.517138 0)
(0.380065 -0.574281 0)
(0.369308 -0.595361 0)
(0.311403 -0.414531 0)
(0.264127 -0.18769 0)
(0.291196 -0.0635592 0)
(0.35121 -0.00808278 0)
(0.427703 0.0172698 0)
(0.516833 0.0280969 0)
(0.618475 0.0288144 0)
(0.734607 0.0188785 0)
(0.868919 -0.00625186 0)
(1.03917 -0.057674 0)
(0.0242632 -0.199507 0)
(0.068674 -0.204612 0)
(0.114806 -0.214794 0)
(0.160968 -0.230846 0)
(0.206698 -0.253597 0)
(0.250898 -0.283644 0)
(0.2917 -0.320496 0)
(0.327453 -0.360975 0)
(0.357153 -0.404509 0)
(0.376381 -0.454683 0)
(0.385356 -0.507368 0)
(0.369405 -0.556116 0)
(0.344636 -0.542655 0)
(0.296403 -0.351742 0)
(0.265962 -0.179246 0)
(0.299027 -0.107771 0)
(0.358842 -0.0792553 0)
(0.431989 -0.0682775 0)
(0.515179 -0.0682294 0)
(0.608423 -0.0779868 0)
(0.712553 -0.0986105 0)
(0.828092 -0.133284 0)
(0.964893 -0.188159 0)
(0.0219676 -0.218469 0)
(0.0623512 -0.223154 0)
(0.103686 -0.232473 0)
(0.144466 -0.246893 0)
(0.184194 -0.266866 0)
(0.221977 -0.292771 0)
(0.256555 -0.32464 0)
(0.286609 -0.361856 0)
(0.311033 -0.403725 0)
(0.327232 -0.44935 0)
(0.337859 -0.495329 0)
(0.327575 -0.537918 0)
(0.31434 -0.499582 0)
(0.302519 -0.325343 0)
(0.296251 -0.202459 0)
(0.325672 -0.157365 0)
(0.374285 -0.141033 0)
(0.435377 -0.139495 0)
(0.507187 -0.148927 0)
(0.58888 -0.16865 0)
(0.679653 -0.199578 0)
(0.778747 -0.243934 0)
(0.89363 -0.304573 0)
(0.0192366 -0.263606 0)
(0.0550357 -0.268362 0)
(0.09145 -0.277581 0)
(0.127103 -0.291534 0)
(0.161528 -0.310371 0)
(0.194039 -0.334138 0)
(0.223769 -0.362618 0)
(0.249782 -0.395212 0)
(0.271313 -0.431025 0)
(0.286553 -0.46877 0)
(0.299304 -0.506192 0)
(0.294962 -0.540762 0)
(0.293394 -0.491611 0)
(0.298615 -0.322413 0)
(0.300795 -0.216432 0)
(0.327236 -0.189609 0)
(0.369873 -0.189394 0)
(0.423581 -0.200748 0)
(0.486889 -0.220808 0)
(0.558824 -0.24983 0)
(0.638084 -0.288935 0)
(0.724138 -0.339835 0)
(0.82325 -0.403864 0)
(0.0168257 -0.297795 0)
(0.0483998 -0.302203 0)
(0.0803002 -0.310717 0)
(0.111385 -0.323545 0)
(0.141248 -0.340702 0)
(0.169359 -0.362099 0)
(0.195106 -0.387457 0)
(0.217853 -0.416249 0)
(0.237187 -0.447675 0)
(0.251755 -0.48059 0)
(0.266142 -0.513376 0)
(0.265587 -0.544207 0)
(0.27121 -0.487488 0)
(0.280936 -0.322647 0)
(0.285996 -0.236415 0)
(0.313078 -0.224369 0)
(0.353236 -0.235599 0)
(0.401759 -0.256376 0)
(0.457854 -0.284596 0)
(0.521011 -0.320924 0)
(0.589881 -0.366465 0)
(0.664729 -0.422703 0)
(0.750123 -0.490498 0)
(0.0145898 -0.328161 0)
(0.042192 -0.332315 0)
(0.0699387 -0.340234 0)
(0.0969007 -0.352094 0)
(0.12274 -0.367843 0)
(0.147049 -0.387326 0)
(0.169397 -0.410258 0)
(0.189368 -0.436174 0)
(0.206814 -0.464412 0)
(0.220625 -0.494083 0)
(0.235939 -0.524048 0)
(0.237201 -0.55317 0)
(0.247237 -0.48824 0)
(0.25698 -0.326341 0)
(0.263227 -0.258767 0)
(0.290719 -0.258172 0)
(0.328471 -0.27789 0)
(0.372285 -0.305902 0)
(0.421798 -0.340589 0)
(0.476889 -0.382767 0)
(0.536184 -0.433507 0)
(0.600907 -0.494175 0)
(0.673829 -0.565491 0)
(0.0125409 -0.354504 0)
(0.036437 -0.358407 0)
(0.0603555 -0.365753 0)
(0.0835661 -0.376719 0)
(0.105789 -0.391221 0)
(0.12671 -0.409093 0)
(0.146027 -0.430074 0)
(0.163473 -0.453778 0)
(0.179068 -0.479696 0)
(0.191822 -0.507207 0)
(0.207214 -0.535499 0)
(0.208704 -0.56413 0)
(0.221126 -0.489 0)
(0.228444 -0.330746 0)
(0.235891 -0.281594 0)
(0.263139 -0.290637 0)
(0.298067 -0.316671 0)
(0.337199 -0.349943 0)
(0.380408 -0.389449 0)
(0.427856 -0.436098 0)
(0.478079 -0.490943 0)
(0.533535 -0.55532 0)
(0.594947 -0.629623 0)
(0.0106483 -0.377145 0)
(0.0310815 -0.380819 0)
(0.0514674 -0.38765 0)
(0.0712306 -0.397829 0)
(0.0901435 -0.411269 0)
(0.107962 -0.427811 0)
(0.124471 -0.447236 0)
(0.139498 -0.469243 0)
(0.15314 -0.493464 0)
(0.164485 -0.51953 0)
(0.179119 -0.546828 0)
(0.179705 -0.575578 0)
(0.193111 -0.488044 0)
(0.196555 -0.336015 0)
(0.20581 -0.304356 0)
(0.232218 -0.321173 0)
(0.26385 -0.351633 0)
(0.298134 -0.388485 0)
(0.335084 -0.431368 0)
(0.375068 -0.481271 0)
(0.416393 -0.539288 0)
(0.463208 -0.606599 0)
(0.513661 -0.684318 0)
(0.00890466 -0.396281 0)
(0.0260953 -0.399749 0)
(0.0431909 -0.40613 0)
(0.0597504 -0.415626 0)
(0.0755871 -0.428166 0)
(0.0905047 -0.443599 0)
(0.104341 -0.461764 0)
(0.116978 -0.482428 0)
(0.12851 -0.505354 0)
(0.1381 -0.530401 0)
(0.151222 -0.557031 0)
(0.150044 -0.586278 0)
(0.163206 -0.484161 0)
(0.162317 -0.342554 0)
(0.174273 -0.326642 0)
(0.199297 -0.349234 0)
(0.227236 -0.382409 0)
(0.256476 -0.421372 0)
(0.287109 -0.466334 0)
(0.319618 -0.518326 0)
(0.352228 -0.578477 0)
(0.390191 -0.64794 0)
(0.429889 -0.729019 0)
(0.00728064 -0.411888 0)
(0.0214194 -0.415168 0)
(0.0354466 -0.421148 0)
(0.0490108 -0.430049 0)
(0.0619623 -0.441823 0)
(0.0741372 -0.456317 0)
(0.0854 -0.473437 0)
(0.0956604 -0.492978 0)
(0.104927 -0.514832 0)
(0.112501 -0.539022 0)
(0.123302 -0.564988 0)
(0.119607 -0.594805 0)
(0.131231 -0.476841 0)
(0.126987 -0.350909 0)
(0.142484 -0.348075 0)
(0.16561 -0.374206 0)
(0.189547 -0.408473 0)
(0.213551 -0.448253 0)
(0.237807 -0.494121 0)
(0.262929 -0.547114 0)
(0.286905 -0.608534 0)
(0.316306 -0.679046 0)
(0.344046 -0.763729 0)
(0.00579196 -0.424632 0)
(0.0170728 -0.427781 0)
(0.028219 -0.433438 0)
(0.0389656 -0.441862 0)
(0.0492042 -0.453049 0)
(0.0587865 -0.466805 0)
(0.0675922 -0.483122 0)
(0.0755389 -0.501747 0)
(0.0824901 -0.522654 0)
(0.0879497 -0.545897 0)
(0.0957083 -0.570936 0)
(0.0886493 -0.600859 0)
(0.0965151 -0.467805 0)
(0.0926304 -0.362576 0)
(0.111936 -0.368915 0)
(0.132567 -0.396151 0)
(0.152175 -0.430101 0)
(0.170788 -0.469624 0)
(0.188722 -0.515599 0)
(0.206485 -0.568995 0)
(0.222728 -0.630997 0)
(0.243595 -0.702059 0)
(0.25834 -0.791232 0)
(0.00439487 -0.436763 0)
(0.0129824 -0.439825 0)
(0.0214492 -0.445227 0)
(0.0295472 -0.453261 0)
(0.0372312 -0.464001 0)
(0.0443818 -0.47715 0)
(0.050884 -0.492843 0)
(0.0567291 -0.510676 0)
(0.0616237 -0.530691 0)
(0.0651197 -0.552696 0)
(0.0692706 -0.575515 0)
(0.0595375 -0.601428 0)
(0.0617777 -0.461936 0)
(0.0628964 -0.38038 0)
(0.0846575 -0.390625 0)
(0.101716 -0.416268 0)
(0.116568 -0.448576 0)
(0.129605 -0.487057 0)
(0.141178 -0.532249 0)
(0.152256 -0.584813 0)
(0.162172 -0.645649 0)
(0.176129 -0.714562 0)
(0.186179 -0.802998 0)
(0.0031519 -0.444846 0)
(0.00924271 -0.447683 0)
(0.0152353 -0.452639 0)
(0.0209211 -0.46 0)
(0.0262664 -0.469958 0)
(0.0312242 -0.48196 0)
(0.0356847 -0.496399 0)
(0.0397844 -0.512537 0)
(0.0433121 -0.530406 0)
(0.0462564 -0.549078 0)
(0.0495545 -0.566872 0)
(0.036923 -0.583092 0)
(0.0345808 -0.459599 0)
(0.042625 -0.402534 0)
(0.0634054 -0.409449 0)
(0.0751845 -0.430218 0)
(0.0845772 -0.459074 0)
(0.0925378 -0.494182 0)
(0.099272 -0.535808 0)
(0.105881 -0.585856 0)
(0.113684 -0.644374 0)
(0.12654 -0.711452 0)
(0.145362 -0.803098 0)
(0.00225295 -0.437305 0)
(0.00635583 -0.439895 0)
(0.010388 -0.44432 0)
(0.0143009 -0.450935 0)
(0.0179632 -0.460183 0)
(0.0214479 -0.471128 0)
(0.0246567 -0.484706 0)
(0.0277945 -0.50001 0)
(0.0302168 -0.517797 0)
(0.0335681 -0.53535 0)
(0.040341 -0.549868 0)
(0.0246169 -0.562738 0)
(0.0214965 -0.450293 0)
(0.0343154 -0.411265 0)
(0.051468 -0.411016 0)
(0.056763 -0.427026 0)
(0.0612843 -0.453973 0)
(0.0653176 -0.487418 0)
(0.0701766 -0.527854 0)
(0.078905 -0.578661 0)
(0.0956639 -0.64249 0)
(0.130716 -0.727039 0)
(0.213753 -0.827842 0)
(0.00216467 -0.429633 0)
(0.00571548 -0.432747 0)
(0.00925557 -0.437965 0)
(0.0129956 -0.445765 0)
(0.0168288 -0.456429 0)
(0.0208795 -0.469828 0)
(0.0254013 -0.48638 0)
(0.0308397 -0.506232 0)
(0.036757 -0.530423 0)
(0.0414389 -0.557229 0)
(0.031315 -0.555943 0)
(-0.197693 -0.505919 0)
(0.00306133 -0.447869 0)
(0.0320523 -0.407265 0)
(0.0530963 -0.404794 0)
(0.0569513 -0.422048 0)
(0.0638146 -0.454253 0)
(0.0765134 -0.497128 0)
(0.108504 -0.545768 0)
(0.150803 -0.621255 0)
(0.214792 -0.731817 0)
(0.247607 -0.876709 0)
(0.240913 -0.842809 0)
(0.00472465 -0.483114 0)
(3.05082e-07 -0.48494 0)
(0.00297443 -0.490751 0)
(0.00184208 -0.498827 0)
(-0.000389314 -0.509157 0)
(-0.00522859 -0.522688 0)
(-0.0119615 -0.538002 0)
(-0.0242996 -0.55659 0)
(-0.0453375 -0.569786 0)
(-0.0871177 -0.569859 0)
(-0.0921405 -0.488179 0)
(-0.0998628 -0.4645 0)
(-0.0329177 -0.754074 0)
(-0.0542396 -0.487335 0)
(-0.0650052 -0.452557 0)
(-0.0579782 -0.464002 0)
(-0.0539691 -0.509853 0)
(-0.0437476 -0.566351 0)
(-0.0221936 -0.627746 0)
(0.0176337 -0.721705 0)
(0.0477014 -0.824269 0)
(0.0344499 -0.878409 0)
(-0.0152172 -0.785104 0)
(-0.000495432 -0.467913 0)
(-0.00635637 -0.468755 0)
(-0.00953344 -0.472352 0)
(-0.0167986 -0.476455 0)
(-0.0252405 -0.48212 0)
(-0.0362378 -0.490262 0)
(-0.0501224 -0.498092 0)
(-0.0694901 -0.507505 0)
(-0.0974926 -0.512308 0)
(-0.129647 -0.507312 0)
(-0.142071 -0.480326 0)
(-0.144825 -0.527617 0)
(-0.211618 -0.615195 0)
(-0.267477 -0.503244 0)
(-0.250395 -0.450642 0)
(-0.227284 -0.465454 0)
(-0.214466 -0.502653 0)
(-0.210348 -0.55189 0)
(-0.209464 -0.617528 0)
(-0.21705 -0.700445 0)
(-0.256407 -0.769179 0)
(-0.354891 -0.746535 0)
(-0.501283 -0.510915 0)
(-0.00383174 -0.441559 0)
(-0.0109443 -0.442385 0)
(-0.0185645 -0.444015 0)
(-0.0280159 -0.446653 0)
(-0.0390197 -0.450629 0)
(-0.0520683 -0.455781 0)
(-0.0675864 -0.46131 0)
(-0.0870355 -0.466627 0)
(-0.111123 -0.46903 0)
(-0.135161 -0.465877 0)
(-0.15123 -0.459116 0)
(-0.17029 -0.4656 0)
(-0.214198 -0.480786 0)
(-0.24814 -0.457372 0)
(-0.253735 -0.446396 0)
(-0.257282 -0.455616 0)
(-0.268236 -0.482169 0)
(-0.290939 -0.522957 0)
(-0.330083 -0.575793 0)
(-0.397817 -0.629264 0)
(-0.515048 -0.646351 0)
(-0.683474 -0.568792 0)
(-0.853029 -0.347111 0)
(-0.00504091 -0.441459 0)
(-0.0148282 -0.443034 0)
(-0.0251359 -0.443284 0)
(-0.0365074 -0.444635 0)
(-0.0491782 -0.446894 0)
(-0.0634211 -0.449735 0)
(-0.0796129 -0.452642 0)
(-0.098607 -0.455034 0)
(-0.120276 -0.455579 0)
(-0.141681 -0.453571 0)
(-0.161072 -0.451558 0)
(-0.183611 -0.455395 0)
(-0.213538 -0.458533 0)
(-0.240525 -0.446896 0)
(-0.259522 -0.441895 0)
(-0.278659 -0.447007 0)
(-0.304877 -0.46169 0)
(-0.343965 -0.484107 0)
(-0.402591 -0.510729 0)
(-0.490695 -0.531134 0)
(-0.615886 -0.520699 0)
(-0.764953 -0.440254 0)
(-0.892444 -0.255034 0)
(-0.00599909 -0.429653 0)
(-0.0176255 -0.431361 0)
(-0.0294723 -0.430876 0)
(-0.0420697 -0.431186 0)
(-0.0556862 -0.432041 0)
(-0.070537 -0.433138 0)
(-0.0869008 -0.434151 0)
(-0.105201 -0.434634 0)
(-0.125223 -0.433872 0)
(-0.145633 -0.431732 0)
(-0.166036 -0.429804 0)
(-0.188559 -0.429391 0)
(-0.214107 -0.427765 0)
(-0.239587 -0.422209 0)
(-0.264001 -0.41859 0)
(-0.29071 -0.419268 0)
(-0.32393 -0.423991 0)
(-0.367901 -0.430637 0)
(-0.427253 -0.434918 0)
(-0.507383 -0.428301 0)
(-0.610628 -0.394786 0)
(-0.723195 -0.312206 0)
(-0.812743 -0.164545 0)
(-0.00645841 -0.41704 0)
(-0.0190998 -0.418853 0)
(-0.0319738 -0.417937 0)
(-0.0453319 -0.41749 0)
(-0.0594471 -0.417302 0)
(-0.0745121 -0.417138 0)
(-0.0907369 -0.416751 0)
(-0.108393 -0.415836 0)
(-0.127354 -0.41402 0)
(-0.147014 -0.411305 0)
(-0.167384 -0.408346 0)
(-0.189376 -0.405472 0)
(-0.213275 -0.401633 0)
(-0.238314 -0.39639 0)
(-0.264644 -0.391425 0)
(-0.294093 -0.387572 0)
(-0.329176 -0.384278 0)
(-0.372496 -0.37964 0)
(-0.426488 -0.370173 0)
(-0.493106 -0.349902 0)
(-0.570706 -0.308662 0)
(-0.648292 -0.232675 0)
(-0.705154 -0.113963 0)
(-0.00676175 -0.403603 0)
(-0.0199497 -0.405552 0)
(-0.0332623 -0.40437 0)
(-0.0469381 -0.403356 0)
(-0.0611968 -0.402364 0)
(-0.0762065 -0.401216 0)
(-0.0921369 -0.399738 0)
(-0.109164 -0.397721 0)
(-0.127267 -0.394928 0)
(-0.146231 -0.391346 0)
(-0.166122 -0.387238 0)
(-0.187372 -0.382611 0)
(-0.210213 -0.377062 0)
(-0.234608 -0.370465 0)
(-0.260937 -0.363213 0)
(-0.290266 -0.355307 0)
(-0.323997 -0.345948 0)
(-0.363492 -0.333408 0)
(-0.409741 -0.314942 0)
(-0.462854 -0.286448 0)
(-0.520491 -0.241748 0)
(-0.574233 -0.173425 0)
(-0.610781 -0.0779322 0)
(-0.00676765 -0.389999 0)
(-0.0200828 -0.392021 0)
(-0.0335691 -0.390639 0)
(-0.0472944 -0.389189 0)
(-0.0614616 -0.387568 0)
(-0.0762238 -0.385645 0)
(-0.0917277 -0.383285 0)
(-0.108117 -0.380335 0)
(-0.125427 -0.376636 0)
(-0.143606 -0.372134 0)
(-0.162741 -0.366878 0)
(-0.183085 -0.360808 0)
(-0.204839 -0.353698 0)
(-0.228154 -0.345397 0)
(-0.25337 -0.33583 0)
(-0.2811 -0.324664 0)
(-0.312059 -0.311077 0)
(-0.346818 -0.293678 0)
(-0.38551 -0.27049 0)
(-0.427461 -0.238905 0)
(-0.47005 -0.195479 0)
(-0.507667 -0.136234 0)
(-0.531817 -0.0593441 0)
(-0.00671901 -0.376394 0)
(-0.0199199 -0.378498 0)
(-0.0332391 -0.37699 0)
(-0.0467547 -0.375212 0)
(-0.0606222 -0.373097 0)
(-0.0749753 -0.370547 0)
(-0.0899394 -0.367459 0)
(-0.105632 -0.363712 0)
(-0.122117 -0.359179 0)
(-0.139418 -0.353781 0)
(-0.157618 -0.347479 0)
(-0.176879 -0.340166 0)
(-0.197364 -0.33166 0)
(-0.219231 -0.321761 0)
(-0.242707 -0.310225 0)
(-0.268102 -0.296618 0)
(-0.295703 -0.280201 0)
(-0.325614 -0.259893 0)
(-0.357521 -0.234311 0)
(-0.39042 -0.201856 0)
(-0.422289 -0.16076 0)
(-0.449275 -0.109363 0)
(-0.466035 -0.046629 0)
(-0.00650898 -0.363133 0)
(-0.0193648 -0.365252 0)
(-0.0323638 -0.363639 0)
(-0.045505 -0.361599 0)
(-0.0589234 -0.359085 0)
(-0.0727375 -0.356022 0)
(-0.0870568 -0.352324 0)
(-0.101983 -0.347893 0)
(-0.117587 -0.34262 0)
(-0.133915 -0.336412 0)
(-0.151042 -0.329184 0)
(-0.169077 -0.320814 0)
(-0.188134 -0.311125 0)
(-0.208321 -0.299897 0)
(-0.229756 -0.286844 0)
(-0.252554 -0.271545 0)
(-0.27675 -0.253394 0)
(-0.302196 -0.231594 0)
(-0.328394 -0.205216 0)
(-0.354372 -0.173344 0)
(-0.378439 -0.135239 0)
(-0.398278 -0.0903825 0)
(-0.410435 -0.0383527 0)
(-0.00626241 -0.35028 0)
(-0.0186334 -0.352415 0)
(-0.0311163 -0.350733 0)
(-0.0437225 -0.348487 0)
(-0.0565572 -0.34565 0)
(-0.069719 -0.342164 0)
(-0.0833005 -0.337958 0)
(-0.0973863 -0.332945 0)
(-0.112043 -0.327031 0)
(-0.127323 -0.320117 0)
(-0.143282 -0.312104 0)
(-0.159991 -0.302861 0)
(-0.177517 -0.29222 0)
(-0.195914 -0.279967 0)
(-0.215214 -0.265828 0)
(-0.235408 -0.249441 0)
(-0.256393 -0.230337 0)
(-0.277903 -0.207952 0)
(-0.299398 -0.181688 0)
(-0.319982 -0.151055 0)
(-0.338498 -0.115862 0)
(-0.353385 -0.0762834 0)
(-0.362433 -0.0321909 0)
(-0.00592499 -0.338044 0)
(-0.0176748 -0.340159 0)
(-0.0295441 -0.338412 0)
(-0.041509 -0.335998 0)
(-0.0536589 -0.332897 0)
(-0.0660772 -0.329062 0)
(-0.0788416 -0.324431 0)
(-0.0920224 -0.318931 0)
(-0.105676 -0.312475 0)
(-0.119848 -0.30497 0)
(-0.134578 -0.296312 0)
(-0.149905 -0.286376 0)
(-0.165859 -0.275005 0)
(-0.182447 -0.262008 0)
(-0.199643 -0.24715 0)
(-0.217366 -0.230139 0)
(-0.235446 -0.210631 0)
(-0.253578 -0.188241 0)
(-0.271255 -0.162604 0)
(-0.287757 -0.133497 0)
(-0.302161 -0.101031 0)
(-0.313572 -0.0656519 0)
(-0.320548 -0.0275986 0)
(-0.00556462 -0.326482 0)
(-0.016606 -0.328573 0)
(-0.0277432 -0.326777 0)
(-0.0389668 -0.324228 0)
(-0.0503439 -0.320911 0)
(-0.0619421 -0.316789 0)
(-0.0738239 -0.31181 0)
(-0.0860453 -0.305908 0)
(-0.0986515 -0.299006 0)
(-0.111676 -0.291019 0)
(-0.125144 -0.281849 0)
(-0.139071 -0.271382 0)
(-0.153458 -0.25948 0)
(-0.168278 -0.24598 0)
(-0.18347 -0.230692 0)
(-0.198914 -0.213395 0)
(-0.214418 -0.193846 0)
(-0.229683 -0.171797 0)
(-0.244262 -0.147041 0)
(-0.257561 -0.119515 0)
(-0.26896 -0.0894443 0)
(-0.277842 -0.0574483 0)
(-0.283278 -0.0239622 0)
(-0.00515155 -0.315719 0)
(-0.0154025 -0.317762 0)
(-0.025746 -0.315921 0)
(-0.0361603 -0.313258 0)
(-0.046699 -0.309765 0)
(-0.0574172 -0.305409 0)
(-0.0683649 -0.300145 0)
(-0.0795853 -0.293918 0)
(-0.0911123 -0.286659 0)
(-0.102969 -0.278292 0)
(-0.115165 -0.268729 0)
(-0.127701 -0.257871 0)
(-0.140556 -0.245603 0)
(-0.153685 -0.231793 0)
(-0.167004 -0.216294 0)
(-0.180383 -0.198946 0)
(-0.193629 -0.179587 0)
(-0.20647 -0.158068 0)
(-0.218531 -0.134289 0)
(-0.229357 -0.108276 0)
(-0.23845 -0.0803071 0)
(-0.245473 -0.0510146 0)
(-0.249817 -0.0210693 0)
(-0.00472121 -0.305785 0)
(-0.0141277 -0.307782 0)
(-0.0236089 -0.305904 0)
(-0.0331525 -0.30315 0)
(-0.0427984 -0.299514 0)
(-0.0525891 -0.29497 0)
(-0.062563 -0.289479 0)
(-0.0727523 -0.282993 0)
(-0.0831805 -0.275453 0)
(-0.0938605 -0.266795 0)
(-0.104793 -0.256942 0)
(-0.115965 -0.245812 0)
(-0.127344 -0.233311 0)
(-0.138872 -0.219337 0)
(-0.150461 -0.203783 0)
(-0.161981 -0.186539 0)
(-0.173251 -0.167503 0)
(-0.184036 -0.1466 0)
(-0.194029 -0.123798 0)
(-0.202863 -0.0991691 0)
(-0.210202 -0.0729892 0)
(-0.215809 -0.0458908 0)
(-0.219285 -0.0186639 0)
(-0.00426225 -0.296752 0)
(-0.0127755 -0.298695 0)
(-0.0213551 -0.296783 0)
(-0.0299861 -0.293954 0)
(-0.0386991 -0.290204 0)
(-0.0475269 -0.28551 0)
(-0.0564983 -0.279839 0)
(-0.0656363 -0.273152 0)
(-0.0749561 -0.265399 0)
(-0.0844626 -0.256524 0)
(-0.094149 -0.246466 0)
(-0.103995 -0.235157 0)
(-0.113961 -0.222525 0)
(-0.123986 -0.208495 0)
(-0.133984 -0.19299 0)
(-0.143831 -0.175944 0)
(-0.15337 -0.1573 0)
(-0.162402 -0.13703 0)
(-0.170678 -0.11515 0)
(-0.177923 -0.0917556 0)
(-0.183863 -0.067109 0)
(-0.18838 -0.0417824 0)
(-0.19123 -0.0166846 0)
(-0.0037927 -0.288644 0)
(-0.0113789 -0.290536 0)
(-0.0190172 -0.288596 0)
(-0.0267001 -0.285707 0)
(-0.0344486 -0.281866 0)
(-0.0422869 -0.277055 0)
(-0.0502356 -0.271246 0)
(-0.0583104 -0.264406 0)
(-0.0665196 -0.256494 0)
(-0.0748623 -0.247465 0)
(-0.0833271 -0.237269 0)
(-0.0918893 -0.225854 0)
(-0.100508 -0.213165 0)
(-0.109125 -0.199151 0)
(-0.117657 -0.183763 0)
(-0.125996 -0.166963 0)
(-0.134008 -0.14873 0)
(-0.141526 -0.12907 0)
(-0.148357 -0.108026 0)
(-0.154281 -0.0857079 0)
(-0.159112 -0.0623451 0)
(-0.162764 -0.0384599 0)
(-0.165092 -0.0150082 0)
(-0.00330678 -0.281503 0)
(-0.00993668 -0.283342 0)
(-0.0166109 -0.281377 0)
(-0.0233216 -0.278439 0)
(-0.0300833 -0.274528 0)
(-0.0369136 -0.269627 0)
(-0.0438267 -0.263714 0)
(-0.0508323 -0.256761 0)
(-0.0579339 -0.248735 0)
(-0.0651271 -0.2396 0)
(-0.0723976 -0.229317 0)
(-0.07972 -0.217848 0)
(-0.087055 -0.205155 0)
(-0.094348 -0.191203 0)
(-0.101526 -0.175966 0)
(-0.108497 -0.159429 0)
(-0.115147 -0.141595 0)
(-0.121345 -0.122494 0)
(-0.126939 -0.102186 0)
(-0.131766 -0.0807828 0)
(-0.135673 -0.0584911 0)
(-0.13863 -0.0357605 0)
(-0.140566 -0.0135788 0)
(-0.00281234 -0.275331 0)
(-0.00846479 -0.277121 0)
(-0.0141548 -0.275136 0)
(-0.0198744 -0.27216 0)
(-0.0256334 -0.268196 0)
(-0.031443 -0.263229 0)
(-0.0373124 -0.25724 0)
(-0.0432473 -0.250207 0)
(-0.0492478 -0.242104 0)
(-0.0553073 -0.232901 0)
(-0.0614111 -0.222572 0)
(-0.0675347 -0.211087 0)
(-0.0736428 -0.198422 0)
(-0.0796871 -0.184557 0)
(-0.0856059 -0.169484 0)
(-0.0913223 -0.153203 0)
(-0.0967459 -0.135735 0)
(-0.101773 -0.117125 0)
(-0.106286 -0.097443 0)
(-0.110162 -0.0768011 0)
(-0.113301 -0.0553798 0)
(-0.11568 -0.0335656 0)
(-0.117276 -0.0123307 0)
(-0.00230554 -0.270108 0)
(-0.00696275 -0.271844 0)
(-0.0116612 -0.26984 0)
(-0.0163795 -0.266837 0)
(-0.0211264 -0.262837 0)
(-0.0259081 -0.257826 0)
(-0.0307304 -0.251788 0)
(-0.035596 -0.244705 0)
(-0.0405033 -0.236555 0)
(-0.0454449 -0.227318 0)
(-0.0504071 -0.216973 0)
(-0.0553682 -0.2055 0)
(-0.060298 -0.192886 0)
(-0.0651562 -0.179122 0)
(-0.0698926 -0.164211 0)
(-0.0744462 -0.148166 0)
(-0.0787467 -0.131021 0)
(-0.0827153 -0.112827 0)
(-0.0862661 -0.0936621 0)
(-0.0893137 -0.0736345 0)
(-0.0917764 -0.0529055 0)
(-0.0936643 -0.0317948 0)
(-0.0950013 -0.0112339 0)
(-0.00178796 -0.265925 0)
(-0.0054397 -0.26759 0)
(-0.00915033 -0.265569 0)
(-0.0128656 -0.262546 0)
(-0.0165986 -0.258519 0)
(-0.0203518 -0.253477 0)
(-0.0241287 -0.247406 0)
(-0.0279302 -0.240289 0)
(-0.0317539 -0.232111 0)
(-0.0355931 -0.222857 0)
(-0.0394358 -0.21251 0)
(-0.0432642 -0.201061 0)
(-0.047054 -0.188502 0)
(-0.0507739 -0.174835 0)
(-0.0543854 -0.16007 0)
(-0.0578428 -0.144229 0)
(-0.0610947 -0.127352 0)
(-0.0640847 -0.109496 0)
(-0.0667537 -0.0907405 0)
(-0.0690421 -0.0711893 0)
(-0.0709063 -0.0509851 0)
(-0.0723567 -0.0303897 0)
(-0.0734556 -0.0102519 0)
(-0.00125385 -0.26328 0)
(-0.00389986 -0.264817 0)
(-0.00664684 -0.26278 0)
(-0.00937063 -0.259738 0)
(-0.0120991 -0.255685 0)
(-0.0148326 -0.250611 0)
(-0.017574 -0.244502 0)
(-0.0203237 -0.237346 0)
(-0.0230789 -0.229131 0)
(-0.0258337 -0.219845 0)
(-0.0285787 -0.209478 0)
(-0.0313 -0.198025 0)
(-0.0339796 -0.185486 0)
(-0.0365951 -0.171867 0)
(-0.0391196 -0.157186 0)
(-0.041522 -0.141472 0)
(-0.0437684 -0.124769 0)
(-0.0458234 -0.107137 0)
(-0.0476513 -0.0886558 0)
(-0.049222 -0.0694255 0)
(-0.0505093 -0.0495748 0)
(-0.0515472 -0.0293096 0)
(-0.0524414 -0.00935845 0)
(-0.000714674 -0.26203 0)
(-0.00237941 -0.263287 0)
(-0.00420146 -0.261271 0)
(-0.00596003 -0.258237 0)
(-0.00770768 -0.254182 0)
(-0.00944587 -0.249095 0)
(-0.0111781 -0.242969 0)
(-0.0129043 -0.235793 0)
(-0.0146216 -0.227558 0)
(-0.0163247 -0.218256 0)
(-0.0180056 -0.207879 0)
(-0.019654 -0.196427 0)
(-0.021257 -0.1839 0)
(-0.0227994 -0.170309 0)
(-0.0242638 -0.155675 0)
(-0.0256318 -0.140029 0)
(-0.0268846 -0.123415 0)
(-0.0280047 -0.105895 0)
(-0.0289788 -0.0875434 0)
(-0.0298 -0.0684565 0)
(-0.0304777 -0.0487487 0)
(-0.0310643 -0.0285904 0)
(-0.0317126 -0.00855018 0)
(-0.000229245 -0.25962 0)
(-0.000987612 -0.260372 0)
(-0.00193561 -0.258449 0)
(-0.00277629 -0.25548 0)
(-0.00359775 -0.251474 0)
(-0.00440445 -0.246436 0)
(-0.0051995 -0.240363 0)
(-0.00598183 -0.233251 0)
(-0.0067482 -0.225091 0)
(-0.00749361 -0.215879 0)
(-0.00821141 -0.205609 0)
(-0.00889325 -0.194282 0)
(-0.00952909 -0.181903 0)
(-0.0101072 -0.168483 0)
(-0.0106146 -0.154045 0)
(-0.0110369 -0.138619 0)
(-0.0113596 -0.12225 0)
(-0.0115692 -0.104993 0)
(-0.0116549 -0.0869159 0)
(-0.0116136 -0.0680948 0)
(-0.01146 -0.0486067 0)
(-0.0112656 -0.0285123 0)
(-0.0111948 -0.00796658 0)
(1.38453 0.712305 0)
(1.34547 0.492996 0)
(1.22823 0.324857 0)
(1.19082 0.187619 0)
(1.31751 0.203094 0)
(1.40906 0.00821145 0)
(1.4678 -0.13891 0)
(1.51609 -0.247052 0)
(1.26745 0.0776396 0)
(1.36462 0.00561468 0)
(1.41722 -0.0671673 0)
(1.44635 -0.139212 0)
(1.12852 -0.104943 0)
(1.20387 -0.165127 0)
(1.25827 -0.227792 0)
(1.30112 -0.286614 0)
(1.03769 -0.224592 0)
(1.10228 -0.268121 0)
(1.15413 -0.314583 0)
(1.19863 -0.360593 0)
(0.955946 -0.339279 0)
(1.01311 -0.379028 0)
(1.062 -0.421559 0)
(1.10658 -0.463312 0)
(0.878413 -0.438681 0)
(0.929631 -0.478153 0)
(0.975469 -0.520286 0)
(1.01512 -0.560916 0)
(0.798939 -0.527193 0)
(0.844475 -0.568817 0)
(0.884811 -0.612165 0)
(0.912838 -0.653451 0)
(0.716227 -0.604274 0)
(0.755572 -0.647694 0)
(0.786154 -0.691611 0)
(0.800314 -0.729822 0)
(0.632085 -0.670517 0)
(0.663856 -0.714961 0)
(0.682305 -0.758042 0)
(0.693636 -0.789874 0)
(0.545956 -0.727998 0)
(0.567652 -0.774898 0)
(0.574936 -0.81546 0)
(0.603404 -0.843063 0)
(0.454428 -0.778286 0)
(0.46281 -0.827679 0)
(0.476633 -0.866776 0)
(0.519233 -0.927856 0)
(0.356337 -0.821715 0)
(0.359651 -0.872035 0)
(0.392 -0.917691 0)
(0.428573 -0.561803 0)
(0.263499 -0.856074 0)
(0.275846 -0.907259 0)
(0.292708 -0.992703 0)
(-0.0114961 0.159435 0)
(0.198261 -0.873147 0)
(0.217673 -0.91545 0)
(0.179167 -0.478782 0)
(-0.0312791 0.375514 0)
(0.177268 -0.883847 0)
(0.192461 -0.844117 0)
(0.172756 -0.339514 0)
(0.0691661 0.539604 0)
(0.104956 -0.943593 0)
(0.127708 -0.725956 0)
(0.0288658 -0.504823 0)
(0.00615145 0.63377 0)
(0.130299 -0.738308 0)
(0.0159362 -0.643546 0)
(-0.149604 -0.301569 0)
(-0.288294 0.870397 0)
(-0.110815 -0.546915 0)
(-0.35115 -0.157007 0)
(-0.491677 0.128638 0)
(-0.607805 0.91102 0)
(-0.66891 0.0108334 0)
(-0.800215 0.26594 0)
(-0.858897 0.505207 0)
(-0.792486 0.779598 0)
(-0.93391 0.0294161 0)
(-0.933134 0.231763 0)
(-0.916415 0.425432 0)
(-0.84785 0.5842 0)
(-0.938882 0.0431677 0)
(-0.925422 0.191051 0)
(-0.890233 0.326404 0)
(-0.822727 0.427589 0)
(-0.842981 0.0454584 0)
(-0.831613 0.145437 0)
(-0.801657 0.238076 0)
(-0.749707 0.309159 0)
(-0.720919 0.0421847 0)
(-0.713611 0.112991 0)
(-0.693914 0.177854 0)
(-0.659123 0.230312 0)
(-0.61829 0.039754 0)
(-0.611962 0.09134 0)
(-0.597876 0.138868 0)
(-0.5749 0.179007 0)
(-0.534459 0.033068 0)
(-0.529337 0.0737461 0)
(-0.519439 0.111268 0)
(-0.503592 0.143819 0)
(-0.467361 0.027165 0)
(-0.463249 0.0603395 0)
(-0.455708 0.0914562 0)
(-0.44436 0.119031 0)
(-0.410819 0.021818 0)
(-0.407711 0.0498533 0)
(-0.402221 0.0765994 0)
(-0.393745 0.100834 0)
(-0.362916 0.0178244 0)
(-0.360533 0.04189 0)
(-0.356211 0.0653486 0)
(-0.349773 0.087058 0)
(-0.32081 0.0146503 0)
(-0.319013 0.0357112 0)
(-0.315795 0.0565985 0)
(-0.310749 0.0763751 0)
(-0.283726 0.0123036 0)
(-0.28235 0.0309243 0)
(-0.279754 0.0497382 0)
(-0.275784 0.0679497 0)
(-0.250152 0.0104838 0)
(-0.24911 0.0271742 0)
(-0.247154 0.0442721 0)
(-0.24397 0.0612118 0)
(-0.21973 0.00921886 0)
(-0.218939 0.0242929 0)
(-0.217346 0.0399382 0)
(-0.214811 0.055786 0)
(-0.19161 0.00827212 0)
(-0.191011 0.0220479 0)
(-0.189808 0.0364584 0)
(-0.187761 0.0513831 0)
(-0.165533 0.00762567 0)
(-0.16509 0.0203229 0)
(-0.164118 0.0336812 0)
(-0.162491 0.0478042 0)
(-0.140962 0.00718647 0)
(-0.140644 0.0190166 0)
(-0.139927 0.0314745 0)
(-0.138633 0.0448986 0)
(-0.117709 0.00695269 0)
(-0.1175 0.0180786 0)
(-0.116945 0.0297661 0)
(-0.115953 0.0425613 0)
(-0.0954167 0.0068595 0)
(-0.0952989 0.017442 0)
(-0.0949287 0.0284816 0)
(-0.0941845 0.0407076 0)
(-0.073903 0.00689991 0)
(-0.0738755 0.0170807 0)
(-0.0736405 0.0275912 0)
(-0.0731354 0.0392818 0)
(-0.0528835 0.00706764 0)
(-0.0529448 0.0169862 0)
(-0.0528772 0.0270896 0)
(-0.0525897 0.0382556 0)
(-0.0321608 0.00737024 0)
(-0.0323243 0.0171701 0)
(-0.0324235 0.0270138 0)
(-0.0323754 0.0376386 0)
(-0.0115392 0.0079866 0)
(-0.011825 0.0179625 0)
(-0.0121345 0.0277435 0)
(-0.0123983 0.0377713 0)
(1.25104 -0.140785 0)
(1.29879 -0.347888 0)
(1.32614 -0.454341 0)
(1.33917 -0.502282 0)
(1.34595 -0.531444 0)
(1.34314 -0.536261 0)
(1.22858 0.109669 0)
(0.989329 0.343948 0)
(0.772539 0.37993 0)
(0.626596 0.358383 0)
(0.511422 0.324322 0)
(0.423991 0.293726 0)
(0.35005 0.268251 0)
(0.285446 0.247553 0)
(0.227058 0.231122 0)
(0.172876 0.218509 0)
(0.121564 0.209345 0)
(0.0720893 0.203349 0)
(0.024648 0.199304 0)
(1.56499 -0.406501 0)
(1.55334 -0.483657 0)
(1.52316 -0.509898 0)
(1.49207 -0.52095 0)
(1.47653 -0.539095 0)
(1.4877 -0.5352 0)
(1.3468 0.254569 0)
(0.919567 0.561619 0)
(0.715401 0.552306 0)
(0.581545 0.474309 0)
(0.476338 0.410014 0)
(0.396008 0.361578 0)
(0.327869 0.325634 0)
(0.267985 0.298448 0)
(0.21357 0.277757 0)
(0.16285 0.262263 0)
(0.11465 0.251173 0)
(0.0680462 0.243986 0)
(0.0232663 0.239143 0)
(1.47929 -0.290455 0)
(1.48272 -0.384888 0)
(1.47142 -0.432882 0)
(1.47089 -0.468736 0)
(1.489 -0.531625 0)
(1.09079 -0.0813666 0)
(0.709379 0.580997 0)
(0.598224 0.736401 0)
(0.550325 0.667437 0)
(0.47868 0.563639 0)
(0.413904 0.48296 0)
(0.35283 0.423494 0)
(0.296413 0.380066 0)
(0.244423 0.347757 0)
(0.195885 0.323498 0)
(0.14992 0.30551 0)
(0.105799 0.292719 0)
(0.0628856 0.284464 0)
(0.0215034 0.278895 0)
(1.36636 -0.392766 0)
(1.39425 -0.452261 0)
(1.41037 -0.486315 0)
(1.44209 -0.520252 0)
(1.5389 -0.33286 0)
(0.816502 0.296964 0)
(0.469044 0.707578 0)
(0.445857 0.785222 0)
(0.414925 0.703255 0)
(0.38679 0.609772 0)
(0.348416 0.531089 0)
(0.304971 0.470542 0)
(0.260805 0.424806 0)
(0.217598 0.390105 0)
(0.175761 0.363814 0)
(0.135231 0.344243 0)
(0.0957711 0.330309 0)
(0.0570412 0.321324 0)
(0.0195007 0.315191 0)
(1.26542 -0.444959 0)
(1.29871 -0.490097 0)
(1.34047 -0.519205 0)
(1.42875 -0.584383 0)
(0.867478 0.240108 0)
(0.411109 0.623802 0)
(0.342669 0.808293 0)
(0.320321 0.78584 0)
(0.321653 0.712517 0)
(0.311357 0.631887 0)
(0.288403 0.561592 0)
(0.258145 0.504898 0)
(0.2245 0.460211 0)
(0.189602 0.425308 0)
(0.154491 0.398385 0)
(0.119602 0.378127 0)
(0.0850524 0.363615 0)
(0.0507868 0.354225 0)
(0.0173679 0.347698 0)
(1.16373 -0.532356 0)
(1.20402 -0.567103 0)
(1.27883 -0.602201 0)
(1.06383 0.0637716 0)
(0.430055 0.556085 0)
(0.261815 0.793838 0)
(0.231037 0.818617 0)
(0.239984 0.778223 0)
(0.250935 0.711213 0)
(0.248584 0.642268 0)
(0.2352 0.581068 0)
(0.214481 0.529704 0)
(0.189363 0.487699 0)
(0.161823 0.453981 0)
(0.133039 0.427468 0)
(0.103669 0.407258 0)
(0.074058 0.392658 0)
(0.0443461 0.383173 0)
(0.0151652 0.376389 0)
(1.05518 -0.620528 0)
(1.11279 -0.648842 0)
(1.19547 -0.307758 0)
(0.513613 0.455233 0)
(0.197488 0.763468 0)
(0.162599 0.83015 0)
(0.159101 0.813098 0)
(0.180079 0.765057 0)
(0.193115 0.705212 0)
(0.195242 0.646357 0)
(0.18827 0.593229 0)
(0.174572 0.547248 0)
(0.156317 0.508567 0)
(0.135123 0.476798 0)
(0.11209 0.451382 0)
(0.0879375 0.431761 0)
(0.0631176 0.417467 0)
(0.0379078 0.408126 0)
(0.0129654 0.401224 0)
(0.951206 -0.704676 0)
(1.01989 -0.735212 0)
(0.594165 0.252808 0)
(0.139369 0.712559 0)
(0.0997927 0.839634 0)
(0.0862266 0.829186 0)
(0.108519 0.797171 0)
(0.130502 0.749164 0)
(0.144147 0.697016 0)
(0.149224 0.646521 0)
(0.146778 0.600169 0)
(0.138434 0.55916 0)
(0.12575 0.523926 0)
(0.109986 0.49446 0)
(0.0920937 0.47054 0)
(0.0727654 0.451869 0)
(0.052491 0.438156 0)
(0.0316293 0.429155 0)
(0.0108205 0.422225 0)
(0.854842 -0.774141 0)
(0.809135 -0.254069 0)
(0.138536 0.591951 0)
(0.0289711 0.833223 0)
(0.025212 0.83531 0)
(0.0402247 0.813883 0)
(0.0668655 0.776899 0)
(0.087746 0.732913 0)
(0.101843 0.687703 0)
(0.109004 0.6439 0)
(0.109969 0.603189 0)
(0.105852 0.56661 0)
(0.097755 0.534694 0)
(0.086644 0.507629 0)
(0.0733133 0.485399 0)
(0.0583898 0.467886 0)
(0.0423599 0.454937 0)
(0.0256147 0.446396 0)
(0.00876272 0.439521 0)
(0.765733 -0.822891 0)
(0.470632 0.28353 0)
(-0.0516595 0.795005 0)
(-0.0270969 0.838866 0)
(-0.0233523 0.819483 0)
(0.0050238 0.792157 0)
(0.0300712 0.756086 0)
(0.050212 0.71708 0)
(0.0646944 0.677546 0)
(0.0734986 0.639128 0)
(0.0771905 0.603128 0)
(0.0765172 0.570435 0)
(0.0722625 0.541593 0)
(0.0651653 0.516881 0)
(0.0558762 0.4964 0)
(0.0449472 0.480146 0)
(0.0328312 0.46806 0)
(0.0199447 0.460062 0)
(0.00683172 0.453285 0)
(0.645926 -0.73949 0)
(-0.173565 0.678642 0)
(-0.0865948 0.845371 0)
(-0.0860053 0.816545 0)
(-0.0543345 0.797388 0)
(-0.02654 0.768683 0)
(-0.00263954 0.736031 0)
(0.0168888 0.701541 0)
(0.0317232 0.666609 0)
(0.0419349 0.632592 0)
(0.0478967 0.600545 0)
(0.0501079 0.571237 0)
(0.0491294 0.545189 0)
(0.0455242 0.522706 0)
(0.0398219 0.503949 0)
(0.0324991 0.488979 0)
(0.023977 0.477801 0)
(0.0146535 0.470379 0)
(0.00502277 0.463739 0)
(0.102355 0.0915913 0)
(-0.260857 0.787181 0)
(-0.132506 0.797226 0)
(-0.119012 0.791282 0)
(-0.0809618 0.771712 0)
(-0.0551281 0.74587 0)
(-0.0320965 0.716918 0)
(-0.0129814 0.686117 0)
(0.00223871 0.654921 0)
(0.0136984 0.624537 0)
(0.0216144 0.595823 0)
(0.0263093 0.569458 0)
(0.0281753 0.545924 0)
(0.0276384 0.525513 0)
(0.0251303 0.508407 0)
(0.0210629 0.4947 0)
(0.0158077 0.484434 0)
(0.00976966 0.477604 0)
(0.00336943 0.471116 0)
(-0.169092 0.423037 0)
(-0.154979 0.754626 0)
(-0.152134 0.757433 0)
(-0.127383 0.764482 0)
(-0.102604 0.747275 0)
(-0.0798858 0.724796 0)
(-0.058691 0.698621 0)
(-0.0401287 0.670723 0)
(-0.0244056 0.642548 0)
(-0.0117244 0.615104 0)
(-0.00205382 0.58919 0)
(0.00483598 0.565408 0)
(0.00921725 0.544142 0)
(0.0114026 0.52564 0)
(0.0117511 0.510094 0)
(0.0106161 0.497602 0)
(0.00833997 0.488232 0)
(0.00528797 0.481983 0)
(0.00184198 0.475665 0)
(-0.167031 0.647181 0)
(-0.143537 0.720879 0)
(-0.151672 0.749806 0)
(-0.136629 0.744918 0)
(-0.121544 0.728004 0)
(-0.102381 0.706146 0)
(-0.0831694 0.681238 0)
(-0.0650305 0.655256 0)
(-0.0487833 0.629376 0)
(-0.034906 0.604366 0)
(-0.0235233 0.580875 0)
(-0.0145753 0.559348 0)
(-0.00792114 0.540099 0)
(-0.00329652 0.523355 0)
(-0.000383324 0.509282 0)
(0.00113077 0.497948 0)
(0.00153942 0.489452 0)
(0.00121072 0.483771 0)
(0.000473941 0.477627 0)
(-0.0279109 0.717927 0)
(-0.149727 0.733371 0)
(-0.14462 0.75423 0)
(-0.15199 0.734626 0)
(-0.14092 0.713601 0)
(-0.124717 0.689513 0)
(-0.106547 0.664461 0)
(-0.0882682 0.639514 0)
(-0.0712145 0.615306 0)
(-0.0560612 0.592307 0)
(-0.0430386 0.570915 0)
(-0.0321998 0.551409 0)
(-0.0234515 0.534023 0)
(-0.016583 0.518922 0)
(-0.0113499 0.506223 0)
(-0.00744285 0.496005 0)
(-0.00459228 0.488323 0)
(-0.00248464 0.483198 0)
(-0.000777824 0.477243 0)
(0.0110521 0.795222 0)
(-0.164038 0.789572 0)
(-0.158243 0.766033 0)
(-0.176258 0.730864 0)
(-0.164483 0.701542 0)
(-0.148632 0.673607 0)
(-0.129752 0.647532 0)
(-0.110434 0.623068 0)
(-0.0920973 0.600149 0)
(-0.0754477 0.578884 0)
(-0.0607638 0.559368 0)
(-0.0481109 0.541724 0)
(-0.037429 0.526078 0)
(-0.0285444 0.512526 0)
(-0.021208 0.501135 0)
(-0.015154 0.49199 0)
(-0.0101252 0.48509 0)
(-0.00578927 0.480498 0)
(-0.00187596 0.474746 0)
(-0.0962136 0.910108 0)
(-0.219205 0.847293 0)
(-0.202098 0.777139 0)
(-0.211976 0.726316 0)
(-0.194317 0.687978 0)
(-0.175009 0.656324 0)
(-0.15339 0.629233 0)
(-0.131931 0.605228 0)
(-0.111714 0.583577 0)
(-0.0932866 0.563972 0)
(-0.0768604 0.546257 0)
(-0.0624471 0.530402 0)
(-0.0499602 0.516412 0)
(-0.039226 0.504346 0)
(-0.0300016 0.494226 0)
(-0.0220294 0.486102 0)
(-0.0150437 0.479988 0)
(-0.00874139 0.475898 0)
(-0.00286985 0.470364 0)
(-0.294998 0.980937 0)
(-0.319553 0.871422 0)
(-0.271635 0.774255 0)
(-0.258541 0.712835 0)
(-0.229641 0.668891 0)
(-0.20338 0.635378 0)
(-0.177255 0.60827 0)
(-0.152678 0.585284 0)
(-0.130067 0.565206 0)
(-0.109633 0.547407 0)
(-0.0914026 0.531559 0)
(-0.0752802 0.517502 0)
(-0.0611122 0.50517 0)
(-0.0486949 0.494562 0)
(-0.0377769 0.485685 0)
(-0.0280917 0.478563 0)
(-0.0193908 0.473209 0)
(-0.0113411 0.469616 0)
(-0.00372425 0.464313 0)
(-0.52202 0.949238 0)
(-0.436278 0.841872 0)
(-0.351492 0.745036 0)
(-0.310048 0.684273 0)
(-0.266947 0.641059 0)
(-0.231913 0.608952 0)
(-0.200317 0.583639 0)
(-0.172085 0.562697 0)
(-0.146828 0.544769 0)
(-0.124311 0.529102 0)
(-0.104307 0.51529 0)
(-0.0865781 0.503115 0)
(-0.0708818 0.492474 0)
(-0.0569652 0.483335 0)
(-0.0445529 0.475695 0)
(-0.0333736 0.469565 0)
(-0.0231583 0.464957 0)
(-0.0136032 0.461854 0)
(-0.00448718 0.456798 0)
(-0.701526 0.818419 0)
(-0.530902 0.757042 0)
(-0.422359 0.685852 0)
(-0.356753 0.638622 0)
(-0.301083 0.603153 0)
(-0.257808 0.57628 0)
(-0.220966 0.554938 0)
(-0.189214 0.537291 0)
(-0.161444 0.52223 0)
(-0.136995 0.509106 0)
(-0.115391 0.497556 0)
(-0.0962438 0.487381 0)
(-0.0792208 0.478488 0)
(-0.0640156 0.470843 0)
(-0.0503278 0.464446 0)
(-0.03787 0.459305 0)
(-0.026379 0.455437 0)
(-0.0155272 0.452817 0)
(-0.00511914 0.448025 0)
(-0.762105 0.640405 0)
(-0.577513 0.636919 0)
(-0.467961 0.60466 0)
(-0.389844 0.579138 0)
(-0.327045 0.556578 0)
(-0.278176 0.538075 0)
(-0.237511 0.52259 0)
(-0.203065 0.509362 0)
(-0.173321 0.497832 0)
(-0.147337 0.487636 0)
(-0.124452 0.478566 0)
(-0.104165 0.470509 0)
(-0.0860709 0.463418 0)
(-0.0698202 0.45729 0)
(-0.0550921 0.452138 0)
(-0.0415911 0.447983 0)
(-0.029033 0.44485 0)
(-0.0171239 0.442708 0)
(-0.00566421 0.43819 0)
(-0.748403 0.476272 0)
(-0.582803 0.512636 0)
(-0.484129 0.516474 0)
(-0.405374 0.513177 0)
(-0.341861 0.505146 0)
(-0.291067 0.496413 0)
(-0.248724 0.487798 0)
(-0.212883 0.479664 0)
(-0.182003 0.472088 0)
(-0.155065 0.465075 0)
(-0.131335 0.458629 0)
(-0.110257 0.452763 0)
(-0.0913912 0.447507 0)
(-0.074364 0.442902 0)
(-0.058845 0.438989 0)
(-0.0445307 0.435809 0)
(-0.0311501 0.433398 0)
(-0.0183918 0.431726 0)
(-0.00608307 0.427494 0)
(-0.692578 0.350648 0)
(-0.560889 0.407411 0)
(-0.477169 0.43528 0)
(-0.405132 0.448908 0)
(-0.345525 0.453559 0)
(-0.296085 0.454029 0)
(-0.254203 0.452211 0)
(-0.218363 0.449237 0)
(-0.187287 0.445696 0)
(-0.160056 0.441922 0)
(-0.135971 0.438127 0)
(-0.114491 0.434455 0)
(-0.0951756 0.431021 0)
(-0.0776535 0.427917 0)
(-0.0615974 0.42522 0)
(-0.0467123 0.422993 0)
(-0.032719 0.421285 0)
(-0.0193434 0.420072 0)
(-0.00641614 0.416128 0)
(-0.620182 0.265626 0)
(-0.524597 0.32821 0)
(-0.456049 0.367818 0)
(-0.393709 0.391717 0)
(-0.340209 0.405504 0)
(-0.294199 0.413348 0)
(-0.254353 0.417417 0)
(-0.219674 0.419143 0)
(-0.18925 0.41939 0)
(-0.162355 0.418708 0)
(-0.1384 0.417465 0)
(-0.116903 0.415912 0)
(-0.097459 0.414237 0)
(-0.0797208 0.41258 0)
(-0.0633791 0.411053 0)
(-0.0481499 0.409742 0)
(-0.0337789 0.40871 0)
(-0.0199845 0.407938 0)
(-0.00662897 0.404282 0)
(-0.548955 0.208946 0)
(-0.482402 0.270102 0)
(-0.427648 0.313662 0)
(-0.375355 0.342983 0)
(-0.32856 0.362636 0)
(-0.286946 0.375823 0)
(-0.250044 0.38455 0)
(-0.217317 0.390231 0)
(-0.188192 0.393806 0)
(-0.162155 0.395921 0)
(-0.138753 0.397027 0)
(-0.117589 0.397447 0)
(-0.0983159 0.39742 0)
(-0.0806251 0.397127 0)
(-0.0642352 0.396705 0)
(-0.0488876 0.396258 0)
(-0.0343337 0.395865 0)
(-0.0203343 0.395511 0)
(-0.00676101 0.392136 0)
(-0.485992 0.169633 0)
(-0.439146 0.226484 0)
(-0.395998 0.270113 0)
(-0.352899 0.301952 0)
(-0.31267 0.325136 0)
(-0.275751 0.341995 0)
(-0.242224 0.354217 0)
(-0.211912 0.363058 0)
(-0.184523 0.369418 0)
(-0.159734 0.373953 0)
(-0.137225 0.377142 0)
(-0.116692 0.379341 0)
(-0.0978534 0.380818 0)
(-0.0804473 0.381777 0)
(-0.0642281 0.382375 0)
(-0.0489619 0.38273 0)
(-0.0344339 0.38293 0)
(-0.0204065 0.382966 0)
(-0.00678415 0.379864 0)
(-0.431702 0.14175 0)
(-0.397571 0.193319 0)
(-0.363572 0.235124 0)
(-0.32829 0.267623 0)
(-0.294088 0.292692 0)
(-0.261776 0.311931 0)
(-0.231744 0.326662 0)
(-0.204074 0.337929 0)
(-0.178684 0.346535 0)
(-0.155409 0.353093 0)
(-0.134048 0.358071 0)
(-0.114384 0.361828 0)
(-0.0962007 0.364642 0)
(-0.0792853 0.366726 0)
(-0.0634301 0.368248 0)
(-0.0484345 0.369332 0)
(-0.0340975 0.370073 0)
(-0.0202265 0.370468 0)
(-0.00673687 0.367625 0)
(-0.384368 0.121279 0)
(-0.358726 0.167775 0)
(-0.33177 0.207033 0)
(-0.302889 0.239053 0)
(-0.27398 0.264858 0)
(-0.245952 0.285493 0)
(-0.219332 0.301925 0)
(-0.19436 0.31498 0)
(-0.171097 0.325336 0)
(-0.1495 0.333534 0)
(-0.129464 0.340007 0)
(-0.110849 0.345095 0)
(-0.0934986 0.349069 0)
(-0.0772463 0.352143 0)
(-0.0619229 0.354484 0)
(-0.0473563 0.35622 0)
(-0.0333822 0.357447 0)
(-0.0198139 0.358164 0)
(-0.00659654 0.355565 0)
(-0.342515 0.105753 0)
(-0.322798 0.147761 0)
(-0.30125 0.184353 0)
(-0.277544 0.215298 0)
(-0.253172 0.241104 0)
(-0.228999 0.262419 0)
(-0.205586 0.279921 0)
(-0.183251 0.294235 0)
(-0.162145 0.305906 0)
(-0.142308 0.315396 0)
(-0.12371 0.323084 0)
(-0.106273 0.329282 0)
(-0.0898912 0.334243 0)
(-0.0744417 0.338169 0)
(-0.0597903 0.341222 0)
(-0.0457971 0.34353 0)
(-0.0323137 0.345185 0)
(-0.0191971 0.34619 0)
(-0.00640007 0.343817 0)
(-0.305057 0.0937085 0)
(-0.289631 0.131861 0)
(-0.272264 0.165909 0)
(-0.252737 0.195516 0)
(-0.23221 0.220884 0)
(-0.211444 0.24239 0)
(-0.190976 0.260488 0)
(-0.171149 0.275637 0)
(-0.15216 0.288261 0)
(-0.134105 0.298737 0)
(-0.117005 0.307389 0)
(-0.100831 0.314491 0)
(-0.0855181 0.320272 0)
(-0.0709811 0.324918 0)
(-0.0571171 0.32858 0)
(-0.0438119 0.33138 0)
(-0.0309507 0.333407 0)
(-0.0183974 0.334661 0)
(-0.00612842 0.332497 0)
(-0.271188 0.0842137 0)
(-0.258957 0.119098 0)
(-0.244858 0.150821 0)
(-0.228722 0.179012 0)
(-0.211442 0.203698 0)
(-0.193659 0.225073 0)
(-0.175858 0.243428 0)
(-0.158373 0.259085 0)
(-0.141422 0.272366 0)
(-0.125127 0.283571 0)
(-0.109546 0.292967 0)
(-0.0946841 0.30079 0)
(-0.0805106 0.307238 0)
(-0.066969 0.31248 0)
(-0.053984 0.316653 0)
(-0.0414682 0.31987 0)
(-0.0293201 0.322213 0)
(-0.0174433 0.323684 0)
(-0.00581633 0.321706 0)
(-0.240259 0.0766362 0)
(-0.230473 0.10877 0)
(-0.218969 0.138424 0)
(-0.205608 0.165229 0)
(-0.191073 0.189116 0)
(-0.175895 0.21016 0)
(-0.160492 0.228534 0)
(-0.145174 0.244456 0)
(-0.130155 0.258162 0)
(-0.115573 0.269883 0)
(-0.101504 0.279837 0)
(-0.0879775 0.288218 0)
(-0.0749879 0.295198 0)
(-0.0625021 0.300924 0)
(-0.0504677 0.305518 0)
(-0.0388167 0.30908 0)
(-0.0274763 0.311688 0)
(-0.0163542 0.313341 0)
(-0.0054464 0.311534 0)
(-0.211762 0.0705484 0)
(-0.203889 0.100373 0)
(-0.19448 0.128212 0)
(-0.183413 0.15372 0)
(-0.171216 0.176773 0)
(-0.158315 0.197373 0)
(-0.145064 0.215608 0)
(-0.131739 0.231617 0)
(-0.118539 0.245569 0)
(-0.105605 0.257638 0)
(-0.0930229 0.267994 0)
(-0.080836 0.276797 0)
(-0.0690556 0.284191 0)
(-0.0576674 0.2903 0)
(-0.0466371 0.295233 0)
(-0.0359167 0.299078 0)
(-0.0254422 0.301904 0)
(-0.0151561 0.303709 0)
(-0.00505106 0.30205 0)
(-0.185273 0.0656405 0)
(-0.178936 0.0935339 0)
(-0.171248 0.119803 0)
(-0.162108 0.144131 0)
(-0.151917 0.166368 0)
(-0.141017 0.18647 0)
(-0.129701 0.204466 0)
(-0.118206 0.220441 0)
(-0.106714 0.234506 0)
(-0.0953574 0.246789 0)
(-0.084224 0.257422 0)
(-0.0733659 0.266533 0)
(-0.0628055 0.274239 0)
(-0.0525416 0.280646 0)
(-0.0425547 0.285846 0)
(-0.0328095 0.289916 0)
(-0.0232654 0.292917 0)
(-0.0138649 0.294845 0)
(-0.00461289 0.293318 0)
(-0.160446 0.0616939 0)
(-0.155373 0.0879807 0)
(-0.149127 0.112907 0)
(-0.141628 0.136184 0)
(-0.133179 0.157655 0)
(-0.124051 0.177246 0)
(-0.114483 0.19495 0)
(-0.104674 0.210806 0)
(-0.0947831 0.224888 0)
(-0.0849317 0.237285 0)
(-0.0752044 0.248095 0)
(-0.065656 0.257419 0)
(-0.0563156 0.265353 0)
(-0.0471914 0.271984 0)
(-0.0382744 0.277389 0)
(-0.0295436 0.281634 0)
(-0.0209622 0.284773 0)
(-0.0125025 0.2868 0)
(-0.00416228 0.285386 0)
(-0.136987 0.0585514 0)
(-0.132981 0.083512 0)
(-0.12797 0.107302 0)
(-0.121893 0.129662 0)
(-0.114979 0.150435 0)
(-0.107437 0.169531 0)
(-0.0994588 0.186918 0)
(-0.0912089 0.202606 0)
(-0.0828231 0.216637 0)
(-0.0744079 0.229071 0)
(-0.0660419 0.239982 0)
(-0.0577789 0.249445 0)
(-0.0496512 0.257536 0)
(-0.0416731 0.264328 0)
(-0.0338438 0.269885 0)
(-0.0261497 0.274263 0)
(-0.0185727 0.277506 0)
(-0.0110807 0.27961 0)
(-0.00368077 0.278293 0)
(-0.114642 0.0561032 0)
(-0.111564 0.0799815 0)
(-0.107636 0.102825 0)
(-0.102817 0.124398 0)
(-0.0972757 0.144551 0)
(-0.0911709 0.163185 0)
(-0.0846527 0.180254 0)
(-0.0778541 0.195746 0)
(-0.0708881 0.209682 0)
(-0.0638459 0.222099 0)
(-0.0567974 0.23305 0)
(-0.0497933 0.242592 0)
(-0.0428663 0.250785 0)
(-0.0360343 0.257687 0)
(-0.0293022 0.263351 0)
(-0.0226655 0.267824 0)
(-0.0161062 0.271144 0)
(-0.00961746 0.273306 0)
(-0.00319717 0.272068 0)
(-0.0931937 0.0542716 0)
(-0.0909445 0.0772844 0)
(-0.0879913 0.0993525 0)
(-0.0843089 0.120265 0)
(-0.080017 0.139879 0)
(-0.0752327 0.158097 0)
(-0.0700701 0.17486 0)
(-0.0646338 0.190147 0)
(-0.0590149 0.20396 0)
(-0.0532894 0.216322 0)
(-0.0475178 0.227269 0)
(-0.0417456 0.236843 0)
(-0.0360047 0.245091 0)
(-0.0303144 0.252061 0)
(-0.0246838 0.257795 0)
(-0.019112 0.262332 0)
(-0.0135957 0.265705 0)
(-0.00812032 0.267908 0)
(-0.00269167 0.266735 0)
(-0.0724451 0.0530089 0)
(-0.0709636 0.0753493 0)
(-0.0689117 0.0967988 0)
(-0.0662796 0.11717 0)
(-0.0631463 0.136328 0)
(-0.0595939 0.154178 0)
(-0.0557052 0.170659 0)
(-0.0515592 0.185742 0)
(-0.047227 0.199417 0)
(-0.0427699 0.211698 0)
(-0.0382385 0.222608 0)
(-0.0336727 0.232178 0)
(-0.0291019 0.240446 0)
(-0.0245458 0.247448 0)
(-0.0200161 0.253221 0)
(-0.0155177 0.257796 0)
(-0.0110446 0.2612 0)
(-0.00660388 0.263431 0)
(-0.00219182 0.262307 0)
(-0.0522223 0.0522954 0)
(-0.0514744 0.0741345 0)
(-0.0502813 0.0951062 0)
(-0.0486429 0.115045 0)
(-0.0466053 0.133827 0)
(-0.0442204 0.151363 0)
(-0.0415442 0.167591 0)
(-0.0386326 0.182478 0)
(-0.0355386 0.19601 0)
(-0.0323096 0.208193 0)
(-0.0289866 0.219042 0)
(-0.0256034 0.228581 0)
(-0.0221865 0.236838 0)
(-0.0187554 0.243845 0)
(-0.0153231 0.249631 0)
(-0.0118962 0.254222 0)
(-0.00848078 0.257642 0)
(-0.0050735 0.259886 0)
(-0.00167761 0.258801 0)
(-0.0323692 0.0521356 0)
(-0.0323489 0.0736198 0)
(-0.0319951 0.0942397 0)
(-0.031318 0.113848 0)
(-0.0303362 0.132331 0)
(-0.0290759 0.149604 0)
(-0.0275688 0.165609 0)
(-0.0258504 0.180314 0)
(-0.0239571 0.193702 0)
(-0.0219238 0.205776 0)
(-0.0197822 0.216546 0)
(-0.0175605 0.226032 0)
(-0.0152818 0.234256 0)
(-0.012965 0.241244 0)
(-0.0106239 0.247021 0)
(-0.0082692 0.251609 0)
(-0.00590363 0.255029 0)
(-0.00353785 0.257279 0)
(-0.00117113 0.256209 0)
(-0.0128693 0.052845 0)
(-0.0135564 0.0740428 0)
(-0.0140326 0.0943578 0)
(-0.0142978 0.113657 0)
(-0.0143465 0.131836 0)
(-0.0141805 0.148822 0)
(-0.0138096 0.164566 0)
(-0.0132508 0.179039 0)
(-0.0125259 0.192229 0)
(-0.0116583 0.204137 0)
(-0.0106716 0.214774 0)
(-0.00958841 0.224156 0)
(-0.00842914 0.232301 0)
(-0.00721151 0.239231 0)
(-0.00595038 0.244966 0)
(-0.0046569 0.249525 0)
(-0.00334251 0.252927 0)
(-0.00201502 0.255158 0)
(-0.000667808 0.254093 0)
)
;

boundaryField
{
    leftWall
    {
        type            noSlip;
    }
    rightWall
    {
        type            noSlip;
    }
    lowerWall
    {
        type            noSlip;
    }
    atmosphere
    {
        type            pressureInletOutletVelocity;
        value           nonuniform List<vector> 
46
(
(0 -0.25962 0)
(0 -0.260372 0)
(0 -0.258449 0)
(0 -0.25548 0)
(0 -0.251474 0)
(0 -0.246436 0)
(0 -0.240363 0)
(0 -0.233251 0)
(0 -0.225091 0)
(0 -0.215879 0)
(0 -0.205609 0)
(0 -0.194282 0)
(0 -0.181903 0)
(0 -0.168483 0)
(0 -0.154045 0)
(0 -0.138619 0)
(0 -0.12225 0)
(0 -0.104993 0)
(0 -0.0869159 0)
(0 -0.0680948 0)
(0 -0.0486067 0)
(0 -0.0285123 0)
(0 -0.00796658 0)
(-0.0115392 0.0079866 0)
(-0.011825 0.0179625 0)
(-0.0121345 0.0277435 0)
(-0.0123983 0.0377713 0)
(-0.0128693 0.052845 0)
(-0.0135564 0.0740428 0)
(-0.0140326 0.0943578 0)
(-0.0142978 0.113657 0)
(-0.0143465 0.131836 0)
(-0.0141805 0.148822 0)
(-0.0138096 0.164566 0)
(-0.0132508 0.179039 0)
(-0.0125259 0.192229 0)
(-0.0116583 0.204137 0)
(-0.0106716 0.214774 0)
(-0.00958841 0.224156 0)
(-0.00842914 0.232301 0)
(-0.00721151 0.239231 0)
(-0.00595038 0.244966 0)
(-0.0046569 0.249525 0)
(-0.00334251 0.252927 0)
(-0.00201502 0.255158 0)
(-0.000667808 0.254093 0)
)
;
    }
    defaultFaces
    {
        type            empty;
    }
}


// ************************************************************************* //
