/*--------------------------------*- C++ -*----------------------------------*\
| =========                 |                                                 |
| \\      /  F ield         | OpenFOAM: The Open Source CFD Toolbox           |
|  \\    /   O peration     | Version:  2312                                  |
|   \\  /    A nd           | Website:  www.openfoam.com                      |
|    \\/     M anipulation  |                                                 |
\*---------------------------------------------------------------------------*/
FoamFile
{
    version     2.0;
    format      ascii;
    arch        "LSB;label=32;scalar=64";
    class       surfaceScalarField;
    location    "1.4";
    object      phi;
}
// * * * * * * * * * * * * * * * * * * * * * * * * * * * * * * * * * * * * * //

dimensions      [0 3 -1 0 0 0 0];

oriented        oriented;

internalField   nonuniform List<scalar> 
4432
(
2.51461e-06
-2.51461e-06
2.06054e-06
4.54069e-07
1.47877e-06
5.81777e-07
1.20569e-06
2.73081e-07
1.56529e-06
-3.59605e-07
2.53668e-06
-9.71393e-07
3.9776e-06
-1.44091e-06
5.73724e-06
-1.75964e-06
7.71258e-06
-1.97534e-06
9.82722e-06
-2.11464e-06
1.20086e-05
-2.18138e-06
1.41611e-05
-2.1525e-06
1.61463e-05
-1.98524e-06
1.77817e-05
-1.63535e-06
1.88565e-05
-1.07485e-06
1.91575e-05
-3.00923e-07
1.85222e-05
6.35252e-07
1.68714e-05
1.65087e-06
1.42918e-05
2.57956e-06
1.10608e-05
3.23103e-06
7.49387e-06
3.5669e-06
3.97614e-06
3.51773e-06
3.97614e-06
1.50538e-06
-4.01999e-06
1.22303e-06
7.36417e-07
7.4024e-07
1.06457e-06
5.95423e-07
4.17899e-07
1.02482e-06
-7.89003e-07
2.06862e-06
-2.01519e-06
3.58131e-06
-2.95361e-06
5.4009e-06
-3.57923e-06
7.42681e-06
-4.00125e-06
9.58706e-06
-4.27488e-06
1.18129e-05
-4.40725e-06
1.40119e-05
-4.35151e-06
1.6048e-05
-4.02126e-06
1.77314e-05
-3.31874e-06
1.88449e-05
-2.18841e-06
1.91814e-05
-6.37372e-07
1.8536e-05
1.28061e-06
1.68461e-05
3.34078e-06
1.41913e-05
5.2343e-06
1.08651e-05
6.55727e-06
7.22063e-06
7.21137e-06
3.60624e-06
7.13212e-06
7.58238e-06
1.65019e-07
-4.18501e-06
-6.10283e-08
9.62464e-07
-5.89054e-07
1.5926e-06
-6.42761e-07
4.71605e-07
-5.10421e-08
-1.38072e-06
1.11105e-06
-3.17728e-06
2.76436e-06
-4.60692e-06
4.6998e-06
-5.51467e-06
6.82101e-06
-6.12246e-06
9.06568e-06
-6.51955e-06
1.13782e-05
-6.71978e-06
1.36757e-05
-6.64897e-06
1.5823e-05
-6.16861e-06
1.76234e-05
-5.11909e-06
1.88414e-05
-3.40646e-06
1.92351e-05
-1.03108e-06
1.86258e-05
1.88994e-06
1.68992e-05
5.06733e-06
1.41462e-05
7.98736e-06
1.07026e-05
1.00009e-05
6.99594e-06
1.0918e-05
3.39998e-06
1.07281e-05
1.09824e-05
-1.09681e-06
-3.0882e-06
-1.68555e-06
1.5512e-06
-2.27435e-06
2.1814e-06
-2.24369e-06
4.40948e-07
-1.38087e-06
-2.24354e-06
7.86099e-08
-4.63675e-06
1.89435e-06
-6.42266e-06
3.95343e-06
-7.57375e-06
6.16551e-06
-8.33455e-06
8.48889e-06
-8.84294e-06
1.089e-05
-9.12093e-06
1.33028e-05
-9.0617e-06
1.56005e-05
-8.46631e-06
1.75732e-05
-7.09186e-06
1.89652e-05
-4.79838e-06
1.95037e-05
-1.56961e-06
1.89854e-05
2.40828e-06
1.72647e-05
6.78802e-06
1.44225e-05
1.08295e-05
1.086e-05
1.35634e-05
7.06212e-06
1.47159e-05
3.4039e-06
1.43863e-05
1.43863e-05
-2.13844e-06
-9.49759e-07
-2.66973e-06
2.0825e-06
-3.16241e-06
2.67408e-06
-2.79547e-06
7.40117e-08
-1.8647e-06
-3.17432e-06
-2.24904e-07
-6.27655e-06
1.69214e-06
-8.3397e-06
3.81518e-06
-9.6968e-06
6.05403e-06
-1.05734e-05
8.39213e-06
-1.1181e-05
1.08282e-05
-1.1557e-05
1.33149e-05
-1.15484e-05
1.57398e-05
-1.08912e-05
1.78717e-05
-9.22377e-06
1.94309e-05
-6.35754e-06
2.01634e-05
-2.30213e-06
1.98048e-05
2.76688e-06
1.81835e-05
8.40927e-06
1.5297e-05
1.3716e-05
1.15e-05
1.73604e-05
7.21253e-06
1.90034e-05
3.18045e-06
1.84184e-05
1.75667e-05
-1.66543e-06
7.15668e-07
-1.66732e-06
2.08439e-06
-2.15105e-06
3.15782e-06
-2.13692e-06
5.98851e-08
-1.11112e-06
-4.20012e-06
5.63443e-07
-7.95111e-06
2.55589e-06
-1.03322e-05
4.70507e-06
-1.1846e-05
6.91755e-06
-1.27859e-05
9.19793e-06
-1.34614e-05
1.16105e-05
-1.39695e-05
1.41584e-05
-1.40963e-05
1.6748e-05
-1.34808e-05
1.91374e-05
-1.16132e-05
2.1028e-05
-8.24807e-06
2.20844e-05
-3.35853e-06
2.22015e-05
2.6497e-06
2.1119e-05
9.49179e-06
1.87556e-05
1.60794e-05
1.51608e-05
2.09551e-05
1.02754e-05
2.38888e-05
4.6309e-06
2.40629e-05
2.21976e-05
3.91612e-06
-3.20045e-06
8.39926e-06
-2.39875e-06
8.35053e-06
3.20654e-06
5.88425e-06
2.52618e-06
4.14554e-06
-2.46142e-06
3.76305e-06
-7.56862e-06
4.30163e-06
-1.08707e-05
5.88808e-06
-1.34324e-05
8.09336e-06
-1.49912e-05
1.0558e-05
-1.5926e-05
1.30498e-05
-1.64614e-05
1.56538e-05
-1.67004e-05
1.8412e-05
-1.6239e-05
2.11675e-05
-1.43687e-05
2.35874e-05
-1.06679e-05
2.52423e-05
-5.01343e-06
2.59986e-05
1.89343e-06
2.5798e-05
9.69234e-06
2.41365e-05
1.7741e-05
2.08298e-05
2.42618e-05
1.78367e-05
2.68819e-05
1.29257e-05
2.89739e-05
3.51233e-05
1.30561e-05
-1.62565e-05
2.21138e-05
-1.14565e-05
2.53284e-05
-7.97529e-09
2.45554e-05
3.29916e-06
2.22507e-05
-1.56714e-07
2.03298e-05
-5.64769e-06
1.83367e-05
-8.87768e-06
1.64316e-05
-1.15274e-05
1.50773e-05
-1.36368e-05
1.42922e-05
-1.5141e-05
1.4261e-05
-1.64301e-05
1.60551e-05
-1.84945e-05
1.8976e-05
-1.91599e-05
2.21313e-05
-1.75239e-05
2.51626e-05
-1.36993e-05
2.76759e-05
-7.52671e-06
2.88624e-05
7.06925e-07
2.79141e-05
1.06406e-05
2.6288e-05
1.93671e-05
2.65982e-05
2.39517e-05
2.63772e-05
2.71029e-05
2.19065e-05
3.34446e-05
5.70298e-05
-1.19309e-06
1.19309e-06
-1.75673e-05
1.63742e-05
-2.18813e-05
4.31397e-06
-1.68113e-05
-5.06992e-06
-1.60784e-05
-7.32897e-07
-1.60401e-05
-3.83048e-08
-1.52582e-05
-7.81951e-07
-1.09832e-05
-4.27499e-06
-8.49805e-06
-2.48514e-06
-7.42237e-06
-1.07569e-06
-8.92481e-06
1.50245e-06
-1.12699e-05
2.34514e-06
-1.14263e-05
1.56326e-07
-9.13732e-06
-2.28896e-06
-6.20828e-06
-2.92904e-06
-3.78109e-06
-2.42719e-06
-2.69426e-06
-1.08683e-06
1.18594e-07
-2.81286e-06
1.18593e-07
-2.16006e-06
3.35315e-06
-9.3341e-06
2.35482e-05
-5.99247e-06
9.7234e-07
8.292e-06
-1.93544e-05
1.56574e-05
-8.09834e-06
1.43626e-05
1.25655e-06
4.96642e-06
8.61421e-06
-1.84881e-06
2.54023e-06
-4.09819e-06
-2.35762e-07
-6.59738e-06
1.42351e-06
-9.93185e-06
4.83692e-06
-1.36105e-05
6.02384e-06
-1.50573e-05
1.60304e-06
-1.38063e-05
-3.53989e-06
-1.14575e-05
-5.27782e-06
-9.26806e-06
-4.61668e-06
-6.9763e-06
-3.37859e-06
-4.22013e-06
-5.56902e-06
-4.10154e-06
-5.42473e-06
8.77788e-06
-7.54263e-06
2.56661e-05
-1.01934e-06
-5.55095e-06
7.92528e-06
-2.8299e-05
1.3509e-05
-1.36821e-05
1.79855e-05
-3.21991e-06
2.38055e-05
2.79418e-06
2.36166e-05
2.72911e-06
1.66607e-05
6.72014e-06
3.68332e-06
1.44009e-05
-7.75107e-06
1.62713e-05
-1.48625e-05
1.31353e-05
-1.76794e-05
4.41987e-06
-1.67703e-05
-4.449e-06
-1.38433e-05
-8.20474e-06
-1.06086e-05
-7.85141e-06
-7.22598e-06
-6.76121e-06
-4.53905e-06
-8.25595e-06
-8.6406e-06
-7.87538e-06
1.66533e-05
-6.53081e-06
2.43216e-05
1.00024e-06
-1.3082e-05
7.90865e-06
-3.52074e-05
1.16868e-05
-1.74602e-05
1.33261e-05
-4.85925e-06
1.78743e-05
-1.75402e-06
1.90097e-05
1.59378e-06
1.78168e-05
7.91304e-06
1.0328e-05
2.18896e-05
-2.38955e-06
2.89889e-05
-1.11222e-05
2.1868e-05
-1.27838e-05
6.0815e-06
-1.09354e-05
-6.29745e-06
-7.34846e-06
-1.17917e-05
-2.76888e-06
-1.2431e-05
2.43334e-06
-1.19634e-05
4.2911e-06
-1.01137e-05
-4.3495e-06
-8.51126e-06
2.51645e-05
-4.06514e-06
1.98754e-05
2.51122e-06
-1.96584e-05
9.85523e-06
-4.25514e-05
2.05944e-05
-2.81994e-05
2.15276e-05
-5.79249e-06
2.03436e-05
-5.70002e-07
1.85727e-05
3.36472e-06
1.64052e-05
1.00806e-05
1.31601e-05
2.51347e-05
6.28435e-06
3.58646e-05
1.86238e-06
2.62899e-05
3.81979e-06
4.12409e-06
7.76435e-06
-1.0242e-05
8.94086e-06
-1.29682e-05
9.76294e-06
-1.32531e-05
1.11244e-05
-1.33249e-05
9.28015e-06
-8.26949e-06
4.93065e-06
-6.84344e-06
3.2008e-05
-4.89136e-07
1.35211e-05
5.70961e-06
-2.58571e-05
1.36133e-05
-5.04551e-05
2.86582e-05
-4.32443e-05
3.82608e-05
-1.53952e-05
3.61482e-05
1.54264e-06
3.01637e-05
9.34918e-06
2.36766e-05
1.65677e-05
1.85682e-05
3.02431e-05
1.64036e-05
3.80293e-05
1.8063e-05
2.46305e-05
1.78581e-05
4.32904e-06
1.6589e-05
-8.97291e-06
1.56809e-05
-1.20601e-05
1.51965e-05
-1.27687e-05
1.4214e-05
-1.23423e-05
9.89114e-06
-3.94668e-06
1.48218e-05
-2.27731e-06
3.42853e-05
6.70559e-06
4.53821e-06
1.23397e-05
-3.14913e-05
1.83145e-05
-5.64299e-05
2.9102e-05
-5.40318e-05
4.17286e-05
-2.80217e-05
3.94372e-05
3.834e-06
2.86926e-05
2.00938e-05
2.04025e-05
2.48577e-05
1.73622e-05
3.32834e-05
1.79437e-05
3.74478e-05
2.03918e-05
2.21824e-05
1.97381e-05
4.98267e-06
1.76332e-05
-6.86792e-06
1.67818e-05
-1.12087e-05
1.60543e-05
-1.20412e-05
1.36934e-05
-9.98145e-06
7.66699e-06
2.07971e-06
2.24888e-05
1.19886e-05
2.22967e-05
2.21677e-05
-5.64094e-06
2.4863e-05
-3.41865e-05
2.49528e-05
-5.65197e-05
2.94217e-05
-5.85007e-05
4.07352e-05
-3.93352e-05
4.29334e-05
1.63585e-06
3.34413e-05
2.95859e-05
2.16036e-05
3.66954e-05
1.75957e-05
3.72912e-05
1.99698e-05
3.50737e-05
2.39817e-05
1.81705e-05
2.49416e-05
4.02281e-06
2.26683e-05
-4.59457e-06
2.04636e-05
-9.00405e-06
1.77325e-05
-9.31008e-06
1.17998e-05
-4.04871e-06
5.57246e-06
8.30701e-06
2.80612e-05
4.89277e-05
-6.51842e-05
7.51529e-05
-3.76817e-05
8.59421e-05
-1.07971e-05
8.58619e-05
3.37934e-06
7.94422e-05
6.26301e-06
6.97083e-05
4.08621e-06
5.96343e-05
1.19629e-06
5.18161e-05
-3.70914e-06
4.5696e-05
-7.51677e-06
4.08871e-05
-1.0332e-05
3.67258e-05
-1.22688e-05
3.27954e-05
-1.45641e-05
3.03343e-05
-1.66988e-05
3.05029e-05
-1.76925e-05
3.51878e-05
-1.83841e-05
4.25093e-05
-1.48483e-05
5.01003e-05
-6.88403e-06
5.83524e-05
2.38847e-06
6.83056e-05
9.41388e-06
7.8089e-05
1.41683e-05
8.77015e-05
1.74903e-05
0.000100253
2.08931e-05
2.69568e-05
0.000130326
3.55924e-05
-0.000100777
6.44396e-05
-6.65289e-05
7.83833e-05
-2.47409e-05
8.90056e-05
-7.24291e-06
9.81871e-05
-2.91844e-06
0.000103014
-7.40732e-07
9.84269e-05
5.78335e-06
8.48523e-05
9.86548e-06
6.60516e-05
1.1284e-05
4.79172e-05
7.80232e-06
3.24817e-05
3.16665e-06
2.18042e-05
-3.88651e-06
1.64872e-05
-1.13818e-05
1.70947e-05
-1.83001e-05
2.65959e-05
-2.78853e-05
4.14417e-05
-2.96941e-05
5.73195e-05
-2.27618e-05
7.27023e-05
-1.29943e-05
8.6514e-05
-4.39789e-06
9.86874e-05
1.99491e-06
0.00010957
6.60805e-06
0.000120076
1.03866e-05
1.37583e-05
0.000133275
2.15722e-05
-0.000122349
4.83269e-05
-9.32836e-05
5.46094e-05
-3.10234e-05
6.0987e-05
-1.36205e-05
7.72562e-05
-1.91876e-05
0.000101578
-2.50624e-05
0.000120467
-1.31062e-05
0.00012297
7.36291e-06
0.000111178
2.30756e-05
8.98736e-05
2.91071e-05
6.17586e-05
3.12816e-05
3.42994e-05
2.35727e-05
1.9319e-05
3.59857e-06
1.86097e-05
-1.75907e-05
3.13315e-05
-4.06071e-05
4.91069e-05
-4.74695e-05
6.677e-05
-4.04249e-05
8.33103e-05
-2.95346e-05
9.80043e-05
-1.90918e-05
0.000110489
-1.04902e-05
0.000121121
-4.02314e-06
0.000130701
8.05966e-07
3.99459e-06
0.000140465
6.64743e-06
-0.000128996
2.44003e-05
-0.000111037
2.49326e-05
-3.15557e-05
3.45965e-05
-2.32844e-05
5.87034e-05
-4.32945e-05
8.50838e-05
-5.14427e-05
0.00011003
-3.80525e-05
0.00012696
-9.56722e-06
0.000129342
2.06938e-05
0.000114198
4.42512e-05
8.09343e-05
6.45452e-05
4.49503e-05
5.95566e-05
2.49955e-05
2.35534e-05
2.48364e-05
-1.74316e-05
3.83782e-05
-5.4149e-05
5.23687e-05
-6.146e-05
6.54988e-05
-5.35551e-05
7.80349e-05
-4.20706e-05
8.96077e-05
-3.06647e-05
9.99054e-05
-2.07879e-05
0.000108912
-1.30301e-05
0.000116777
-7.05901e-06
-2.57546e-06
0.000123347
-4.93181e-06
-0.000124064
-3.47711e-06
-0.000112491
6.32663e-06
-4.13594e-05
2.69443e-05
-4.39021e-05
4.80004e-05
-6.43507e-05
6.72824e-05
-7.07247e-05
8.97436e-05
-6.05136e-05
0.000108406
-2.82297e-05
0.000111981
1.71186e-05
9.80989e-05
5.81336e-05
7.10443e-05
9.15998e-05
4.51972e-05
8.54037e-05
3.9952e-05
2.87987e-05
4.46496e-05
-2.21292e-05
4.99943e-05
-5.94938e-05
5.41648e-05
-6.56305e-05
5.94284e-05
-5.88186e-05
6.55537e-05
-4.81959e-05
7.19007e-05
-3.70117e-05
7.78117e-05
-2.66988e-05
8.35043e-05
-1.87227e-05
8.90282e-05
-1.25829e-05
-7.85737e-06
9.43101e-05
-9.00603e-06
-0.000115058
-1.35558e-05
-0.000107941
6.47232e-06
-6.13874e-05
2.16605e-05
-5.90903e-05
3.05888e-05
-7.3279e-05
4.04778e-05
-8.06137e-05
5.61611e-05
-7.6197e-05
7.14697e-05
-4.35383e-05
7.33086e-05
1.52797e-05
6.53886e-05
6.60536e-05
6.04371e-05
9.65514e-05
5.54689e-05
9.0372e-05
5.51486e-05
2.91189e-05
5.89836e-05
-2.59642e-05
5.55675e-05
-5.60777e-05
5.17523e-05
-6.18153e-05
4.96697e-05
-5.67359e-05
4.99049e-05
-4.84311e-05
5.1879e-05
-3.89858e-05
5.51179e-05
-2.99377e-05
5.91923e-05
-2.27971e-05
6.36037e-05
-1.69942e-05
-1.23489e-05
6.80953e-05
-8.12001e-06
-0.000106938
-1.08364e-05
-0.000105225
5.60416e-06
-7.7828e-05
1.12632e-05
-6.47493e-05
1.11681e-05
-7.31839e-05
1.07767e-05
-8.02222e-05
1.25139e-05
-7.79342e-05
2.04397e-05
-5.14641e-05
3.74258e-05
-1.70648e-06
5.03384e-05
5.31409e-05
6.08456e-05
8.60442e-05
7.1091e-05
8.01265e-05
7.00271e-05
3.01828e-05
6.81931e-05
-2.41301e-05
5.89627e-05
-4.68474e-05
4.97126e-05
-5.25652e-05
4.26163e-05
-4.96396e-05
3.91381e-05
-4.49529e-05
3.90825e-05
-3.89302e-05
4.20377e-05
-3.2893e-05
4.65351e-05
-2.72945e-05
5.11878e-05
-2.1647e-05
-1.68027e-05
5.56416e-05
-5.57577e-06
-0.000101363
-7.93892e-06
-0.000102862
1.24577e-06
-8.70127e-05
4.11207e-06
-6.76156e-05
8.56549e-07
-6.99284e-05
-3.97559e-06
-7.53901e-05
-8.74688e-06
-7.31629e-05
-3.58211e-06
-5.66289e-05
1.7088e-05
-2.23766e-05
4.34899e-05
2.67391e-05
6.79906e-05
6.15435e-05
8.51099e-05
6.30071e-05
8.94273e-05
2.58654e-05
8.04947e-05
-1.51975e-05
6.68987e-05
-3.32513e-05
5.38562e-05
-3.95227e-05
4.38818e-05
-3.96653e-05
3.80879e-05
-3.9159e-05
3.74476e-05
-3.82899e-05
4.14965e-05
-3.69418e-05
4.82744e-05
-3.40724e-05
5.53502e-05
-2.87228e-05
-2.22662e-05
6.08137e-05
-3.13209e-06
-9.82305e-05
-6.59426e-06
-9.93998e-05
-3.28589e-06
-9.03211e-05
1.24132e-06
-7.21428e-05
1.22496e-06
-6.9912e-05
-2.25372e-06
-7.19114e-05
-6.35493e-06
-6.90616e-05
-5.5597e-06
-5.74241e-05
1.02106e-05
-3.81469e-05
3.61002e-05
8.49479e-07
6.3952e-05
3.36917e-05
8.33653e-05
4.35938e-05
9.00653e-05
1.91654e-05
8.3457e-05
-8.58919e-06
7.20107e-05
-2.1805e-05
5.88464e-05
-2.63584e-05
4.71891e-05
-2.8008e-05
4.07061e-05
-3.2676e-05
4.10196e-05
-3.86034e-05
4.64066e-05
-4.23288e-05
5.45229e-05
-4.21888e-05
6.26769e-05
-3.68767e-05
-2.70139e-05
6.74246e-05
-7.07793e-07
-9.75227e-05
-5.94052e-06
-9.4167e-05
-6.74057e-06
-8.95211e-05
8.32819e-08
-7.89666e-05
4.82137e-06
-7.46501e-05
5.39751e-06
-7.24875e-05
4.11133e-06
-6.77755e-05
3.5383e-06
-5.68511e-05
1.01198e-05
-4.47285e-05
3.13768e-05
-2.04075e-05
5.60474e-05
9.02107e-06
7.86798e-05
2.09614e-05
8.74667e-05
1.03786e-05
8.14047e-05
-2.52719e-06
6.97087e-05
-1.0109e-05
5.98696e-05
-1.65193e-05
5.8196e-05
-2.63345e-05
6.48043e-05
-3.92842e-05
7.65104e-05
-5.03096e-05
9.06948e-05
-5.65131e-05
0.000106363
-5.7857e-05
0.000123042
-5.35552e-05
-4.05984e-05
0.000136626
1.94003e-06
-9.94631e-05
-5.48699e-06
-8.67405e-05
-8.56923e-06
-8.6439e-05
-3.99167e-07
-8.71367e-05
7.38991e-06
-8.24392e-05
1.2453e-05
-7.75506e-05
1.52063e-05
-7.05287e-05
1.7332e-05
-5.89768e-05
1.88668e-05
-4.62633e-05
2.95012e-05
-3.1042e-05
4.87643e-05
-1.0242e-05
6.81607e-05
1.56498e-06
7.82527e-05
2.86636e-07
8.24896e-05
-6.76402e-06
8.94228e-05
-1.70422e-05
0.000103828
-3.09246e-05
0.000124235
-4.67417e-05
0.00014622
-6.1269e-05
0.000168341
-7.24306e-05
0.000191532
-7.97042e-05
0.000218413
-8.47382e-05
0.000254614
-8.97557e-05
-9.53339e-05
0.00030935
-9.06318e-07
-9.85573e-05
-3.23872e-06
-8.44083e-05
-1.45922e-05
-7.50854e-05
-3.90156e-06
-9.78271e-05
8.12785e-06
-9.44687e-05
1.70017e-05
-8.64245e-05
2.36636e-05
-7.71906e-05
3.08189e-05
-6.6132e-05
3.87114e-05
-5.41559e-05
4.89277e-05
-4.12582e-05
6.71064e-05
-2.84206e-05
8.95968e-05
-2.09254e-05
0.000111751
-2.18673e-05
0.000132339
-2.7352e-05
0.000150558
-3.52611e-05
0.000165103
-4.54703e-05
0.000177403
-5.9041e-05
0.000189075
-7.29412e-05
0.000200937
-8.42925e-05
0.000212392
-9.11595e-05
0.000224234
-9.65801e-05
0.000241737
-0.000107258
-0.000129423
0.000275827
1.58017e-05
-0.000114358
5.49019e-05
-0.000123508
7.98932e-05
-0.000100076
6.00962e-05
-7.80303e-05
2.66571e-05
-6.10293e-05
5.31781e-06
-6.50854e-05
2.01913e-05
-9.20642e-05
3.62391e-05
-8.21803e-05
5.02916e-05
-6.82086e-05
6.55792e-05
-5.65459e-05
8.62249e-05
-4.90663e-05
0.000110449
-4.51494e-05
0.000135923
-4.73409e-05
0.000162822
-5.42516e-05
0.000186574
-5.9013e-05
0.000196689
-5.55849e-05
0.000200918
-6.32706e-05
0.000207345
-7.93681e-05
0.000216846
-9.37934e-05
0.000220387
-9.47006e-05
0.000219211
-9.54037e-05
0.000194984
-8.30311e-05
-2.82605e-05
9.38217e-05
1.78324e-05
-0.00013219
4.70607e-05
-0.000152736
7.94353e-05
-0.00013245
9.60442e-05
-9.46389e-05
0.000100513
-6.54985e-05
9.24156e-05
-5.69877e-05
6.06063e-05
-6.02558e-05
3.3111e-05
-5.46856e-05
2.53778e-05
-6.04755e-05
5.78461e-05
-8.90143e-05
8.02402e-05
-7.14602e-05
0.000100565
-6.54737e-05
0.000121617
-6.83923e-05
0.000145061
-7.7696e-05
0.000171476
-8.54267e-05
0.000187649
-7.17584e-05
0.000189073
-6.4695e-05
0.000179936
-7.02316e-05
0.000166385
-8.02423e-05
0.000146125
-7.44404e-05
9.03923e-05
-3.96715e-05
1.87416e-06
5.48643e-06
5.53454e-05
-8.17324e-05
1.70453e-05
-0.000149235
3.21505e-05
-0.000167841
4.95965e-05
-0.000149896
6.62312e-05
-0.000111273
8.32085e-05
-8.24756e-05
9.52924e-05
-6.90712e-05
9.68009e-05
-6.1764e-05
9.79392e-05
-5.58239e-05
9.79798e-05
-6.05161e-05
8.25705e-05
-7.36048e-05
8.5135e-05
-7.40247e-05
9.53264e-05
-7.56651e-05
0.000111473
-8.45389e-05
0.000125577
-9.18005e-05
0.00013908
-9.89297e-05
0.000145923
-7.86007e-05
0.00012411
-4.28825e-05
8.71313e-05
-3.32527e-05
4.17293e-05
-3.48405e-05
-1.59717e-05
-1.67395e-05
-7.15073e-05
1.58639e-05
-0.000102548
3.65272e-05
6.59913e-05
-0.000113194
1.32124e-05
-0.000162447
1.76976e-05
-0.000172326
2.14282e-05
-0.000153627
2.76521e-05
-0.000117497
3.93982e-05
-9.42216e-05
5.04821e-05
-8.01548e-05
5.87006e-05
-6.99822e-05
6.58528e-05
-6.29759e-05
6.71061e-05
-6.17693e-05
5.87427e-05
-6.52414e-05
5.26956e-05
-6.79777e-05
4.86282e-05
-7.15981e-05
3.69854e-05
-7.28965e-05
1.8086e-05
-7.29015e-05
-7.77606e-06
-7.3068e-05
-3.45814e-05
-5.17952e-05
-4.90317e-05
-2.84321e-05
-6.23104e-05
-1.99737e-05
-8.29834e-05
-1.41675e-05
-0.000101333
1.60992e-06
-0.000108582
2.31135e-05
-0.000116858
4.48027e-05
6.17025e-05
-0.000112569
6.95501e-06
-0.000169402
9.12465e-07
-0.000166283
-7.54923e-06
-0.000145165
-8.90845e-06
-0.000116138
-5.30111e-06
-9.78288e-05
-1.66587e-06
-8.37899e-05
5.92213e-07
-7.22401e-05
8.9317e-07
-6.32767e-05
-3.2783e-06
-5.75977e-05
-1.46771e-05
-5.38425e-05
-2.99489e-05
-5.27059e-05
-4.63169e-05
-5.52302e-05
-6.28058e-05
-5.64076e-05
-7.89478e-05
-5.67595e-05
-9.8003e-05
-5.40127e-05
-0.000106573
-4.32256e-05
-0.000105093
-2.99118e-05
-0.000105866
-1.92007e-05
-0.000111771
-8.26182e-06
-0.000116702
6.54105e-06
-0.000117271
2.36824e-05
-0.0001125
4.0032e-05
5.08092e-05
-0.000101607
-3.90155e-06
-0.0001655
-1.81064e-05
-0.000152078
-3.3309e-05
-0.000129962
-4.12957e-05
-0.000108151
-4.73739e-05
-9.17505e-05
-5.38349e-05
-7.73288e-05
-6.13777e-05
-6.46973e-05
-7.02087e-05
-5.44456e-05
-8.04145e-05
-4.73918e-05
-9.02232e-05
-4.40339e-05
-9.76891e-05
-4.52401e-05
-0.000103585
-4.93343e-05
-0.000107336
-5.26563e-05
-0.00011145
-5.26458e-05
-0.000117111
-4.83519e-05
-0.000120233
-4.01032e-05
-0.000120057
-3.00876e-05
-0.000119325
-1.99329e-05
-0.000118779
-8.8078e-06
-0.000116705
4.46702e-06
-0.000111754
1.87311e-05
-0.000102817
3.10954e-05
3.90553e-05
-9.1063e-05
-1.39588e-05
-0.000151542
-3.41384e-05
-0.000131899
-5.33348e-05
-0.000110766
-6.87126e-05
-9.27734e-05
-8.28485e-05
-7.76146e-05
-9.59808e-05
-6.41966e-05
-0.000107323
-5.33551e-05
-0.000115574
-4.61946e-05
-0.000119742
-4.32239e-05
-0.000119951
-4.38249e-05
-0.000118517
-4.66737e-05
-0.000117823
-5.00289e-05
-0.000118336
-5.21425e-05
-0.000119416
-5.15659e-05
-0.000120207
-4.75607e-05
-0.000119692
-4.0619e-05
-0.000117908
-3.18715e-05
-0.000115703
-2.21379e-05
-0.000113077
-1.1433e-05
-0.00010887
2.5954e-07
-0.00010222
1.20812e-05
-9.31614e-05
2.2037e-05
2.88898e-05
-8.29959e-05
-2.07101e-05
-0.000130832
-4.41555e-05
-0.000108453
-6.58323e-05
-8.90892e-05
-8.44926e-05
-7.41131e-05
-0.000100187
-6.19205e-05
-0.00011214
-5.22435e-05
-0.000119739
-4.57559e-05
-0.000123186
-4.27474e-05
-0.000123482
-4.29276e-05
-0.000121796
-4.55116e-05
-0.000119231
-4.92384e-05
-0.000116747
-5.25129e-05
-0.000114927
-5.39623e-05
-0.000113775
-5.27178e-05
-0.000112739
-4.85964e-05
-0.000111276
-4.20829e-05
-0.000109239
-3.39081e-05
-0.000106732
-2.46453e-05
-0.000103544
-1.46208e-05
-9.90247e-05
-4.25937e-06
-9.28435e-05
5.90006e-06
-8.52281e-05
1.44216e-05
2.07897e-05
-7.71281e-05
-2.33458e-05
-0.000107486
-4.72333e-05
-8.45658e-05
-6.86878e-05
-6.76347e-05
-8.6671e-05
-5.61299e-05
-0.000100696
-4.78951e-05
-0.000110506
-4.24338e-05
-0.000116219
-4.00431e-05
-0.000118264
-4.0702e-05
-0.000117369
-4.38234e-05
-0.000114576
-4.83042e-05
-0.00011106
-5.27548e-05
-0.000107768
-5.58044e-05
-0.000105216
-5.65143e-05
-0.000103404
-5.453e-05
-0.000101969
-5.00317e-05
-0.000100509
-4.35423e-05
-9.87792e-05
-3.56383e-05
-9.66108e-05
-2.68137e-05
-9.37576e-05
-1.7474e-05
-8.98733e-05
-8.14363e-06
-8.47689e-05
7.95714e-07
-7.87757e-05
8.42841e-06
1.44939e-05
-7.24801e-05
-2.27334e-05
-8.47526e-05
-4.50453e-05
-6.2254e-05
-6.48863e-05
-4.77938e-05
-8.12057e-05
-3.98106e-05
-9.35098e-05
-3.55911e-05
-0.00010167
-3.42731e-05
-0.000105941
-3.57728e-05
-0.000106878
-3.97644e-05
-0.000105298
-4.54042e-05
-0.000102204
-5.13976e-05
-9.8673e-05
-5.62859e-05
-9.55634e-05
-5.8914e-05
-9.32993e-05
-5.87784e-05
-9.18299e-05
-5.59993e-05
-9.08132e-05
-5.10484e-05
-8.98684e-05
-4.44871e-05
-8.86923e-05
-3.68145e-05
-8.70645e-05
-2.84415e-05
-8.4784e-05
-1.97545e-05
-8.17346e-05
-1.1193e-05
-7.77229e-05
-3.21596e-06
-7.30899e-05
3.79544e-06
9.61341e-06
-6.82095e-05
-2.02431e-05
-6.45097e-05
-3.97923e-05
-4.2705e-05
-5.72723e-05
-3.03138e-05
-7.15197e-05
-2.55632e-05
-8.20414e-05
-2.50694e-05
-8.87967e-05
-2.75179e-05
-9.208e-05
-3.24895e-05
-9.24473e-05
-3.93971e-05
-9.06984e-05
-4.71532e-05
-8.78343e-05
-5.42616e-05
-8.48718e-05
-5.92485e-05
-8.25536e-05
-6.12322e-05
-8.11376e-05
-6.01944e-05
-8.04568e-05
-5.66801e-05
-8.01487e-05
-5.13565e-05
-7.98541e-05
-4.47817e-05
-7.92918e-05
-3.73767e-05
-7.82538e-05
-2.94795e-05
-7.65945e-05
-2.14138e-05
-7.42577e-05
-1.35298e-05
-7.12342e-05
-6.23946e-06
-6.76719e-05
2.33137e-07
5.79586e-06
-6.38544e-05
-1.69568e-05
-4.7553e-05
-3.30977e-05
-2.65642e-05
-4.77249e-05
-1.56868e-05
-5.97364e-05
-1.35518e-05
-6.85345e-05
-1.62714e-05
-7.41374e-05
-2.19151e-05
-7.67965e-05
-2.98304e-05
-7.70169e-05
-3.91767e-05
-7.55464e-05
-4.86237e-05
-7.33294e-05
-5.64787e-05
-7.13039e-05
-6.1274e-05
-7.00567e-05
-6.24794e-05
-6.96603e-05
-6.05908e-05
-6.9838e-05
-5.65024e-05
-7.02307e-05
-5.09639e-05
-7.0539e-05
-4.44733e-05
-7.05369e-05
-3.73788e-05
-7.00522e-05
-2.99642e-05
-6.89778e-05
-2.24883e-05
-6.72866e-05
-1.52209e-05
-6.50547e-05
-8.4713e-06
-6.23413e-05
-2.48033e-06
2.81388e-06
-5.93594e-05
-1.37019e-05
-3.38512e-05
-2.63904e-05
-1.38759e-05
-3.79286e-05
-4.14865e-06
-4.76444e-05
-3.83612e-06
-5.4843e-05
-9.07277e-06
-5.95232e-05
-1.72349e-05
-6.18596e-05
-2.74941e-05
-6.22342e-05
-3.88022e-05
-6.12934e-05
-4.95645e-05
-5.99157e-05
-5.78564e-05
-5.89423e-05
-6.22474e-05
-5.87781e-05
-6.26435e-05
-5.93152e-05
-6.00537e-05
-6.02199e-05
-5.55977e-05
-6.11828e-05
-5.0001e-05
-6.19823e-05
-4.36739e-05
-6.2445e-05
-3.69161e-05
-6.24372e-05
-2.9972e-05
-6.18801e-05
-2.30455e-05
-6.07574e-05
-1.63436e-05
-5.91333e-05
-1.00955e-05
-5.71048e-05
-4.50886e-06
4.78537e-07
-5.47695e-05
-1.08504e-05
-2.30009e-05
-2.06145e-05
-4.11199e-06
-2.92746e-05
4.5114e-06
-3.67589e-05
3.64807e-06
-4.24627e-05
-3.36899e-06
-4.63058e-05
-1.33919e-05
-4.84254e-05
-2.53744e-05
-4.90244e-05
-3.82032e-05
-4.8637e-05
-4.9952e-05
-4.80843e-05
-5.84091e-05
-4.80995e-05
-6.22323e-05
-4.88742e-05
-6.18688e-05
-5.01568e-05
-5.87711e-05
-5.16194e-05
-5.41351e-05
-5.30242e-05
-4.85963e-05
-5.42051e-05
-4.24929e-05
-5.50328e-05
-3.60885e-05
-5.54088e-05
-2.9596e-05
-5.52716e-05
-2.31827e-05
-5.46185e-05
-1.69966e-05
-5.35051e-05
-1.12089e-05
-5.20174e-05
-5.99656e-06
-1.32145e-06
-5.02175e-05
-8.45223e-06
-1.45488e-05
-1.58469e-05
3.28256e-06
-2.22014e-05
1.08659e-05
-2.77099e-05
9.15647e-06
-3.21345e-05
1.05554e-06
-3.51964e-05
-1.03301e-05
-3.70056e-05
-2.35653e-05
-3.7673e-05
-3.75359e-05
-3.76746e-05
-4.99504e-05
-3.7821e-05
-5.82628e-05
-3.86851e-05
-6.13682e-05
-4.02092e-05
-6.03447e-05
-4.20501e-05
-5.69302e-05
-4.39319e-05
-5.22533e-05
-4.56794e-05
-4.68487e-05
-4.71629e-05
-4.10095e-05
-4.82792e-05
-3.49722e-05
-4.89575e-05
-2.89177e-05
-4.91604e-05
-2.29797e-05
-4.88859e-05
-1.72711e-05
-4.8183e-05
-1.19118e-05
-4.71298e-05
-7.04986e-06
-2.68364e-06
-4.57676e-05
-6.28332e-06
-8.26565e-06
-1.19447e-05
8.94378e-06
-1.66161e-05
1.55372e-05
-2.05548e-05
1.30952e-05
-2.3838e-05
4.33866e-06
-2.61777e-05
-7.99046e-06
-2.75114e-05
-2.22316e-05
-2.8003e-05
-3.70443e-05
-2.82053e-05
-4.97482e-05
-2.89371e-05
-5.7531e-05
-3.05134e-05
-5.97919e-05
-3.26118e-05
-5.82463e-05
-3.48627e-05
-5.46794e-05
-3.70597e-05
-5.00564e-05
-3.90706e-05
-4.48378e-05
-4.07865e-05
-3.92936e-05
-4.21258e-05
-3.36329e-05
-4.30383e-05
-2.80052e-05
-4.3505e-05
-2.25131e-05
-4.3537e-05
-1.72391e-05
-4.31707e-05
-1.22781e-05
-4.24794e-05
-7.74118e-06
-3.66259e-06
-4.15005e-05
-5.28556e-06
-2.98018e-06
-9.71895e-06
1.33771e-05
-1.29876e-05
1.88057e-05
-1.55372e-05
1.56447e-05
-1.75521e-05
6.35348e-06
-1.88981e-05
-6.64451e-06
-1.95335e-05
-2.15963e-05
-1.96622e-05
-3.69156e-05
-1.998e-05
-4.94304e-05
-2.12662e-05
-5.62449e-05
-2.34376e-05
-5.76205e-05
-2.59644e-05
-5.57195e-05
-2.85166e-05
-5.21271e-05
-3.09463e-05
-4.76267e-05
-3.31467e-05
-4.26374e-05
-3.50293e-05
-3.74111e-05
-3.65326e-05
-3.21296e-05
-3.76239e-05
-2.6914e-05
-3.82975e-05
-2.18395e-05
-3.85721e-05
-1.69645e-05
-3.84845e-05
-1.23657e-05
-3.80914e-05
-8.13435e-06
-4.32948e-06
-3.74245e-05
-4.35187e-06
1.37156e-06
-7.72536e-06
1.67505e-05
-9.88754e-06
2.09678e-05
-1.13394e-05
1.70965e-05
-1.22981e-05
7.31205e-06
-1.27104e-05
-6.2322e-06
-1.25691e-05
-2.17377e-05
-1.22766e-05
-3.72081e-05
-1.28236e-05
-4.88835e-05
-1.46964e-05
-5.43721e-05
-1.73437e-05
-5.49733e-05
-2.01758e-05
-5.28874e-05
-2.29428e-05
-4.93601e-05
-2.55288e-05
-4.50407e-05
-2.78473e-05
-4.0319e-05
-2.98335e-05
-3.54249e-05
-3.14453e-05
-3.05178e-05
-3.26654e-05
-2.56939e-05
-3.34959e-05
-2.1009e-05
-3.39583e-05
-1.65021e-05
-3.4095e-05
-1.2229e-05
-3.39481e-05
-8.28123e-06
-4.71794e-06
-3.35597e-05
-3.39638e-06
4.7679e-06
-5.74794e-06
1.9102e-05
-7.04093e-06
2.22608e-05
-7.62744e-06
1.76829e-05
-7.69338e-06
7.37794e-06
-7.17471e-06
-6.75092e-06
-6.14862e-06
-2.27638e-05
-5.60962e-06
-3.77472e-05
-6.67282e-06
-4.78203e-05
-9.13869e-06
-5.19062e-05
-1.21218e-05
-5.19902e-05
-1.5154e-05
-4.98552e-05
-1.80578e-05
-4.64563e-05
-2.0731e-05
-4.23676e-05
-2.31064e-05
-3.79436e-05
-2.51403e-05
-3.3391e-05
-2.68127e-05
-2.88454e-05
-2.81201e-05
-2.43866e-05
-2.90714e-05
-2.00577e-05
-2.96879e-05
-1.58855e-05
-3.00061e-05
-1.19108e-05
-3.00705e-05
-8.21684e-06
-4.88042e-06
-2.99081e-05
-2.33943e-06
7.10723e-06
-3.42748e-06
2.01899e-05
-4.16057e-06
2.29938e-05
-4.08907e-06
1.76114e-05
-3.38898e-06
6.67781e-06
-1.82679e-06
-8.31315e-06
6.7524e-08
-2.46582e-05
4.32973e-07
-3.81126e-05
-1.49894e-06
-4.58884e-05
-4.4705e-06
-4.89347e-05
-7.65219e-06
-4.88086e-05
-1.07958e-05
-4.67116e-05
-1.37666e-05
-4.34855e-05
-1.6469e-05
-3.96653e-05
-1.88513e-05
-3.55613e-05
-2.08905e-05
-3.13517e-05
-2.25854e-05
-2.71505e-05
-2.39463e-05
-2.30257e-05
-2.49862e-05
-1.90178e-05
-2.57241e-05
-1.51477e-05
-2.61898e-05
-1.14452e-05
-2.6427e-05
-7.97959e-06
-4.84272e-06
-2.64647e-05
-1.66914e-06
8.77635e-06
-9.18602e-07
1.94393e-05
-1.03528e-06
2.31104e-05
-4.6002e-07
1.70361e-05
1.09555e-06
5.12221e-06
3.81878e-06
-1.10364e-05
5.73325e-06
-2.65727e-05
5.13686e-06
-3.75163e-05
2.71386e-06
-4.34654e-05
-4.74933e-07
-4.57459e-05
-3.79371e-06
-4.54898e-05
-6.99219e-06
-4.35131e-05
-9.97572e-06
-4.0502e-05
-1.26637e-05
-3.69773e-05
-1.50176e-05
-3.32074e-05
-1.7031e-05
-2.93383e-05
-1.87208e-05
-2.54607e-05
-2.01071e-05
-2.16394e-05
-2.12087e-05
-1.79163e-05
-2.20417e-05
-1.43146e-05
-2.26314e-05
-1.08554e-05
-2.30164e-05
-7.59471e-06
-4.63915e-06
-2.32199e-05
-5.26717e-07
9.30299e-06
1.42245e-06
1.74901e-05
2.36624e-06
2.21666e-05
3.57278e-06
1.58295e-05
6.41942e-06
2.27554e-06
9.47338e-06
-1.40904e-05
1.0291e-05
-2.73903e-05
8.85681e-06
-3.60821e-05
6.17704e-06
-4.07857e-05
2.95022e-06
-4.25191e-05
-4.19309e-07
-4.21203e-05
-3.65348e-06
-4.0279e-05
-6.61275e-06
-3.75427e-05
-9.24994e-06
-3.43401e-05
-1.15493e-05
-3.09081e-05
-1.35175e-05
-2.73701e-05
-1.518e-05
-2.37982e-05
-1.6569e-05
-2.02504e-05
-1.77088e-05
-1.67765e-05
-1.86147e-05
-1.34087e-05
-1.93036e-05
-1.01665e-05
-1.9807e-05
-7.09125e-06
-4.28743e-06
-2.01588e-05
8.77973e-07
8.42504e-06
3.11917e-06
1.52489e-05
5.52275e-06
1.9763e-05
7.90816e-06
1.34441e-05
1.15361e-05
-1.3524e-06
1.38739e-05
-1.64282e-05
1.36833e-05
-2.71996e-05
1.1821e-05
-3.42198e-05
9.03423e-06
-3.79989e-05
5.79653e-06
-3.92814e-05
2.45655e-06
-3.87803e-05
-7.32555e-07
-3.70899e-05
-3.62803e-06
-3.46473e-05
-6.18497e-06
-3.17832e-05
-8.40476e-06
-2.86883e-05
-1.03094e-05
-2.54654e-05
-1.19305e-05
-2.21771e-05
-1.33035e-05
-1.88773e-05
-1.44603e-05
-1.56197e-05
-1.54181e-05
-1.24509e-05
-1.61879e-05
-9.39667e-06
-1.67932e-05
-6.48599e-06
-3.81102e-06
-1.72696e-05
2.54782e-06
5.87718e-06
4.62825e-06
1.31685e-05
7.85217e-06
1.65391e-05
1.20503e-05
9.24602e-06
1.56409e-05
-4.94307e-06
1.6806e-05
-1.75933e-05
1.61306e-05
-2.65242e-05
1.4085e-05
-3.21741e-05
1.12463e-05
-3.51602e-05
8.05398e-06
-3.6089e-05
4.82528e-06
-3.55516e-05
1.76764e-06
-3.40322e-05
-9.92499e-07
-3.18871e-05
-3.42877e-06
-2.93469e-05
-5.54568e-06
-2.65714e-05
-7.37208e-06
-2.3639e-05
-8.93941e-06
-2.06098e-05
-1.02841e-05
-1.75327e-05
-1.14383e-05
-1.44654e-05
-1.24281e-05
-1.14611e-05
-1.32611e-05
-8.56368e-06
-1.39506e-05
-5.79639e-06
-3.23206e-06
-1.45296e-05
3.60716e-06
2.27005e-06
6.22452e-06
1.05511e-05
9.90538e-06
1.28582e-05
1.49269e-05
4.22447e-06
1.80948e-05
-8.11096e-06
1.87604e-05
-1.82589e-05
1.77159e-05
-2.54797e-05
1.55483e-05
-3.00065e-05
1.27475e-05
-3.23593e-05
9.70785e-06
-3.30494e-05
6.69608e-06
-3.25398e-05
3.87177e-06
-3.12079e-05
1.31451e-06
-2.93298e-05
-9.49933e-07
-2.70824e-05
-2.94001e-06
-2.45813e-05
-4.67467e-06
-2.19043e-05
-6.18116e-06
-1.91033e-05
-7.48448e-06
-1.62293e-05
-8.62264e-06
-1.33272e-05
-9.62564e-06
-1.04581e-05
-1.0503e-05
-7.68631e-06
-1.12673e-05
-5.03208e-06
-2.5647e-06
-1.19346e-05
3.38633e-06
-1.11631e-06
7.03157e-06
6.9059e-06
1.17671e-05
8.12266e-06
1.66077e-05
-6.16048e-07
1.9147e-05
-1.06503e-05
1.94455e-05
-1.85574e-05
1.82211e-05
-2.42553e-05
1.60889e-05
-2.78742e-05
1.34931e-05
-2.97635e-05
1.07552e-05
-3.03115e-05
8.08248e-06
-2.9867e-05
5.58636e-06
-2.87117e-05
3.31008e-06
-2.70535e-05
1.26394e-06
-2.50362e-05
-5.61789e-07
-2.27555e-05
-2.1864e-06
-2.02797e-05
-3.61835e-06
-1.76713e-05
-4.87899e-06
-1.49687e-05
-5.99109e-06
-1.22151e-05
-6.99349e-06
-9.45567e-06
-7.90241e-06
-6.77739e-06
-8.71179e-06
-4.22262e-06
-1.82425e-06
-9.45226e-06
2.79377e-06
-3.91005e-06
7.08383e-06
2.61585e-06
1.25759e-05
2.63057e-06
1.68687e-05
-4.9088e-06
1.86814e-05
-1.2463e-05
1.87139e-05
-1.85898e-05
1.75326e-05
-2.3074e-05
1.5649e-05
-2.59907e-05
1.34379e-05
-2.75523e-05
1.11495e-05
-2.80231e-05
8.93298e-06
-2.76505e-05
6.85781e-06
-2.66365e-05
4.94401e-06
-2.51397e-05
3.18778e-06
-2.328e-05
1.5806e-06
-2.11483e-05
1.16578e-07
-1.88157e-05
-1.22555e-06
-1.63292e-05
-2.43321e-06
-1.3761e-05
-3.52483e-06
-1.11234e-05
-4.51084e-06
-8.46964e-06
-5.43572e-06
-5.85248e-06
-6.30178e-06
-3.35663e-06
-1.01544e-06
-7.11056e-06
2.42719e-06
-6.33724e-06
6.76554e-06
-1.72249e-06
1.20183e-05
-2.62221e-06
1.53107e-05
-8.20116e-06
1.66588e-05
-1.38111e-05
1.65908e-05
-1.85218e-05
1.55964e-05
-2.20796e-05
1.4084e-05
-2.44783e-05
1.23567e-05
-2.5825e-05
1.06064e-05
-2.62729e-05
8.93672e-06
-2.59807e-05
7.38388e-06
-2.50837e-05
5.94829e-06
-2.37041e-05
4.6082e-06
-2.19399e-05
3.34148e-06
-1.98816e-05
2.12903e-06
-1.76032e-05
9.68396e-07
-1.51685e-05
-1.49472e-07
-1.26431e-05
-1.21866e-06
-1.00542e-05
-2.20449e-06
-7.48379e-06
-3.11872e-06
-4.93826e-06
-3.98873e-06
-2.48654e-06
-2.00486e-07
-4.80369e-06
2.39693e-06
-8.73414e-06
6.19909e-06
-5.52462e-06
1.01322e-05
-6.55533e-06
1.23299e-05
-1.03988e-05
1.31132e-05
-1.45944e-05
1.28823e-05
-1.82909e-05
1.20227e-05
-2.12199e-05
1.08551e-05
-2.33107e-05
9.60735e-06
-2.45772e-05
8.41723e-06
-2.50828e-05
7.34487e-06
-2.49083e-05
6.40601e-06
-2.41448e-05
5.58288e-06
-2.28809e-05
4.84002e-06
-2.1197e-05
4.13447e-06
-1.9176e-05
3.42343e-06
-1.68921e-05
2.67381e-06
-1.44189e-05
1.85724e-06
-1.18265e-05
9.80224e-07
-9.17718e-06
4.30886e-08
-6.54663e-06
-9.10376e-07
-3.98475e-06
-1.8658e-06
-1.53112e-06
6.74049e-07
-2.74031e-06
1.8362e-06
4.18009e-06
6.20665e-06
7.20524e-06
7.32977e-06
6.91763e-06
6.24461e-06
5.49575e-06
4.78408e-06
4.16917e-06
3.67795e-06
3.31271e-06
3.06123e-06
2.90513e-06
2.81539e-06
2.75598e-06
2.6816e-06
2.53884e-06
2.27142e-06
1.82324e-06
1.18263e-06
4.02221e-07
-3.34711e-07
0.000121494
8.83206e-06
0.000115935
5.55944e-06
0.000111965
3.96971e-06
3.54897e-06
0.000108416
0.000137056
5.05111e-06
0.000139421
3.19358e-06
0.00014133
2.06168e-06
1.66153e-06
0.000143217
0.000143822
1.69372e-06
0.000145608
1.40783e-06
0.000146363
1.30708e-06
1.5013e-06
0.000146523
0.000125793
-7.51435e-07
0.000127721
-5.20516e-07
0.000129172
-1.4379e-07
6.81426e-07
0.000129992
9.67208e-05
-3.16211e-06
9.89293e-05
-2.72909e-06
0.000100872
-2.08671e-06
-8.87954e-07
0.000102442
7.00509e-05
-5.11772e-06
7.19602e-05
-4.63838e-06
7.40227e-05
-4.14921e-06
-3.15866e-06
7.62934e-05
5.75996e-05
-7.07573e-06
5.98209e-05
-6.85964e-06
6.27506e-05
-7.07892e-06
-6.95895e-06
6.65509e-05
6.29396e-05
-9.20167e-06
6.51035e-05
-9.0235e-06
6.80772e-05
-1.00527e-05
-1.13027e-05
7.2421e-05
6.78925e-05
-9.6696e-06
6.75439e-05
-8.67489e-06
6.82365e-05
-1.07453e-05
-1.47288e-05
7.16626e-05
0.000139172
-1.2215e-05
0.0001298
6.9687e-07
0.000132794
-1.37394e-05
-1.49182e-05
0.000132984
0.000339199
-4.20638e-05
0.000343988
-4.0938e-06
0.000322541
7.7079e-06
1.05843e-05
0.00029704
0.000253309
-1.95463e-05
0.00021922
2.99932e-05
0.0001756
5.13283e-05
5.71088e-05
0.000129077
4.11147e-05
3.31607e-05
1.05514e-05
6.05566e-05
-3.0044e-06
6.48846e-05
6.31045e-05
-9.00003e-06
-9.27162e-05
4.41446e-05
-8.55179e-05
5.33584e-05
-7.59398e-05
5.53066e-05
5.42519e-05
-6.7087e-05
-0.00011029
4.12409e-05
-0.000101417
4.44857e-05
-9.14274e-05
4.53166e-05
4.5211e-05
-8.23865e-05
-0.000105196
3.38677e-05
-9.63452e-05
3.56349e-05
-8.77418e-05
3.67133e-05
3.74298e-05
-7.99606e-05
-9.45474e-05
2.68081e-05
-8.72395e-05
2.83271e-05
-8.01305e-05
2.96045e-05
3.07971e-05
-7.34977e-05
-8.51303e-05
2.08755e-05
-7.92032e-05
2.24e-05
-7.34257e-05
2.3827e-05
2.52715e-05
-6.79001e-05
-7.82372e-05
1.61167e-05
-7.35146e-05
1.76775e-05
-6.88857e-05
1.91982e-05
2.07444e-05
-6.43585e-05
-7.33984e-05
1.23871e-05
-6.96708e-05
1.39499e-05
-6.59729e-05
1.55003e-05
1.70522e-05
-6.22807e-05
-6.95563e-05
9.46332e-06
-6.6606e-05
1.09996e-05
-6.36317e-05
1.25261e-05
1.40267e-05
-6.06061e-05
-6.58901e-05
7.14394e-06
-6.35175e-05
8.62696e-06
-6.10905e-05
1.00991e-05
1.15276e-05
-5.85914e-05
-6.19904e-05
5.27996e-06
-6.00613e-05
6.69793e-06
-5.8062e-05
8.09972e-06
9.44869e-06
-5.5983e-05
-5.78459e-05
3.76648e-06
-5.62562e-05
5.10827e-06
-5.45912e-05
6.43474e-06
7.70748e-06
-5.285e-05
-5.3536e-05
2.53303e-06
-5.22259e-05
3.7981e-06
-5.08394e-05
5.04829e-06
6.24739e-06
-4.93793e-05
-4.9219e-05
1.53457e-06
-4.81393e-05
2.71835e-06
-4.69846e-05
3.89366e-06
5.0249e-06
-4.57621e-05
-4.4971e-05
7.37888e-07
-4.4096e-05
1.84336e-06
-4.31476e-05
2.94531e-06
4.01121e-06
-4.21339e-05
-4.08814e-05
1.18763e-07
-4.01826e-05
1.14461e-06
-3.9413e-05
2.17567e-06
3.18103e-06
-3.85828e-05
-3.69599e-05
-3.45887e-07
-3.6422e-05
6.06723e-07
-3.58157e-05
1.56935e-06
2.5163e-06
-3.5151e-05
-3.32386e-05
-6.67018e-07
-3.2843e-05
2.11135e-07
-3.23804e-05
1.10679e-06
1.99777e-06
-3.18619e-05
-2.97085e-05
-8.66579e-07
-2.94385e-05
-5.89416e-08
-2.91059e-05
7.7422e-07
1.61085e-06
-2.8719e-05
-2.63722e-05
-9.59141e-07
-2.62165e-05
-2.14622e-07
-2.59975e-05
5.55196e-07
1.34009e-06
-2.57267e-05
-2.32189e-05
-9.60218e-07
-2.31598e-05
-2.73721e-07
-2.30435e-05
4.38953e-07
1.17352e-06
-2.2877e-05
-2.02381e-05
-8.80929e-07
-2.02657e-05
-2.46044e-07
-2.02392e-05
4.12474e-07
1.09901e-06
-2.01647e-05
-1.74172e-05
-7.33346e-07
-1.75204e-05
-1.42944e-07
-1.75734e-05
4.65568e-07
1.10663e-06
-1.7581e-05
-1.47384e-05
-5.24539e-07
-1.49086e-05
2.742e-08
-1.50325e-05
5.8942e-07
1.18798e-06
-1.51138e-05
-1.21951e-05
-2.64056e-07
-1.24202e-05
2.52486e-07
-1.26053e-05
7.74638e-07
1.33091e-06
-1.27483e-05
-9.75767e-06
4.13806e-08
-1.00353e-05
5.30201e-07
-1.02749e-05
1.01422e-06
1.52336e-06
-1.04673e-05
-7.44728e-06
3.78091e-07
-7.75645e-06
8.39281e-07
-8.02337e-06
1.2812e-06
1.73486e-06
-8.23487e-06
-5.17143e-06
7.45861e-07
-5.50016e-06
1.16814e-06
-5.77136e-06
1.55236e-06
1.92526e-06
-5.96174e-06
-3.04409e-06
1.04967e-06
-3.29675e-06
1.42071e-06
-3.48449e-06
1.74015e-06
2.01758e-06
-3.57679e-06
-6.09315e-07
-8.15623e-07
-9.47406e-07
-1.00115e-06
0.000118988
1.17245e-05
0.000110018
3.3292e-06
8.75785e-05
-1.17472e-05
6.89128e-05
-3.7854e-05
6.649e-05
-5.60778e-05
7.47523e-05
-4.75975e-05
9.02701e-05
-1.3882e-05
9.45318e-05
2.53242e-05
8.17644e-05
4.94628e-05
7.05403e-05
4.85153e-05
6.93604e-05
3.62536e-05
6.96934e-05
1.78375e-05
6.83706e-05
5.34554e-06
6.29221e-05
8.54004e-07
5.55933e-05
-1.67533e-06
4.65405e-05
-2.57304e-07
3.23392e-05
1.01526e-05
1.46903e-05
2.59559e-05
4.27515e-05
0.000147624
7.31779e-06
0.000144783
6.16942e-06
0.000132053
9.837e-07
0.000107756
-1.35571e-05
9.01158e-05
-3.84379e-05
8.65116e-05
-4.39934e-05
9.55436e-05
-2.29139e-05
0.000107883
1.29852e-05
0.000111485
4.58607e-05
0.000105308
5.46923e-05
0.000101436
4.01255e-05
9.93031e-05
1.99701e-05
9.72244e-05
7.42424e-06
9.0704e-05
7.37446e-06
7.95531e-05
9.47556e-06
6.64231e-05
1.28726e-05
4.83416e-05
2.82342e-05
2.05848e-05
5.37127e-05
6.33363e-05
0.00014715
6.69109e-06
0.000145925
7.39418e-06
0.000143743
3.16582e-06
0.000136834
-6.64853e-06
0.000124152
-2.57558e-05
0.000115727
-3.55687e-05
0.000115241
-2.24276e-05
0.000119368
8.85779e-06
0.000123025
4.22043e-05
0.00012232
5.53969e-05
0.000117613
4.48328e-05
0.000109347
2.82365e-05
0.000102637
1.41343e-05
9.99632e-05
1.00479e-05
9.83672e-05
1.10716e-05
9.2766e-05
1.84739e-05
6.83099e-05
5.26903e-05
3.30904e-05
8.89321e-05
9.64268e-05
0.000130949
5.73371e-06
0.000132597
5.74622e-06
0.00013584
-7.71089e-08
0.00013841
-9.21854e-06
0.000137782
-2.51279e-05
0.000134388
-3.21751e-05
0.000131223
-1.9262e-05
0.000126197
1.38833e-05
0.000119918
4.84839e-05
0.000117179
5.81359e-05
0.000112637
4.9375e-05
0.00010509
3.57832e-05
9.7092e-05
2.21321e-05
9.70722e-05
1.00676e-05
0.000105419
2.72444e-06
0.000109343
1.45508e-05
7.63643e-05
8.56685e-05
4.05673e-05
0.000124729
0.000136994
0.000105594
2.58166e-06
0.000111766
-4.26105e-07
0.000121052
-9.36347e-06
0.000130895
-1.90612e-05
0.000136562
-3.07952e-05
0.000137966
-3.35791e-05
0.000132963
-1.42583e-05
0.00011806
2.87856e-05
0.000107002
5.95424e-05
0.000102702
6.24362e-05
0.000100337
5.17398e-05
9.88849e-05
3.7235e-05
0.00010014
2.08772e-05
0.0001063
3.90776e-06
0.000138661
-2.96365e-05
0.000116429
3.67827e-05
7.3929e-05
0.000128168
3.5097e-05
0.000163561
0.000172091
8.44498e-05
-5.57476e-06
9.61007e-05
-1.2077e-05
0.000109718
-2.2981e-05
0.000123378
-3.27206e-05
0.000136331
-4.37489e-05
0.000142539
-3.97867e-05
0.000122118
6.16249e-06
9.49601e-05
5.59438e-05
8.11188e-05
7.33837e-05
8.15759e-05
6.19792e-05
8.39428e-05
4.93729e-05
8.78788e-05
3.3299e-05
9.58931e-05
1.28629e-05
0.000120581
-2.07796e-05
7.60552e-05
1.48888e-05
3.85584e-05
7.42796e-05
2.59031e-05
0.000140824
9.85799e-06
0.000179606
0.000181949
8.03114e-05
-1.93353e-05
9.48242e-05
-2.65898e-05
0.00010989
-3.80472e-05
0.000124077
-4.69073e-05
0.000144987
-6.46583e-05
0.000146856
-4.16557e-05
5.96747e-05
9.33434e-05
5.38525e-05
6.1766e-05
4.30668e-05
8.41695e-05
5.01842e-05
5.48617e-05
6.17826e-05
3.77745e-05
8.63221e-05
8.75959e-06
8.7822e-05
1.1363e-05
2.87071e-05
3.83355e-05
-2.08231e-05
6.4419e-05
-3.52268e-05
8.86835e-05
-2.49161e-05
0.000130513
-1.12502e-05
0.000165941
0.000170699
8.84315e-05
-3.53458e-05
0.000100024
-3.8182e-05
0.000117074
-5.50972e-05
0.000146111
-7.59446e-05
0.000101905
-2.04525e-05
2.85412e-05
3.17081e-05
1.51924e-06
0.000120365
-1.32257e-05
7.6511e-05
1.3238e-05
5.77057e-05
4.08495e-05
2.72503e-05
7.06615e-05
7.96244e-06
3.42795e-05
4.51416e-05
-2.1247e-05
6.68896e-05
-5.1046e-05
6.81346e-05
-6.42475e-05
7.76205e-05
-6.76606e-05
9.20967e-05
-5.24459e-05
0.000115299
-2.57227e-05
0.000139217
0.000144976
9.89e-05
-6.25832e-05
0.000130575
-6.98569e-05
0.000112843
-3.73658e-05
7.22577e-05
-3.5359e-05
2.63048e-05
2.55004e-05
-2.21282e-05
8.01409e-05
-1.98544e-05
0.000118092
-1.68499e-05
7.35065e-05
2.43502e-06
3.84208e-05
-5.2363e-06
3.49216e-05
-3.16892e-05
3.44154e-05
-5.33635e-05
6.68159e-05
-6.4922e-05
7.84481e-05
-7.40527e-05
7.72654e-05
-7.6975e-05
8.05428e-05
-7.38818e-05
8.90035e-05
-5.82181e-05
9.96349e-05
-2.9876e-05
0.000110875
0.0001151
0.000127029
-5.66289e-05
0.000105087
-4.79144e-05
6.96974e-05
-1.97632e-06
9.45544e-06
2.48829e-05
-2.43091e-05
5.92648e-05
-3.97507e-05
9.55825e-05
-2.92033e-05
0.000107544
-2.69673e-05
7.12704e-05
-3.05169e-05
4.19705e-05
-5.04433e-05
5.4848e-05
-7.13381e-05
5.53102e-05
-7.36867e-05
6.91644e-05
-7.20935e-05
7.6855e-05
-7.04833e-05
7.56552e-05
-6.82892e-05
7.83487e-05
-6.25793e-05
8.32936e-05
-4.94741e-05
8.65297e-05
-2.547e-05
8.68711e-05
8.96301e-05
0.000202703
3.77084e-05
0.000100629
5.41589e-05
2.44476e-05
7.42056e-05
-1.89642e-05
6.82947e-05
-3.88706e-05
7.91712e-05
-4.38617e-05
0.000100574
-3.93022e-05
0.000102985
-4.7747e-05
7.97152e-05
-6.35716e-05
5.77952e-05
-6.8238e-05
5.95144e-05
-7.19248e-05
5.89969e-05
-6.70324e-05
6.42721e-05
-5.86546e-05
6.84771e-05
-5.3507e-05
7.05076e-05
-4.95581e-05
7.43998e-05
-4.36542e-05
7.73897e-05
-3.39389e-05
7.68144e-05
-1.80353e-05
7.09675e-05
7.15948e-05
4.88054e-05
0.00011798
-4.58386e-07
0.000103423
-2.23107e-05
9.60579e-05
-3.78048e-05
8.37889e-05
-4.61856e-05
8.7552e-05
-4.55483e-05
9.99364e-05
-4.5318e-05
0.000102754
-5.34338e-05
8.78311e-05
-6.13772e-05
6.57386e-05
-6.16286e-05
5.97658e-05
-5.89742e-05
5.63425e-05
-5.07091e-05
5.6007e-05
-4.04558e-05
5.82239e-05
-3.49259e-05
6.49777e-05
-3.13614e-05
7.08352e-05
-2.64544e-05
7.24828e-05
-1.98395e-05
7.01995e-05
-1.17044e-05
6.28324e-05
5.98905e-05
-2.56049e-05
0.000134585
-3.78357e-05
0.000115653
-4.31053e-05
0.000101327
-4.79543e-05
8.86379e-05
-4.94484e-05
8.90461e-05
-4.63672e-05
9.68552e-05
-4.32782e-05
9.96653e-05
-4.49386e-05
8.94915e-05
-4.76686e-05
6.84686e-05
-4.59858e-05
5.8083e-05
-4.18128e-05
5.21695e-05
-3.51805e-05
4.93747e-05
-2.78248e-05
5.08682e-05
-2.29203e-05
6.00733e-05
-1.93457e-05
6.72606e-05
-1.52768e-05
6.84139e-05
-1.07757e-05
6.56984e-05
-6.85552e-06
5.89122e-05
5.30349e-05
-5.60688e-05
0.000123567
-5.21886e-05
0.000111773
-4.94889e-05
9.86278e-05
-4.89e-05
8.8049e-05
-4.70375e-05
8.71836e-05
-4.18379e-05
9.16555e-05
-3.543e-05
9.32575e-05
-3.23928e-05
8.64543e-05
-3.14667e-05
6.75426e-05
-2.91081e-05
5.57244e-05
-2.61012e-05
4.91626e-05
-2.31524e-05
4.64259e-05
-2.04428e-05
4.81586e-05
-1.66877e-05
5.63182e-05
-1.25747e-05
6.31476e-05
-8.89645e-06
6.47357e-05
-5.80988e-06
6.26118e-05
-3.79003e-06
5.68923e-05
4.92449e-05
-6.53964e-05
0.000106577
-5.44904e-05
0.000100867
-4.73026e-05
9.144e-05
-4.33703e-05
8.41167e-05
-3.94644e-05
8.32777e-05
-3.32602e-05
8.54513e-05
-2.59416e-05
8.59389e-05
-2.00963e-05
8.0609e-05
-1.69508e-05
6.43971e-05
-1.47471e-05
5.35207e-05
-1.33205e-05
4.7736e-05
-1.30869e-05
4.61923e-05
-1.32133e-05
4.8285e-05
-1.13466e-05
5.44515e-05
-8.02067e-06
5.98217e-05
-5.09604e-06
6.18111e-05
-3.11169e-06
6.06275e-05
-2.04869e-06
5.58293e-05
4.71962e-05
-6.36545e-05
9.02711e-05
-5.092e-05
8.81329e-05
-4.18093e-05
8.23294e-05
-3.59265e-05
7.82339e-05
-3.06647e-05
7.80159e-05
-2.42561e-05
7.90428e-05
-1.68074e-05
7.84902e-05
-9.8416e-06
7.36432e-05
-6.14003e-06
6.06955e-05
-4.85194e-06
5.22326e-05
-5.04888e-06
4.7933e-05
-6.27589e-06
4.74193e-05
-7.41087e-06
4.942e-05
-6.81666e-06
5.38573e-05
-4.78868e-06
5.77937e-05
-2.82929e-06
5.98517e-05
-1.64241e-06
5.94406e-05
-1.0886e-06
5.52755e-05
4.61076e-05
-5.88574e-05
7.56309e-05
-4.65103e-05
7.57857e-05
-3.7195e-05
7.30142e-05
-3.04243e-05
7.14632e-05
-2.43058e-05
7.18974e-05
-1.77193e-05
7.24563e-05
-1.05826e-05
7.13536e-05
-4.03711e-06
6.70977e-05
-1.13862e-06
5.7797e-05
-7.68721e-07
5.18627e-05
-1.78748e-06
4.89517e-05
-3.27137e-06
4.89031e-05
-4.41326e-06
5.05619e-05
-4.18939e-06
5.36334e-05
-2.95747e-06
5.65618e-05
-1.68423e-06
5.85784e-05
-9.80668e-07
5.8737e-05
-6.32473e-07
5.49273e-05
4.54751e-05
-5.52328e-05
6.29636e-05
-4.41479e-05
6.47008e-05
-3.54145e-05
6.42808e-05
-2.84134e-05
6.44621e-05
-2.18941e-05
6.5378e-05
-1.53363e-05
6.58986e-05
-8.87952e-06
6.48967e-05
-3.46675e-06
6.16849e-05
-1.30074e-06
5.5631e-05
-1.15874e-06
5.17207e-05
-2.02541e-06
4.98184e-05
-3.003e-06
4.98807e-05
-3.54409e-06
5.11029e-05
-3.17605e-06
5.32653e-05
-2.19114e-06
5.55768e-05
-1.2587e-06
5.7646e-05
-7.87881e-07
5.82662e-05
-4.61283e-07
5.46007e-05
4.50139e-05
-5.37041e-05
5.23093e-05
-4.41325e-05
5.51291e-05
-3.62154e-05
5.63637e-05
-2.93917e-05
5.76384e-05
-2.29483e-05
5.89346e-05
-1.6717e-05
5.96673e-05
-1.09977e-05
5.91775e-05
-6.48585e-06
5.71731e-05
-4.46028e-06
5.36054e-05
-3.88122e-06
5.11417e-05
-3.98725e-06
4.99244e-05
-4.05101e-06
4.99445e-05
-3.78701e-06
5.08389e-05
-3.00822e-06
5.24865e-05
-1.98288e-06
5.45515e-05
-1.16442e-06
5.68275e-05
-7.50794e-07
5.78525e-05
-2.9575e-07
5.41456e-05
4.47181e-05
-5.34442e-05
4.34728e-05
-4.53108e-05
4.69957e-05
-3.82409e-05
4.92937e-05
-3.18572e-05
5.12548e-05
-2.58126e-05
5.289e-05
-2.00856e-05
5.39403e-05
-1.4961e-05
5.40529e-05
-1.09012e-05
5.31133e-05
-8.53509e-06
5.12393e-05
-7.1901e-06
4.97967e-05
-6.31287e-06
4.90471e-05
-5.4377e-06
4.90693e-05
-4.38791e-06
4.97891e-05
-3.14867e-06
5.12472e-05
-1.95993e-06
5.33627e-05
-1.1529e-06
5.60204e-05
-6.38873e-07
5.73385e-05
7.68872e-09
5.3499e-05
4.47258e-05
-5.32976e-05
3.61643e-05
-4.64099e-05
4.0108e-05
-4.01595e-05
4.30433e-05
-3.43492e-05
4.54444e-05
-2.88301e-05
4.73708e-05
-2.36225e-05
4.87327e-05
-1.89285e-05
4.93588e-05
-1.5024e-05
4.92088e-05
-1.22012e-05
4.84165e-05
-1.00891e-05
4.76846e-05
-8.32805e-06
4.72861e-05
-6.64146e-06
4.73827e-05
-4.94119e-06
4.80888e-05
-3.28271e-06
4.95887e-05
-1.91495e-06
5.19949e-05
-1.04365e-06
5.51491e-05
-3.12441e-07
5.66073e-05
3.32731e-07
5.28539e-05
4.50585e-05
-5.25283e-05
3.01012e-05
-4.66834e-05
3.42631e-05
-4.11927e-05
3.75525e-05
-3.59787e-05
4.02305e-05
-3.09892e-05
4.23812e-05
-2.62491e-05
4.39926e-05
-2.18831e-05
4.49928e-05
-1.80483e-05
4.5374e-05
-1.48811e-05
4.52492e-05
-1.21989e-05
4.50024e-05
-9.79327e-06
4.48804e-05
-7.50538e-06
4.50948e-05
-5.30761e-06
4.58911e-05
-3.31767e-06
4.75988e-05
-1.76198e-06
5.04392e-05
-7.60384e-07
5.41475e-05
1.24089e-07
5.57228e-05
4.85743e-07
5.24921e-05
4.55442e-05
-5.0924e-05
2.50422e-05
-4.59414e-05
2.92805e-05
-4.11304e-05
3.27415e-05
-3.64795e-05
3.55795e-05
-3.19811e-05
3.78829e-05
-2.76603e-05
3.96717e-05
-2.35899e-05
4.09225e-05
-1.98597e-05
4.16437e-05
-1.65368e-05
4.19263e-05
-1.35363e-05
4.20019e-05
-1.07388e-05
4.20829e-05
-8.06387e-06
4.24198e-05
-5.51953e-06
4.33467e-05
-3.25962e-06
4.53388e-05
-1.51934e-06
4.86989e-05
-3.53169e-07
5.29813e-05
4.48993e-07
5.49206e-05
4.63388e-07
5.24777e-05
4.60076e-05
-4.86027e-05
2.0795e-05
-4.43371e-05
2.50148e-05
-4.01266e-05
2.8531e-05
-3.59929e-05
3.14458e-05
-3.19506e-05
3.38405e-05
-2.80241e-05
3.57452e-05
-2.42581e-05
3.71565e-05
-2.07048e-05
3.80904e-05
-1.73962e-05
3.86177e-05
-1.4289e-05
3.88947e-05
-1.13195e-05
3.91134e-05
-8.44072e-06
3.9541e-05
-5.69008e-06
4.0596e-05
-3.24371e-06
4.28924e-05
-1.34538e-06
4.68006e-05
-5.81397e-08
5.1694e-05
5.65653e-07
5.42968e-05
3.65087e-07
5.26782e-05
4.63726e-05
-4.58046e-05
1.72203e-05
-4.21477e-05
2.13579e-05
-3.84735e-05
2.48566e-05
-3.48184e-05
2.77907e-05
-3.12094e-05
3.02315e-05
-2.76683e-05
3.2204e-05
-2.42254e-05
3.37136e-05
-2.09107e-05
3.47757e-05
-1.77406e-05
3.54476e-05
-1.4691e-05
3.5845e-05
-1.1714e-05
3.61363e-05
-8.7839e-06
3.66109e-05
-5.94731e-06
3.77594e-05
-3.41375e-06
4.03588e-05
-1.43657e-06
4.48233e-05
-9.88098e-08
5.03562e-05
4.42224e-07
5.37557e-05
2.74119e-07
5.28463e-05
4.66467e-05
-4.27583e-05
1.42165e-05
-3.96331e-05
1.82327e-05
-3.6446e-05
2.16695e-05
-3.32402e-05
2.45849e-05
-3.00467e-05
2.70379e-05
-2.68877e-05
2.90449e-05
-2.37829e-05
3.06088e-05
-2.07519e-05
3.17446e-05
-1.78022e-05
3.24979e-05
-1.49173e-05
3.296e-05
-1.20636e-05
3.32826e-05
-9.21974e-06
3.3767e-05
-6.4275e-06
3.49671e-05
-3.89737e-06
3.78287e-05
-1.89631e-06
4.28222e-05
-5.32812e-07
4.89927e-05
6.6977e-08
5.31559e-05
1.64397e-07
5.27489e-05
4.68111e-05
-3.96287e-05
1.17113e-05
-3.69796e-05
1.55835e-05
-3.42401e-05
1.893e-05
-3.14585e-05
2.18032e-05
-2.86651e-05
2.42445e-05
-2.588e-05
2.62598e-05
-2.31212e-05
2.78499e-05
-2.04005e-05
2.90239e-05
-1.77256e-05
2.98229e-05
-1.50853e-05
3.03198e-05
-1.24519e-05
3.06492e-05
-9.80568e-06
3.11207e-05
-7.18259e-06
3.2344e-05
-4.74999e-06
3.5396e-05
-2.73126e-06
4.08035e-05
-1.27036e-06
4.75318e-05
-4.34679e-07
5.23201e-05
1.33858e-08
5.23008e-05
4.68245e-05
-3.65193e-05
9.64778e-06
-3.42982e-05
1.33624e-05
-3.19738e-05
1.66055e-05
-2.95913e-05
1.94207e-05
-2.718e-05
2.18331e-05
-2.47589e-05
2.38387e-05
-2.23441e-05
2.54351e-05
-1.99513e-05
2.66311e-05
-1.75876e-05
2.74592e-05
-1.52472e-05
2.79794e-05
-1.29057e-05
2.83076e-05
-1.05435e-05
2.87585e-05
-8.19192e-06
2.99924e-05
-5.93249e-06
3.31366e-05
-3.88975e-06
3.87607e-05
-2.21188e-06
4.58539e-05
-9.96613e-07
5.11048e-05
-1.69186e-07
5.14733e-05
4.66553e-05
-3.34807e-05
7.97749e-06
-3.16505e-05
1.15322e-05
-2.97091e-05
1.46641e-05
-2.76997e-05
1.74113e-05
-2.56498e-05
1.97831e-05
-2.35789e-05
2.17678e-05
-2.15049e-05
2.33612e-05
-1.94442e-05
2.45703e-05
-1.74088e-05
2.54236e-05
-1.53957e-05
2.59663e-05
-1.33894e-05
2.63012e-05
-1.13677e-05
2.67368e-05
-9.35082e-06
2.79755e-05
-7.30363e-06
3.10893e-05
-5.2068e-06
3.66638e-05
-3.18684e-06
4.38339e-05
-1.49848e-06
4.94164e-05
-2.96579e-07
5.02714e-05
4.63587e-05
-3.05438e-05
6.6594e-06
-2.90662e-05
1.00545e-05
-2.74778e-05
1.30757e-05
-2.58158e-05
1.57492e-05
-2.41054e-05
1.80727e-05
-2.2367e-05
2.00294e-05
-2.06183e-05
2.16124e-05
-1.88809e-05
2.2833e-05
-1.71671e-05
2.37098e-05
-1.54789e-05
2.42781e-05
-1.3807e-05
2.46293e-05
-1.21348e-05
2.50646e-05
-1.04454e-05
2.6286e-05
-8.58886e-06
2.92327e-05
-6.41289e-06
3.44878e-05
-3.99408e-06
4.1415e-05
-1.81647e-06
4.72388e-05
-3.21891e-07
4.87767e-05
4.60367e-05
-2.77174e-05
5.65779e-06
-2.65597e-05
8.89668e-06
-2.52952e-05
1.18112e-05
-2.39536e-05
1.44075e-05
-2.25577e-05
1.66767e-05
-2.1127e-05
1.85986e-05
-1.96788e-05
2.01642e-05
-1.82332e-05
2.13874e-05
-1.68029e-05
2.22795e-05
-1.53949e-05
2.287e-05
-1.40114e-05
2.32458e-05
-1.26349e-05
2.3688e-05
-1.12067e-05
2.48578e-05
-9.49702e-06
2.7523e-05
-7.26036e-06
3.22512e-05
-4.50505e-06
3.86597e-05
-1.91472e-06
4.46484e-05
-2.54573e-07
4.71166e-05
4.57822e-05
-2.50064e-05
4.93753e-06
-2.41401e-05
8.03032e-06
-2.31676e-05
1.08387e-05
-2.21182e-05
1.3358e-05
-2.10068e-05
1.55653e-05
-1.98479e-05
1.74397e-05
-1.86584e-05
1.89747e-05
-1.745e-05
2.01789e-05
-1.62352e-05
2.10647e-05
-1.50293e-05
2.1664e-05
-1.38475e-05
2.2064e-05
-1.26812e-05
2.25217e-05
-1.14399e-05
2.36164e-05
-9.855e-06
2.59381e-05
-7.65103e-06
3.00472e-05
-4.7374e-06
3.5746e-05
-1.88397e-06
4.1795e-05
-1.43896e-07
4.53765e-05
4.56382e-05
-2.24082e-05
4.46877e-06
-2.18052e-05
7.42733e-06
-2.1097e-05
1.01304e-05
-2.03057e-05
1.25668e-05
-1.94396e-05
1.46992e-05
-1.85058e-05
1.65059e-05
-1.7513e-05
1.79819e-05
-1.64678e-05
1.91337e-05
-1.53861e-05
1.9983e-05
-1.42958e-05
2.05738e-05
-1.32364e-05
2.10045e-05
-1.22047e-05
2.14899e-05
-1.1112e-05
2.25237e-05
-9.68405e-06
2.45101e-05
-7.65142e-06
2.80145e-05
-4.82708e-06
3.29217e-05
-1.90525e-06
3.88732e-05
-7.82473e-08
4.35494e-05
4.556e-05
-1.99227e-05
4.2268e-06
-1.95491e-05
7.05368e-06
-1.90766e-05
9.6579e-06
-1.85024e-05
1.19926e-05
-1.78307e-05
1.40275e-05
-1.70574e-05
1.57325e-05
-1.61857e-05
1.71102e-05
-1.52251e-05
1.8173e-05
-1.42054e-05
1.89633e-05
-1.31731e-05
1.95415e-05
-1.21939e-05
2.00254e-05
-1.12746e-05
2.05706e-05
-1.03414e-05
2.15905e-05
-9.1381e-06
2.33069e-05
-7.41115e-06
2.62875e-05
-4.92136e-06
3.04319e-05
-2.15005e-06
3.61018e-05
-1.52231e-07
4.15516e-05
4.54077e-05
-1.75368e-05
4.18258e-06
-1.73714e-05
6.8883e-06
-1.70888e-05
9.37527e-06
-1.66807e-05
1.15844e-05
-1.61321e-05
1.34789e-05
-1.54423e-05
1.50428e-05
-1.46145e-05
1.62824e-05
-1.3677e-05
1.72355e-05
-1.26815e-05
1.79679e-05
-1.17022e-05
1.85621e-05
-1.08177e-05
1.91409e-05
-1.00388e-05
1.97916e-05
-9.30869e-06
2.08604e-05
-8.40258e-06
2.24007e-05
-7.07612e-06
2.49611e-05
-5.08449e-06
2.84402e-05
-2.64614e-06
3.36635e-05
-4.249e-07
3.93303e-05
4.49828e-05
-1.52426e-05
4.31137e-06
-1.52483e-05
6.89402e-06
-1.51052e-05
9.23219e-06
-1.47876e-05
1.12668e-05
-1.42827e-05
1.2974e-05
-1.35937e-05
1.43538e-05
-1.27502e-05
1.54389e-05
-1.18117e-05
1.62969e-05
-1.08597e-05
1.70159e-05
-9.97588e-06
1.76783e-05
-9.23876e-06
1.84038e-05
-8.65613e-06
1.9209e-05
-8.17271e-06
2.03769e-05
-7.60317e-06
2.18312e-05
-6.71454e-06
2.40724e-05
-5.27227e-06
2.6998e-05
-3.24949e-06
3.16407e-05
-8.87539e-07
3.69684e-05
4.40953e-05
-1.3025e-05
4.58815e-06
-1.31467e-05
7.01569e-06
-1.30654e-05
9.15094e-06
-1.2753e-05
1.09544e-05
-1.22053e-05
1.24263e-05
-1.14605e-05
1.3609e-05
-1.05884e-05
1.45669e-05
-9.68143e-06
1.539e-05
-8.83624e-06
1.61707e-05
-8.12541e-06
1.69674e-05
-7.59916e-06
1.78776e-05
-7.25213e-06
1.88619e-05
-7.02537e-06
2.01502e-05
-6.78112e-06
2.15869e-05
-6.30481e-06
2.35961e-05
-5.37614e-06
2.60693e-05
-3.78015e-06
3.00447e-05
-1.49902e-06
3.46872e-05
4.25963e-05
-1.08432e-05
4.96405e-06
-1.10052e-05
7.1777e-06
-1.08896e-05
9.03534e-06
-1.04879e-05
1.05527e-05
-9.84524e-06
1.17836e-05
-9.04815e-06
1.28119e-05
-8.20641e-06
1.37251e-05
-7.42119e-06
1.46048e-05
-6.77132e-06
1.55209e-05
-6.29539e-06
1.64915e-05
-6.01258e-06
1.75948e-05
-5.89995e-06
1.87493e-05
-5.89741e-06
2.01476e-05
-5.91473e-06
2.16043e-05
-5.77643e-06
2.34578e-05
-5.28258e-06
2.55754e-05
-4.11338e-06
2.88755e-05
-2.14562e-06
3.27195e-05
4.04506e-05
-8.62476e-06
5.35396e-06
-8.71592e-06
7.26887e-06
-8.47029e-06
8.78971e-06
-7.93968e-06
1.00221e-05
-7.23354e-06
1.10775e-05
-6.48173e-06
1.20601e-05
-5.78943e-06
1.30329e-05
-5.22927e-06
1.40446e-05
-4.83673e-06
1.51283e-05
-4.6165e-06
1.62713e-05
-4.5515e-06
1.75298e-05
-4.62541e-06
1.88232e-05
-4.77712e-06
2.02993e-05
-4.95991e-06
2.1787e-05
-5.04547e-06
2.35434e-05
-4.8826e-06
2.54126e-05
-4.12734e-06
2.81202e-05
-2.61504e-06
3.12071e-05
3.78356e-05
-6.25164e-06
5.64387e-06
-6.17502e-06
7.19227e-06
-5.77557e-06
8.39027e-06
-5.19141e-06
9.43793e-06
-4.56696e-06
1.04531e-05
-4.0064e-06
1.14996e-05
-3.58165e-06
1.26081e-05
-3.29943e-06
1.37624e-05
-3.15891e-06
1.49878e-05
-3.14683e-06
1.62592e-05
-3.2385e-06
1.76214e-05
-3.42017e-06
1.90049e-05
-3.64448e-06
2.05237e-05
-3.89496e-06
2.20375e-05
-4.08389e-06
2.37323e-05
-4.12303e-06
2.54517e-05
-3.71289e-06
2.77101e-05
-2.65692e-06
3.01512e-05
3.51787e-05
-3.64616e-06
5.71327e-06
-3.40714e-06
6.95326e-06
-2.98812e-06
7.97128e-06
-2.54948e-06
8.99931e-06
-2.18186e-06
1.00855e-05
-1.9245e-06
1.12423e-05
-1.77674e-06
1.24604e-05
-1.73302e-06
1.37187e-05
-1.7741e-06
1.50289e-05
-1.88778e-06
1.63729e-05
-2.05036e-06
1.7784e-05
-2.25918e-06
1.92137e-05
-2.48797e-06
2.07525e-05
-2.73053e-06
2.22801e-05
-2.94224e-06
2.39441e-05
-3.05555e-06
2.5565e-05
-2.86966e-06
2.75242e-05
-2.19086e-06
2.94724e-05
3.29878e-05
-9.77067e-07
-8.07691e-07
-6.15718e-07
-4.75229e-07
-4.00453e-07
-3.87174e-07
-4.25389e-07
-5.06558e-07
-6.21595e-07
-7.64804e-07
-9.32256e-07
-1.12552e-06
-1.32741e-06
-1.53528e-06
-1.71684e-06
-1.83518e-06
-1.76895e-06
-1.35233e-06
)
;

boundaryField
{
    leftWall
    {
        type            calculated;
        value           uniform 0;
    }
    rightWall
    {
        type            calculated;
        value           uniform 0;
    }
    lowerWall
    {
        type            calculated;
        value           uniform 0;
    }
    atmosphere
    {
        type            calculated;
        value           nonuniform List<scalar> 
46
(
-1.05703e-05
-7.8685e-06
-8.58187e-06
-1.13973e-05
-1.47189e-05
-1.78787e-05
-2.05469e-05
-2.25618e-05
-2.38655e-05
-2.44678e-05
-2.44171e-05
-2.37795e-05
-2.26294e-05
-2.10409e-05
-1.90862e-05
-1.68327e-05
-1.43445e-05
-1.16837e-05
-8.90974e-06
-6.09844e-06
-3.34412e-06
-7.50683e-07
1.41101e-06
1.32431e-06
1.62711e-06
1.87197e-06
2.07133e-06
5.6892e-06
6.7839e-06
7.77931e-06
8.85883e-06
1.00107e-05
1.1229e-05
1.24986e-05
1.37999e-05
1.5144e-05
1.65161e-05
1.79515e-05
1.9407e-05
2.09544e-05
2.2488e-05
2.41256e-05
2.56834e-05
2.7458e-05
2.90558e-05
3.16355e-05
)
;
    }
    defaultFaces
    {
        type            empty;
        value           nonuniform List<scalar> 0();
    }
}


// ************************************************************************* //
