/*--------------------------------*- C++ -*----------------------------------*\
| =========                 |                                                 |
| \\      /  F ield         | OpenFOAM: The Open Source CFD Toolbox           |
|  \\    /   O peration     | Version:  2312                                  |
|   \\  /    A nd           | Website:  www.openfoam.com                      |
|    \\/     M anipulation  |                                                 |
\*---------------------------------------------------------------------------*/
FoamFile
{
    version     2.0;
    format      ascii;
    arch        "LSB;label=32;scalar=64";
    class       surfaceScalarField;
    location    "2.65";
    object      phi;
}
// * * * * * * * * * * * * * * * * * * * * * * * * * * * * * * * * * * * * * //

dimensions      [0 3 -1 0 0 0 0];

oriented        oriented;

internalField   nonuniform List<scalar> 
4432
(
1.36363e-06
-1.36363e-06
1.68796e-06
-3.24326e-07
1.89307e-06
-2.05115e-07
1.91366e-06
-2.0585e-08
1.7928e-06
1.20854e-07
1.48118e-06
3.1162e-07
1.01365e-06
4.67531e-07
4.71755e-07
5.41896e-07
-3.3028e-08
5.04783e-07
-3.99812e-07
3.66784e-07
-5.92871e-07
1.93058e-07
-6.11549e-07
1.86778e-08
-5.41765e-07
-6.97841e-08
-4.75494e-07
-6.6272e-08
-4.8333e-07
7.83603e-09
-5.85443e-07
1.02113e-07
-7.73799e-07
1.88355e-07
-1.03226e-06
2.58459e-07
-1.25006e-06
2.17801e-07
-1.35464e-06
1.04579e-07
-1.21725e-06
-1.37394e-07
-8.14772e-07
-4.02474e-07
-8.14773e-07
3.10882e-07
-1.67451e-06
5.54113e-07
-5.67555e-07
7.84008e-07
-4.35009e-07
9.34867e-07
-1.71443e-07
9.86045e-07
6.96772e-08
8.14534e-07
4.83132e-07
4.46671e-07
8.35395e-07
-3.71808e-08
1.02575e-06
-4.76173e-07
9.43775e-07
-7.99426e-07
6.90036e-07
-9.55418e-07
3.4905e-07
-9.2815e-07
-8.59147e-09
-8.01817e-07
-1.96118e-07
-6.95923e-07
-1.72167e-07
-6.83106e-07
-4.98166e-09
-7.73795e-07
1.92801e-07
-9.65218e-07
3.79778e-07
-1.2259e-06
5.19145e-07
-1.47408e-06
4.65975e-07
-1.60142e-06
2.31925e-07
-1.45175e-06
-2.8707e-07
-1.02654e-06
-8.27685e-07
-1.84131e-06
-2.39092e-07
-1.43541e-06
-1.2422e-07
-6.82426e-07
4.87792e-08
-6.08007e-07
2.66208e-07
-3.88871e-07
3.5677e-07
-2.08844e-08
2.26992e-07
6.1291e-07
-1.24589e-07
1.18698e-06
-5.6123e-07
1.46239e-06
-9.83347e-07
1.36589e-06
-1.28108e-06
9.87769e-07
-1.38057e-06
4.48544e-07
-1.27291e-06
-1.16259e-07
-1.05594e-06
-4.13089e-07
-8.74141e-07
-3.53964e-07
-8.20776e-07
-5.83472e-08
-8.92737e-07
2.64762e-07
-1.08803e-06
5.75067e-07
-1.38038e-06
8.11498e-07
-1.63233e-06
7.17927e-07
-1.76512e-06
3.64712e-07
-1.59785e-06
-4.54342e-07
-1.09085e-06
-1.33468e-06
-2.93216e-06
-6.19991e-07
-8.15421e-07
-6.38621e-07
-6.63795e-07
-4.87473e-07
-7.59153e-07
-2.53294e-07
-6.23049e-07
-1.37722e-07
-1.36456e-07
-2.42627e-07
7.17816e-07
-5.74833e-07
1.51918e-06
-1.03546e-06
1.92302e-06
-1.4906e-06
1.82103e-06
-1.80746e-06
1.30463e-06
-1.88118e-06
5.22266e-07
-1.68685e-06
-3.10593e-07
-1.37721e-06
-7.22727e-07
-1.10399e-06
-6.27185e-07
-9.78394e-07
-1.83944e-07
-9.77753e-07
2.64121e-07
-1.13175e-06
7.29061e-07
-1.43063e-06
1.11038e-06
-1.68809e-06
9.7538e-07
-1.83071e-06
5.07335e-07
-1.65547e-06
-6.29583e-07
-1.05428e-06
-1.93587e-06
-3.98644e-06
-7.17933e-07
-9.74872e-08
-7.33949e-07
-6.47779e-07
-5.50967e-07
-9.42135e-07
-3.08669e-07
-8.65348e-07
-2.47346e-07
-1.97779e-07
-4.25357e-07
8.95827e-07
-8.3447e-07
1.9283e-06
-1.38105e-06
2.4696e-06
-1.95093e-06
2.3909e-06
-2.35682e-06
1.71052e-06
-2.44097e-06
6.06418e-07
-2.23755e-06
-5.14009e-07
-1.90664e-06
-1.05364e-06
-1.63097e-06
-9.02851e-07
-1.46098e-06
-3.53934e-07
-1.33188e-06
1.35022e-07
-1.37566e-06
7.72842e-07
-1.61713e-06
1.35186e-06
-1.8397e-06
1.19795e-06
-1.94765e-06
6.15279e-07
-1.75261e-06
-8.24625e-07
-1.09869e-06
-2.58979e-06
-5.08513e-06
-3.91493e-07
2.94017e-07
-5.84015e-07
-4.55249e-07
-5.43491e-07
-9.82654e-07
-4.25056e-07
-9.83778e-07
-5.31216e-07
-9.16166e-08
-8.79463e-07
1.24408e-06
-1.42541e-06
2.47424e-06
-1.98862e-06
3.03281e-06
-2.37467e-06
2.77695e-06
-2.45011e-06
1.78597e-06
-2.24815e-06
4.0445e-07
-2.04312e-06
-7.19043e-07
-1.96677e-06
-1.13e-06
-1.75117e-06
-1.11845e-06
-1.77744e-06
-3.27662e-07
-1.89332e-06
2.50903e-07
-2.11251e-06
9.92029e-07
-2.3587e-06
1.59804e-06
-2.4302e-06
1.26945e-06
-2.4296e-06
6.14682e-07
-2.14081e-06
-1.11342e-06
-1.28464e-06
-3.44596e-06
-6.36977e-06
-3.41949e-07
6.35975e-07
-7.34191e-07
-6.29938e-08
-1.57339e-06
-1.43448e-07
-2.51941e-06
-3.77423e-08
-3.2645e-06
6.53479e-07
-3.73982e-06
1.7194e-06
-4.00067e-06
2.73509e-06
-3.92305e-06
2.95518e-06
-3.16363e-06
2.01753e-06
-1.57951e-06
2.01852e-07
2.42175e-07
-1.41724e-06
-8.21342e-07
3.44472e-07
-3.48213e-06
1.53079e-06
-3.97315e-06
-6.27441e-07
-3.75562e-06
-5.45194e-07
-3.66538e-06
1.60666e-07
-2.7385e-06
6.5145e-08
-1.96465e-06
8.24198e-07
-1.92533e-06
1.23013e-06
-2.00956e-06
6.98909e-07
-1.8995e-06
-1.22347e-06
-1.23722e-06
-4.10824e-06
-7.60699e-06
-2.34727e-06
2.98325e-06
-4.16922e-06
1.75897e-06
-5.97554e-06
1.66288e-06
-7.56232e-06
1.54904e-06
-8.40409e-06
1.49525e-06
-8.51426e-06
1.82958e-06
-8.15163e-06
2.37246e-06
-7.30774e-06
2.1113e-06
-5.43092e-06
1.40708e-07
-2.07728e-06
-3.15179e-06
2.82331e-06
-6.31783e-06
6.01845e-06
-2.85067e-06
5.85264e-06
1.6966e-06
4.04342e-06
1.18178e-06
1.85279e-06
1.64543e-06
-2.10856e-06
4.12201e-06
-5.93051e-06
3.8871e-06
-5.12961e-06
2.32949e-08
-2.71245e-06
-1.18703e-06
-1.36813e-06
-6.45414e-07
-8.4942e-07
-1.74218e-06
-5.62226e-07
-4.39543e-06
-8.16921e-06
-1.92563e-06
1.92563e-06
-2.17639e-06
2.5076e-07
-2.2819e-06
1.05502e-07
-2.00944e-06
-2.72452e-07
-1.45408e-06
-5.55368e-07
-9.61821e-07
-4.92256e-07
-4.18672e-07
-5.43149e-07
-2.53058e-07
-1.65614e-07
-8.58895e-07
6.05837e-07
-2.54886e-06
1.68996e-06
-5.50932e-06
2.96047e-06
-9.33971e-06
3.83039e-06
-1.25004e-05
3.16069e-06
-1.26539e-05
1.5351e-07
-9.5701e-06
-3.08382e-06
-4.6163e-06
-4.95379e-06
-5.24187e-07
-4.09211e-06
1.31319e-07
-6.55505e-07
1.31319e-07
9.84168e-07
9.4146e-07
1.64552e-06
-4.10595e-07
1.78035e-06
-2.9325e-08
2.3077e-06
-7.99812e-07
2.94804e-06
-1.19571e-06
3.21519e-06
-7.5941e-07
3.26921e-06
-5.97173e-07
3.21886e-06
-1.15268e-07
2.93077e-06
8.93927e-07
2.02415e-06
2.59657e-06
4.1778e-07
4.56684e-06
-1.79039e-06
6.03856e-06
-4.17932e-06
5.54962e-06
-5.55453e-06
1.52873e-06
-4.64769e-06
-3.99066e-06
-1.36013e-06
-8.24136e-06
1.54635e-06
-6.99858e-06
1.78859e-06
-8.9774e-07
1.91991e-06
1.32124e-06
-3.79784e-07
1.95591e-06
-1.04527e-06
3.48399e-06
-1.55741e-06
4.91824e-06
-2.23407e-06
5.53033e-06
-1.80781e-06
4.64677e-06
1.24153e-07
1.59839e-06
2.4512e-06
2.51079e-06
-1.02767e-06
4.4179e-06
-1.01319e-06
2.95849e-06
4.05597e-06
1.48569e-06
6.03964e-06
5.83691e-07
6.94056e-06
-1.85904e-07
6.31922e-06
2.77138e-08
1.31511e-06
1.0054e-06
-4.96834e-06
2.07264e-06
-9.3086e-06
2.47168e-06
-7.39762e-06
1.57139e-06
2.54658e-09
3.49131e-06
3.01124e-06
-3.39103e-06
3.73187e-06
-1.76591e-06
5.54165e-06
-3.3672e-06
4.05777e-06
-7.50209e-07
3.80554e-06
-1.5556e-06
2.17937e-06
1.7503e-06
-5.68732e-06
1.03179e-05
1.33037e-06
-8.04538e-06
1.19479e-05
-1.16307e-05
7.38237e-06
8.6215e-06
6.64435e-07
1.27576e-05
-1.13451e-06
8.7395e-06
5.94939e-07
4.58977e-06
2.63002e-06
-7.19968e-07
4.54031e-06
-6.87863e-06
5.01679e-06
-9.78507e-06
4.06694e-06
-6.44777e-06
2.06502e-06
2.00448e-06
5.55633e-06
-4.83694e-07
-2.90734e-06
6.6885e-07
-2.91847e-06
3.09675e-06
-5.79511e-06
5.54661e-06
-3.20008e-06
6.37014e-06
-2.37913e-06
5.09788e-06
3.02256e-06
-1.65285e-06
1.70686e-05
2.58971e-06
-1.2288e-05
1.04642e-05
-1.95052e-05
1.30469e-05
6.03878e-06
1.04005e-05
1.5404e-05
6.78357e-06
1.23564e-05
5.22719e-06
6.14615e-06
7.58348e-06
-3.07625e-06
9.63356e-06
-8.92871e-06
1.0589e-05
-1.07405e-05
9.90388e-06
-5.7627e-06
7.20014e-06
4.70822e-06
1.27565e-05
-2.05637e-06
-8.50989e-07
3.37111e-06
-8.34595e-06
5.89321e-06
-8.31722e-06
7.33203e-06
-4.63891e-06
7.53451e-06
-2.58163e-06
6.17969e-06
4.37738e-06
1.57561e-06
2.16727e-05
4.20425e-06
-1.49166e-05
6.62303e-06
-2.1924e-05
8.59285e-06
4.06895e-06
1.01925e-05
1.38044e-05
1.2541e-05
1.00079e-05
1.27766e-05
5.91052e-06
1.72231e-05
-7.52276e-06
1.92011e-05
-1.09067e-05
1.90883e-05
-1.06276e-05
1.60226e-05
-2.69699e-06
1.20292e-05
8.70165e-06
2.47856e-05
2.96576e-06
-3.81676e-06
6.83868e-06
-1.22189e-05
7.5189e-06
-8.99746e-06
7.11499e-06
-4.23501e-06
6.22398e-06
-1.69063e-06
4.65303e-06
5.94832e-06
1.67991e-06
2.46458e-05
2.72108e-06
-1.59578e-05
-2.1338e-07
-1.89895e-05
-1.53876e-06
5.39433e-06
4.34323e-06
7.92237e-06
1.13268e-05
3.02432e-06
1.32429e-05
3.99449e-06
1.87586e-05
-1.30385e-05
2.21763e-05
-1.43244e-05
2.17664e-05
-1.02178e-05
1.66773e-05
2.39211e-06
1.05359e-05
1.48432e-05
3.53215e-05
9.56788e-06
-1.33847e-05
1.06741e-05
-1.33251e-05
9.64098e-06
-7.9643e-06
7.53203e-06
-2.12607e-06
5.1798e-06
6.61591e-07
3.04208e-06
8.08603e-06
1.341e-06
2.63469e-05
4.20995e-07
-1.50378e-05
-3.38465e-06
-1.51839e-05
-5.38528e-06
7.39495e-06
-3.56031e-07
2.89312e-06
6.68327e-06
-4.01498e-06
1.0612e-05
6.57377e-08
1.37558e-05
-1.61823e-05
1.52921e-05
-1.58607e-05
1.33073e-05
-8.23301e-06
8.38636e-06
7.31307e-06
6.42356e-06
1.6806e-05
4.17451e-05
-1.05636e-05
1.35469e-05
-1.73311e-05
8.52639e-06
-2.17699e-05
6.10171e-06
-2.46047e-05
4.38389e-06
-2.55239e-05
2.41439e-06
-2.40307e-05
3.36444e-07
-2.11804e-05
-4.77897e-07
-1.7601e-05
-1.46808e-06
-1.28763e-05
-4.58395e-06
-6.88055e-06
-9.14759e-06
-4.09354e-07
-1.2789e-05
5.45631e-06
-8.71634e-06
7.70167e-06
-5.48765e-07
5.56646e-06
3.31698e-06
3.89102e-06
3.32087e-06
5.81197e-06
2.20107e-06
6.4431e-06
3.25596e-06
7.88152e-06
-1.41513e-06
8.70595e-06
-2.01146e-06
6.99187e-06
1.06866e-06
5.34821e-06
-9.8522e-08
7.68546e-06
-6.73269e-06
-2.07151e-05
2.02314e-05
-1.02319e-05
2.37788e-05
-1.8555e-05
1.68495e-05
-2.27935e-05
1.03402e-05
-2.29301e-05
4.52047e-06
-2.02278e-05
-2.87852e-07
-1.64198e-05
-3.47152e-06
-1.30388e-05
-3.85894e-06
-1.01264e-05
-4.38053e-06
-6.82632e-06
-7.884e-06
-3.29589e-06
-1.2678e-05
-1.33112e-06
-1.47538e-05
1.63506e-06
-1.16825e-05
6.51039e-06
-5.4241e-06
9.5652e-06
2.62169e-07
1.21899e-05
6.96173e-07
1.60217e-05
-1.63073e-06
2.06748e-05
-1.39714e-06
2.17006e-05
-2.44092e-06
2.32665e-05
-3.57743e-06
2.7562e-05
-3.22679e-06
3.26169e-05
-5.15349e-06
3.51136e-05
-9.22929e-06
-1.70135e-05
3.14119e-05
1.76981e-06
2.20089e-05
-1.24969e-06
1.9869e-05
-6.56975e-06
1.56603e-05
-1.03623e-05
8.31303e-06
-1.00095e-05
-6.40652e-07
-4.80395e-06
-8.67707e-06
-1.85348e-06
-6.80942e-06
-5.77356e-07
-5.65665e-06
1.13762e-06
-9.59897e-06
3.64975e-06
-1.51902e-05
6.29652e-06
-1.74006e-05
1.01143e-05
-1.55003e-05
1.58762e-05
-1.1186e-05
2.36012e-05
-7.46283e-06
3.04862e-05
-6.18882e-06
3.42658e-05
-5.41039e-06
3.66015e-05
-3.73279e-06
3.59799e-05
-1.81932e-06
3.41128e-05
-1.71037e-06
3.45382e-05
-3.65216e-06
3.69846e-05
-7.59996e-06
4.01151e-05
-1.23597e-05
-1.63276e-05
3.94292e-05
2.64328e-05
-4.42388e-06
3.30409e-05
1.32609e-05
3.16575e-05
1.70437e-05
2.50704e-05
1.49001e-05
1.75218e-05
6.90801e-06
1.14836e-05
-2.63896e-06
1.01716e-05
-5.49736e-06
1.0347e-05
-5.83204e-06
1.18184e-05
-1.10704e-05
1.60638e-05
-1.94356e-05
2.27786e-05
-2.41153e-05
3.04734e-05
-2.31951e-05
3.82776e-05
-1.89902e-05
4.54229e-05
-1.46081e-05
5.10445e-05
-1.18104e-05
5.58033e-05
-1.01692e-05
6.05986e-05
-8.5281e-06
6.49648e-05
-6.18553e-06
6.78161e-05
-4.56165e-06
6.8915e-05
-4.751e-06
6.73985e-05
-6.08353e-06
6.41657e-05
-9.12695e-06
-1.23563e-05
6.01944e-05
3.61235e-05
-4.05474e-05
5.51654e-05
-5.78094e-06
5.8653e-05
1.35561e-05
5.48741e-05
1.8679e-05
4.84051e-05
1.3377e-05
3.90034e-05
6.76281e-06
3.33505e-05
1.55469e-07
3.03111e-05
-2.7926e-06
2.92932e-05
-1.00526e-05
3.27039e-05
-2.28462e-05
3.94903e-05
-3.09017e-05
4.72643e-05
-3.09692e-05
5.48217e-05
-2.65476e-05
6.17026e-05
-2.1489e-05
6.75983e-05
-1.77062e-05
7.26645e-05
-1.52354e-05
7.74208e-05
-1.32844e-05
8.22828e-05
-1.10475e-05
8.70217e-05
-9.30061e-06
9.09652e-05
-8.6945e-06
9.32424e-05
-8.36067e-06
9.27531e-05
-8.63768e-06
-1.01953e-05
9.05921e-05
1.48741e-05
-5.54215e-05
3.44933e-05
-2.54001e-05
4.6474e-05
1.57531e-06
5.04075e-05
1.47455e-05
4.97014e-05
1.40831e-05
4.99312e-05
6.53298e-06
5.05053e-05
-4.18633e-07
4.95149e-05
-1.80215e-06
4.81668e-05
-8.7045e-06
5.1494e-05
-2.61734e-05
5.76701e-05
-3.70778e-05
6.35512e-05
-3.68503e-05
6.83013e-05
-3.12978e-05
7.21452e-05
-2.53329e-05
7.55914e-05
-2.11524e-05
7.93048e-05
-1.89488e-05
8.39196e-05
-1.78993e-05
8.96008e-05
-1.67287e-05
9.53707e-05
-1.50705e-05
0.000100258
-1.35814e-05
0.000104126
-1.22287e-05
0.000106665
-1.11766e-05
-1.13882e-05
0.000107857
-8.2315e-06
-4.719e-05
5.85922e-07
-3.42175e-05
1.55928e-05
-1.34316e-05
3.04719e-05
-1.33522e-07
4.40609e-05
4.94028e-07
5.56024e-05
-5.00856e-06
6.4383e-05
-9.19922e-06
7.14994e-05
-8.9185e-06
7.61518e-05
-1.3357e-05
7.99239e-05
-2.99455e-05
8.24445e-05
-3.95984e-05
8.34987e-05
-3.79046e-05
8.3337e-05
-3.11361e-05
8.29083e-05
-2.49041e-05
8.3061e-05
-2.13052e-05
8.39099e-05
-1.97977e-05
8.63038e-05
-2.02932e-05
9.04839e-05
-2.09088e-05
9.54488e-05
-2.00353e-05
0.000100201
-1.83339e-05
0.000104472
-1.64993e-05
0.00010815
-1.48545e-05
-1.41988e-05
0.00011096
-2.77562e-05
-1.94338e-05
-2.76447e-05
-3.4329e-05
-8.45799e-06
-3.26183e-05
1.64485e-05
-2.504e-05
3.88154e-05
-2.18729e-05
5.84886e-05
-2.46818e-05
7.84852e-05
-2.91958e-05
0.000100243
-3.06766e-05
0.000116418
-2.95315e-05
0.000117224
-3.07516e-05
0.00010975
-3.21249e-05
0.000103291
-3.14454e-05
9.73825e-05
-2.52274e-05
9.30423e-05
-2.05638e-05
9.09945e-05
-1.92573e-05
8.96253e-05
-1.84285e-05
8.87756e-05
-1.94434e-05
9.07477e-05
-2.2881e-05
9.37671e-05
-2.30547e-05
9.75974e-05
-2.21642e-05
0.000101685
-2.05873e-05
0.000105009
-1.81782e-05
-1.7228e-05
0.000108038
-3.92399e-05
1.9806e-05
-3.19873e-05
-4.15815e-05
-2.11465e-05
-4.34591e-05
-1.72014e-06
-4.44664e-05
2.72477e-05
-5.08407e-05
5.75492e-05
-5.49834e-05
9.04538e-05
-6.21004e-05
0.000119886
-6.01089e-05
0.000141967
-5.16128e-05
0.000153723
-4.25074e-05
0.000142757
-2.11591e-05
0.000125784
-1.44715e-05
0.000108469
-7.91269e-06
0.000101255
-1.33499e-05
9.91112e-05
-1.71137e-05
9.64163e-05
-1.57336e-05
8.84852e-05
-1.15123e-05
8.90895e-05
-2.34853e-05
9.176e-05
-2.57252e-05
9.69556e-05
-2.73597e-05
0.000101982
-2.56141e-05
0.000105423
-2.16185e-05
-2.04895e-05
0.000108684
-3.11243e-05
5.09302e-05
-9.36108e-05
2.09048e-05
-0.000116599
-2.04707e-05
-7.7912e-05
-8.31536e-05
-1.92758e-05
-0.000109477
3.79547e-05
-0.000112214
9.95669e-05
-0.000123713
0.000158728
-0.00011927
0.000210293
-0.000103178
0.000229828
-6.20426e-05
0.000206711
1.95737e-06
0.000167584
2.46557e-05
0.00013553
2.41411e-05
0.000124841
-2.66099e-06
0.00013304
-2.53124e-05
0.000135397
-1.80908e-05
0.000120601
3.28423e-06
9.1254e-05
5.86101e-06
8.00215e-05
-1.44928e-05
9.96642e-05
-4.70024e-05
0.000108952
-3.49016e-05
0.000115619
-2.82856e-05
-2.5348e-05
0.000120477
-7.05942e-05
0.000121524
-0.000162267
0.000112577
-0.000171444
-1.12942e-05
-0.000102078
-0.00015252
-3.39252e-05
-0.00017763
2.71813e-05
-0.00017332
9.82284e-05
-0.00019476
0.000174833
-0.000195874
0.000246875
-0.000175221
0.000285119
-0.000100286
0.000300302
-1.32262e-05
0.000283559
4.1399e-05
0.000255942
5.17577e-05
0.000222665
3.06163e-05
0.000194314
3.0385e-06
0.000181327
-5.10363e-06
0.000186775
-2.16398e-06
0.000194623
-1.98737e-06
0.000194499
-1.43687e-05
0.000174816
-2.73206e-05
0.000162792
-2.28774e-05
0.000151714
-1.72081e-05
-1.92995e-05
0.000145665
-3.18031e-05
0.000153327
-4.42813e-05
0.000125055
-6.29047e-05
7.32898e-06
-3.60332e-05
-0.000179391
-3.33677e-06
-0.000210326
3.22659e-05
-0.000208923
7.39266e-05
-0.00023642
0.000115252
-0.000237199
0.000157705
-0.000217674
0.000178853
-0.000121434
0.000187011
-2.1384e-05
0.00019158
3.683e-05
0.00019062
5.27171e-05
0.000181945
3.92916e-05
0.000166896
1.80878e-05
0.00015822
3.57162e-06
0.000160088
-4.0314e-06
0.000168495
-1.03944e-05
0.000173127
-1.90007e-05
0.000170852
-2.50454e-05
0.000172838
-2.48642e-05
0.000180961
-2.53309e-05
-3.04324e-05
0.000192093
1.57262e-05
0.000137601
2.78209e-05
0.000112961
1.87967e-05
1.63532e-05
1.27536e-05
-0.000173348
2.60388e-05
-0.000223612
5.47593e-05
-0.000237644
7.64101e-05
-0.000258071
9.76428e-05
-0.000258432
9.43395e-05
-0.000214371
8.67606e-05
-0.000113855
8.61394e-05
-2.07628e-05
9.50914e-05
2.7878e-05
0.000104098
4.37109e-05
0.000107293
3.6096e-05
0.000104589
2.07914e-05
9.94467e-05
8.71438e-06
9.55585e-05
-1.43175e-07
9.44745e-05
-9.31034e-06
9.27857e-05
-1.73119e-05
8.95658e-05
-2.18253e-05
8.62857e-05
-2.15839e-05
8.20818e-05
-2.1127e-05
-2.08834e-05
7.25329e-05
3.68668e-05
0.000100734
6.92972e-05
8.053e-05
9.18167e-05
-6.16638e-06
7.15853e-05
-0.000153117
7.20881e-05
-0.000224114
8.4451e-05
-0.000250007
8.96799e-05
-0.0002633
8.63098e-05
-0.000255062
6.13157e-05
-0.000189377
3.5943e-05
-8.84826e-05
2.67486e-05
-1.15683e-05
3.02455e-05
2.4381e-05
3.65111e-05
3.74453e-05
3.92297e-05
3.33774e-05
3.54293e-05
2.45917e-05
2.71379e-05
1.70058e-05
2.2286e-05
4.70872e-06
1.84968e-05
-5.52102e-06
1.43989e-05
-1.32139e-05
7.69518e-06
-1.51213e-05
-7.29881e-07
-1.31585e-05
-9.93732e-06
-1.19192e-05
-1.08859e-05
-1.99346e-05
4.27443e-05
5.79896e-05
8.19405e-05
4.13337e-05
0.000123341
-4.75665e-05
0.000121082
-0.000150858
0.000113237
-0.000216269
0.000106074
-0.000242845
9.33841e-05
-0.00025061
7.19118e-05
-0.00023359
3.91736e-05
-0.000156639
4.2723e-06
-5.35814e-05
-1.15424e-05
4.2463e-06
-1.46286e-05
2.74672e-05
-1.36205e-05
3.64371e-05
-1.33453e-05
3.31022e-05
-1.62931e-05
2.75394e-05
-2.0705e-05
2.14178e-05
-2.23265e-05
6.33021e-06
-2.3351e-05
-4.49645e-06
-2.75633e-05
-9.00157e-06
-3.47512e-05
-7.93319e-06
-4.12256e-05
-6.68385e-06
-4.70177e-05
-6.1269e-06
-4.79539e-06
-5.31081e-05
3.88833e-05
1.91061e-05
8.66956e-05
-6.4788e-06
0.000129271
-9.01424e-05
0.000139781
-0.000161368
0.000131163
-0.000207651
0.00011609
-0.000227772
9.31946e-05
-0.000227714
6.04399e-05
-0.000200835
1.79666e-05
-0.000114165
-2.11859e-05
-1.44289e-05
-3.45026e-05
1.7563e-05
-3.74352e-05
3.03997e-05
-3.63541e-05
3.5356e-05
-3.58182e-05
3.25663e-05
-3.62828e-05
2.8004e-05
-3.62799e-05
2.14149e-05
-3.87543e-05
8.80469e-06
-4.19635e-05
-1.28723e-06
-4.65089e-05
-4.45611e-06
-5.08236e-05
-3.6184e-06
-5.4788e-05
-2.71924e-06
-5.8048e-05
-2.86683e-06
-1.86114e-06
-6.09821e-05
3.93181e-05
-2.02121e-05
9.46242e-05
-6.17851e-05
0.000128853
-0.000124371
0.000139269
-0.000171784
0.000131141
-0.000199523
0.000113921
-0.000210553
8.59796e-05
-0.000199773
4.67e-05
-0.000161555
-3.49024e-06
-6.39751e-05
-3.28829e-05
1.49638e-05
-4.31524e-05
2.78324e-05
-4.5648e-05
3.28953e-05
-4.43482e-05
3.40561e-05
-4.22919e-05
3.051e-05
-4.02698e-05
2.59818e-05
-3.87459e-05
1.98909e-05
-4.08736e-05
1.09324e-05
-4.51876e-05
3.02679e-06
-4.90039e-05
-6.3977e-07
-5.17503e-05
-8.71939e-07
-5.40455e-05
-4.23984e-07
-5.64525e-05
-4.59703e-07
4.41225e-07
-5.87549e-05
5.17681e-05
-7.19804e-05
0.000100201
-0.000110218
0.000124531
-0.000148701
0.000129301
-0.000176554
0.000121574
-0.000191796
0.000101245
-0.000190224
6.99356e-05
-0.000168463
2.68478e-05
-0.000118467
-2.24095e-05
-1.47179e-05
-3.88561e-05
3.14103e-05
-4.55166e-05
3.44929e-05
-4.64314e-05
3.38101e-05
-4.41507e-05
3.17753e-05
-4.14036e-05
2.77629e-05
-3.88526e-05
2.34308e-05
-3.72125e-05
1.82509e-05
-3.80747e-05
1.17946e-05
-4.10643e-05
6.01635e-06
-4.43017e-05
2.59756e-06
-4.66309e-05
1.45731e-06
-4.85062e-05
1.45135e-06
-5.06358e-05
1.66998e-06
2.51779e-06
-5.27124e-05
5.48816e-05
-0.000126862
9.13235e-05
-0.00014666
0.000108935
-0.000166313
0.000111855
-0.000179473
0.000101608
-0.000181549
7.79506e-05
-0.000166567
4.44445e-05
-0.000134957
-5.74529e-06
-6.82778e-05
-3.95909e-05
1.91276e-05
-4.51127e-05
3.6932e-05
-4.66551e-05
3.60353e-05
-4.50767e-05
3.22316e-05
-4.18877e-05
2.85863e-05
-3.88532e-05
2.47283e-05
-3.63307e-05
2.09083e-05
-3.47382e-05
1.66583e-05
-3.48218e-05
1.18782e-05
-3.63856e-05
7.58005e-06
-3.85053e-05
4.71725e-06
-4.04819e-05
3.43395e-06
-4.22338e-05
3.20322e-06
-4.40065e-05
3.44265e-06
4.21166e-06
-4.57004e-05
4.56924e-05
-0.000172555
7.3774e-05
-0.000174742
8.65601e-05
-0.000179099
8.4984e-05
-0.000177897
6.95082e-05
-0.000166073
4.46121e-05
-0.000141671
4.87101e-06
-9.52162e-05
-3.92818e-05
-2.4125e-05
-4.96402e-05
2.9486e-05
-5.02483e-05
3.75401e-05
-4.79993e-05
3.37862e-05
-4.44577e-05
2.869e-05
-4.06759e-05
2.48045e-05
-3.74138e-05
2.14662e-05
-3.48042e-05
1.82986e-05
-3.30751e-05
1.49291e-05
-3.258e-05
1.13832e-05
-3.32265e-05
8.22648e-06
-3.45146e-05
6.0054e-06
-3.5955e-05
4.87432e-06
-3.73536e-05
4.60177e-06
-3.87639e-05
4.85293e-06
5.60716e-06
-4.01595e-05
3.14258e-05
-0.00020398
4.98214e-05
-0.000193137
5.49557e-05
-0.000184234
4.7768e-05
-0.00017071
3.00454e-05
-0.000148351
-3.8533e-07
-0.00011124
-3.89669e-05
-5.66347e-05
-6.29314e-05
-1.60562e-07
-6.10844e-05
2.76389e-05
-5.59439e-05
3.23996e-05
-5.05953e-05
2.84375e-05
-4.57284e-05
2.3823e-05
-4.14783e-05
2.05542e-05
-3.79343e-05
1.79222e-05
-3.51038e-05
1.54681e-05
-3.31178e-05
1.29431e-05
-3.21383e-05
1.04036e-05
-3.20892e-05
8.17734e-06
-3.26626e-05
6.57885e-06
-3.35241e-05
5.73579e-06
-3.44867e-05
5.56428e-06
-3.55268e-05
5.89297e-06
6.68952e-06
-3.66092e-05
1.49108e-05
-0.000218891
2.25982e-05
-0.000200825
2.04221e-05
-0.000182058
7.59882e-06
-0.000157887
-1.61484e-05
-0.000124603
-4.72776e-05
-8.01109e-05
-7.18401e-05
-3.20723e-05
-7.6269e-05
4.26831e-06
-6.94732e-05
2.0843e-05
-6.13025e-05
2.42288e-05
-5.42059e-05
2.13409e-05
-4.85121e-05
1.81292e-05
-4.38393e-05
1.58814e-05
-3.99731e-05
1.40559e-05
-3.68606e-05
1.23555e-05
-3.45589e-05
1.06413e-05
-3.31248e-05
8.96951e-06
-3.2481e-05
7.53349e-06
-3.2424e-05
6.5219e-06
-3.27249e-05
6.03668e-06
-3.32279e-05
6.06725e-06
-3.38727e-05
6.53771e-06
7.41518e-06
-3.45985e-05
1.18314e-06
-0.000220074
-2.29029e-06
-0.000197351
-1.31639e-05
-0.000171184
-3.18869e-05
-0.000139164
-5.57931e-05
-0.000100697
-7.64567e-05
-5.94474e-05
-8.54507e-05
-2.30784e-05
-8.23123e-05
1.12983e-06
-7.41929e-05
1.27236e-05
-6.52505e-05
1.52864e-05
-5.76721e-05
1.37624e-05
-5.16261e-05
1.20832e-05
-4.66553e-05
1.09105e-05
-4.2521e-05
9.9216e-06
-3.91495e-05
8.98396e-06
-3.65463e-05
8.03809e-06
-3.4711e-05
7.13413e-06
-3.35699e-05
6.39236e-06
-3.29826e-05
5.93453e-06
-3.2789e-05
5.84305e-06
-3.28615e-05
6.13971e-06
-3.31205e-05
6.79674e-06
7.77927e-06
-3.34847e-05
-9.95539e-06
-0.000210119
-2.29635e-05
-0.000184343
-4.043e-05
-0.000153718
-6.04239e-05
-0.00011917
-7.84151e-05
-8.2706e-05
-8.91914e-05
-4.86711e-05
-9.04892e-05
-2.17807e-05
-8.491e-05
-4.4494e-06
-7.62453e-05
4.05883e-06
-6.74659e-05
6.50696e-06
-6.00572e-05
6.35365e-06
-5.3989e-05
6.01495e-06
-4.89045e-05
5.82591e-06
-4.46305e-05
5.64755e-06
-4.10948e-05
5.44822e-06
-3.82756e-05
5.21892e-06
-3.61451e-05
5.00351e-06
-3.46378e-05
4.88504e-06
-3.36512e-05
4.94795e-06
-3.30675e-05
5.25935e-06
-3.27801e-05
5.85222e-06
-3.27021e-05
6.71877e-06
7.82004e-06
-3.2743e-05
-1.82056e-05
-0.000191914
-3.74688e-05
-0.00016508
-5.72511e-05
-0.000133935
-7.49232e-05
-0.000101498
-8.72871e-05
-7.03422e-05
-9.23469e-05
-4.36114e-05
-9.05192e-05
-2.36084e-05
-8.41539e-05
-1.08148e-05
-7.59223e-05
-4.17285e-06
-6.78347e-05
-1.58064e-06
-6.09014e-05
-5.79763e-07
-5.50374e-05
1.50963e-07
-5.00279e-05
8.16371e-07
-4.57659e-05
1.38549e-06
-4.21938e-05
1.87603e-06
-3.92816e-05
2.30668e-06
-3.69879e-05
2.70979e-06
-3.5258e-05
3.15508e-06
-3.4011e-05
3.70095e-06
-3.31547e-05
4.40307e-06
-3.2598e-05
5.29542e-06
-3.22556e-05
6.37632e-06
7.60323e-06
-3.20388e-05
-2.29122e-05
-0.000169001
-4.46801e-05
-0.000143312
-6.39811e-05
-0.000114634
-7.87168e-05
-8.6762e-05
-8.73579e-05
-6.17011e-05
-8.96949e-05
-4.12744e-05
-8.69108e-05
-2.63925e-05
-8.08815e-05
-1.68442e-05
-7.35745e-05
-1.14798e-05
-6.64723e-05
-8.68294e-06
-6.01968e-05
-6.85531e-06
-5.47292e-05
-5.31666e-06
-4.99542e-05
-3.95869e-06
-4.58343e-05
-2.73443e-06
-4.23375e-05
-1.62089e-06
-3.94466e-05
-5.84215e-07
-3.71034e-05
3.66534e-07
-3.52739e-05
1.32551e-06
-3.38856e-05
2.31261e-06
-3.28625e-05
3.37997e-06
-3.21255e-05
4.55838e-06
-3.15959e-05
5.84676e-06
7.20101e-06
-3.11938e-05
-2.44038e-05
-0.000144598
-4.60889e-05
-0.000121627
-6.37109e-05
-9.70124e-05
-7.60049e-05
-7.4468e-05
-8.25295e-05
-5.51765e-05
-8.3823e-05
-3.9981e-05
-8.11419e-05
-2.90737e-05
-7.60253e-05
-2.19608e-05
-6.99138e-05
-1.75913e-05
-6.3891e-05
-1.47058e-05
-5.83557e-05
-1.23907e-05
-5.33541e-05
-1.03183e-05
-4.89006e-05
-8.41226e-06
-4.49946e-05
-6.64042e-06
-4.16438e-05
-4.97179e-06
-3.882e-05
-3.40802e-06
-3.65321e-05
-1.92143e-06
-3.46942e-05
-5.12442e-07
-3.32518e-05
8.70225e-07
-3.21458e-05
2.27392e-06
-3.13052e-05
3.71782e-06
-3.06598e-05
5.20123e-06
6.68191e-06
-3.01407e-05
-2.37032e-05
-0.000120895
-4.39603e-05
-0.00010137
-5.97214e-05
-8.12513e-05
-7.03329e-05
-6.38566e-05
-7.58405e-05
-4.9669e-05
-7.69501e-05
-3.88714e-05
-7.48049e-05
-3.12189e-05
-7.06846e-05
-2.60812e-05
-6.57268e-05
-2.25491e-05
-6.06796e-05
-1.9753e-05
-5.58243e-05
-1.7246e-05
-5.1282e-05
-1.48607e-05
-4.71462e-05
-1.25481e-05
-4.34672e-05
-1.03195e-05
-4.02894e-05
-8.14961e-06
-3.76003e-05
-6.09713e-06
-3.53791e-05
-4.1427e-06
-3.35818e-05
-2.30974e-06
-3.21573e-05
-5.54298e-07
-3.10334e-05
1.15002e-06
-3.01523e-05
2.8366e-06
-2.94515e-05
4.5005e-06
6.10405e-06
-2.88737e-05
-2.17887e-05
-9.91058e-05
-4.00163e-05
-8.31428e-05
-5.39778e-05
-6.72898e-05
-6.33763e-05
-5.44582e-05
-6.84078e-05
-4.46375e-05
-6.97444e-05
-3.75349e-05
-6.83501e-05
-3.26133e-05
-6.52583e-05
-2.91731e-05
-6.13325e-05
-2.64749e-05
-5.71027e-05
-2.39828e-05
-5.28337e-05
-2.15151e-05
-4.87066e-05
-1.89879e-05
-4.48571e-05
-1.63975e-05
-4.14024e-05
-1.37742e-05
-3.83966e-05
-1.11555e-05
-3.58529e-05
-8.6408e-06
-3.37422e-05
-6.25343e-06
-3.20331e-05
-4.01891e-06
-3.067e-05
-1.91738e-06
-2.95791e-05
5.90295e-08
-2.87089e-05
1.96645e-06
-2.80042e-05
3.79575e-06
5.51681e-06
-2.7417e-05
-1.93533e-05
-7.97526e-05
-3.53411e-05
-6.7155e-05
-4.75662e-05
-5.50648e-05
-5.59719e-05
-4.60525e-05
-6.07726e-05
-3.98368e-05
-6.24958e-05
-3.58117e-05
-6.18849e-05
-3.32242e-05
-5.97308e-05
-3.13272e-05
-5.6678e-05
-2.95277e-05
-5.31314e-05
-2.75295e-05
-4.93716e-05
-2.52748e-05
-4.56114e-05
-2.27482e-05
-4.20505e-05
-1.99585e-05
-3.88267e-05
-1.6998e-05
-3.60179e-05
-1.39643e-05
-3.36486e-05
-1.10101e-05
-3.16939e-05
-8.20818e-06
-3.01135e-05
-5.59938e-06
-2.88451e-05
-3.18577e-06
-2.78348e-05
-9.51268e-07
-2.70208e-05
1.15245e-06
-2.6356e-05
3.13094e-06
4.96028e-06
-2.57995e-05
-1.68379e-05
-6.29147e-05
-3.06124e-05
-5.33805e-05
-4.11583e-05
-4.45189e-05
-4.85978e-05
-3.86131e-05
-5.31511e-05
-3.52835e-05
-5.51897e-05
-3.37731e-05
-5.52333e-05
-3.31806e-05
-5.38446e-05
-3.2716e-05
-5.14958e-05
-3.18765e-05
-4.85367e-05
-3.04887e-05
-4.52499e-05
-2.85616e-05
-4.18877e-05
-2.61103e-05
-3.86585e-05
-2.31876e-05
-3.5726e-05
-1.99306e-05
-3.31715e-05
-1.65188e-05
-3.10261e-05
-1.31554e-05
-2.92773e-05
-9.95708e-06
-2.78651e-05
-7.01154e-06
-2.67356e-05
-4.31529e-06
-2.58466e-05
-1.84029e-06
-2.51281e-05
4.33909e-07
-2.45401e-05
2.54285e-06
4.46858e-06
-2.40484e-05
-1.44436e-05
-4.84711e-05
-2.6146e-05
-4.16781e-05
-3.50798e-05
-3.55851e-05
-4.1486e-05
-3.22069e-05
-4.56187e-05
-3.11509e-05
-4.77429e-05
-3.16489e-05
-4.81916e-05
-3.27319e-05
-4.73367e-05
-3.35708e-05
-4.55354e-05
-3.36778e-05
-4.30945e-05
-3.29296e-05
-4.03034e-05
-3.13528e-05
-3.74144e-05
-2.89994e-05
-3.46264e-05
-2.59757e-05
-3.20876e-05
-2.24694e-05
-2.98783e-05
-1.87281e-05
-2.80333e-05
-1.50005e-05
-2.65327e-05
-1.14577e-05
-2.53404e-05
-8.20383e-06
-2.4402e-05
-5.25366e-06
-2.36576e-05
-2.58472e-06
-2.3068e-05
-1.55764e-07
-2.25864e-05
2.06132e-06
4.06716e-06
-2.2185e-05
-1.21854e-05
-3.62857e-05
-2.19633e-05
-3.19002e-05
-2.93617e-05
-2.81867e-05
-3.46735e-05
-2.68951e-05
-3.81849e-05
-2.76394e-05
-4.01205e-05
-2.97133e-05
-4.06893e-05
-3.21631e-05
-4.01376e-05
-3.41224e-05
-3.87475e-05
-3.5068e-05
-3.6802e-05
-3.4875e-05
-3.45661e-05
-3.35887e-05
-3.22517e-05
-3.13137e-05
-3.00251e-05
-2.82023e-05
-2.79937e-05
-2.45008e-05
-2.62223e-05
-2.04995e-05
-2.4743e-05
-1.64799e-05
-2.35471e-05
-1.26535e-05
-2.26103e-05
-9.1407e-06
-2.18842e-05
-5.97969e-06
-2.13196e-05
-3.14933e-06
-2.08773e-05
-5.98054e-07
-2.05224e-05
1.70631e-06
3.77442e-06
-2.02296e-05
-1.00108e-05
-2.62749e-05
-1.79695e-05
-2.39414e-05
-2.39102e-05
-2.2246e-05
-2.81118e-05
-2.26935e-05
-3.08613e-05
-2.489e-05
-3.23902e-05
-2.81843e-05
-3.28523e-05
-3.1701e-05
-3.24281e-05
-3.45466e-05
-3.13747e-05
-3.61214e-05
-2.99384e-05
-3.63114e-05
-2.8335e-05
-3.51921e-05
-2.67014e-05
-3.29472e-05
-2.51255e-05
-2.97783e-05
-2.36718e-05
-2.59544e-05
-2.2389e-05
-2.17823e-05
-2.13073e-05
-1.75616e-05
-2.04369e-05
-1.35238e-05
-1.97628e-05
-9.81482e-06
-1.92552e-05
-6.48728e-06
-1.88793e-05
-3.52524e-06
-1.85948e-05
-8.82573e-07
-1.8376e-05
1.4876e-06
3.59892e-06
-1.82005e-05
-7.85634e-06
-1.84185e-05
-1.40489e-05
-1.77488e-05
-1.85725e-05
-1.77223e-05
-2.16761e-05
-1.95899e-05
-2.36284e-05
-2.29377e-05
-2.4675e-05
-2.71377e-05
-2.49358e-05
-3.14402e-05
-2.45562e-05
-3.49261e-05
-2.38238e-05
-3.68538e-05
-2.2937e-05
-3.71982e-05
-2.20261e-05
-3.6103e-05
-2.11288e-05
-3.38445e-05
-2.02477e-05
-3.06594e-05
-1.93951e-05
-2.6807e-05
-1.86025e-05
-2.25749e-05
-1.79081e-05
-1.8256e-05
-1.73376e-05
-1.40943e-05
-1.69076e-05
-1.02448e-05
-1.66024e-05
-6.79249e-06
-1.6395e-05
-3.7326e-06
-1.6261e-05
-1.0165e-06
-1.61756e-05
1.40212e-06
3.54075e-06
-1.61174e-05
-5.67752e-06
-1.27409e-05
-1.01365e-05
-1.32898e-05
-1.32693e-05
-1.45895e-05
-1.53115e-05
-1.75476e-05
-1.65177e-05
-2.17315e-05
-1.71592e-05
-2.64962e-05
-1.72715e-05
-3.13279e-05
-1.69324e-05
-3.52651e-05
-1.65312e-05
-3.72549e-05
-1.62117e-05
-3.75177e-05
-1.59937e-05
-3.63209e-05
-1.58229e-05
-3.40153e-05
-1.56277e-05
-3.08545e-05
-1.53711e-05
-2.70636e-05
-1.50558e-05
-2.28902e-05
-1.47168e-05
-1.8595e-05
-1.44028e-05
-1.44083e-05
-1.4156e-05
-1.04916e-05
-1.39993e-05
-6.94921e-06
-1.39295e-05
-3.80237e-06
-1.39206e-05
-1.02542e-06
-1.39518e-05
1.43345e-06
3.5878e-06
-1.39989e-05
-3.5098e-06
-9.23106e-06
-6.29963e-06
-1.04999e-05
-8.10193e-06
-1.27871e-05
-9.15362e-06
-1.64959e-05
-9.71905e-06
-2.1166e-05
-1.01449e-05
-2.60703e-05
-1.02783e-05
-3.11945e-05
-1.00527e-05
-3.54906e-05
-1.00079e-05
-3.72997e-05
-1.02204e-05
-3.73053e-05
-1.06191e-05
-3.59221e-05
-1.10846e-05
-3.35497e-05
-1.15012e-05
-3.04379e-05
-1.17856e-05
-2.67791e-05
-1.19002e-05
-2.27756e-05
-1.1863e-05
-1.86321e-05
-1.17393e-05
-1.45319e-05
-1.16064e-05
-1.06244e-05
-1.15327e-05
-7.02284e-06
-1.15396e-05
-3.79546e-06
-1.1612e-05
-9.52999e-07
-1.1731e-05
1.55239e-06
3.72086e-06
-1.18639e-05
-1.54529e-06
-7.68573e-06
-2.81162e-06
-9.23354e-06
-3.39362e-06
-1.2205e-05
-3.55696e-06
-1.63325e-05
-3.59546e-06
-2.11274e-05
-4.02034e-06
-2.56454e-05
-4.42177e-06
-3.0793e-05
-4.46987e-06
-3.54425e-05
-4.81465e-06
-3.69548e-05
-5.48053e-06
-3.66393e-05
-6.33197e-06
-3.50706e-05
-7.24162e-06
-3.264e-05
-8.09447e-06
-2.9585e-05
-8.77933e-06
-2.60942e-05
-9.22089e-06
-2.2334e-05
-9.41111e-06
-1.84419e-05
-9.41102e-06
-1.4532e-05
-9.32316e-06
-1.07123e-05
-9.25398e-06
-7.092e-06
-9.26572e-06
-3.7837e-06
-9.37108e-06
-8.47648e-07
-9.53855e-06
1.71997e-06
3.91135e-06
-9.72905e-06
-1.50069e-07
-7.53559e-06
-1.44129e-07
-9.23943e-06
2.13544e-07
-1.25627e-05
8.80882e-07
-1.69998e-05
1.21903e-06
-2.14655e-05
6.97615e-07
-2.51239e-05
-5.54075e-08
-3.00399e-05
-6.10901e-07
-3.4887e-05
-1.39597e-06
-3.61698e-05
-2.40818e-06
-3.56271e-05
-3.49708e-06
-3.39817e-05
-4.58357e-06
-3.15535e-05
-5.59754e-06
-2.8571e-05
-6.44471e-06
-2.5247e-05
-7.03541e-06
-2.17433e-05
-7.33976e-06
-1.81375e-05
-7.39629e-06
-1.44754e-05
-7.30134e-06
-1.08072e-05
-7.1843e-06
-7.20902e-06
-7.14377e-06
-3.82423e-06
-7.22332e-06
-7.68058e-07
-7.39783e-06
1.89439e-06
4.12608e-06
-7.61252e-06
5.85281e-07
-8.12084e-06
1.44131e-06
-1.00954e-05
2.54802e-06
-1.36694e-05
3.52621e-06
-1.7978e-05
4.07279e-06
-2.20121e-05
3.5615e-06
-2.46126e-05
2.5335e-06
-2.90119e-05
1.41002e-06
-3.37635e-05
1.94333e-07
-3.4954e-05
-1.0336e-06
-3.43992e-05
-2.15729e-06
-3.2858e-05
-3.16272e-06
-3.05481e-05
-4.04283e-06
-2.76909e-05
-4.76594e-06
-2.45239e-05
-5.27804e-06
-2.12312e-05
-5.54216e-06
-1.78734e-05
-5.57995e-06
-1.44376e-05
-5.45885e-06
-1.09283e-05
-5.28351e-06
-7.38435e-06
-5.1732e-06
-3.93452e-06
-5.19269e-06
-7.48603e-07
-5.33326e-06
2.03507e-06
4.32801e-06
-5.53517e-06
7.89677e-07
-8.91047e-06
1.88522e-06
-1.11909e-05
3.02702e-06
-1.48111e-05
3.83745e-06
-1.87884e-05
4.25788e-06
-2.24325e-05
4.04715e-06
-2.44019e-05
3.18735e-06
-2.81521e-05
1.80014e-06
-3.23762e-05
4.10438e-07
-3.35643e-05
-8.03314e-07
-3.31854e-05
-1.78601e-06
-3.18753e-05
-2.55217e-06
-2.97819e-05
-3.12665e-06
-2.71164e-05
-3.53479e-06
-2.41157e-05
-3.78542e-06
-2.09805e-05
-3.87914e-06
-1.77796e-05
-3.82637e-06
-1.44904e-05
-3.66318e-06
-1.10914e-05
-3.45745e-06
-7.59004e-06
-3.30353e-06
-4.08842e-06
-3.2764e-06
-7.75657e-07
-3.36899e-06
2.12764e-06
4.48591e-06
-3.52684e-06
6.54262e-07
1.4088e-06
1.99688e-06
2.28926e-06
2.35149e-06
2.49305e-06
2.14748e-06
1.11161e-06
9.19988e-08
-7.27243e-07
-1.35495e-06
-1.80344e-06
-2.08174e-06
-2.2177e-06
-2.24709e-06
-2.19071e-06
-2.05111e-06
-1.83923e-06
-1.61344e-06
-1.46652e-06
-1.4564e-06
-1.54842e-06
-1.6519e-06
3.05657e-05
-1.03344e-05
4.11082e-05
-1.05424e-05
4.63987e-05
-5.29051e-06
-7.56991e-07
4.71556e-05
2.9808e-05
-8.73043e-06
2.77182e-05
-8.45269e-06
2.89788e-05
-6.55106e-06
-5.76266e-06
3.39844e-05
3.83898e-05
-7.69109e-06
3.68936e-05
-6.95649e-06
3.68585e-05
-6.51594e-06
-7.44759e-06
3.85434e-05
5.89515e-05
-6.4482e-06
5.87275e-05
-6.73242e-06
5.88446e-05
-6.6331e-06
-6.61171e-06
5.80087e-05
8.92941e-05
-5.15015e-06
8.79505e-05
-5.38886e-06
8.66556e-05
-5.33821e-06
-4.90698e-06
8.49509e-05
0.000108175
-5.46786e-06
0.000108233
-5.44659e-06
0.000108148
-5.25303e-06
-4.78683e-06
0.000108027
0.000112205
-6.71241e-06
0.000113475
-6.71619e-06
0.000114811
-6.58977e-06
-6.30119e-06
0.000116326
0.000109625
-8.29938e-06
0.000111531
-8.62218e-06
0.000113704
-8.76217e-06
-8.85097e-06
0.000116253
0.000110724
-1.03387e-05
0.000113695
-1.15934e-05
0.000116531
-1.15987e-05
-1.2376e-05
0.000120056
0.00012217
-1.20309e-05
0.000129981
-1.94045e-05
0.000133976
-1.55935e-05
-1.82466e-05
0.000139847
0.000143622
-9.98851e-06
0.000136304
-1.20864e-05
0.000135699
-1.49888e-05
-2.63567e-05
0.000143809
0.000199488
-1.73832e-05
0.000207379
-1.9978e-05
0.00021342
-2.10304e-05
-1.93628e-05
0.000206426
6.39396e-05
-8.78989e-06
5.21809e-05
-8.21941e-06
3.81686e-05
-7.01799e-06
-5.61513e-06
2.44209e-05
-2.64507e-05
-2.27364e-06
-3.33529e-05
-1.31693e-06
-3.95737e-05
-7.97132e-07
-6.917e-07
-4.44971e-05
-5.55463e-05
1.64608e-07
-5.79513e-05
1.08809e-06
-6.06158e-05
1.86747e-06
2.20164e-06
-6.3509e-05
-6.20335e-05
1.21603e-06
-6.30932e-05
2.1479e-06
-6.43197e-05
3.09408e-06
3.65244e-06
-6.57704e-05
-5.9465e-05
1.92615e-06
-6.00717e-05
2.75466e-06
-6.05534e-05
3.57589e-06
4.22854e-06
-6.11295e-05
-5.31827e-05
2.3964e-06
-5.35042e-05
3.07618e-06
-5.37458e-05
3.81749e-06
4.49327e-06
-5.40105e-05
-4.6194e-05
2.88991e-06
-4.65647e-05
3.44689e-06
-4.68384e-05
4.09124e-06
4.72902e-06
-4.70741e-05
-4.06669e-05
3.39729e-06
-4.10826e-05
3.86264e-06
-4.14036e-05
4.41218e-06
4.98535e-06
-4.16599e-05
-3.7042e-05
3.83008e-06
-3.74151e-05
4.23574e-06
-3.77128e-05
4.70982e-06
5.21808e-06
-3.79455e-05
-3.4901e-05
4.13258e-06
-3.51664e-05
4.50112e-06
-3.53786e-05
4.92202e-06
5.37813e-06
-3.55387e-05
-3.364e-05
4.28779e-06
-3.37739e-05
4.63504e-06
-3.38743e-05
5.02243e-06
5.44296e-06
-3.39392e-05
-3.2763e-05
4.30778e-06
-3.27737e-05
4.64576e-06
-3.27665e-05
5.01518e-06
5.41514e-06
-3.27387e-05
-3.19504e-05
4.21932e-06
-3.18617e-05
4.557e-06
-3.17667e-05
4.92025e-06
5.31151e-06
-3.16631e-05
-3.10282e-05
4.05374e-06
-3.08692e-05
4.39807e-06
-3.07124e-05
4.76341e-06
5.15436e-06
-3.05553e-05
-2.99275e-05
3.8405e-06
-2.97257e-05
4.19621e-06
-2.95316e-05
4.56929e-06
4.9655e-06
-2.93428e-05
-2.86381e-05
3.60489e-06
-2.84171e-05
3.97521e-06
-2.82071e-05
4.35933e-06
4.76401e-06
-2.80057e-05
-2.71794e-05
3.36729e-06
-2.6958e-05
3.75368e-06
-2.67492e-05
4.15054e-06
4.56521e-06
-2.65504e-05
-2.55764e-05
3.1441e-06
-2.53694e-05
3.54681e-06
-2.51754e-05
3.95641e-06
4.38105e-06
-2.49912e-05
-2.38525e-05
2.94816e-06
-2.36716e-05
3.36577e-06
-2.3502e-05
3.78684e-06
4.22017e-06
-2.33412e-05
-2.20259e-05
2.78907e-06
-2.18792e-05
3.21909e-06
-2.17412e-05
3.64882e-06
4.08821e-06
-2.16093e-05
-2.01134e-05
2.67287e-06
-2.00059e-05
3.1114e-06
-1.99029e-05
3.54591e-06
3.98757e-06
-1.98023e-05
-1.81298e-05
2.60215e-06
-1.80631e-05
3.04478e-06
-1.79961e-05
3.47883e-06
3.91778e-06
-1.79263e-05
-1.60913e-05
2.57605e-06
-1.60641e-05
3.01747e-06
-1.60303e-05
3.44511e-06
3.87525e-06
-1.59878e-05
-1.40126e-05
2.5898e-06
-1.40201e-05
3.02513e-06
-1.40148e-05
3.43973e-06
3.85386e-06
-1.39934e-05
-1.19092e-05
2.63509e-06
-1.19437e-05
3.05951e-06
-1.19585e-05
3.45472e-06
3.84512e-06
-1.19498e-05
-9.79397e-06
2.70005e-06
-9.84389e-06
3.1096e-06
-9.86912e-06
3.47988e-06
3.8391e-06
-9.86307e-06
-7.68206e-06
2.76959e-06
-7.73287e-06
3.16026e-06
-7.75471e-06
3.50181e-06
3.82477e-06
-7.7404e-06
-5.59147e-06
2.82591e-06
-5.62623e-06
3.19521e-06
-5.63114e-06
3.50667e-06
3.79317e-06
-5.59951e-06
-3.55561e-06
2.85473e-06
-3.5634e-06
3.20288e-06
-3.54451e-06
3.48785e-06
3.74352e-06
-3.49484e-06
-1.66116e-06
-1.65114e-06
-1.62337e-06
-1.5796e-06
4.04305e-05
-6.65949e-06
3.5061e-05
-7.95565e-06
2.73267e-05
-2.30049e-07
1.85243e-05
6.67638e-06
1.08485e-05
8.33738e-06
6.38204e-06
1.25524e-05
6.70632e-06
2.60226e-05
1.87649e-06
-1.0208e-05
-7.54293e-07
-1.25531e-05
2.33485e-06
4.30581e-06
5.09019e-06
1.37771e-07
3.9193e-06
-2.84408e-06
9.94135e-06
-5.95631e-06
1.22202e-05
-1.84611e-05
8.66521e-06
-1.23057e-05
1.81177e-06
-1.37957e-06
-1.91301e-06
1.10379e-05
1.43231e-06
1.34606e-05
4.31774e-05
4.1074e-05
-1.37491e-05
3.99438e-05
-6.82544e-06
3.22521e-05
7.46165e-06
2.58329e-05
1.30955e-05
1.73238e-05
1.68465e-05
1.22086e-05
1.76676e-05
1.91258e-05
1.91054e-05
1.44743e-05
-5.55648e-06
1.35623e-05
-1.16411e-05
1.92246e-05
-1.35648e-06
1.54564e-05
3.90605e-06
3.24487e-06
9.36742e-06
-1.97834e-07
-2.5136e-06
-2.51089e-06
-1.61481e-05
-3.19594e-06
-1.16206e-05
-3.25718e-06
-1.31832e-06
-3.76349e-06
1.15442e-05
-5.20651e-06
1.49037e-05
3.79709e-05
4.30686e-05
-1.82743e-05
4.11836e-05
-4.94044e-06
3.54643e-05
1.3181e-05
3.46623e-05
1.38976e-05
3.68368e-05
1.46719e-05
3.65454e-05
1.79591e-05
3.78458e-05
1.78049e-05
3.0823e-05
1.4663e-06
2.71694e-05
-7.98754e-06
2.94903e-05
-3.67732e-06
2.87926e-05
4.60374e-06
2.57456e-05
1.24145e-05
1.79087e-05
5.32326e-06
7.52059e-06
-5.75995e-06
4.33934e-06
-8.43936e-06
3.76946e-06
-7.48429e-07
-1.69532e-08
1.53306e-05
-5.64594e-06
2.05327e-05
3.23249e-05
5.42193e-05
-1.44848e-05
5.1789e-05
-2.51021e-06
5.18403e-05
1.31297e-05
5.10638e-05
1.46741e-05
5.67438e-05
8.99193e-06
6.50118e-05
9.69101e-06
6.75254e-05
1.52914e-05
5.7904e-05
1.10877e-05
4.53489e-05
4.56763e-06
3.85188e-05
3.15271e-06
4.00747e-05
3.04791e-06
4.63743e-05
6.1149e-06
4.56156e-05
6.08189e-06
3.54114e-05
4.44431e-06
2.36472e-05
3.32484e-06
1.54248e-05
7.47392e-06
1.0478e-05
2.02774e-05
3.63775e-06
2.73729e-05
3.59627e-05
7.85194e-05
-8.05332e-06
7.6328e-05
-3.18838e-07
8.00554e-05
9.40226e-06
8.089e-05
1.38395e-05
7.93284e-05
1.05536e-05
8.14545e-05
7.56493e-06
8.60366e-05
1.07093e-05
8.13411e-05
1.57832e-05
7.10074e-05
1.49013e-05
6.13483e-05
1.28118e-05
5.71857e-05
7.21056e-06
5.98015e-05
3.49909e-06
5.97238e-05
6.15957e-06
5.41007e-05
1.00674e-05
4.24943e-05
1.49313e-05
3.03203e-05
1.9648e-05
2.1781e-05
2.88167e-05
9.12393e-06
4.003e-05
4.50866e-05
0.000106883
-6.90865e-06
0.000106913
-3.49513e-07
0.000109058
7.25775e-06
0.000110452
1.24458e-05
0.000106418
1.4587e-05
0.000100688
1.32952e-05
9.69564e-05
1.44409e-05
9.22676e-05
2.0472e-05
8.57764e-05
2.13925e-05
8.17411e-05
1.68471e-05
7.86963e-05
1.02554e-05
7.81665e-05
4.02891e-06
7.62916e-05
8.03442e-06
7.07963e-05
1.55627e-05
6.30082e-05
2.27194e-05
4.85033e-05
3.41529e-05
3.08579e-05
4.6462e-05
1.36135e-05
5.72744e-05
5.87002e-05
0.000120502
-1.1085e-05
0.000124697
-4.54481e-06
0.000127708
4.24729e-06
0.000127791
1.23627e-05
0.000123754
1.86242e-05
0.000115324
2.17253e-05
0.000104844
2.49202e-05
9.62928e-05
2.90235e-05
9.1206e-05
2.64793e-05
8.93857e-05
1.86675e-05
8.93157e-05
1.03253e-05
9.00235e-05
3.32112e-06
9.00626e-05
7.99525e-06
8.82107e-05
1.74146e-05
8.46566e-05
2.62735e-05
6.46934e-05
5.41161e-05
3.92345e-05
7.1921e-05
2.04702e-05
7.60387e-05
7.91704e-05
0.000124176
-1.90074e-05
0.000131246
-1.16146e-05
0.000135166
3.26492e-07
0.000134522
1.30072e-05
0.000128796
2.43506e-05
0.000118625
3.18963e-05
0.000107715
3.58296e-05
9.90921e-05
3.76465e-05
9.4046e-05
3.15254e-05
9.15759e-05
2.11377e-05
9.17514e-05
1.01498e-05
9.62096e-05
-1.13709e-06
0.000104784
-5.79392e-07
0.00010883
1.3369e-05
0.000102254
3.28493e-05
6.6788e-05
8.95822e-05
4.23632e-05
9.63457e-05
2.77939e-05
9.0608e-05
0.000106964
0.000131327
-3.02786e-05
0.000140784
-2.1071e-05
0.000145431
-4.32087e-06
0.000143482
1.49561e-05
0.000134126
3.37072e-05
0.00011457
5.14522e-05
0.000106268
4.41315e-05
0.000104325
3.95897e-05
9.99032e-05
3.59469e-05
9.23526e-05
2.86882e-05
9.15745e-05
1.0928e-05
9.76302e-05
-7.19281e-06
0.000111089
-1.40383e-05
0.000106726
1.7732e-05
9.14773e-05
4.80979e-05
5.28697e-05
0.00012819
4.05513e-05
0.000108664
3.59581e-05
9.52015e-05
0.000142922
0.00016087
-5.13018e-05
0.000176112
-3.63133e-05
0.000173486
-1.69422e-06
0.000159702
2.87403e-05
0.000141066
5.23427e-05
0.00011924
7.32784e-05
0.000105192
5.81795e-05
0.000103344
4.14373e-05
0.000107311
3.19802e-05
0.00011275
2.32486e-05
0.000110106
1.35722e-05
9.32219e-05
9.69143e-06
6.57655e-05
1.34182e-05
3.83713e-05
4.51262e-05
1.43944e-05
7.20747e-05
1.45754e-05
0.000128009
9.87255e-06
0.000113367
-1.07906e-06
0.000106153
0.000141843
0.000181155
-8.86464e-05
0.000196708
-5.18655e-05
0.000171562
2.34517e-05
0.000139491
6.08115e-05
0.000125892
6.59412e-05
0.000115001
8.417e-05
9.41085e-05
7.90719e-05
8.19446e-05
5.36012e-05
7.68248e-05
3.71e-05
7.467e-05
2.54035e-05
6.01589e-05
2.80832e-05
3.58504e-05
3.39999e-05
5.29533e-06
4.39734e-05
-1.40921e-05
6.45137e-05
-2.65309e-05
8.45134e-05
-1.49537e-05
0.000116432
-7.3019e-06
0.000105715
-5.22759e-06
0.000104079
0.000136616
0.00015588
-3.81001e-05
0.000105749
-1.73436e-06
8.39613e-05
4.52391e-05
7.74096e-05
6.73632e-05
6.55912e-05
7.77596e-05
5.69625e-05
9.2799e-05
5.8099e-05
7.79353e-05
5.21074e-05
5.95929e-05
4.17844e-05
4.7423e-05
2.89172e-05
3.82707e-05
1.50724e-05
4.1928e-05
-1.33275e-06
5.04051e-05
-1.79486e-05
6.05891e-05
-2.9695e-05
7.62601e-05
-3.5282e-05
9.01003e-05
-2.26858e-05
0.000103836
-7.97283e-06
9.10022e-05
2.4251e-06
9.36807e-05
0.000139041
-4.27453e-06
-9.40581e-06
-1.4115e-05
8.10545e-06
-3.93808e-06
3.50623e-05
5.30501e-06
5.81202e-05
4.67985e-06
7.83848e-05
1.09064e-05
8.65723e-05
2.00516e-05
6.87901e-05
2.10991e-05
5.85454e-05
1.27567e-05
5.57654e-05
1.26387e-06
4.97635e-05
-1.07734e-05
5.39652e-05
-1.73006e-05
5.69322e-05
-2.20551e-05
6.53435e-05
-2.566e-05
7.98649e-05
-2.56182e-05
9.00583e-05
-1.56657e-05
9.38829e-05
-5.08272e-06
8.0419e-05
1.27761e-06
8.73201e-05
0.000140318
-5.30776e-05
-8.25289e-07
-5.7447e-05
1.24749e-05
-5.31108e-05
3.07261e-05
-4.60668e-05
5.1076e-05
-3.48591e-05
6.71769e-05
-1.84092e-05
7.01222e-05
-9.2294e-06
5.96102e-05
-6.60086e-06
5.59167e-05
-9.27031e-06
5.84347e-05
-1.53901e-05
5.58832e-05
-1.85245e-05
5.70995e-05
-1.93281e-05
5.77357e-05
-1.79821e-05
6.39973e-05
-1.50177e-05
7.69003e-05
-1.06753e-05
8.57158e-05
-3.13785e-06
8.63453e-05
-3.57073e-07
7.76381e-05
9.72649e-07
8.59902e-05
0.000141291
-7.01191e-05
5.78483e-06
-7.2703e-05
1.50587e-05
-7.0098e-05
2.8121e-05
-6.23629e-05
4.33409e-05
-4.96996e-05
5.45136e-05
-3.59049e-05
5.63274e-05
-2.80637e-05
5.17689e-05
-2.38768e-05
5.17296e-05
-2.19406e-05
5.64985e-05
-2.16126e-05
5.55551e-05
-1.94505e-05
5.49373e-05
-1.61114e-05
5.43965e-05
-1.17343e-05
5.96201e-05
-5.38224e-06
7.05482e-05
2.02216e-06
7.83113e-05
8.37058e-06
7.99968e-05
6.08761e-06
7.9921e-05
2.07188e-06
9.00058e-05
0.000143363
-6.95335e-05
9.54801e-06
-7.07371e-05
1.62623e-05
-6.82558e-05
2.56398e-05
-6.14966e-05
3.65815e-05
-5.13937e-05
4.44106e-05
-4.15544e-05
4.6488e-05
-3.5408e-05
4.56224e-05
-3.09474e-05
4.7269e-05
-2.61736e-05
5.17246e-05
-2.21366e-05
5.1518e-05
-1.7604e-05
5.04046e-05
-1.31642e-05
4.99567e-05
-8.22737e-06
5.46831e-05
-1.46731e-06
6.3788e-05
5.7405e-06
7.11034e-05
9.97576e-06
7.57614e-05
8.10885e-06
8.17878e-05
1.80252e-06
9.63121e-05
0.000145165
-6.27562e-05
1.11747e-05
-6.27713e-05
1.62775e-05
-6.05736e-05
2.34421e-05
-5.54062e-05
3.14141e-05
-4.82101e-05
3.72145e-05
-4.14556e-05
3.97335e-05
-3.66001e-05
4.07668e-05
-3.22557e-05
4.29245e-05
-2.68287e-05
4.62976e-05
-2.17541e-05
4.64434e-05
-1.72216e-05
4.5872e-05
-1.36636e-05
4.63987e-05
-9.91802e-06
5.09375e-05
-4.63031e-06
5.85003e-05
6.9633e-07
6.57767e-05
3.77205e-06
7.26857e-05
2.2172e-06
8.33426e-05
-1.37217e-06
9.99013e-05
0.000143793
-5.47189e-05
1.18832e-05
-5.44875e-05
1.60461e-05
-5.27475e-05
2.17021e-05
-4.90336e-05
2.77001e-05
-4.41106e-05
3.22915e-05
-3.94155e-05
3.50384e-05
-3.55438e-05
3.68952e-05
-3.16878e-05
3.90684e-05
-2.69503e-05
4.15601e-05
-2.27028e-05
4.21958e-05
-1.94892e-05
4.26584e-05
-1.73649e-05
4.42744e-05
-1.49962e-05
4.85687e-05
-1.14726e-05
5.49767e-05
-7.93778e-06
6.22419e-05
-5.98222e-06
7.07301e-05
-5.45805e-06
8.28184e-05
-5.79155e-06
0.000100235
0.000138001
-4.76281e-05
1.24372e-05
-4.75375e-05
1.59555e-05
-4.63305e-05
2.04951e-05
-4.3793e-05
2.51626e-05
-4.04764e-05
2.89748e-05
-3.71657e-05
3.17277e-05
-3.41432e-05
3.38726e-05
-3.10492e-05
3.59744e-05
-2.75667e-05
3.80775e-05
-2.47149e-05
3.9344e-05
-2.28707e-05
4.08141e-05
-2.18029e-05
4.32066e-05
-2.05154e-05
4.72811e-05
-1.85332e-05
5.29945e-05
-1.64213e-05
6.01299e-05
-1.46436e-05
6.89524e-05
-1.26268e-05
8.08016e-05
-9.50766e-06
9.71156e-05
0.000128494
-4.22019e-05
1.29792e-05
-4.22614e-05
1.60149e-05
-4.1483e-05
1.97166e-05
-3.97974e-05
2.3477e-05
-3.75659e-05
2.67433e-05
-3.52207e-05
2.93825e-05
-3.29429e-05
3.15948e-05
-3.06476e-05
3.36791e-05
-2.83184e-05
3.57482e-05
-2.65683e-05
3.75939e-05
-2.55494e-05
3.97952e-05
-2.50317e-05
4.26889e-05
-2.44391e-05
4.66885e-05
-2.34568e-05
5.20122e-05
-2.2139e-05
5.88121e-05
-2.0404e-05
6.72173e-05
-1.74005e-05
7.77981e-05
-1.20504e-05
9.17655e-05
0.000116443
-3.84031e-05
1.34367e-05
-3.84852e-05
1.60969e-05
-3.7959e-05
1.91904e-05
-3.6817e-05
2.2335e-05
-3.52785e-05
2.52047e-05
-3.35919e-05
2.7696e-05
-3.18971e-05
2.99e-05
-3.02277e-05
3.20098e-05
-2.86573e-05
3.41778e-05
-2.75005e-05
3.6437e-05
-2.68086e-05
3.91034e-05
-2.64585e-05
4.23387e-05
-2.61561e-05
4.63861e-05
-2.56359e-05
5.14919e-05
-2.46846e-05
5.78608e-05
-2.29397e-05
6.54725e-05
-1.95167e-05
7.4375e-05
-1.31386e-05
8.53873e-05
0.000103305
-3.58282e-05
1.37263e-05
-3.58299e-05
1.60986e-05
-3.54068e-05
1.87672e-05
-3.45673e-05
2.14955e-05
-3.34378e-05
2.40752e-05
-3.21662e-05
2.64243e-05
-3.08594e-05
2.85932e-05
-2.95775e-05
3.07278e-05
-2.83888e-05
3.29892e-05
-2.74418e-05
3.549e-05
-2.67628e-05
3.84244e-05
-2.63165e-05
4.18923e-05
-2.5965e-05
4.60346e-05
-2.54886e-05
5.10155e-05
-2.45761e-05
5.69483e-05
-2.27713e-05
6.36676e-05
-1.92582e-05
7.08619e-05
-1.27249e-05
7.8854e-05
9.05799e-05
-3.40249e-05
1.3812e-05
-3.3901e-05
1.59746e-05
-3.34894e-05
1.83556e-05
-3.27941e-05
2.08001e-05
-3.18832e-05
2.31643e-05
-3.08451e-05
2.53862e-05
-2.97543e-05
2.75023e-05
-2.86595e-05
2.9633e-05
-2.76017e-05
3.19313e-05
-2.66455e-05
3.45338e-05
-2.58114e-05
3.75902e-05
-2.51068e-05
4.11877e-05
-2.44785e-05
4.54062e-05
-2.37679e-05
5.03049e-05
-2.26781e-05
5.58586e-05
-2.0765e-05
6.17544e-05
-1.72894e-05
6.73864e-05
-1.1107e-05
7.26715e-05
7.94729e-05
-3.26303e-05
1.37035e-05
-3.23803e-05
1.57246e-05
-3.1939e-05
1.79142e-05
-3.12995e-05
2.01606e-05
-3.04937e-05
2.23584e-05
-2.95706e-05
2.44632e-05
-2.85766e-05
2.65083e-05
-2.75403e-05
2.85967e-05
-2.64778e-05
3.08687e-05
-2.54109e-05
3.34669e-05
-2.43517e-05
3.65311e-05
-2.3319e-05
4.0155e-05
-2.23034e-05
4.43905e-05
-2.12138e-05
4.92154e-05
-1.98317e-05
5.44764e-05
-1.77966e-05
5.97193e-05
-1.44448e-05
6.40345e-05
-8.87988e-06
6.71066e-05
7.0593e-05
-3.13982e-05
1.34385e-05
-3.10459e-05
1.53722e-05
-3.05674e-05
1.74356e-05
-2.9945e-05
1.95382e-05
-2.91866e-05
2.15999e-05
-2.8315e-05
2.35915e-05
-2.73531e-05
2.55465e-05
-2.63115e-05
2.7555e-05
-2.51881e-05
2.97453e-05
-2.39814e-05
3.22602e-05
-2.26923e-05
3.5242e-05
-2.13355e-05
3.87982e-05
-1.99203e-05
4.29754e-05
-1.8414e-05
4.77091e-05
-1.66961e-05
5.27585e-05
-1.45349e-05
5.75582e-05
-1.14233e-05
6.09229e-05
-6.6611e-06
6.23444e-05
6.39319e-05
-3.01808e-05
1.3064e-05
-2.97602e-05
1.49516e-05
-2.92562e-05
1.69315e-05
-2.86424e-05
1.89244e-05
-2.79109e-05
2.08683e-05
-2.70661e-05
2.27467e-05
-2.61133e-05
2.45937e-05
-2.50484e-05
2.64901e-05
-2.38576e-05
2.85545e-05
-2.25258e-05
3.09283e-05
-2.10436e-05
3.37598e-05
-1.94167e-05
3.71713e-05
-1.76605e-05
4.12191e-05
-1.57818e-05
4.58303e-05
-1.37464e-05
5.07231e-05
-1.14615e-05
5.52732e-05
-8.68417e-06
5.81456e-05
-4.8162e-06
5.84765e-05
5.91157e-05
-2.89053e-05
1.26265e-05
-2.84504e-05
1.44966e-05
-2.79401e-05
1.64211e-05
-2.73417e-05
1.8326e-05
-2.66371e-05
2.01636e-05
-2.58178e-05
2.19274e-05
-2.48759e-05
2.36518e-05
-2.37973e-05
2.54114e-05
-2.25607e-05
2.73179e-05
-2.11437e-05
2.95113e-05
-1.95295e-05
3.21456e-05
-1.7716e-05
3.53578e-05
-1.57192e-05
3.92223e-05
-1.357e-05
4.3681e-05
-1.12971e-05
4.84501e-05
-8.92438e-06
5.29005e-05
-6.46145e-06
5.56826e-05
-3.51058e-06
5.55255e-05
5.56051e-05
-2.75451e-05
1.21659e-05
-2.70863e-05
1.40378e-05
-2.65894e-05
1.59241e-05
-2.60183e-05
1.77549e-05
-2.53484e-05
1.94937e-05
-2.45626e-05
2.11415e-05
-2.36446e-05
2.27338e-05
-2.25744e-05
2.43411e-05
-2.13272e-05
2.60706e-05
-1.98773e-05
2.80614e-05
-1.82039e-05
3.04721e-05
-1.62993e-05
3.34531e-05
-1.41782e-05
3.71013e-05
-1.1885e-05
4.13878e-05
-9.49013e-06
4.60552e-05
-7.09552e-06
5.05059e-05
-4.85469e-06
5.34418e-05
-2.68442e-06
5.33553e-05
5.29207e-05
-2.60995e-05
1.17149e-05
-2.56605e-05
1.35988e-05
-2.51931e-05
1.54567e-05
-2.46596e-05
1.72213e-05
-2.40318e-05
1.88658e-05
-2.32882e-05
2.03979e-05
-2.24086e-05
2.18542e-05
-2.13715e-05
2.3304e-05
-2.01523e-05
2.48514e-05
-1.87252e-05
2.66343e-05
-1.7067e-05
2.88138e-05
-1.51654e-05
3.15515e-05
-1.30318e-05
3.49676e-05
-1.07143e-05
3.90703e-05
-8.30589e-06
4.36468e-05
-5.94871e-06
4.81487e-05
-3.86806e-06
5.13611e-05
-2.16519e-06
5.16524e-05
5.07555e-05
-2.4575e-05
1.12987e-05
-2.41734e-05
1.31971e-05
-2.37459e-05
1.50292e-05
-2.32552e-05
1.67304e-05
-2.26725e-05
1.82831e-05
-2.19756e-05
1.9701e-05
-2.11457e-05
2.10242e-05
-2.01638e-05
2.2322e-05
-1.9009e-05
2.36966e-05
-1.76571e-05
2.52824e-05
-1.60827e-05
2.72394e-05
-1.42679e-05
2.97367e-05
-1.22161e-05
3.29158e-05
-9.96942e-06
3.68237e-05
-7.62471e-06
4.1302e-05
-5.33623e-06
4.58602e-05
-3.35439e-06
4.93792e-05
-1.8509e-06
5.01489e-05
4.89046e-05
-2.2977e-05
1.09344e-05
-2.26234e-05
1.28434e-05
-2.22402e-05
1.4646e-05
-2.17916e-05
1.62818e-05
-2.12513e-05
1.77428e-05
-2.06011e-05
1.90507e-05
-1.98275e-05
2.02507e-05
-1.89188e-05
2.14133e-05
-1.78598e-05
2.26376e-05
-1.66283e-05
2.40509e-05
-1.51958e-05
2.58069e-05
-1.3536e-05
2.80769e-05
-1.16383e-05
3.1018e-05
-9.52937e-06
3.47147e-05
-7.29454e-06
3.90672e-05
-5.08043e-06
4.36461e-05
-3.13407e-06
4.74329e-05
-1.67235e-06
4.86871e-05
4.72323e-05
-2.13079e-05
1.0633e-05
-2.10061e-05
1.25417e-05
-2.06651e-05
1.43049e-05
-2.02523e-05
1.5869e-05
-1.97474e-05
1.72378e-05
-1.914e-05
1.84434e-05
-1.84267e-05
1.95374e-05
-1.76054e-05
2.05919e-05
-1.66675e-05
2.16996e-05
-1.55924e-05
2.29758e-05
-1.43469e-05
2.45614e-05
-1.2892e-05
2.6622e-05
-1.11997e-05
2.93257e-05
-9.27195e-06
3.2787e-05
-7.17096e-06
3.69662e-05
-5.02497e-06
4.15001e-05
-3.06814e-06
4.5476e-05
-1.55787e-06
4.71769e-05
4.56743e-05
-1.95672e-05
1.03979e-05
-1.93148e-05
1.22892e-05
-1.90082e-05
1.39983e-05
-1.86209e-05
1.54817e-05
-1.8142e-05
1.67589e-05
-1.75731e-05
1.78744e-05
-1.69232e-05
1.88875e-05
-1.62005e-05
1.98692e-05
-1.54027e-05
2.09018e-05
-1.45091e-05
2.20823e-05
-1.348e-05
2.35323e-05
-1.22631e-05
2.54051e-05
-1.08087e-05
2.78713e-05
-9.09056e-06
3.10688e-05
-7.13622e-06
3.50119e-05
-5.05205e-06
3.94159e-05
-3.06091e-06
4.34849e-05
-1.46468e-06
4.55806e-05
4.42097e-05
-1.77543e-05
1.02258e-05
-1.75427e-05
1.20775e-05
-1.72585e-05
1.37142e-05
-1.68847e-05
1.51079e-05
-1.64232e-05
1.62974e-05
-1.58903e-05
1.73416e-05
-1.53078e-05
1.83049e-05
-1.46926e-05
1.9254e-05
-1.40462e-05
2.02554e-05
-1.33468e-05
2.13829e-05
-1.25484e-05
2.27339e-05
-1.15849e-05
2.44416e-05
-1.03871e-05
2.66735e-05
-8.89827e-06
2.958e-05
-7.10734e-06
3.32209e-05
-5.09137e-06
3.74e-05
-3.06528e-06
4.14588e-05
-1.37735e-06
4.38928e-05
4.28323e-05
-1.58688e-05
1.01069e-05
-1.56846e-05
1.18933e-05
-1.54087e-05
1.34382e-05
-1.5037e-05
1.47362e-05
-1.45879e-05
1.58483e-05
-1.40927e-05
1.68463e-05
-1.35831e-05
1.77954e-05
-1.30811e-05
1.8752e-05
-1.25889e-05
1.97633e-05
-1.20832e-05
2.08771e-05
-1.15126e-05
2.21633e-05
-1.0804e-05
2.3733e-05
-9.8702e-06
2.57397e-05
-8.62792e-06
2.83377e-05
-7.02878e-06
3.16218e-05
-5.11018e-06
3.54814e-05
-3.07311e-06
3.94218e-05
-1.30233e-06
4.2122e-05
4.153e-05
-1.39116e-05
1.00251e-05
-1.37381e-05
1.17197e-05
-1.34563e-05
1.31564e-05
-1.30796e-05
1.43595e-05
-1.26443e-05
1.5413e-05
-1.21928e-05
1.63948e-05
-1.17634e-05
1.7366e-05
-1.13759e-05
1.83646e-05
-1.10311e-05
1.94185e-05
-1.07045e-05
2.05505e-05
-1.03456e-05
2.18045e-05
-9.87794e-06
2.32654e-05
-9.20583e-06
2.50676e-05
-8.22574e-06
2.73576e-05
-6.8563e-06
3.02524e-05
-5.09065e-06
3.37158e-05
-3.09263e-06
3.74238e-05
-1.25653e-06
4.0286e-05
4.02734e-05
-1.18851e-05
9.9604e-06
-1.17044e-05
1.15391e-05
-1.14062e-05
1.28582e-05
-1.1025e-05
1.39783e-05
-1.06128e-05
1.50009e-05
-1.02181e-05
1.60001e-05
-9.87518e-06
1.70232e-05
-9.59926e-06
1.80887e-05
-9.38627e-06
1.92055e-05
-9.21329e-06
2.03775e-05
-9.03523e-06
2.16264e-05
-8.7815e-06
2.30117e-05
-8.35609e-06
2.46423e-05
-7.64633e-06
2.66479e-05
-6.54455e-06
2.91507e-05
-5.00216e-06
3.21734e-05
-3.11878e-06
3.55405e-05
-1.25612e-06
3.84232e-05
3.90174e-05
-9.79296e-06
9.89029e-06
-9.58997e-06
1.13361e-05
-9.27462e-06
1.25429e-05
-8.90148e-06
1.36052e-05
-8.53233e-06
1.46318e-05
-8.21079e-06
1.56786e-05
-7.96055e-06
1.6773e-05
-7.78882e-06
1.7917e-05
-7.6868e-06
1.91035e-05
-7.63483e-06
2.03256e-05
-7.59785e-06
2.15895e-05
-7.51724e-06
2.29311e-05
-7.30755e-06
2.44326e-05
-6.85805e-06
2.61984e-05
-6.04783e-06
2.83405e-05
-4.79121e-06
3.09168e-05
-3.11453e-06
3.38638e-05
-1.298e-06
3.66068e-05
3.77193e-05
-7.64556e-06
9.79546e-06
-7.41711e-06
1.11077e-05
-7.09905e-06
1.22248e-05
-6.76163e-06
1.32678e-05
-6.46403e-06
1.43342e-05
-6.23265e-06
1.54472e-05
-6.07925e-06
1.66196e-05
-6.00084e-06
1.78386e-05
-5.9868e-06
1.90895e-05
-6.02195e-06
2.03607e-05
-6.08283e-06
2.16504e-05
-6.12637e-06
2.29747e-05
-6.08477e-06
2.4391e-05
-5.86157e-06
2.59752e-05
-5.33646e-06
2.78154e-05
-4.4001e-06
2.99805e-05
-3.01354e-06
3.24773e-05
-1.34902e-06
3.49422e-05
3.63703e-05
-5.47337e-06
9.66933e-06
-5.23751e-06
1.08718e-05
-4.95369e-06
1.1941e-05
-4.69216e-06
1.30062e-05
-4.49224e-06
1.41343e-05
-4.3629e-06
1.53179e-05
-4.30303e-06
1.65597e-05
-4.30351e-06
1.78391e-05
-4.35458e-06
1.91406e-05
-4.44635e-06
2.04525e-05
-4.56579e-06
2.17698e-05
-4.68415e-06
2.30931e-05
-4.75426e-06
2.44611e-05
-4.70234e-06
2.59233e-05
-4.42138e-06
2.75344e-05
-3.7985e-06
2.93576e-05
-2.75147e-06
3.14302e-05
-1.34613e-06
3.35369e-05
3.50242e-05
-3.35966e-06
9.53418e-06
-3.16025e-06
1.06725e-05
-2.95868e-06
1.17395e-05
-2.80581e-06
1.28534e-05
-2.71336e-06
1.40419e-05
-2.68176e-06
1.52863e-05
-2.69978e-06
1.65778e-05
-2.75952e-06
1.78988e-05
-2.85412e-06
1.92353e-05
-2.97879e-06
2.05772e-05
-3.12146e-06
2.19125e-05
-3.27681e-06
2.32485e-05
-3.40708e-06
2.45915e-05
-3.46153e-06
2.59778e-05
-3.36205e-06
2.7435e-05
-3.0054e-06
2.9001e-05
-2.29846e-06
3.07233e-05
-1.22601e-06
3.24645e-05
3.37982e-05
-1.47428e-06
-1.35613e-06
-1.26299e-06
-1.21629e-06
-1.21088e-06
-1.24749e-06
-1.3162e-06
-1.41046e-06
-1.52681e-06
-1.66049e-06
-1.81302e-06
-1.97319e-06
-2.12808e-06
-2.23701e-06
-2.25026e-06
-2.08888e-06
-1.67601e-06
-9.57573e-07
)
;

boundaryField
{
    leftWall
    {
        type            calculated;
        value           uniform 0;
    }
    rightWall
    {
        type            calculated;
        value           uniform 0;
    }
    lowerWall
    {
        type            calculated;
        value           uniform 0;
    }
    atmosphere
    {
        type            calculated;
        value           nonuniform List<scalar> 
46
(
-9.56471e-06
-1.19454e-05
-1.53992e-05
-1.90807e-05
-2.24947e-05
-2.45434e-05
-2.78065e-05
-3.13403e-05
-3.25447e-05
-3.23661e-05
-3.12476e-05
-2.93334e-05
-2.68381e-05
-2.39798e-05
-2.09511e-05
-1.7836e-05
-1.46299e-05
-1.13033e-05
-7.81581e-06
-4.23532e-06
-7.85755e-07
2.2197e-06
4.58944e-06
2.86405e-06
3.193e-06
3.46015e-06
3.69978e-06
9.42888e-06
1.05543e-05
1.16464e-05
1.28067e-05
1.40365e-05
1.53229e-05
1.66465e-05
1.79931e-05
1.93516e-05
2.07109e-05
2.20651e-05
2.34086e-05
2.47464e-05
2.60868e-05
2.74483e-05
2.88396e-05
3.03105e-05
3.17461e-05
3.28407e-05
)
;
    }
    defaultFaces
    {
        type            empty;
        value           nonuniform List<scalar> 0();
    }
}


// ************************************************************************* //
