/*--------------------------------*- C++ -*----------------------------------*\
| =========                 |                                                 |
| \\      /  F ield         | OpenFOAM: The Open Source CFD Toolbox           |
|  \\    /   O peration     | Version:  2312                                  |
|   \\  /    A nd           | Website:  www.openfoam.com                      |
|    \\/     M anipulation  |                                                 |
\*---------------------------------------------------------------------------*/
FoamFile
{
    version     2.0;
    format      ascii;
    arch        "LSB;label=32;scalar=64";
    class       surfaceScalarField;
    location    "2.55";
    object      phi;
}
// * * * * * * * * * * * * * * * * * * * * * * * * * * * * * * * * * * * * * //

dimensions      [0 3 -1 0 0 0 0];

oriented        oriented;

internalField   nonuniform List<scalar> 
4432
(
1.91436e-06
-1.91437e-06
2.51162e-06
-5.97272e-07
2.76299e-06
-2.51383e-07
2.74307e-06
1.99199e-08
2.60043e-06
1.42638e-07
2.44443e-06
1.55993e-07
2.38376e-06
6.06701e-08
2.49297e-06
-1.09217e-07
2.8121e-06
-3.19135e-07
3.34007e-06
-5.27975e-07
4.04465e-06
-7.0458e-07
4.8823e-06
-8.37639e-07
5.79273e-06
-9.10428e-07
6.68657e-06
-8.93831e-07
7.44305e-06
-7.56476e-07
7.90825e-06
-4.65189e-07
7.94447e-06
-3.62022e-08
7.49112e-06
4.53359e-07
6.54846e-06
9.42682e-07
5.19321e-06
1.35527e-06
3.57011e-06
1.62312e-06
1.76681e-06
1.80331e-06
1.76682e-06
8.23355e-07
-2.73774e-06
1.36596e-06
-1.13989e-06
1.69432e-06
-5.79752e-07
1.79e-06
-7.5776e-08
1.78605e-06
1.46581e-07
1.74628e-06
1.95759e-07
1.78056e-06
2.63845e-08
1.96709e-06
-2.95755e-07
2.35242e-06
-7.04474e-07
2.93825e-06
-1.1138e-06
3.69447e-06
-1.4608e-06
4.58078e-06
-1.72395e-06
5.53996e-06
-1.8696e-06
6.48258e-06
-1.83643e-06
7.28828e-06
-1.56216e-06
7.79157e-06
-9.68457e-07
7.85708e-06
-1.01692e-07
7.40473e-06
9.0574e-07
6.44612e-06
1.90132e-06
5.06336e-06
2.73806e-06
3.42307e-06
3.26346e-06
1.62417e-06
3.60225e-06
3.39104e-06
2.90835e-07
-3.02858e-06
7.09022e-07
-1.55809e-06
9.94492e-07
-8.65227e-07
1.1099e-06
-1.91185e-07
1.09961e-06
1.56864e-07
1.06434e-06
2.31026e-07
1.13827e-06
-4.75443e-08
1.37077e-06
-5.28254e-07
1.81166e-06
-1.14537e-06
2.46191e-06
-1.76406e-06
3.28845e-06
-2.28734e-06
4.2557e-06
-2.6912e-06
5.30703e-06
-2.92093e-06
6.34663e-06
-2.87602e-06
7.25379e-06
-2.46931e-06
7.83548e-06
-1.55014e-06
7.93856e-06
-2.04761e-07
7.50142e-06
1.34289e-06
6.535e-06
2.86775e-06
5.13543e-06
4.13764e-06
3.49277e-06
4.90613e-06
1.72167e-06
5.37336e-06
5.1127e-06
-1.63124e-09
-3.02697e-06
3.18591e-07
-1.87832e-06
5.40352e-07
-1.087e-06
5.98471e-07
-2.49314e-07
5.373e-07
2.18027e-07
4.78242e-07
2.90076e-07
5.36724e-07
-1.06033e-07
7.60065e-07
-7.51601e-07
1.22711e-06
-1.61241e-06
1.92606e-06
-2.46302e-06
2.82689e-06
-3.18816e-06
3.89861e-06
-3.76291e-06
5.07298e-06
-4.09529e-06
6.24244e-06
-4.04547e-06
7.30528e-06
-3.53214e-06
8.02622e-06
-2.27107e-06
8.22446e-06
-4.02998e-07
7.82856e-06
1.73881e-06
6.86589e-06
3.83043e-06
5.43713e-06
5.56642e-06
3.77807e-06
6.56521e-06
2.00225e-06
7.1492e-06
7.11499e-06
-2.69725e-07
-2.75724e-06
9.09207e-08
-2.23897e-06
3.7527e-07
-1.37135e-06
3.95373e-07
-2.69414e-07
1.80161e-07
4.33241e-07
3.35543e-10
4.69905e-07
9.84151e-09
-1.15536e-07
2.05747e-07
-9.47503e-07
6.01659e-07
-2.00832e-06
1.20224e-06
-3.0636e-06
2.07429e-06
-4.06021e-06
3.20104e-06
-4.88965e-06
4.492e-06
-5.38624e-06
5.81012e-06
-5.36359e-06
7.09363e-06
-4.81565e-06
8.05126e-06
-3.22871e-06
8.43417e-06
-7.85907e-07
8.13759e-06
2.03539e-06
7.23658e-06
4.73144e-06
5.81639e-06
6.98662e-06
4.13339e-06
8.24821e-06
2.28522e-06
8.99739e-06
9.4002e-06
-5.9211e-07
-2.16518e-06
-4.04417e-07
-2.4267e-06
-7.58314e-08
-1.69996e-06
-9.99501e-08
-2.45322e-07
-4.34667e-07
7.67934e-07
-6.97587e-07
7.32804e-07
-7.02296e-07
-1.10842e-07
-2.93621e-07
-1.35619e-06
3.31344e-07
-2.63328e-06
9.94666e-07
-3.72691e-06
1.72398e-06
-4.78951e-06
2.58341e-06
-5.74907e-06
3.63411e-06
-6.43693e-06
4.88525e-06
-6.61472e-06
6.28406e-06
-6.21446e-06
7.47148e-06
-4.41612e-06
8.07395e-06
-1.38837e-06
7.97175e-06
2.1376e-06
7.19991e-06
5.50328e-06
5.9043e-06
8.28224e-06
4.38708e-06
9.76544e-06
2.54259e-06
1.08419e-05
1.19428e-05
-4.31815e-06
2.15292e-06
-6.52107e-06
-2.23844e-07
-7.15868e-06
-1.06242e-06
-6.77573e-06
-6.28332e-07
-5.7453e-06
-2.62543e-07
-4.49385e-06
-5.18687e-07
-3.46616e-06
-1.13855e-06
-2.40213e-06
-2.42023e-06
-1.09508e-06
-3.94032e-06
2.4868e-07
-5.07064e-06
1.29653e-06
-5.83731e-06
2.01226e-06
-6.46476e-06
3.04003e-06
-7.46467e-06
4.36111e-06
-7.93577e-06
5.61156e-06
-7.46488e-06
6.69588e-06
-5.50042e-06
7.7594e-06
-2.45189e-06
8.29576e-06
1.60124e-06
7.85692e-06
5.94212e-06
7.10133e-06
9.03783e-06
5.39755e-06
1.14692e-05
3.04182e-06
1.31976e-05
1.49846e-05
-5.97193e-06
8.1248e-06
-9.13435e-06
2.93854e-06
-1.08629e-05
6.66095e-07
-1.14473e-05
-4.39967e-08
-1.10801e-05
-6.29737e-07
-1.01584e-05
-1.4404e-06
-8.86494e-06
-2.432e-06
-7.05601e-06
-4.22916e-06
-4.2849e-06
-6.71142e-06
2.21288e-07
-9.57682e-06
5.9778e-06
-1.15938e-05
8.54767e-06
-9.03461e-06
8.15691e-06
-7.07388e-06
6.81606e-06
-6.59489e-06
5.18083e-06
-5.82963e-06
3.68395e-06
-4.00352e-06
3.55979e-06
-2.32772e-06
6.00019e-06
-8.39168e-07
7.70241e-06
4.23991e-06
8.50453e-06
8.23571e-06
6.38027e-06
1.35935e-05
3.57332e-06
1.60046e-05
1.85579e-05
-5.21428e-06
5.21426e-06
-7.90186e-06
2.68758e-06
-8.77574e-06
8.73885e-07
-8.15774e-06
-6.18002e-07
-6.14683e-06
-2.01091e-06
-3.24501e-06
-2.90182e-06
-4.51144e-07
-2.79386e-06
1.52088e-06
-1.97202e-06
2.54385e-06
-1.02297e-06
2.61103e-06
-6.71724e-08
2.02047e-06
5.90565e-07
-2.04677e-07
2.22515e-06
-3.89001e-06
3.68534e-06
-7.61828e-06
3.72828e-06
-9.5979e-06
1.97962e-06
-8.25706e-06
-1.34083e-06
-4.77321e-06
-3.48385e-06
-2.89207e-06
-1.88114e-06
-2.89207e-06
-2.17636e-06
7.3906e-06
-3.93792e-06
4.44913e-06
-4.39459e-06
1.33055e-06
-3.24754e-06
-1.76505e-06
-8.79062e-07
-4.37939e-06
2.15806e-06
-5.93894e-06
4.50545e-06
-5.14125e-06
5.79962e-06
-3.26619e-06
6.75312e-06
-1.97646e-06
7.64135e-06
-9.55395e-07
8.37137e-06
-1.39459e-07
7.87398e-06
2.72255e-06
5.49309e-06
6.06622e-06
1.35468e-06
7.8667e-06
-3.21545e-06
6.54975e-06
-5.01422e-06
4.57937e-07
-2.67441e-06
-5.82366e-06
-8.00074e-07
-3.75548e-06
-3.69215e-06
-2.69999e-06
1.00906e-05
-4.59703e-06
6.34616e-06
-4.20308e-06
9.36598e-07
-1.51686e-06
-4.45126e-06
1.7563e-06
-7.65254e-06
3.85454e-06
-8.03715e-06
4.52796e-06
-5.81464e-06
6.27977e-06
-5.01797e-06
8.04157e-06
-3.73824e-06
8.95421e-06
-1.86801e-06
9.92327e-06
-1.1085e-06
1.09514e-05
1.69446e-06
1.03298e-05
6.68777e-06
6.95883e-06
1.12377e-05
2.88716e-06
1.06214e-05
-7.32961e-07
4.07806e-06
-7.41682e-07
-5.81494e-06
1.6127e-06
-6.10987e-06
-2.07944e-06
-1.01878e-06
1.11093e-05
-8.10636e-07
6.13793e-06
1.604e-06
-1.4781e-06
4.6061e-06
-7.4534e-06
5.7684e-06
-8.81486e-06
4.40605e-06
-6.6748e-06
8.43484e-08
-1.49294e-06
4.15687e-06
-9.09047e-06
1.02176e-05
-9.799e-06
8.28223e-06
6.74246e-08
5.56241e-06
1.61132e-06
5.16416e-06
2.09272e-06
7.14344e-06
4.70849e-06
7.16571e-06
1.12154e-05
6.35445e-06
1.14327e-05
4.54131e-06
5.8912e-06
3.72992e-06
-5.00355e-06
4.5669e-06
-6.94686e-06
2.48745e-06
7.9892e-07
1.03103e-05
5.97153e-06
9.6529e-07
8.9453e-06
-4.45187e-06
1.00884e-05
-8.59646e-06
1.02777e-05
-9.00412e-06
7.82798e-06
-4.22509e-06
5.28454e-07
5.80663e-06
2.41246e-06
-1.09744e-05
9.47146e-06
-1.6858e-05
9.01878e-06
5.20137e-07
6.74547e-06
3.88466e-06
4.30636e-06
4.53186e-06
5.69263e-06
3.32224e-06
1.01624e-05
6.74565e-06
1.19425e-05
9.6526e-06
1.276e-05
5.07374e-06
1.02704e-05
-2.51397e-06
9.16572e-06
-5.84215e-06
1.16532e-05
2.24031e-06
8.06984e-06
7.6724e-06
-4.46689e-06
9.87284e-06
-6.65236e-06
1.10751e-05
-9.79879e-06
1.19193e-05
-9.84833e-06
1.00222e-05
-2.32797e-06
3.26288e-06
1.25659e-05
2.66894e-06
-1.03805e-05
4.39598e-06
-1.8585e-05
3.73732e-06
1.1788e-06
5.27659e-06
2.34539e-06
7.91309e-06
1.89536e-06
7.66842e-06
3.56691e-06
1.46913e-05
-2.77214e-07
1.70074e-05
7.33643e-06
1.79255e-05
4.15567e-06
1.52095e-05
2.02011e-07
7.78107e-06
1.58624e-06
1.94342e-05
4.75729e-06
3.31247e-06
6.99834e-06
-6.70801e-06
8.2865e-06
-7.94058e-06
8.94246e-06
-1.04548e-05
9.42219e-06
-1.03281e-05
6.6656e-06
4.28601e-07
2.86572e-06
1.63658e-05
8.31082e-07
-8.34587e-06
-3.63566e-06
-1.41183e-05
-5.65765e-06
3.20079e-06
-1.32333e-06
-1.98894e-06
5.22973e-06
-4.65772e-06
7.75487e-06
1.04177e-06
1.52648e-05
-7.78716e-06
2.07742e-05
1.82698e-06
1.82298e-05
6.70009e-06
9.50055e-06
8.93123e-06
3.65925e-06
7.4275e-06
2.30935e-05
6.4231e-06
-3.11066e-06
7.44609e-06
-7.73104e-06
7.74894e-06
-8.24346e-06
7.67202e-06
-1.03779e-05
7.34983e-06
-1.00059e-05
4.28665e-06
3.49177e-06
1.62493e-07
2.04899e-05
-2.74641e-06
-5.43697e-06
-7.25594e-06
-9.60873e-06
-7.04966e-06
2.99451e-06
-2.56091e-06
-6.47769e-06
4.37123e-06
-1.15899e-05
7.90363e-06
-2.49064e-06
1.15299e-05
-1.14135e-05
1.32192e-05
1.377e-07
1.0992e-05
8.92724e-06
6.08471e-06
1.38385e-05
3.97535e-06
9.53686e-06
2.70688e-05
-1.77406e-05
2.58654e-05
-2.79377e-05
1.31355e-05
-3.27439e-05
5.47233e-06
-3.41987e-05
1.41075e-06
-3.35015e-05
-1.32686e-06
-3.09387e-05
-4.00323e-06
-2.71249e-05
-6.24584e-06
-2.20414e-05
-9.31264e-06
-1.54544e-05
-1.32984e-05
-7.05864e-06
-1.79726e-05
2.55338e-06
-2.12058e-05
9.24245e-06
-1.57237e-05
1.03072e-05
-8.13865e-06
7.90054e-06
-4.18819e-06
5.7083e-06
-3.63739e-06
8.25731e-06
-6.55254e-06
9.3169e-06
-3.38733e-06
1.46784e-05
-6.20068e-06
2.22062e-05
-3.28787e-06
2.63442e-05
4.09762e-06
2.64262e-05
1.35115e-05
2.43786e-05
1.80521e-05
1.02908e-05
3.26457e-05
-1.52939e-05
4.11593e-05
-2.95207e-05
2.73623e-05
-3.73248e-05
1.32764e-05
-3.56897e-05
-2.24401e-07
-3.27361e-05
-4.28046e-06
-2.87499e-05
-7.98938e-06
-2.46403e-05
-1.03555e-05
-1.95894e-05
-1.43635e-05
-1.34808e-05
-1.9407e-05
-6.6194e-06
-2.4834e-05
-7.03014e-07
-2.71222e-05
5.72291e-06
-2.21496e-05
1.08156e-05
-1.32314e-05
1.24002e-05
-5.77279e-06
1.24179e-05
-3.65506e-06
1.26535e-05
-6.78821e-06
1.49674e-05
-5.70121e-06
1.5061e-05
-6.29429e-06
1.73811e-05
-5.608e-06
2.21565e-05
-6.77802e-07
3.07861e-05
4.88178e-06
3.77127e-05
1.11254e-05
1.06008e-05
3.74027e-05
4.5637e-06
3.65957e-05
-6.52039e-07
3.2578e-05
-1.21467e-05
2.4771e-05
-2.16014e-05
9.23029e-06
-2.12201e-05
-4.66171e-06
-1.53246e-05
-1.38849e-05
-1.07017e-05
-1.49784e-05
-5.39946e-06
-1.96657e-05
1.16675e-06
-2.59732e-05
6.74045e-06
-3.04077e-05
1.01468e-05
-3.05285e-05
1.36248e-05
-2.56276e-05
1.88815e-05
-1.84881e-05
2.53397e-05
-1.2231e-05
3.09446e-05
-9.25997e-06
3.12945e-05
-7.13809e-06
2.95193e-05
-3.9261e-06
2.58222e-05
-2.59717e-06
2.28368e-05
-2.62266e-06
2.29008e-05
-7.41848e-07
2.72069e-05
5.75682e-07
3.4417e-05
3.9152e-06
5.21632e-06
3.98014e-05
3.99207e-05
-3.32497e-06
4.30321e-05
2.94666e-05
3.46318e-05
3.31714e-05
2.1776e-05
2.2086e-05
1.13875e-05
5.72688e-06
6.5534e-06
-9.05077e-06
9.67488e-06
-1.80999e-05
1.62246e-05
-2.62154e-05
2.30432e-05
-3.27919e-05
2.8036e-05
-3.54005e-05
3.16247e-05
-3.41172e-05
3.51474e-05
-2.91503e-05
3.977e-05
-2.31108e-05
4.56783e-05
-1.81394e-05
5.08302e-05
-1.44119e-05
5.46976e-05
-1.10056e-05
5.74029e-05
-6.63137e-06
5.74131e-05
-2.60745e-06
5.50271e-05
-2.36699e-07
5.24623e-05
1.82286e-06
5.09128e-05
2.12507e-06
5.23259e-05
2.50212e-06
3.49334e-06
5.40488e-05
5.18077e-05
-5.51326e-05
6.65074e-05
1.4767e-05
6.2513e-05
3.71659e-05
5.35876e-05
3.10115e-05
4.30486e-05
1.62659e-05
3.32497e-05
7.48137e-07
3.324e-05
-1.80901e-05
3.93726e-05
-3.23481e-05
4.66451e-05
-4.00644e-05
5.32335e-05
-4.19889e-05
5.9012e-05
-3.98957e-05
6.50684e-05
-3.52068e-05
7.14147e-05
-2.94571e-05
7.67881e-05
-2.35129e-05
7.99258e-05
-1.75498e-05
8.09429e-05
-1.20227e-05
8.13722e-05
-7.06072e-06
8.16535e-05
-2.88882e-06
8.10325e-05
3.84312e-07
7.98585e-05
2.99682e-06
7.72385e-05
4.74497e-06
7.49318e-05
4.80867e-06
5.01561e-06
7.34095e-05
3.15765e-05
-8.6709e-05
4.70752e-05
-7.31648e-07
5.45288e-05
2.97124e-05
4.91012e-05
3.64392e-05
4.17415e-05
2.36256e-05
3.88056e-05
3.68411e-06
4.10538e-05
-2.03384e-05
4.8999e-05
-4.02932e-05
5.79719e-05
-4.90374e-05
6.60459e-05
-5.00631e-05
7.3357e-05
-4.7207e-05
8.0512e-05
-4.2362e-05
8.73728e-05
-3.63181e-05
9.35156e-05
-2.96559e-05
9.85899e-05
-2.26242e-05
0.000102138
-1.55706e-05
0.000103887
-8.81021e-06
0.000104252
-3.2539e-06
0.000103649
9.87909e-07
0.000102711
3.93423e-06
0.000101055
6.40069e-06
9.78977e-05
7.96639e-06
8.2309e-06
9.46823e-05
1.07788e-05
-9.74878e-05
1.49084e-05
-4.86112e-06
2.5565e-05
1.90559e-05
3.27337e-05
2.92705e-05
3.71786e-05
1.91807e-05
3.93905e-05
1.47217e-06
4.51696e-05
-2.61176e-05
5.60488e-05
-5.11725e-05
6.56337e-05
-5.86225e-05
7.33582e-05
-5.77878e-05
8.00522e-05
-5.39013e-05
8.66967e-05
-4.90069e-05
9.36184e-05
-4.32401e-05
0.000100284
-3.63223e-05
0.000105631
-2.79708e-05
0.000109297
-1.92375e-05
0.000111634
-1.11466e-05
0.000112679
-4.29909e-06
0.000112671
9.95943e-07
0.000111618
4.98666e-06
0.000109997
8.02189e-06
0.000108082
9.88161e-06
9.86674e-06
0.000106446
-3.33036e-06
-9.41574e-05
2.7749e-06
-1.09663e-05
1.33263e-05
8.5045e-06
2.95112e-05
1.30857e-05
4.13291e-05
7.36279e-06
5.02369e-05
-7.43569e-06
6.27051e-05
-3.8586e-05
7.28811e-05
-6.13487e-05
7.96609e-05
-6.54026e-05
8.4742e-05
-6.28692e-05
8.88756e-05
-5.80353e-05
9.32599e-05
-5.33917e-05
9.90633e-05
-4.9044e-05
0.000105428
-4.2687e-05
0.000110342
-3.28856e-05
0.000112975
-2.18707e-05
0.000113908
-1.20801e-05
0.000113821
-4.21223e-06
0.000113209
1.60869e-06
0.000111637
6.55832e-06
0.000109034
1.06248e-05
0.000106131
1.27846e-05
1.20494e-05
0.000103949
-1.73721e-05
-7.67853e-05
6.37537e-06
-3.47138e-05
2.85611e-05
-1.36812e-05
4.71524e-05
-5.50554e-06
6.2922e-05
-8.40677e-06
8.13067e-05
-2.58204e-05
9.23217e-05
-4.96011e-05
9.5006e-05
-6.40331e-05
9.76259e-05
-6.80227e-05
9.97573e-05
-6.50008e-05
0.000101443
-5.97218e-05
0.000103729
-5.56778e-05
0.000107819
-5.31336e-05
0.000113329
-4.8197e-05
0.000116805
-3.63617e-05
0.000117335
-2.24009e-05
0.000115346
-1.00916e-05
0.000111907
-7.72822e-07
0.000109278
4.23729e-06
0.000106244
9.59229e-06
0.000102811
1.40583e-05
0.000100593
1.50027e-05
1.10881e-05
0.000101555
-1.87656e-05
-5.80196e-05
-1.2757e-06
-5.22036e-05
2.1176e-05
-3.61328e-05
4.67139e-05
-3.10434e-05
7.07783e-05
-3.24711e-05
8.9114e-05
-4.41561e-05
9.92513e-05
-5.97385e-05
0.00010406
-6.88417e-05
0.000107815
-7.17774e-05
0.000110492
-6.76778e-05
0.000112359
-6.15896e-05
0.00011459
-5.79081e-05
0.000118074
-5.66177e-05
0.000124639
-5.47618e-05
0.000128884
-4.0607e-05
0.000133053
-2.65696e-05
0.000137983
-1.50219e-05
0.000141352
-4.14096e-06
0.000143069
2.51955e-06
0.000143946
8.7162e-06
0.000143811
1.41938e-05
0.000142091
1.67242e-05
1.10245e-05
0.000142158
-1.92612e-05
-3.87583e-05
7.34173e-07
-7.21987e-05
2.03274e-05
-5.57258e-05
4.27275e-05
-5.34433e-05
6.37607e-05
-5.35042e-05
8.24282e-05
-6.28235e-05
9.82273e-05
-7.55374e-05
0.000109089
-7.9703e-05
0.000115502
-7.81911e-05
0.000122122
-7.42976e-05
0.000129743
-6.921e-05
0.000136296
-6.44619e-05
0.000140389
-6.07111e-05
0.000143852
-5.82248e-05
0.000148052
-4.48072e-05
0.000160025
-3.85424e-05
0.000177793
-3.27892e-05
0.0001945
-2.08482e-05
0.000209252
-1.22323e-05
0.000220696
-2.72628e-06
0.000209264
2.56272e-05
0.000174277
5.17174e-05
5.00353e-05
0.000135271
1.76433e-05
-5.64005e-05
1.77804e-05
-7.2335e-05
3.12048e-05
-6.91499e-05
4.68551e-05
-6.90935e-05
6.64725e-05
-7.31219e-05
8.5037e-05
-8.13883e-05
9.77763e-05
-8.8277e-05
0.000109323
-9.12506e-05
0.000122509
-9.13772e-05
0.000133194
-8.49817e-05
0.00013957
-7.55854e-05
0.00014939
-7.42823e-05
0.000159512
-7.08325e-05
0.000166643
-6.53565e-05
0.000177021
-5.51867e-05
0.000179873
-4.13954e-05
0.000177768
-3.06849e-05
0.000178376
-2.14562e-05
0.000177831
-1.16873e-05
0.000159203
1.59025e-05
0.000122397
6.24351e-05
8.2503e-05
9.16115e-05
8.49072e-05
4.76332e-05
2.99574e-05
-8.63577e-05
4.23001e-05
-8.46777e-05
5.72655e-05
-8.41157e-05
7.39172e-05
-8.57467e-05
9.03752e-05
-8.9581e-05
0.000102629
-9.36439e-05
0.000109964
-9.56129e-05
0.000113359
-9.46453e-05
0.000113047
-9.10651e-05
0.000111929
-8.38634e-05
0.000110023
-7.3679e-05
0.000104295
-6.85532e-05
9.63765e-05
-6.29127e-05
8.58138e-05
-5.47931e-05
7.49953e-05
-4.43678e-05
6.4233e-05
-3.06333e-05
4.98018e-05
-1.62544e-05
3.16143e-05
-3.26835e-06
7.46578e-06
1.24609e-05
-1.26061e-05
3.59736e-05
-9.82979e-06
5.9658e-05
-8.30873e-06
9.00901e-05
9.25472e-05
-1.59515e-05
1.40687e-05
-0.000100428
2.53387e-05
-9.59492e-05
3.82791e-05
-9.70579e-05
5.3125e-05
-0.000100594
6.65462e-05
-0.000103004
7.64403e-05
-0.000103539
8.05983e-05
-9.9772e-05
7.96228e-05
-9.36701e-05
7.50315e-05
-8.64737e-05
6.77091e-05
-7.65403e-05
5.5214e-05
-6.11829e-05
3.65536e-05
-4.98914e-05
1.45005e-05
-4.08587e-05
-6.0749e-06
-3.42166e-05
-2.39364e-05
-2.6505e-05
-3.76786e-05
-1.68898e-05
-5.00249e-05
-3.90738e-06
-5.95961e-05
6.30271e-06
-6.8699e-05
2.15632e-05
-7.18547e-05
3.91281e-05
-6.76927e-05
5.54942e-05
-5.04429e-05
7.28371e-05
8.28427e-05
-4.07423e-05
1.75134e-06
-0.000102181
5.01815e-06
-9.92182e-05
1.46237e-05
-0.000106665
3.05657e-05
-0.000116538
4.41384e-05
-0.000116579
5.25816e-05
-0.000111984
5.20885e-05
-9.92801e-05
4.47148e-05
-8.62975e-05
3.22372e-05
-7.39965e-05
1.53628e-05
-5.96661e-05
-2.70513e-06
-4.31147e-05
-2.03397e-05
-3.22566e-05
-3.3659e-05
-2.7539e-05
-4.47139e-05
-2.3161e-05
-5.45432e-05
-1.66748e-05
-6.3342e-05
-8.09047e-06
-7.11729e-05
3.9238e-06
-8.00773e-05
1.52068e-05
-8.42603e-05
2.57454e-05
-8.12103e-05
3.6077e-05
-7.27422e-05
4.70244e-05
-5.93549e-05
5.94479e-05
6.87367e-05
-4.52524e-05
-8.79741e-06
-9.33882e-05
-1.37472e-05
-9.42718e-05
-7.92173e-06
-0.000112493
1.56312e-05
-0.000140092
4.00643e-05
-0.000141012
4.59115e-05
-0.000117832
4.07469e-05
-9.4117e-05
2.75464e-05
-7.30981e-05
1.0951e-05
-5.74023e-05
-5.05887e-06
-4.3657e-05
-1.68628e-05
-3.13114e-05
-2.70283e-05
-2.20917e-05
-3.8362e-05
-1.62059e-05
-4.92502e-05
-1.22731e-05
-5.88903e-05
-7.03471e-06
-6.73356e-05
3.54804e-07
-7.31896e-05
9.77764e-06
-7.70144e-05
1.90311e-05
-7.76739e-05
2.64045e-05
-7.41178e-05
3.25204e-05
-6.67897e-05
3.96953e-05
-5.56649e-05
4.83215e-05
5.48675e-05
-4.17988e-05
-1.7614e-05
-7.57763e-05
-2.95713e-05
-8.23158e-05
-2.85334e-05
-0.00011353
1.18173e-05
-0.000180441
5.37185e-05
-0.000182912
6.45403e-05
-0.000128653
5.35637e-05
-8.31401e-05
3.56889e-05
-5.52237e-05
1.67689e-05
-3.84832e-05
4.21597e-07
-2.73108e-05
-1.24598e-05
-1.84312e-05
-2.28972e-05
-1.16555e-05
-3.23634e-05
-6.7408e-06
-4.14215e-05
-3.21593e-06
-4.96476e-05
1.19067e-06
-5.65192e-05
7.22581e-06
-6.09571e-05
1.4215e-05
-6.28394e-05
2.0913e-05
-6.24176e-05
2.59822e-05
-5.96324e-05
2.9735e-05
-5.42139e-05
3.42761e-05
-4.57551e-05
3.98619e-05
4.39986e-05
-3.48888e-05
-2.31274e-05
-5.26512e-05
-3.75864e-05
-6.78563e-05
-2.7099e-05
-0.000124015
1.77772e-05
-0.000225315
7.01581e-05
-0.000235291
9.74552e-05
-0.000155948
8.12901e-05
-6.6973e-05
5.62756e-05
-3.02088e-05
3.22354e-05
-1.44435e-05
1.2997e-05
-8.07348e-06
-1.2307e-06
-4.20485e-06
-1.20217e-05
-8.65963e-07
-2.0805e-05
2.0411e-06
-2.91016e-05
5.07941e-06
-3.64666e-05
8.55471e-06
-4.21065e-05
1.28648e-05
-4.54623e-05
1.75701e-05
-4.65405e-05
2.19907e-05
-4.58846e-05
2.5326e-05
-4.39639e-05
2.78143e-05
-4.04476e-05
3.07597e-05
-3.48208e-05
3.42345e-05
3.67268e-05
-2.7551e-05
-2.07882e-05
-3.18612e-05
-3.4458e-05
-5.4184e-05
4.91193e-06
-0.000163383
4.14499e-05
-0.000261852
6.88072e-05
-0.000262647
0.000113113
-0.000200252
0.000106384
-6.02413e-05
7.57088e-05
4.67836e-07
4.73368e-05
1.39285e-05
2.48547e-05
1.44078e-05
9.19443e-06
1.14542e-05
-2.36727e-06
1.06943e-05
-1.16883e-05
1.13608e-05
-1.94243e-05
1.28142e-05
-2.57419e-05
1.48712e-05
-3.03412e-05
1.74633e-05
-3.30112e-05
2.02394e-05
-3.3912e-05
2.2891e-05
-3.35828e-05
2.49964e-05
-3.24555e-05
2.66871e-05
-3.02824e-05
2.85865e-05
-2.67398e-05
3.06917e-05
3.21965e-05
-2.22114e-05
-1.12942e-05
-2.05653e-05
1.91408e-06
-6.73907e-05
4.88897e-05
-0.000210358
4.59031e-05
-0.000258866
4.51647e-05
-0.000261909
7.99517e-05
-0.000235038
0.00010735
-8.76377e-05
8.24301e-05
2.53885e-05
5.19695e-05
4.43893e-05
2.8706e-05
3.76708e-05
1.23135e-05
2.78457e-05
4.54635e-07
2.2552e-05
-8.51615e-06
2.03304e-05
-1.52888e-05
1.95858e-05
-2.03532e-05
1.99346e-05
-2.38606e-05
2.09698e-05
-2.59093e-05
2.22875e-05
-2.66996e-05
2.36807e-05
-2.66176e-05
2.4914e-05
-2.59292e-05
2.59988e-05
-2.45145e-05
2.71718e-05
-2.2232e-05
2.84089e-05
2.93388e-05
-1.93761e-05
4.11593e-07
-2.09718e-05
3.69831e-05
-0.000103958
4.9318e-05
-0.000222693
4.41161e-05
-0.000253664
4.22882e-05
-0.000260081
3.90605e-05
-0.00023181
7.98739e-05
-0.000128451
6.45514e-05
4.0711e-05
3.99066e-05
6.9034e-05
2.1208e-05
5.63689e-05
7.18207e-06
4.18709e-05
-3.1778e-06
3.2911e-05
-1.0591e-05
2.77426e-05
-1.59122e-05
2.4906e-05
-1.96433e-05
2.36649e-05
-2.20749e-05
2.34008e-05
-2.34353e-05
2.36473e-05
-2.39191e-05
2.4164e-05
-2.37619e-05
2.47565e-05
-2.31292e-05
2.53662e-05
-2.20028e-05
2.60453e-05
-2.03558e-05
2.67618e-05
2.7359e-05
-1.83777e-05
2.18849e-05
-4.285e-05
5.59661e-05
-0.000138035
5.04742e-05
-0.0002172
4.41959e-05
-0.000247385
4.0801e-05
-0.000256685
3.45225e-05
-0.000225531
4.29337e-05
-0.000136862
3.20342e-05
5.16098e-05
1.7892e-05
8.31758e-05
6.04015e-06
6.82204e-05
-3.70019e-06
5.16107e-05
-1.06324e-05
3.98425e-05
-1.57025e-05
3.2812e-05
-1.92873e-05
2.84901e-05
-2.16631e-05
2.60401e-05
-2.30575e-05
2.47946e-05
-2.36802e-05
2.42694e-05
-2.36933e-05
2.41767e-05
-2.32514e-05
2.43142e-05
-2.24655e-05
2.45805e-05
-2.13651e-05
2.49449e-05
-1.99754e-05
2.53717e-05
2.58018e-05
-1.84195e-05
4.60174e-05
-8.88612e-05
7.17855e-05
-0.000163801
5.81047e-05
-0.000203519
4.80742e-05
-0.000237354
4.18996e-05
-0.000250511
3.42313e-05
-0.000217863
6.53097e-06
-0.000109163
-4.73019e-06
6.28705e-05
-8.76697e-06
8.72122e-05
-1.24647e-05
7.19178e-05
-1.60666e-05
5.52122e-05
-1.93997e-05
4.31751e-05
-2.19335e-05
3.53453e-05
-2.3688e-05
3.02441e-05
-2.47159e-05
2.70675e-05
-2.51167e-05
2.51949e-05
-2.50155e-05
2.41678e-05
-2.45219e-05
2.36828e-05
-2.37377e-05
2.35299e-05
-2.274e-05
2.35829e-05
-2.15694e-05
2.37743e-05
-2.02627e-05
2.40649e-05
2.44267e-05
-1.88889e-05
5.98501e-05
-0.000148709
8.30264e-05
-0.000186976
8.20127e-05
-0.000202504
7.07947e-05
-0.000226136
5.00012e-05
-0.000229718
1.82742e-05
-0.000186137
-2.89498e-05
-6.1939e-05
-3.67407e-05
7.0661e-05
-3.24921e-05
8.29634e-05
-2.95745e-05
6.9e-05
-2.83372e-05
5.39745e-05
-2.81473e-05
4.29849e-05
-2.81914e-05
3.53891e-05
-2.81437e-05
3.0196e-05
-2.78654e-05
2.67889e-05
-2.73241e-05
2.46532e-05
-2.65472e-05
2.33906e-05
-2.55807e-05
2.2716e-05
-2.44767e-05
2.24256e-05
-2.32789e-05
2.23852e-05
-2.20175e-05
2.25129e-05
-2.07187e-05
2.27658e-05
2.31241e-05
-1.94172e-05
4.82569e-05
-0.000196965
6.6833e-05
-0.000205551
7.32358e-05
-0.000208906
6.32426e-05
-0.000216143
3.48402e-05
-0.000201316
-1.42091e-05
-0.000137088
-6.20001e-05
-1.41483e-05
-6.03694e-05
6.90302e-05
-5.11491e-05
7.37428e-05
-4.39317e-05
6.17823e-05
-3.91563e-05
4.91989e-05
-3.61023e-05
3.99306e-05
-3.39403e-05
3.32268e-05
-3.2242e-05
2.84974e-05
-3.07491e-05
2.52957e-05
-2.93307e-05
2.32345e-05
-2.79317e-05
2.19913e-05
-2.65356e-05
2.13197e-05
-2.51449e-05
2.10347e-05
-2.37679e-05
2.10084e-05
-2.24137e-05
2.11586e-05
-2.10913e-05
2.14433e-05
2.18396e-05
-1.98081e-05
3.18289e-05
-0.000228793
4.71787e-05
-0.000220901
4.95904e-05
-0.000211318
3.28899e-05
-0.000199442
-6.61835e-06
-0.000161807
-6.00029e-05
-8.37033e-05
-8.78784e-05
1.3727e-05
-7.74816e-05
5.86332e-05
-6.51027e-05
6.13638e-05
-5.51739e-05
5.18534e-05
-4.80079e-05
4.20327e-05
-4.28229e-05
3.47453e-05
-3.89038e-05
2.93075e-05
-3.58075e-05
2.5401e-05
-3.32439e-05
2.27319e-05
-3.1035e-05
2.10253e-05
-2.90675e-05
2.00236e-05
-2.72774e-05
1.95295e-05
-2.56235e-05
1.93806e-05
-2.40814e-05
1.94664e-05
-2.26356e-05
1.97128e-05
-2.12751e-05
2.00826e-05
2.05541e-05
-1.99905e-05
1.4913e-05
-0.000243705
1.952e-05
-0.000225507
1.34172e-05
-0.000205214
-1.24492e-05
-0.000173576
-5.44583e-05
-0.000119798
-9.31052e-05
-4.50565e-05
-9.96192e-05
2.02409e-05
-8.8119e-05
4.71329e-05
-7.46102e-05
4.78548e-05
-6.33042e-05
4.05472e-05
-5.47129e-05
3.34413e-05
-4.80988e-05
2.81311e-05
-4.28917e-05
2.41002e-05
-3.87012e-05
2.12102e-05
-3.52576e-05
1.92881e-05
-3.23678e-05
1.81354e-05
-2.99005e-05
1.75562e-05
-2.77557e-05
1.73845e-05
-2.58638e-05
1.74887e-05
-2.41713e-05
1.77738e-05
-2.264e-05
1.81815e-05
-2.12408e-05
1.86833e-05
1.92588e-05
-1.99464e-05
-7.84006e-07
-0.000242921
-8.06826e-06
-0.000218222
-2.64033e-05
-0.000186879
-5.74841e-05
-0.000142495
-9.15071e-05
-8.57752e-05
-0.000110467
-2.60971e-05
-0.000107123
1.6897e-05
-9.41167e-05
3.41266e-05
-8.02177e-05
3.39557e-05
-6.85045e-05
2.88339e-05
-5.9262e-05
2.41987e-05
-5.18243e-05
2.06933e-05
-4.57679e-05
1.80437e-05
-4.07907e-05
1.6233e-05
-3.66718e-05
1.51691e-05
-3.32403e-05
1.47039e-05
-3.03607e-05
1.46764e-05
-2.79206e-05
1.49443e-05
-2.58284e-05
1.53963e-05
-2.40113e-05
1.59569e-05
-2.2412e-05
1.65822e-05
-2.09843e-05
1.72553e-05
1.79635e-05
-1.96898e-05
-1.44197e-05
-0.000228501
-3.34765e-05
-0.000199166
-5.97234e-05
-0.000160632
-8.87435e-05
-0.000113475
-0.000110884
-6.36349e-05
-0.000117424
-1.95568e-05
-0.000109594
9.06664e-06
-9.60412e-05
2.05737e-05
-8.25076e-05
2.0422e-05
-7.10858e-05
1.7412e-05
-6.17588e-05
1.48716e-05
-5.39749e-05
1.29093e-05
-4.74404e-05
1.15091e-05
-4.19559e-05
1.07483e-05
-3.73687e-05
1.05819e-05
-3.35469e-05
1.08819e-05
-3.03669e-05
1.14963e-05
-2.77117e-05
1.2289e-05
-2.54782e-05
1.31628e-05
-2.35788e-05
1.40575e-05
-2.1942e-05
1.49453e-05
-2.05087e-05
1.5822e-05
1.66836e-05
-1.92296e-05
-2.49237e-05
-0.000203578
-5.13006e-05
-0.000172789
-7.83925e-05
-0.00013354
-0.000101205
-9.06619e-05
-0.000114293
-5.05476e-05
-0.000114906
-1.89435e-05
-0.000106415
5.75963e-07
-9.40045e-05
8.16275e-06
-8.1806e-05
8.22351e-06
-7.12845e-05
6.89044e-06
-6.23148e-05
5.90186e-06
-5.45517e-05
5.14608e-06
-4.78425e-05
4.79996e-06
-4.20991e-05
5.00485e-06
-3.72441e-05
5.72688e-06
-3.31934e-05
6.83131e-06
-2.98425e-05
8.14527e-06
-2.70734e-05
9.51991e-06
-2.47753e-05
1.08647e-05
-2.28513e-05
1.21336e-05
-2.12199e-05
1.3314e-05
-1.98138e-05
1.44157e-05
1.54457e-05
-1.85763e-05
-3.04227e-05
-0.000173155
-5.86389e-05
-0.000144572
-8.2673e-05
-0.000109506
-9.94374e-05
-7.38975e-05
-0.000107248
-4.27371e-05
-0.000106302
-1.98898e-05
-9.90002e-05
-6.72567e-06
-8.87554e-05
-2.08208e-06
-7.8514e-05
-2.01791e-06
-6.93145e-05
-2.30899e-06
-6.10149e-05
-2.39781e-06
-5.35498e-05
-2.31901e-06
-4.69166e-05
-1.83324e-06
-4.11407e-05
-7.70962e-07
-3.62139e-05
8.00052e-07
-3.2117e-05
2.73437e-06
-2.87373e-05
4.76557e-06
-2.5968e-05
6.75061e-06
-2.36947e-05
8.59146e-06
-2.1814e-05
1.02531e-05
-2.02394e-05
1.17394e-05
-1.88986e-05
1.3075e-05
1.42786e-05
-1.77319e-05
-3.14075e-05
-0.000141747
-5.82213e-05
-0.000117759
-7.8636e-05
-8.90916e-05
-9.13635e-05
-6.117e-05
-9.64417e-05
-3.76588e-05
-9.50771e-05
-2.12544e-05
-8.91942e-05
-1.26086e-05
-8.11685e-05
-1.01077e-05
-7.30425e-05
-1.01439e-05
-6.518e-05
-1.01715e-05
-5.77563e-05
-9.82147e-06
-5.08516e-05
-9.22362e-06
-4.45358e-05
-8.14897e-06
-3.89608e-05
-6.34598e-06
-3.42304e-05
-3.93025e-06
-3.02852e-05
-1.21083e-06
-2.703e-05
1.51033e-06
-2.43858e-05
4.1065e-06
-2.22333e-05
6.43895e-06
-2.04681e-05
8.48801e-06
-1.90039e-05
1.02753e-05
-1.77694e-05
1.18404e-05
1.32147e-05
-1.67056e-05
-2.93408e-05
-0.000112406
-5.32526e-05
-9.38466e-05
-7.0408e-05
-7.19362e-05
-8.04296e-05
-5.11483e-05
-8.40575e-05
-3.4031e-05
-8.27157e-05
-2.25961e-05
-7.81126e-05
-1.72116e-05
-7.20326e-05
-1.61876e-05
-6.5607e-05
-1.65695e-05
-5.90945e-05
-1.6684e-05
-5.26092e-05
-1.63066e-05
-4.63401e-05
-1.54927e-05
-4.06187e-05
-1.38703e-05
-3.5578e-05
-1.13866e-05
-3.12679e-05
-8.24028e-06
-2.76717e-05
-4.80695e-06
-2.47504e-05
-1.41095e-06
-2.23592e-05
1.71527e-06
-2.04189e-05
4.49876e-06
-1.88356e-05
6.90481e-06
-1.75312e-05
8.97088e-06
-1.64396e-05
1.07489e-05
1.22804e-05
-1.55057e-05
-2.56011e-05
-8.68052e-05
-4.60062e-05
-7.34414e-05
-6.032e-05
-5.76223e-05
-6.85261e-05
-4.29421e-05
-7.13737e-05
-3.11833e-05
-7.02089e-05
-2.37609e-05
-6.66046e-05
-2.08158e-05
-6.18954e-05
-2.08967e-05
-5.6732e-05
-2.17328e-05
-5.12454e-05
-2.21705e-05
-4.56286e-05
-2.19234e-05
-4.02623e-05
-2.0859e-05
-3.54005e-05
-1.8732e-05
-3.11666e-05
-1.56205e-05
-2.75469e-05
-1.18599e-05
-2.45067e-05
-7.8471e-06
-2.20041e-05
-3.91357e-06
-1.99735e-05
-3.15242e-07
-1.83133e-05
2.83859e-06
-1.69626e-05
5.55421e-06
-1.58547e-05
7.86302e-06
-1.49335e-05
9.82742e-06
1.14977e-05
-1.4151e-05
-2.12524e-05
-6.55525e-05
-3.80827e-05
-5.66109e-05
-4.98265e-05
-4.58783e-05
-5.65618e-05
-3.62067e-05
-5.88866e-05
-2.88584e-05
-5.79108e-05
-2.47367e-05
-5.4959e-05
-2.37676e-05
-5.11053e-05
-2.47503e-05
-4.67761e-05
-2.60619e-05
-4.21863e-05
-2.67602e-05
-3.75982e-05
-2.65114e-05
-3.33517e-05
-2.51054e-05
-2.95935e-05
-2.24901e-05
-2.63021e-05
-1.89119e-05
-2.34537e-05
-1.47082e-05
-2.10341e-05
-1.02666e-05
-1.90041e-05
-5.94355e-06
-1.73584e-05
-1.96085e-06
-1.60104e-05
1.49063e-06
-1.49146e-05
4.45847e-06
-1.40208e-05
6.96914e-06
-1.3283e-05
9.08973e-06
1.08769e-05
-1.26623e-05
-1.68216e-05
-4.87308e-05
-3.02e-05
-4.32322e-05
-3.94945e-05
-3.65838e-05
-4.47847e-05
-3.09163e-05
-4.6568e-05
-2.7075e-05
-4.57225e-05
-2.55821e-05
-4.32559e-05
-2.62341e-05
-3.99684e-05
-2.80377e-05
-3.63496e-05
-2.96807e-05
-3.26809e-05
-3.04288e-05
-2.92493e-05
-2.99428e-05
-2.62369e-05
-2.81178e-05
-2.36034e-05
-2.51235e-05
-2.12854e-05
-2.12298e-05
-1.92517e-05
-1.67419e-05
-1.74817e-05
-1.20366e-05
-1.59621e-05
-7.46312e-06
-1.46745e-05
-3.24843e-06
-1.36243e-05
4.40444e-07
-1.27726e-05
3.60673e-06
-1.2086e-05
6.28254e-06
-1.153e-05
8.53354e-06
1.04157e-05
-1.1069e-05
-1.25177e-05
-3.62128e-05
-2.26221e-05
-3.31277e-05
-2.95678e-05
-2.96379e-05
-3.34066e-05
-2.70774e-05
-3.45658e-05
-2.59157e-05
-3.37805e-05
-2.63673e-05
-3.17185e-05
-2.8296e-05
-2.89312e-05
-3.08249e-05
-2.60398e-05
-3.2572e-05
-2.33698e-05
-3.30988e-05
-2.11369e-05
-3.21757e-05
-1.93264e-05
-2.99283e-05
-1.77902e-05
-2.66596e-05
-1.64455e-05
-2.25745e-05
-1.52225e-05
-1.79648e-05
-1.40793e-05
-1.31798e-05
-1.30215e-05
-8.52087e-06
-1.20659e-05
-4.20401e-06
-1.12683e-05
-3.57113e-07
-1.0616e-05
2.95439e-06
-1.01071e-05
5.77349e-06
-9.71234e-06
8.13886e-06
1.0101e-05
-9.39788e-06
-8.50361e-06
-2.77089e-05
-1.55381e-05
-2.60929e-05
-2.0261e-05
-2.49149e-05
-2.27087e-05
-2.46296e-05
-2.32625e-05
-2.53619e-05
-2.2609e-05
-2.70207e-05
-2.10098e-05
-2.98951e-05
-1.86931e-05
-3.31416e-05
-1.65276e-05
-3.47374e-05
-1.48499e-05
-3.47765e-05
-1.37246e-05
-3.33009e-05
-1.29827e-05
-3.06701e-05
-1.24632e-05
-2.7179e-05
-1.20224e-05
-2.30153e-05
-1.1546e-05
-1.84412e-05
-1.09749e-05
-1.37509e-05
-1.03185e-05
-9.17718e-06
-9.63952e-06
-4.88301e-06
-9.02042e-06
-9.76215e-07
-8.51442e-06
2.4484e-06
-8.1373e-06
5.39635e-06
-7.87069e-06
7.87205e-06
9.90831e-06
-7.67807e-06
-5.1305e-06
-2.25783e-05
-9.40784e-06
-2.18155e-05
-1.20612e-05
-2.22614e-05
-1.32004e-05
-2.34904e-05
-1.31915e-05
-2.53707e-05
-1.28872e-05
-2.7325e-05
-1.19242e-05
-3.08581e-05
-1.00474e-05
-3.50183e-05
-8.56543e-06
-3.62194e-05
-7.74985e-06
-3.5592e-05
-7.49797e-06
-3.35527e-05
-7.60722e-06
-3.05608e-05
-7.90835e-06
-2.68779e-05
-8.20772e-06
-2.27159e-05
-8.34039e-06
-1.83085e-05
-8.23813e-06
-1.38531e-05
-7.90735e-06
-9.50794e-06
-7.43296e-06
-5.35739e-06
-6.94118e-06
-1.46797e-06
-6.51986e-06
2.02705e-06
-6.22298e-06
5.0994e-06
-6.04406e-06
7.69321e-06
9.80194e-06
-5.93781e-06
-2.77515e-06
-1.9803e-05
-4.78406e-06
-1.98065e-05
-5.58787e-06
-2.14575e-05
-5.50223e-06
-2.3576e-05
-4.89609e-06
-2.59768e-05
-5.13022e-06
-2.70908e-05
-5.00773e-06
-3.09806e-05
-3.74279e-06
-3.62832e-05
-2.96255e-06
-3.69996e-05
-2.81835e-06
-3.57362e-05
-3.10309e-06
-3.3268e-05
-3.68052e-06
-2.99834e-05
-4.4201e-06
-2.61383e-05
-5.1312e-06
-2.20048e-05
-5.62909e-06
-1.78106e-05
-5.81054e-06
-1.36717e-05
-5.70451e-06
-9.61397e-06
-5.3989e-06
-5.663e-06
-5.00891e-06
-1.85799e-06
-4.65265e-06
1.67077e-06
-4.40107e-06
4.8478e-06
-4.2681e-06
7.56006e-06
9.74239e-06
-4.20858e-06
-1.3831e-06
-1.84199e-05
-1.87457e-06
-1.9315e-05
-1.45107e-06
-2.1881e-05
-5.5646e-07
-2.44706e-05
3.96341e-07
-2.69296e-05
-2.52536e-08
-2.66692e-05
-4.85179e-07
-3.05207e-05
-2.00654e-07
-3.65677e-05
-2.2817e-07
-3.69721e-05
-5.67931e-07
-3.53965e-05
-1.02294e-06
-3.2813e-05
-1.59966e-06
-2.94067e-05
-2.2561e-06
-2.54819e-05
-2.88459e-06
-2.13763e-05
-3.34909e-06
-1.73462e-05
-3.57552e-06
-1.34453e-05
-3.57207e-06
-9.61746e-06
-3.39885e-06
-5.83626e-06
-3.13448e-06
-2.1224e-06
-2.87602e-06
1.41225e-06
-2.67988e-06
4.65156e-06
-2.57331e-06
7.45348e-06
9.68979e-06
-2.52078e-06
-5.36557e-07
-3.94666e-07
9.43321e-08
7.99572e-07
1.41244e-06
1.62278e-06
1.37097e-06
7.05463e-07
1.21825e-07
-3.28982e-07
-6.76094e-07
-9.61906e-07
-1.1989e-06
-1.38079e-06
-1.49149e-06
-1.51022e-06
-1.43534e-06
-1.29604e-06
-1.17131e-06
-1.10506e-06
-1.0454e-06
-9.94738e-07
-9.40692e-07
2.94802e-05
3.16557e-06
2.71943e-05
2.28577e-06
2.6377e-05
8.17363e-07
4.67871e-08
2.63302e-05
3.73065e-05
3.26169e-06
3.79344e-05
1.6579e-06
3.80201e-05
7.31656e-07
1.04626e-06
3.70206e-05
4.14063e-05
1.65683e-06
4.25119e-05
5.52165e-07
4.29118e-05
3.31863e-07
1.73434e-06
4.22237e-05
5.44168e-05
1.2888e-06
5.40457e-05
9.23273e-07
5.29672e-05
1.41032e-06
3.05682e-06
5.16447e-05
7.23951e-05
2.30322e-06
7.11366e-05
2.18174e-06
7.02099e-05
2.33711e-06
2.81907e-06
7.04476e-05
9.3256e-05
3.72955e-06
9.20879e-05
3.34993e-06
9.15676e-05
2.8574e-06
2.42298e-06
9.19638e-05
0.000105785
4.39083e-06
0.000105212
3.92292e-06
0.000104895
3.17368e-06
2.31917e-06
0.000104999
0.000103399
4.94088e-06
0.000103098
4.22315e-06
0.000102714
3.55831e-06
3.51449e-06
0.000101518
0.000103867
2.62916e-06
0.000109925
-1.83576e-06
0.000118935
-5.45107e-06
5.39635e-07
0.00012191
0.000138798
5.9912e-06
0.000130601
6.36168e-06
0.000118331
6.82061e-06
5.89162e-06
0.000112979
0.000121624
1.96421e-05
0.00010363
2.436e-05
7.82758e-05
3.21762e-05
2.93239e-05
5.48451e-05
2.90553e-05
3.82203e-05
1.37377e-05
3.96769e-05
7.42204e-06
3.84933e-05
3.41811e-05
2.56511e-06
-2.02842e-05
4.25525e-05
-2.11824e-05
4.0576e-05
-1.96115e-05
3.69219e-05
3.27462e-05
-1.8176e-05
-3.66352e-05
3.84433e-05
-3.18002e-05
3.57395e-05
-2.70209e-05
3.21429e-05
2.87186e-05
-2.29931e-05
-3.87322e-05
3.19216e-05
-3.26623e-05
2.96696e-05
-2.76045e-05
2.7085e-05
2.46517e-05
-2.35371e-05
-3.55253e-05
2.56468e-05
-3.02179e-05
2.43613e-05
-2.59069e-05
2.27747e-05
2.12026e-05
-2.24574e-05
-3.00155e-05
2.07723e-05
-2.58364e-05
2.01826e-05
-2.24015e-05
1.93401e-05
1.83949e-05
-1.95931e-05
-2.4241e-05
1.74616e-05
-2.13063e-05
1.72475e-05
-1.88311e-05
1.68659e-05
1.63477e-05
-1.67832e-05
-2.01194e-05
1.53691e-05
-1.81913e-05
1.532e-05
-1.64966e-05
1.51718e-05
1.49026e-05
-1.50507e-05
-1.80273e-05
1.40197e-05
-1.67479e-05
1.40402e-05
-1.55756e-05
1.40005e-05
1.38591e-05
-1.45315e-05
-1.74323e-05
1.30737e-05
-1.6519e-05
1.31274e-05
-1.56539e-05
1.3136e-05
1.30524e-05
-1.48465e-05
-1.76765e-05
1.23302e-05
-1.69514e-05
1.2402e-05
-1.6244e-05
1.24295e-05
1.23739e-05
-1.55649e-05
-1.82452e-05
1.16862e-05
-1.761e-05
1.17676e-05
-1.69804e-05
1.18004e-05
1.17625e-05
-1.63684e-05
-1.88174e-05
1.1086e-05
-1.82229e-05
1.11727e-05
-1.76313e-05
1.12096e-05
1.11891e-05
-1.70575e-05
-1.9227e-05
1.05044e-05
-1.86519e-05
1.05982e-05
-1.8084e-05
1.06418e-05
1.06408e-05
-1.75353e-05
-1.9416e-05
9.92948e-06
-1.88521e-05
1.00339e-05
-1.83006e-05
1.00909e-05
1.01132e-05
-1.77726e-05
-1.93766e-05
9.35945e-06
-1.88231e-05
9.48093e-06
-1.82889e-05
9.55673e-06
9.60534e-06
-1.77807e-05
-1.91273e-05
8.79662e-06
-1.85873e-05
8.94026e-06
-1.80711e-05
9.04101e-06
9.11954e-06
-1.75852e-05
-1.86817e-05
8.24834e-06
-1.81608e-05
8.41974e-06
-1.76689e-05
8.54907e-06
8.65964e-06
-1.72088e-05
-1.80521e-05
7.72393e-06
-1.75586e-05
7.92569e-06
-1.70958e-05
8.08669e-06
8.2307e-06
-1.66668e-05
-1.72428e-05
7.23476e-06
-1.67854e-05
7.46891e-06
-1.63602e-05
7.6615e-06
7.83798e-06
-1.59673e-05
-1.62621e-05
6.79115e-06
-1.585e-05
7.05626e-06
-1.54678e-05
7.27956e-06
7.48621e-06
-1.5116e-05
-1.51178e-05
6.40312e-06
-1.4758e-05
6.69685e-06
-1.44254e-05
6.94674e-06
7.17871e-06
-1.41179e-05
-1.38248e-05
6.07681e-06
-1.35231e-05
6.39466e-06
-1.32425e-05
6.66627e-06
6.91686e-06
-1.29807e-05
-1.24021e-05
5.81652e-06
-1.21597e-05
6.15272e-06
-1.19323e-05
6.43856e-06
6.69907e-06
-1.17145e-05
-1.08722e-05
5.61957e-06
-1.06872e-05
5.9672e-06
-1.05087e-05
6.26017e-06
6.52059e-06
-1.03304e-05
-9.25917e-06
5.48071e-06
-9.12416e-06
5.83235e-06
-8.98762e-06
6.12333e-06
6.37332e-06
-8.84046e-06
-7.58575e-06
5.38827e-06
-7.48871e-06
5.73491e-06
-7.38139e-06
6.01597e-06
6.24643e-06
-7.25465e-06
-5.87612e-06
5.32656e-06
-5.80014e-06
5.65911e-06
-5.70506e-06
5.92069e-06
6.12576e-06
-5.58448e-06
-4.15512e-06
5.27302e-06
-4.0805e-06
5.58422e-06
-3.98037e-06
5.82054e-06
6.00075e-06
-3.85548e-06
-2.45936e-06
5.21154e-06
-2.37571e-06
5.50067e-06
-2.26937e-06
5.71408e-06
5.87661e-06
-2.14532e-06
-8.84363e-07
-8.12109e-07
-7.29945e-07
-6.45011e-07
2.419e-05
-9.70501e-07
1.91294e-05
-2.67047e-06
1.7406e-05
-6.52004e-06
1.56014e-05
-8.57328e-06
1.29552e-05
-7.35968e-06
5.92788e-06
1.05191e-05
-1.16865e-06
2.75865e-05
-6.77858e-06
1.72972e-07
-1.02376e-05
-6.14969e-06
-7.02916e-06
-2.13945e-07
-2.90145e-06
-1.06054e-05
1.55488e-06
-1.60462e-05
6.10255e-06
-7.03831e-06
3.46705e-06
-8.77795e-06
-6.67073e-07
4.27181e-06
-2.12871e-06
1.03889e-05
-2.4063e-06
1.41161e-05
9.6495e-07
6.16558e-06
2.80337e-05
2.83893e-05
7.66084e-06
2.33132e-05
2.40559e-06
2.35827e-05
-6.78952e-06
2.00275e-05
-5.0181e-06
1.14224e-05
1.24541e-06
8.41379e-06
1.35277e-05
1.24574e-05
2.35429e-05
8.53008e-06
4.1003e-06
4.29436e-06
-1.91396e-06
5.43732e-06
-1.35689e-06
6.02489e-07
-5.77055e-06
-6.38413e-06
-9.05954e-06
-7.21258e-06
-6.20986e-06
-9.60535e-06
-6.38518e-06
-8.77141e-06
3.43787e-06
-9.47064e-06
1.10881e-05
-6.709e-06
1.13545e-05
-8.1662e-06
7.6228e-06
1.98675e-05
3.6788e-05
1.30966e-05
3.45465e-05
4.64709e-06
3.89955e-05
-1.12385e-05
4.08252e-05
-6.84785e-06
3.00678e-05
1.20029e-05
2.01386e-05
2.34569e-05
2.51137e-05
1.85678e-05
2.37916e-05
5.42236e-06
2.11318e-05
7.45822e-07
2.11035e-05
-1.32855e-06
1.17685e-05
3.56449e-06
9.06702e-07
1.80223e-06
-1.15004e-06
-4.15311e-06
-4.86261e-06
-2.67261e-06
-3.42346e-06
1.99873e-06
-2.71032e-06
1.0375e-05
-9.74389e-07
9.61854e-06
-4.93692e-06
1.15853e-05
1.49306e-05
5.30424e-05
1.16989e-05
5.29277e-05
4.7618e-06
5.4482e-05
-1.27929e-05
5.81366e-05
-1.05024e-05
5.77799e-05
1.23596e-05
4.839e-05
3.28468e-05
4.19845e-05
2.49734e-05
3.38279e-05
1.35789e-05
3.15869e-05
2.9869e-06
3.3127e-05
-2.86869e-06
3.05322e-05
6.15939e-06
1.95076e-05
1.28269e-05
1.61773e-05
-8.22867e-07
1.16514e-05
1.85336e-06
9.94308e-06
3.70701e-06
1.19195e-05
8.39853e-06
1.24524e-05
9.0856e-06
6.64713e-06
1.73906e-05
2.15777e-05
7.48694e-05
7.27723e-06
7.68469e-05
2.78426e-06
7.09947e-05
-6.94059e-06
6.5309e-05
-4.81673e-06
6.38112e-05
1.38574e-05
6.55278e-05
3.11302e-05
6.10868e-05
2.94145e-05
5.31137e-05
2.1552e-05
4.69526e-05
9.14802e-06
4.12305e-05
2.85344e-06
3.42384e-05
1.31516e-05
2.92363e-05
1.78289e-05
2.46395e-05
3.77401e-06
2.37524e-05
2.74045e-06
2.42611e-05
3.19829e-06
2.35192e-05
9.14041e-06
1.51151e-05
1.74897e-05
9.35102e-06
2.31547e-05
3.09287e-05
9.56826e-05
3.55843e-06
9.68244e-05
1.6425e-06
9.11302e-05
-1.24637e-06
7.71455e-05
9.16801e-06
6.7445e-05
2.3558e-05
6.84096e-05
3.01656e-05
6.95321e-05
2.8292e-05
6.824e-05
2.28442e-05
6.26569e-05
1.47311e-05
4.90331e-05
1.64773e-05
3.7174e-05
2.50107e-05
3.95243e-05
1.54786e-05
3.78511e-05
5.44729e-06
4.03965e-05
1.9502e-07
4.29214e-05
6.73439e-07
2.5152e-05
2.69098e-05
5.51511e-06
3.71266e-05
1.53284e-06
2.7137e-05
3.24616e-05
0.000106116
2.44219e-06
0.000101423
6.33472e-06
9.45632e-05
5.61382e-06
8.62173e-05
1.7514e-05
8.03101e-05
2.94652e-05
7.96527e-05
3.08231e-05
7.86072e-05
2.93375e-05
7.60757e-05
2.53758e-05
6.6779e-05
2.40279e-05
4.75178e-05
3.57385e-05
3.84033e-05
3.41253e-05
4.45123e-05
9.36958e-06
6.23873e-05
-1.24277e-05
9.93624e-05
-3.67797e-05
7.17822e-05
2.82542e-05
3.04309e-05
6.82615e-05
2.19732e-06
6.53606e-05
-2.89714e-06
3.22319e-05
2.95647e-05
0.000101736
2.22469e-06
9.59734e-05
1.20973e-05
8.66789e-05
1.49082e-05
8.78421e-05
1.63508e-05
9.4011e-05
2.32963e-05
9.80426e-05
2.67915e-05
9.28728e-05
3.45075e-05
8.84281e-05
2.98227e-05
5.78951e-05
5.45625e-05
3.82188e-05
5.54149e-05
4.30424e-05
2.93017e-05
5.88796e-05
-6.46756e-06
9.60121e-05
-4.95596e-05
5.47428e-05
4.4909e-06
2.72153e-05
5.57831e-05
1.43112e-05
8.11665e-05
1.43751e-05
6.52975e-05
7.54852e-06
3.90591e-05
3.71138e-05
0.00010906
1.50737e-05
0.000100392
2.07658e-05
9.85027e-05
1.6798e-05
9.10112e-05
2.38427e-05
9.76369e-05
1.66709e-05
0.00011132
1.31087e-05
0.000125492
2.03378e-05
7.1704e-05
8.3615e-05
1.66851e-05
0.000109583
2.63899e-05
4.57107e-05
5.19356e-05
3.7564e-06
5.46527e-05
-9.18411e-06
1.80208e-05
-1.29266e-05
-8.32824e-06
3.08409e-05
-9.95364e-06
5.74091e-05
3.1107e-06
6.81026e-05
2.0949e-05
4.74595e-05
1.99111e-05
4.00977e-05
5.70248e-05
0.000109585
1.84695e-05
9.46568e-05
3.56945e-05
7.76873e-05
3.37683e-05
6.16348e-05
3.9896e-05
5.60028e-05
2.23039e-05
5.37075e-05
1.5405e-05
4.61072e-05
2.79389e-05
4.27155e-05
8.70079e-05
4.96993e-05
0.0001026
4.43342e-05
5.10766e-05
4.17736e-05
6.31763e-06
2.6565e-05
6.02507e-06
-3.4871e-06
1.71259e-05
-1.6487e-05
4.38409e-05
-1.3286e-05
5.42082e-05
9.80864e-06
4.50079e-05
2.56474e-05
3.16208e-05
2.34513e-05
4.22936e-05
8.04764e-05
1.73503e-05
5.59654e-05
2.41156e-06
5.06341e-05
1.89018e-06
3.42902e-05
6.55246e-06
3.52341e-05
4.0856e-06
2.47709e-05
9.29565e-07
1.85608e-05
-1.53912e-06
3.04074e-05
1.8854e-05
6.6615e-05
3.95211e-05
8.19336e-05
4.03371e-05
5.02607e-05
2.51872e-05
2.14678e-05
9.54353e-06
2.16688e-05
-3.69234e-06
3.03617e-05
-4.54412e-06
4.46925e-05
4.7192e-06
4.49446e-05
2.07001e-05
2.90268e-05
2.68726e-05
2.54481e-05
2.06984e-05
4.84681e-05
0.000101175
-1.14611e-05
6.99923e-05
-1.59173e-05
5.50904e-05
-1.73077e-05
3.56806e-05
-1.28692e-05
3.07955e-05
-1.40514e-05
2.59531e-05
-1.92372e-05
2.3746e-05
-1.84274e-05
2.95968e-05
-1.60514e-07
4.83472e-05
1.59719e-05
6.58007e-05
1.91724e-05
4.706e-05
9.89685e-06
3.07433e-05
5.10083e-06
2.64647e-05
5.60508e-06
2.98573e-05
1.30653e-05
3.72321e-05
2.14753e-05
3.65345e-05
2.54377e-05
2.50643e-05
2.46681e-05
2.62178e-05
1.48752e-05
5.82607e-05
0.00011605
-1.5553e-05
6.73695e-05
-1.21288e-05
5.16659e-05
-1.31456e-05
3.6697e-05
-1.41433e-05
3.17928e-05
-1.69778e-05
2.87872e-05
-2.04954e-05
2.72631e-05
-2.0279e-05
2.93797e-05
-1.01145e-05
3.81819e-05
4.04087e-06
5.16448e-05
8.64523e-06
4.24553e-05
6.88623e-06
3.25022e-05
8.26929e-06
2.50815e-05
1.37279e-05
2.43985e-05
2.26508e-05
2.83092e-05
3.04238e-05
2.87615e-05
2.89083e-05
2.65799e-05
1.92072e-05
3.59188e-05
7.34106e-06
7.01274e-05
0.000123391
-1.58687e-05
6.02453e-05
-1.07192e-05
4.65162e-05
-1.04307e-05
3.64082e-05
-1.17854e-05
3.31472e-05
-1.36958e-05
3.06975e-05
-1.54082e-05
2.89753e-05
-1.54724e-05
2.94435e-05
-1.04814e-05
3.31906e-05
1.53536e-07
4.10096e-05
6.3474e-06
3.62613e-05
9.79645e-06
2.90531e-05
1.30237e-05
2.18543e-05
1.76676e-05
1.97547e-05
2.3306e-05
2.26709e-05
2.56188e-05
2.64488e-05
2.03417e-05
3.18573e-05
8.07834e-06
4.81825e-05
-1.40638e-07
7.8346e-05
0.000123251
-1.63122e-05
5.30207e-05
-1.20102e-05
4.22139e-05
-1.08091e-05
3.52067e-05
-1.05029e-05
3.28408e-05
-1.06618e-05
3.08564e-05
-1.08752e-05
2.91887e-05
-1.02999e-05
2.88682e-05
-7.26933e-06
3.016e-05
1.24721e-07
3.36156e-05
5.82042e-06
3.05657e-05
9.81929e-06
2.50544e-05
1.22986e-05
1.93752e-05
1.36411e-05
1.84124e-05
1.35825e-05
2.27297e-05
1.07998e-05
2.92318e-05
4.07785e-06
3.85794e-05
-3.89518e-06
5.61556e-05
-6.50461e-06
8.09563e-05
0.000116746
-1.57535e-05
4.63171e-05
-1.2078e-05
3.85382e-05
-1.06919e-05
3.38203e-05
-9.67631e-06
3.1825e-05
-8.93762e-06
3.01178e-05
-8.39279e-06
2.86441e-05
-7.49966e-06
2.79753e-05
-5.36146e-06
2.80219e-05
-7.09026e-07
2.89634e-05
3.27952e-06
2.65774e-05
5.64223e-06
2.26919e-05
5.34991e-06
1.96678e-05
2.95002e-06
2.08125e-05
1.12251e-09
2.56788e-05
-3.5927e-06
3.28258e-05
-8.71024e-06
4.36971e-05
-1.19765e-05
5.94223e-05
-9.85352e-06
7.88329e-05
0.000106893
-1.41394e-05
4.08639e-05
-1.13523e-05
3.57511e-05
-1.00437e-05
3.25114e-05
-8.98118e-06
3.07625e-05
-8.13992e-06
2.92766e-05
-7.4972e-06
2.80016e-05
-6.68836e-06
2.71667e-05
-5.29234e-06
2.66262e-05
-2.67858e-06
2.63498e-05
-7.75389e-07
2.46745e-05
-8.46293e-07
2.27631e-05
-3.31449e-06
2.21362e-05
-6.7307e-06
2.4229e-05
-9.88414e-06
2.88325e-05
-1.30883e-05
3.60302e-05
-1.59455e-05
4.65545e-05
-1.62641e-05
5.97407e-05
-1.1612e-05
7.41818e-05
9.52806e-05
-1.27875e-05
3.68687e-05
-1.06956e-05
3.36592e-05
-9.56291e-06
3.13784e-05
-8.69102e-06
2.98905e-05
-8.02502e-06
2.86107e-05
-7.53628e-06
2.7513e-05
-7.00703e-06
2.66377e-05
-6.28638e-06
2.59058e-05
-5.27231e-06
2.5336e-05
-5.0751e-06
2.44775e-05
-6.38458e-06
2.40728e-05
-9.15276e-06
2.49046e-05
-1.23335e-05
2.74099e-05
-1.52281e-05
3.17273e-05
-1.76643e-05
3.84666e-05
-1.89534e-05
4.78437e-05
-1.76582e-05
5.8446e-05
-1.20361e-05
6.85591e-05
8.32453e-05
-1.22331e-05
3.40515e-05
-1.06113e-05
3.20374e-05
-9.62846e-06
3.03954e-05
-8.91537e-06
2.91773e-05
-8.41771e-06
2.81131e-05
-8.08777e-06
2.71833e-05
-7.82937e-06
2.63795e-05
-7.61681e-06
2.56934e-05
-7.53445e-06
2.52539e-05
-8.13734e-06
2.50806e-05
-9.69711e-06
2.56328e-05
-1.20057e-05
2.72134e-05
-1.45669e-05
2.99712e-05
-1.69396e-05
3.41002e-05
-1.86256e-05
4.01527e-05
-1.88996e-05
4.81178e-05
-1.68268e-05
5.6373e-05
-1.12627e-05
6.2996e-05
7.1982e-05
-1.24648e-05
3.19854e-05
-1.11115e-05
3.06841e-05
-1.02101e-05
2.94938e-05
-9.56441e-06
2.85316e-05
-9.13987e-06
2.76887e-05
-8.89226e-06
2.69358e-05
-8.78325e-06
2.62707e-05
-8.83725e-06
2.57476e-05
-9.13159e-06
2.55484e-05
-9.89826e-06
2.58474e-05
-1.11708e-05
2.69054e-05
-1.28209e-05
2.88637e-05
-1.46361e-05
3.17865e-05
-1.63121e-05
3.57763e-05
-1.72959e-05
4.11365e-05
-1.68844e-05
4.77063e-05
-1.44742e-05
5.39631e-05
-9.45679e-06
5.79779e-05
6.25259e-05
-1.31978e-05
3.03372e-05
-1.1981e-05
2.94674e-05
-1.10969e-05
2.86096e-05
-1.04535e-05
2.78882e-05
-1.00195e-05
2.72547e-05
-9.76737e-06
2.66837e-05
-9.68079e-06
2.61842e-05
-9.78018e-06
2.58471e-05
-1.00956e-05
2.58639e-05
-1.06769e-05
2.64288e-05
-1.14945e-05
2.77232e-05
-1.24748e-05
2.9844e-05
-1.35295e-05
3.28413e-05
-1.44578e-05
3.67046e-05
-1.48085e-05
4.14872e-05
-1.3976e-05
4.68738e-05
-1.14975e-05
5.14843e-05
-7.09991e-06
5.35812e-05
5.54253e-05
-1.41319e-05
2.89046e-05
-1.29766e-05
2.83121e-05
-1.20806e-05
2.77135e-05
-1.14023e-05
2.72098e-05
-1.0915e-05
2.67674e-05
-1.05962e-05
2.63649e-05
-1.04368e-05
2.60249e-05
-1.04383e-05
2.58486e-05
-1.05876e-05
2.60132e-05
-1.08602e-05
2.67016e-05
-1.12064e-05
2.80694e-05
-1.15822e-05
3.02197e-05
-1.19374e-05
3.31966e-05
-1.21733e-05
3.69405e-05
-1.19923e-05
4.13061e-05
-1.09649e-05
4.58464e-05
-8.68078e-06
4.92004e-05
-4.92599e-06
4.98255e-05
5.05e-05
-1.50429e-05
2.75796e-05
-1.39161e-05
2.71853e-05
-1.30053e-05
2.68025e-05
-1.22847e-05
2.64891e-05
-1.17276e-05
2.62103e-05
-1.13152e-05
2.59525e-05
-1.10343e-05
2.5744e-05
-1.08711e-05
2.56854e-05
-1.07893e-05
2.59315e-05
-1.07378e-05
2.665e-05
-1.06617e-05
2.79932e-05
-1.0523e-05
3.0081e-05
-1.02947e-05
3.29682e-05
-9.93922e-06
3.65849e-05
-9.32353e-06
4.06904e-05
-8.21688e-06
4.47396e-05
-6.31801e-06
4.73011e-05
-3.34255e-06
4.68508e-05
4.71567e-05
-1.57898e-05
2.63122e-05
-1.4689e-05
2.60845e-05
-1.37726e-05
2.58859e-05
-1.30184e-05
2.57348e-05
-1.24002e-05
2.55921e-05
-1.18946e-05
2.54469e-05
-1.14864e-05
2.53358e-05
-1.11504e-05
2.53493e-05
-1.08411e-05
2.56222e-05
-1.05005e-05
2.63093e-05
-1.0074e-05
2.75667e-05
-9.52497e-06
2.95319e-05
-8.84003e-06
3.22832e-05
-8.01931e-06
3.5764e-05
-7.04356e-06
3.97144e-05
-5.85802e-06
4.3554e-05
-4.36688e-06
4.58101e-05
-2.23052e-06
4.47135e-05
4.49267e-05
-1.63132e-05
2.50904e-05
-1.52422e-05
2.50134e-05
-1.43342e-05
2.49778e-05
-1.35642e-05
2.49646e-05
-1.2903e-05
2.49307e-05
-1.23265e-05
2.48704e-05
-1.18132e-05
2.48224e-05
-1.13316e-05
2.48676e-05
-1.08338e-05
2.51244e-05
-1.0263e-05
2.57384e-05
-9.56758e-06
2.68711e-05
-8.71419e-06
2.86783e-05
-7.69683e-06
3.12656e-05
-6.54267e-06
3.46097e-05
-5.29258e-06
3.84642e-05
-4.00488e-06
4.2266e-05
-2.78222e-06
4.45869e-05
-1.43504e-06
4.3367e-05
4.3491e-05
-1.65937e-05
2.39118e-05
-1.55637e-05
2.39834e-05
-1.46799e-05
2.40939e-05
-1.39134e-05
2.4198e-05
-1.32336e-05
2.42509e-05
-1.2615e-05
2.42516e-05
-1.20308e-05
2.42382e-05
-1.14456e-05
2.42823e-05
-1.08126e-05
2.44912e-05
-1.00796e-05
2.50052e-05
-9.19989e-06
2.59913e-05
-8.14435e-06
2.76226e-05
-6.91297e-06
3.0034e-05
-5.55015e-06
3.32466e-05
-4.13311e-06
3.70469e-05
-2.77253e-06
4.09052e-05
-1.67908e-06
4.34935e-05
-9.80624e-07
4.26674e-05
4.25108e-05
-1.66522e-05
2.27834e-05
-1.56702e-05
2.30013e-05
-1.48232e-05
2.32467e-05
-1.40778e-05
2.34524e-05
-1.34023e-05
2.35752e-05
-1.27688e-05
2.36181e-05
-1.21472e-05
2.36164e-05
-1.15009e-05
2.36359e-05
-1.07866e-05
2.37767e-05
-9.95853e-06
2.4177e-05
-8.9763e-06
2.50088e-05
-7.81463e-06
2.64607e-05
-6.47733e-06
2.86965e-05
-5.01535e-06
3.17844e-05
-3.52875e-06
3.556e-05
-2.15333e-06
3.95295e-05
-1.13312e-06
4.24728e-05
-7.57837e-07
4.22927e-05
4.17522e-05
-1.6512e-05
2.17104e-05
-1.55875e-05
2.20768e-05
-1.47875e-05
2.24466e-05
-1.40763e-05
2.27411e-05
-1.34213e-05
2.29201e-05
-1.27929e-05
2.29895e-05
-1.216e-05
2.29833e-05
-1.1488e-05
2.29637e-05
-1.07397e-05
2.30282e-05
-9.87718e-06
2.33142e-05
-8.86627e-06
2.39977e-05
-7.68398e-06
2.52781e-05
-6.33271e-06
2.73449e-05
-4.85937e-06
3.03107e-05
-3.36831e-06
3.40686e-05
-2.00971e-06
3.81706e-05
-1.01557e-06
4.14786e-05
-6.71526e-07
4.19475e-05
4.10811e-05
-1.62006e-05
2.07023e-05
-1.53389e-05
2.12149e-05
-1.4593e-05
2.17006e-05
-1.39236e-05
2.20715e-05
-1.32974e-05
2.22937e-05
-1.26847e-05
2.23767e-05
-1.20567e-05
2.23551e-05
-1.13848e-05
2.22916e-05
-1.06405e-05
2.22838e-05
-9.79506e-06
2.24685e-05
-8.81871e-06
2.3021e-05
-7.68734e-06
2.41464e-05
-6.39533e-06
2.60526e-05
-4.97442e-06
2.88895e-05
-3.51631e-06
3.26102e-05
-2.16748e-06
3.68215e-05
-1.1382e-06
4.04487e-05
-6.82894e-07
4.14927e-05
4.03975e-05
-1.57337e-05
1.97694e-05
-1.4941e-05
2.04221e-05
-1.42514e-05
2.10109e-05
-1.36245e-05
2.14445e-05
-1.30272e-05
2.16963e-05
-1.24321e-05
2.17815e-05
-1.18168e-05
2.17396e-05
-1.11627e-05
2.16373e-05
-1.04526e-05
2.15734e-05
-9.66629e-06
2.16819e-05
-8.77583e-06
2.21303e-05
-7.75182e-06
2.31221e-05
-6.57369e-06
2.48741e-05
-5.24843e-06
2.75639e-05
-3.84364e-06
3.12051e-05
-2.48462e-06
3.54621e-05
-1.36609e-06
3.93301e-05
-7.31948e-07
4.08574e-05
3.96658e-05
-1.51174e-05
1.89194e-05
-1.43972e-05
1.97018e-05
-1.37633e-05
2.03768e-05
-1.31742e-05
2.08552e-05
-1.25994e-05
2.11213e-05
-1.20179e-05
2.11999e-05
-1.14182e-05
2.11397e-05
-1.07952e-05
2.1014e-05
-1.01437e-05
2.09216e-05
-9.44944e-06
2.09873e-05
-8.6845e-06
2.1365e-05
-7.80993e-06
2.22472e-05
-6.78338e-06
2.38472e-05
-5.5833e-06
2.63634e-05
-4.24134e-06
2.98627e-05
-2.85369e-06
3.40741e-05
-1.61038e-06
3.80862e-05
-7.7532e-07
4.00227e-05
3.88898e-05
-1.43565e-05
1.81599e-05
-1.37084e-05
1.90536e-05
-1.31239e-05
1.97921e-05
-1.25625e-05
2.02936e-05
-1.19997e-05
2.05583e-05
-1.1426e-05
2.0626e-05
-1.08443e-05
2.05578e-05
-1.02643e-05
2.04338e-05
-9.69135e-06
2.03484e-05
-9.11514e-06
2.04108e-05
-8.50357e-06
2.07531e-05
-7.80301e-06
2.15463e-05
-6.95382e-06
2.29976e-05
-5.89936e-06
2.53086e-05
-4.62898e-06
2.85919e-05
-3.2053e-06
3.26501e-05
-1.82392e-06
3.67047e-05
-7.95969e-07
3.89937e-05
3.80939e-05
-1.34522e-05
1.74941e-05
-1.28713e-05
1.84726e-05
-1.23255e-05
1.9246e-05
-1.17785e-05
1.97465e-05
-1.12172e-05
1.99967e-05
-1.06475e-05
2.00561e-05
-1.00891e-05
1.99991e-05
-9.56485e-06
1.99092e-05
-9.08674e-06
1.987e-05
-8.64462e-06
1.99683e-05
-8.20006e-06
2.03081e-05
-7.68872e-06
2.10345e-05
-7.02886e-06
2.23373e-05
-6.13664e-06
2.44159e-05
-4.95423e-06
2.74091e-05
-3.50987e-06
3.12053e-05
-2.00189e-06
3.51961e-05
-7.98591e-07
3.77905e-05
3.72947e-05
-1.24072e-05
1.69205e-05
-1.18838e-05
1.7949e-05
-1.13619e-05
1.87239e-05
-1.08156e-05
1.91999e-05
-1.02482e-05
1.94291e-05
-9.68482e-06
1.94924e-05
-9.15983e-06
1.94739e-05
-8.70418e-06
1.94532e-05
-8.33154e-06
1.9497e-05
-8.02849e-06
1.96649e-05
-7.75337e-06
2.00326e-05
-7.42903e-06
2.07097e-05
-6.96318e-06
2.1871e-05
-6.24735e-06
2.36996e-05
-5.18695e-06
2.63483e-05
-3.76693e-06
2.97849e-05
-2.16789e-06
3.35968e-05
-8.07753e-07
3.64294e-05
3.6487e-05
-1.12243e-05
1.64301e-05
-1.07437e-05
1.74682e-05
-1.02297e-05
1.82097e-05
-9.67355e-06
1.86435e-05
-9.10008e-06
1.88554e-05
-8.55294e-06
1.8945e-05
-8.07558e-06
1.89962e-05
-7.69949e-06
1.90768e-05
-7.43486e-06
1.9232e-05
-7.26496e-06
1.94946e-05
-7.1431e-06
1.99104e-05
-6.99607e-06
2.05623e-05
-6.72065e-06
2.15951e-05
-6.19451e-06
2.3173e-05
-5.2992e-06
2.54525e-05
-3.97465e-06
2.84599e-05
-2.35041e-06
3.1972e-05
-8.49327e-07
3.49283e-05
3.56371e-05
-9.90758e-06
1.6007e-05
-9.45147e-06
1.70119e-05
-8.93142e-06
1.76894e-05
-8.36265e-06
1.80745e-05
-7.79391e-06
1.82864e-05
-7.27908e-06
1.84299e-05
-6.86678e-06
1.85836e-05
-6.57665e-06
1.87864e-05
-6.41333e-06
1.90683e-05
-6.35691e-06
1.94378e-05
-6.36564e-06
1.99187e-05
-6.36948e-06
2.05657e-05
-6.27039e-06
2.14956e-05
-5.94213e-06
2.28443e-05
-5.25202e-06
2.4762e-05
-4.10234e-06
2.73099e-05
-2.54676e-06
3.04162e-05
-9.45694e-07
3.33264e-05
3.46915e-05
-8.46349e-06
1.56299e-05
-8.01286e-06
1.6561e-05
-7.47858e-06
1.71549e-05
-6.90732e-06
1.7503e-05
-6.36587e-06
1.77447e-05
-5.9103e-06
1.79741e-05
-5.57587e-06
1.82489e-05
-5.37385e-06
1.85841e-05
-5.29777e-06
1.8992e-05
-5.32853e-06
1.94683e-05
-5.43142e-06
2.00213e-05
-5.55066e-06
2.06846e-05
-5.59913e-06
2.15437e-05
-5.46119e-06
2.2706e-05
-4.99698e-06
2.42974e-05
-4.08803e-06
2.64005e-05
-2.70442e-06
2.90321e-05
-1.09414e-06
3.17161e-05
3.35969e-05
-6.89883e-06
1.52739e-05
-6.43858e-06
1.61006e-05
-5.90004e-06
1.66161e-05
-5.3547e-06
1.69575e-05
-4.87662e-06
1.72665e-05
-4.50761e-06
1.76048e-05
-4.26342e-06
1.80045e-05
-4.14559e-06
1.8466e-05
-4.13954e-06
1.89856e-05
-4.22828e-06
1.95567e-05
-4.38779e-06
2.01804e-05
-4.57722e-06
2.08737e-05
-4.7303e-06
2.16964e-05
-4.74942e-06
2.27248e-05
-4.505e-06
2.40527e-05
-3.86539e-06
2.57607e-05
-2.74002e-06
2.79066e-05
-1.24725e-06
3.02227e-05
3.23497e-05
-5.23014e-06
1.49194e-05
-4.7675e-06
1.56378e-05
-4.25655e-06
1.6105e-05
-3.7845e-06
1.64853e-05
-3.41298e-06
1.68948e-05
-3.15309e-06
1.73447e-05
-3.00747e-06
1.78587e-05
-2.96527e-06
1.84236e-05
-3.01105e-06
1.90312e-05
-3.13171e-06
1.96771e-05
-3.31332e-06
2.03618e-05
-3.52883e-06
2.10889e-05
-3.73408e-06
2.19014e-05
-3.85752e-06
2.2848e-05
-3.78977e-06
2.39847e-05
-3.4043e-06
2.5375e-05
-2.5808e-06
2.70827e-05
-1.32553e-06
2.89675e-05
3.10238e-05
-3.50452e-06
1.45683e-05
-3.07993e-06
1.5213e-05
-2.65939e-06
1.56843e-05
-2.3176e-06
1.61433e-05
-2.08191e-06
1.66589e-05
-1.94293e-06
1.72056e-05
-1.89106e-06
1.78066e-05
-1.91099e-06
1.84433e-05
-1.99056e-06
1.91105e-05
-2.12196e-06
1.98083e-05
-2.30047e-06
2.05401e-05
-2.50529e-06
2.12935e-05
-2.71368e-06
2.21096e-05
-2.88268e-06
2.30167e-05
-2.92456e-06
2.40263e-05
-2.73903e-06
2.51892e-05
-2.20417e-06
2.65478e-05
-1.25901e-06
2.80218e-05
2.97646e-05
-1.84756e-06
1.42705e-05
-1.53382e-06
1.48992e-05
-1.26834e-06
1.54187e-05
-1.08928e-06
1.59641e-05
-9.8931e-07
1.65588e-05
-9.59239e-07
1.71754e-05
-9.79468e-07
1.78267e-05
-1.0409e-06
1.85046e-05
-1.13702e-06
1.92065e-05
-1.26612e-06
1.99372e-05
-1.41104e-06
2.06848e-05
-1.59011e-06
2.14724e-05
-1.76912e-06
2.22884e-05
-1.92692e-06
2.31743e-05
-2.01728e-06
2.41165e-05
-1.95891e-06
2.51306e-05
-1.65854e-06
2.62471e-05
-1.02782e-06
2.73908e-05
2.87368e-05
-4.74022e-07
-3.28628e-07
-2.36035e-07
-1.99005e-07
-1.9742e-07
-2.33079e-07
-2.92999e-07
-3.70323e-07
-4.6262e-07
-5.64039e-07
-6.84829e-07
-8.11739e-07
-9.52754e-07
-1.07541e-06
-1.1635e-06
-1.1698e-06
-1.03208e-06
-6.73262e-07
)
;

boundaryField
{
    leftWall
    {
        type            calculated;
        value           uniform 0;
    }
    rightWall
    {
        type            calculated;
        value           uniform 0;
    }
    lowerWall
    {
        type            calculated;
        value           uniform 0;
    }
    atmosphere
    {
        type            calculated;
        value           nonuniform List<scalar> 
46
(
-1.78833e-05
-1.94569e-05
-2.237e-05
-2.51758e-05
-2.75425e-05
-2.68796e-05
-3.02689e-05
-3.59023e-05
-3.63885e-05
-3.49457e-05
-3.24659e-05
-2.91209e-05
-2.52449e-05
-2.11945e-05
-1.72355e-05
-1.34266e-05
-9.69237e-06
-5.97558e-06
-2.24716e-06
1.34597e-06
4.59188e-06
7.40276e-06
9.6357e-06
5.15516e-06
5.42828e-06
5.63185e-06
5.79164e-06
1.40994e-05
1.47537e-05
1.53261e-05
1.59271e-05
1.65572e-05
1.7211e-05
1.78866e-05
1.85818e-05
1.92987e-05
2.00386e-05
2.08055e-05
2.15992e-05
2.24293e-05
2.32969e-05
2.42045e-05
2.51369e-05
2.61093e-05
2.7032e-05
2.80635e-05
)
;
    }
    defaultFaces
    {
        type            empty;
        value           nonuniform List<scalar> 0();
    }
}


// ************************************************************************* //
