/*--------------------------------*- C++ -*----------------------------------*\
| =========                 |                                                 |
| \\      /  F ield         | OpenFOAM: The Open Source CFD Toolbox           |
|  \\    /   O peration     | Version:  2312                                  |
|   \\  /    A nd           | Website:  www.openfoam.com                      |
|    \\/     M anipulation  |                                                 |
\*---------------------------------------------------------------------------*/
FoamFile
{
    version     2.0;
    format      ascii;
    arch        "LSB;label=32;scalar=64";
    class       surfaceScalarField;
    location    "3.1";
    object      phi;
}
// * * * * * * * * * * * * * * * * * * * * * * * * * * * * * * * * * * * * * //

dimensions      [0 3 -1 0 0 0 0];

oriented        oriented;

internalField   nonuniform List<scalar> 
4432
(
1.99043e-07
-1.99046e-07
-6.71388e-07
8.70428e-07
-1.60283e-06
9.31435e-07
-2.33946e-06
7.3663e-07
-2.78333e-06
4.43877e-07
-2.97055e-06
1.87217e-07
-2.99022e-06
1.96699e-08
-2.92023e-06
-6.99915e-08
-2.78272e-06
-1.37509e-07
-2.56483e-06
-2.17899e-07
-2.25059e-06
-3.14238e-07
-1.84078e-06
-4.09813e-07
-1.36357e-06
-4.77217e-07
-8.67693e-07
-4.9588e-07
-3.9432e-07
-4.73377e-07
2.25419e-08
-4.16865e-07
3.29982e-07
-3.07443e-07
4.78261e-07
-1.4828e-07
5.12413e-07
-3.41538e-08
4.47095e-07
6.53177e-08
2.9119e-07
1.55906e-07
1.13223e-08
2.79868e-07
1.13222e-08
-8.51329e-07
6.52291e-07
-1.76896e-06
1.78806e-06
-2.57506e-06
1.73754e-06
-3.13763e-06
1.29921e-06
-3.42727e-06
7.33524e-07
-3.49118e-06
2.51135e-07
-3.4168e-06
-5.47067e-08
-3.28758e-06
-1.99209e-07
-3.11128e-06
-3.138e-07
-2.86446e-06
-4.64719e-07
-2.52625e-06
-6.52461e-07
-2.09066e-06
-8.454e-07
-1.58304e-06
-9.84845e-07
-1.05842e-06
-1.0205e-06
-5.58716e-07
-9.73089e-07
-1.12104e-07
-8.63482e-07
2.17477e-07
-6.37028e-07
3.96292e-07
-3.27098e-07
4.58234e-07
-9.60969e-08
4.32985e-07
9.05659e-08
3.29581e-07
2.59309e-07
9.19803e-08
5.17469e-07
1.03303e-07
-1.46095e-06
2.11324e-06
-2.59136e-06
2.91847e-06
-3.41278e-06
2.55897e-06
-3.90173e-06
1.78815e-06
-4.08411e-06
9.15907e-07
-4.03376e-06
2.00793e-07
-3.86077e-06
-2.27697e-07
-3.66948e-06
-3.90493e-07
-3.45309e-06
-5.30189e-07
-3.17739e-06
-7.40417e-07
-2.81463e-06
-1.01522e-06
-2.34625e-06
-1.31378e-06
-1.78897e-06
-1.54213e-06
-1.21051e-06
-1.59896e-06
-6.58478e-07
-1.52512e-06
-1.48138e-07
-1.37382e-06
2.42772e-07
-1.02794e-06
4.70474e-07
-5.54799e-07
5.99306e-07
-2.24929e-07
6.48512e-07
4.13608e-08
6.07151e-07
3.0067e-07
4.42767e-07
6.81853e-07
5.4607e-07
-1.95126e-06
4.0645e-06
-3.3122e-06
4.27942e-06
-4.20005e-06
3.44682e-06
-4.65608e-06
2.24418e-06
-4.74148e-06
1.00131e-06
-4.57182e-06
3.11317e-08
-4.29524e-06
-5.04272e-07
-4.03941e-06
-6.46325e-07
-3.79254e-06
-7.77059e-07
-3.50572e-06
-1.02723e-06
-3.15226e-06
-1.36869e-06
-2.68523e-06
-1.7808e-06
-2.08966e-06
-2.1377e-06
-1.44167e-06
-2.24695e-06
-8.09885e-07
-2.15691e-06
-1.98685e-07
-1.98502e-06
2.99548e-07
-1.52617e-06
6.28415e-07
-8.83666e-07
8.37563e-07
-4.34076e-07
9.52369e-07
-7.34464e-08
9.22406e-07
3.30633e-07
7.14554e-07
8.89702e-07
1.26062e-06
-2.22629e-06
6.29079e-06
-3.7998e-06
5.85292e-06
-4.81098e-06
4.458e-06
-5.2923e-06
2.72551e-06
-5.35246e-06
1.06147e-06
-4.9969e-06
-3.24426e-07
-4.5757e-06
-9.25481e-07
-4.25557e-06
-9.66448e-07
-3.99309e-06
-1.03955e-06
-3.75147e-06
-1.26884e-06
-3.50549e-06
-1.61467e-06
-3.13361e-06
-2.15268e-06
-2.56599e-06
-2.70532e-06
-1.86837e-06
-2.94457e-06
-1.16622e-06
-2.85906e-06
-5.2122e-07
-2.63002e-06
-8.65121e-09
-2.03874e-06
4.29772e-07
-1.32209e-06
7.64238e-07
-7.68542e-07
9.48225e-07
-2.57434e-07
8.86398e-07
3.92459e-07
7.41082e-07
1.03502e-06
2.00171e-06
-2.28863e-06
8.57941e-06
-3.99113e-06
7.55542e-06
-5.08238e-06
5.54924e-06
-5.47634e-06
3.11946e-06
-5.30526e-06
8.90386e-07
-4.8261e-06
-8.03586e-07
-4.31878e-06
-1.43281e-06
-4.23587e-06
-1.04936e-06
-4.27312e-06
-1.00229e-06
-4.22481e-06
-1.31715e-06
-4.13086e-06
-1.70861e-06
-3.88364e-06
-2.39988e-06
-3.2514e-06
-3.33753e-06
-2.48689e-06
-3.70907e-06
-1.696e-06
-3.64993e-06
-1.3004e-06
-3.0256e-06
-1.16623e-06
-2.1729e-06
-8.49077e-07
-1.63923e-06
-5.46358e-07
-1.07126e-06
-6.69809e-07
-1.33989e-07
-1.01254e-06
7.3519e-07
-3.7835e-07
4.00803e-07
1.62336e-06
-2.15886e-06
1.07383e-05
-3.84795e-06
9.24451e-06
-5.00165e-06
6.70295e-06
-5.60724e-06
3.72505e-06
-5.60245e-06
8.85592e-07
-4.78762e-06
-1.61842e-06
-3.71233e-06
-2.50809e-06
-3.04209e-06
-1.71959e-06
-2.68549e-06
-1.35888e-06
-2.82711e-06
-1.17551e-06
-3.57375e-06
-9.61923e-07
-4.26068e-06
-1.71291e-06
-3.9392e-06
-3.65897e-06
-3.44413e-06
-4.2041e-06
-2.94504e-06
-4.14899e-06
-5.97122e-06
5.91694e-10
-1.01524e-05
2.00832e-06
-1.35228e-05
1.73113e-06
-1.60597e-05
1.46565e-06
-1.73454e-05
1.1517e-06
-1.66017e-05
-8.49884e-09
-1.05972e-05
-5.60378e-06
-8.97383e-06
-1.65065e-06
1.23889e-05
-2.8782e-06
1.04721e-05
-3.32546e-06
7.15022e-06
-2.81735e-06
3.21693e-06
-1.33199e-06
-5.99774e-07
8.84136e-08
-3.03883e-06
-1.76682e-08
-2.40201e-06
-1.22367e-06
-5.13583e-07
-2.27021e-06
-3.12315e-07
-2.82411e-06
-6.2158e-07
-2.54638e-06
-1.23964e-06
-2.26553e-06
-1.99373e-06
-3.15074e-06
-2.77374e-06
-4.94052e-06
-2.4143e-06
-6.96676e-06
-2.12273e-06
-1.10351e-05
4.06892e-06
-1.36511e-05
4.62437e-06
-1.54263e-05
3.50635e-06
-1.73145e-05
3.35378e-06
-1.88672e-05
2.70447e-06
-1.91963e-05
3.20542e-07
-1.58553e-05
-8.94474e-06
-2.48292e-05
-7.24932e-06
7.24932e-06
-1.02097e-05
2.96036e-06
-1.05237e-05
3.14005e-07
-9.79911e-06
-7.24567e-07
-8.70827e-06
-1.09084e-06
-7.57388e-06
-1.1344e-06
-6.8388e-06
-7.35077e-07
-6.59898e-06
-2.39827e-07
-6.9077e-06
3.08724e-07
-6.55935e-06
-3.48354e-07
-5.62424e-06
-9.35107e-07
-4.4787e-06
-1.14555e-06
-3.41076e-06
-1.06794e-06
-2.56712e-06
-8.43641e-07
-1.77093e-06
-7.96187e-07
-1.1801e-06
-5.9083e-07
-5.76845e-07
-6.03253e-07
-1.00211e-07
-4.76634e-07
-1.0021e-07
-5.41169e-06
1.2661e-05
-7.7507e-06
5.29937e-06
-7.83154e-06
3.9485e-07
-7.20283e-06
-1.35328e-06
-6.10853e-06
-2.18513e-06
-4.58115e-06
-2.66178e-06
-3.19815e-06
-2.11808e-06
-2.23044e-06
-1.20754e-06
-2.09602e-06
1.74307e-07
-1.76245e-06
-6.81931e-07
-1.40359e-06
-1.29397e-06
-1.52217e-06
-1.02697e-06
-1.70639e-06
-8.83723e-07
-2.03381e-06
-5.16221e-07
-2.52921e-06
-3.00792e-07
-2.88927e-06
-2.30771e-07
-2.62154e-06
-8.70983e-07
-1.35017e-06
-1.74801e-06
-1.45039e-06
-6.17722e-06
1.88382e-05
-9.21749e-06
8.33964e-06
-9.01883e-06
1.96191e-07
-8.29664e-06
-2.07548e-06
-7.09489e-06
-3.38688e-06
-5.15117e-06
-4.6055e-06
-3.71694e-06
-3.55231e-06
-2.71875e-06
-2.20573e-06
-1.73683e-06
-8.07616e-07
-7.81259e-07
-1.6375e-06
-4.9553e-08
-2.02568e-06
-8.12173e-07
-2.64349e-07
-2.40544e-06
7.09537e-07
-3.23544e-06
3.13786e-07
-3.8142e-06
2.77962e-07
-4.65764e-06
6.12672e-07
-4.8061e-06
-7.22514e-07
-3.36648e-06
-3.18762e-06
-4.81686e-06
-5.98381e-06
2.48221e-05
-1.20009e-05
1.43568e-05
-1.35307e-05
1.72602e-06
-1.29847e-05
-2.62149e-06
-1.09232e-05
-5.44838e-06
-8.22e-06
-7.30871e-06
-6.76851e-06
-5.00381e-06
-5.68107e-06
-3.29318e-06
-4.62678e-06
-1.86191e-06
-5.73204e-06
-5.32242e-07
-7.28813e-06
-4.69598e-07
-8.31594e-06
7.63455e-07
-7.44806e-06
-1.58358e-07
-4.64455e-06
-2.48974e-06
-2.5757e-09
-4.36403e-06
2.27201e-06
-1.66193e-06
-2.03719e-07
1.7532e-06
-1.91973e-06
-1.47161e-06
-6.73659e-06
-1.83199e-06
2.6654e-05
-6.49308e-06
1.90179e-05
-1.51339e-05
1.03669e-05
-2.22209e-05
4.46549e-06
-2.08003e-05
-6.86899e-06
-1.75498e-05
-1.05592e-05
-1.47815e-05
-7.77217e-06
-1.29551e-05
-5.11956e-06
-1.35145e-05
-1.30248e-06
-1.77996e-05
3.75283e-06
-2.19523e-05
3.68306e-06
-1.91345e-05
-2.05428e-06
-1.26942e-05
-6.59874e-06
-7.70144e-06
-7.48244e-06
-2.64805e-06
-9.41742e-06
3.71006e-06
-8.02003e-06
6.50299e-06
-1.03971e-06
3.1078e-06
1.9236e-06
-3.62876e-06
-9.0743e-08
2.67448e-05
-8.79952e-07
1.98071e-05
-1.00232e-05
1.95101e-05
-1.96616e-05
1.41039e-05
-2.2879e-05
-3.65151e-06
-2.26711e-05
-1.07672e-05
-2.15234e-05
-8.9199e-06
-2.0132e-05
-6.51087e-06
-1.81836e-05
-3.25095e-06
-1.81873e-05
3.75657e-06
-1.85572e-05
4.05288e-06
-1.51319e-05
-5.47957e-06
-1.23593e-05
-9.37128e-06
-1.13888e-05
-8.45298e-06
-9.46258e-06
-1.13437e-05
-5.18679e-06
-1.22958e-05
7.86717e-07
-7.01323e-06
2.65883e-06
5.14868e-08
-9.69957e-07
2.22243e-06
2.45224e-05
1.78472e-06
2.02448e-05
-8.37895e-06
2.96738e-05
-1.90815e-05
2.48064e-05
-2.51431e-05
2.41007e-06
-2.65743e-05
-9.33603e-06
-2.5035e-05
-1.04592e-05
-2.22781e-05
-9.26774e-06
-1.79801e-05
-7.549e-06
-1.39626e-05
-2.60923e-07
-1.21932e-05
2.28351e-06
-1.15486e-05
-6.12417e-06
-1.35175e-05
-7.40238e-06
-1.58212e-05
-6.14933e-06
-1.67426e-05
-1.04223e-05
-1.43188e-05
-1.47195e-05
-7.62667e-06
-1.37054e-05
-1.33974e-06
-6.23545e-06
-2.30969e-06
1.44479e-06
2.30776e-05
-1.42795e-06
2.31176e-05
-1.0475e-05
3.87208e-05
-1.84066e-05
3.2738e-05
-2.47479e-05
8.75135e-06
-2.608e-05
-8.00388e-06
-2.39772e-05
-1.25621e-05
-2.13388e-05
-1.19061e-05
-1.65696e-05
-1.23182e-05
-1.09792e-05
-5.85136e-06
-7.3809e-06
-1.31477e-06
-1.13001e-05
-2.20501e-06
-1.63804e-05
-2.322e-06
-1.99132e-05
-2.61656e-06
-2.16489e-05
-8.68655e-06
-1.99268e-05
-1.64416e-05
-1.50142e-05
-1.8618e-05
-7.35241e-06
-1.38972e-05
-9.66214e-06
2.20893e-06
1.018e-05
4.72124e-06
7.95973e-06
6.32217e-06
5.54926e-06
6.44519e-06
3.09389e-06
6.6489e-06
-8.03501e-07
6.29228e-06
-2.68221e-06
6.96364e-06
-3.07335e-06
8.56039e-06
-2.11032e-06
9.28143e-06
-1.03334e-06
8.70247e-06
-4.25986e-08
7.69915e-06
-2.36301e-07
6.4164e-06
-7.1098e-07
3.74466e-06
-1.01987e-07
3.99958e-07
9.30418e-07
-2.95171e-06
1.22895e-06
-1.12885e-05
1.24057e-05
-1.85345e-05
1.18704e-05
-2.46185e-05
9.5903e-06
-3.10036e-05
9.73889e-06
-3.71322e-05
8.83307e-06
-4.31672e-05
6.35559e-06
-4.75684e-05
-4.5435e-06
-1.65342e-05
-5.58634e-05
3.49108e-06
6.68886e-06
7.20629e-06
4.24448e-06
1.02611e-05
2.49443e-06
1.29829e-05
3.72112e-07
1.46654e-05
-2.48604e-06
1.48985e-05
-2.91533e-06
1.45588e-05
-2.73362e-06
1.4485e-05
-2.03656e-06
1.49576e-05
-1.50593e-06
1.48644e-05
5.06038e-08
1.37946e-05
8.33444e-07
1.16211e-05
1.4626e-06
8.64594e-06
2.87314e-06
5.22727e-06
4.34909e-06
5.76862e-07
5.87937e-06
-2.58782e-06
1.55704e-05
-6.48652e-06
1.57691e-05
-1.38163e-05
1.69201e-05
-2.17975e-05
1.77201e-05
-3.22332e-05
1.92688e-05
-4.80734e-05
2.21958e-05
-6.8053e-05
1.54361e-05
-3.15866e-06
-8.14285e-05
5.04337e-06
1.64546e-06
1.00284e-05
-7.40569e-07
1.51508e-05
-2.62798e-06
1.98977e-05
-4.37478e-06
2.26604e-05
-5.24875e-06
2.11677e-05
-1.42269e-06
1.73298e-05
1.10428e-06
1.42632e-05
1.03007e-06
1.47959e-05
-2.0386e-06
1.43488e-05
4.97595e-07
1.19363e-05
3.24597e-06
8.3014e-06
5.09751e-06
3.70346e-06
7.47109e-06
-2.9137e-06
1.09663e-05
-1.08041e-05
1.37698e-05
-1.44354e-05
1.92017e-05
-2.10731e-05
2.24069e-05
-2.88993e-05
2.47463e-05
-3.59104e-05
2.47312e-05
-4.34112e-05
2.67696e-05
-5.22164e-05
3.10011e-05
-6.56025e-05
2.88222e-05
1.2127e-05
-8.08881e-05
7.25651e-06
-5.61106e-06
1.28528e-05
-6.3369e-06
1.68569e-05
-6.63204e-06
1.91377e-05
-6.65565e-06
1.88196e-05
-4.93063e-06
1.72804e-05
1.16493e-07
1.24712e-05
5.91342e-06
7.53495e-06
5.96632e-06
6.18572e-06
-6.89397e-07
1.56333e-06
5.11996e-06
-3.58012e-06
8.38941e-06
-9.05941e-06
1.05768e-05
-1.57727e-05
1.41844e-05
-2.36641e-05
1.88577e-05
-3.1226e-05
2.13318e-05
-3.53791e-05
2.33547e-05
-3.83455e-05
2.53733e-05
-4.00583e-05
2.64591e-05
-4.15238e-05
2.61968e-05
-4.17901e-05
2.70358e-05
-4.1126e-05
3.0337e-05
-4.3873e-05
3.15692e-05
2.33646e-05
-5.51107e-05
3.3209e-06
-8.93197e-06
4.13802e-06
-7.15402e-06
2.73341e-06
-5.22744e-06
7.6735e-07
-4.68959e-06
-3.78538e-07
-3.78475e-06
9.51031e-07
-1.21309e-06
1.26935e-06
5.59509e-06
-4.15818e-06
1.13938e-05
-1.00505e-05
5.20294e-06
-1.52376e-05
1.0307e-05
-1.83856e-05
1.15375e-05
-2.1911e-05
1.41023e-05
-2.57352e-05
1.80086e-05
-2.91798e-05
2.23024e-05
-3.23504e-05
2.45024e-05
-3.48314e-05
2.58357e-05
-3.61869e-05
2.67288e-05
-3.66625e-05
2.69346e-05
-3.64453e-05
2.59796e-05
-3.49448e-05
2.55353e-05
-3.13409e-05
2.67331e-05
-2.81234e-05
2.83516e-05
2.55698e-05
-3.03286e-05
-4.40413e-06
-4.52784e-06
-6.37569e-06
-5.18245e-06
-7.63118e-06
-3.97196e-06
-1.05378e-05
-1.78299e-06
-1.39866e-05
-3.35878e-07
-1.48521e-05
-3.47597e-07
-8.02015e-06
-1.23691e-06
-6.45138e-06
9.82507e-06
-9.62177e-06
8.37336e-06
-8.06775e-06
8.75304e-06
-8.94358e-06
1.24133e-05
-1.13496e-05
1.65084e-05
-1.38838e-05
2.05428e-05
-1.65374e-05
2.4956e-05
-1.89878e-05
2.69527e-05
-2.116e-05
2.80079e-05
-2.28974e-05
2.84662e-05
-2.41461e-05
2.81833e-05
-2.48107e-05
2.66442e-05
-2.44238e-05
2.51484e-05
-2.21438e-05
2.44531e-05
-1.82612e-05
2.4469e-05
2.31286e-05
-1.582e-05
-1.80837e-05
1.35559e-05
-2.95603e-05
6.29413e-06
-3.55653e-05
2.03308e-06
-3.55512e-05
-1.79689e-06
-2.9056e-05
-6.83099e-06
-1.68972e-05
-1.25065e-05
-9.71911e-06
-8.41485e-06
9.69022e-06
-9.58401e-06
3.8497e-06
1.4214e-05
-5.53035e-06
1.8133e-05
-1.04398e-05
1.73228e-05
-1.10715e-05
1.71402e-05
-8.928e-06
1.83992e-05
-7.57785e-06
2.36059e-05
-7.04831e-06
2.64231e-05
-7.76305e-06
2.87227e-05
-9.24363e-06
2.99468e-05
-1.07421e-05
2.96817e-05
-1.19972e-05
2.78994e-05
-1.26488e-05
2.58e-05
-1.17338e-05
2.35382e-05
-9.05845e-06
2.17936e-05
1.93655e-05
-5.29536e-06
1.0959e-05
2.59712e-06
2.55056e-05
-8.25215e-06
3.95573e-05
-1.20183e-05
4.63122e-05
-8.55145e-06
4.9648e-05
-1.01666e-05
5.02447e-05
-1.31029e-05
5.10679e-05
-9.23776e-06
4.78076e-05
-6.3233e-06
5.66754e-05
5.34637e-06
6.3632e-05
1.11769e-05
5.52101e-05
2.57455e-05
1.81624e-05
5.4188e-05
-3.05152e-05
6.70765e-05
-2.83865e-05
2.14768e-05
-1.76381e-05
1.56746e-05
-1.24533e-05
2.35379e-05
-1.02513e-05
2.77447e-05
-8.97378e-06
2.84043e-05
-8.51253e-06
2.74382e-05
-7.42494e-06
2.47125e-05
-4.92581e-06
2.10391e-05
-1.04189e-06
1.79098e-05
1.50815e-05
3.24214e-06
2.01434e-05
-1.75456e-05
3.38605e-05
-2.19686e-05
4.36044e-05
-2.17616e-05
5.32187e-05
-1.81652e-05
5.90047e-05
-1.59521e-05
6.05202e-05
-1.46181e-05
6.16437e-05
-1.03611e-05
5.81893e-05
-2.86873e-06
5.92167e-05
4.31899e-06
5.54028e-05
1.4991e-05
4.84575e-05
3.26912e-05
4.542e-05
5.72263e-05
4.39677e-05
6.85285e-05
1.64599e-05
4.8984e-05
-9.15305e-08
3.22254e-05
-1.88162e-05
4.22616e-05
-3.01072e-05
3.90358e-05
-2.41456e-05
2.24426e-05
-2.00583e-05
2.33511e-05
-1.59621e-05
2.06168e-05
-9.4122e-06
1.44893e-05
-2.63575e-06
1.11333e-05
1.01597e-05
2.28603e-06
1.81935e-05
-3.57385e-05
2.94416e-05
-3.32162e-05
3.77336e-05
-3.00531e-05
4.55296e-05
-2.59607e-05
5.16168e-05
-2.20388e-05
5.51737e-05
-1.81745e-05
5.72291e-05
-1.24162e-05
5.78359e-05
-3.47524e-06
5.45385e-05
7.61652e-06
5.03932e-05
1.91363e-05
4.98811e-05
3.32033e-05
5.6719e-05
5.03887e-05
6.40907e-05
6.1157e-05
5.8999e-05
5.40752e-05
4.57639e-05
4.54609e-05
4.04114e-05
4.76148e-05
3.36297e-05
4.58173e-05
1.76638e-05
3.84083e-05
1.19656e-05
2.90497e-05
-2.87534e-06
3.54574e-05
-2.49163e-05
3.65298e-05
-2.1225e-05
7.4416e-06
-2.55245e-06
-8.51323e-06
1.16714e-05
-4.74094e-05
2.10545e-05
-4.25988e-05
2.84606e-05
-3.74587e-05
3.48551e-05
-3.23548e-05
4.01305e-05
-2.73137e-05
4.34701e-05
-2.15136e-05
4.49956e-05
-1.39413e-05
4.54119e-05
-3.89119e-06
4.58294e-05
7.19931e-06
4.66866e-05
1.82792e-05
5.01762e-05
2.97136e-05
5.88237e-05
4.17411e-05
7.03773e-05
4.96034e-05
7.7426e-05
4.7027e-05
8.06372e-05
4.22498e-05
8.74464e-05
4.08063e-05
9.25892e-05
4.06742e-05
9.13007e-05
3.96964e-05
8.12746e-05
3.90757e-05
7.57282e-05
4.10039e-05
7.28689e-05
3.93887e-05
5.48142e-05
2.5496e-05
1.46372e-05
3.76242e-05
6.81188e-06
-5.42208e-05
1.28472e-05
-4.86336e-05
1.76551e-05
-4.22662e-05
2.17293e-05
-3.64285e-05
2.52996e-05
-3.08836e-05
2.78711e-05
-2.40847e-05
2.93904e-05
-1.54602e-05
3.0734e-05
-5.23434e-06
3.30408e-05
4.8928e-06
3.73778e-05
1.39424e-05
4.40439e-05
2.30476e-05
5.41808e-05
3.16041e-05
6.72356e-05
3.65485e-05
7.85246e-05
3.5738e-05
8.78544e-05
3.292e-05
9.72741e-05
3.13864e-05
0.00010603
3.19178e-05
0.000111413
3.43142e-05
0.000113106
3.73819e-05
0.000114484
3.96269e-05
0.000114873
3.89991e-05
0.000106779
3.35903e-05
2.68233e-05
9.45937e-05
2.80256e-06
-5.70229e-05
5.20214e-06
-5.10327e-05
6.9065e-06
-4.39701e-05
8.28478e-06
-3.78063e-05
9.56136e-06
-3.21598e-05
1.03644e-05
-2.48874e-05
1.10914e-05
-1.61868e-05
1.23936e-05
-6.53614e-06
1.55502e-05
1.73652e-06
2.13392e-05
8.15372e-06
2.91029e-05
1.52841e-05
3.81447e-05
2.25625e-05
5.039e-05
2.43033e-05
6.27353e-05
2.33929e-05
7.39874e-05
2.16679e-05
8.5241e-05
2.01328e-05
9.566e-05
2.14987e-05
0.000104082
2.58924e-05
0.000110751
3.07125e-05
0.000115244
3.51339e-05
0.000116989
3.72531e-05
0.000114157
3.64225e-05
3.45131e-05
0.000106468
-7.1967e-07
-5.63028e-05
-1.63084e-06
-5.01211e-05
-2.92102e-06
-4.26795e-05
-4.24386e-06
-3.64831e-05
-5.83539e-06
-3.05679e-05
-7.65543e-06
-2.3067e-05
-9.15956e-06
-1.46823e-05
-9.60155e-06
-6.09381e-06
-7.90634e-06
4.16247e-08
-3.38579e-06
3.63345e-06
3.29397e-06
8.60461e-06
1.13197e-05
1.4537e-05
2.03258e-05
1.52975e-05
2.96069e-05
1.4112e-05
3.96792e-05
1.15959e-05
5.12086e-05
8.60359e-06
6.34877e-05
9.21975e-06
7.51192e-05
1.42609e-05
8.51963e-05
2.06355e-05
9.32192e-05
2.71109e-05
9.85597e-05
3.19126e-05
0.000100381
3.46012e-05
3.60983e-05
9.87962e-05
-3.49544e-06
-5.2807e-05
-7.17896e-06
-4.64371e-05
-1.08861e-05
-3.89719e-05
-1.4808e-05
-3.25609e-05
-1.90588e-05
-2.63167e-05
-2.33746e-05
-1.87508e-05
-2.71066e-05
-1.09501e-05
-2.9015e-05
-4.18505e-06
-2.76885e-05
-1.28462e-06
-2.39526e-05
-1.02211e-07
-1.93634e-05
4.01558e-06
-1.35494e-05
8.72333e-06
-8.55156e-06
1.02999e-05
-3.2459e-06
8.80658e-06
3.39525e-06
4.95499e-06
1.10832e-05
9.159e-07
2.13028e-05
-9.99593e-07
3.43506e-05
1.21337e-06
4.73618e-05
7.62448e-06
5.82877e-05
1.6185e-05
6.70385e-05
2.31619e-05
7.30681e-05
2.85718e-05
3.2829e-05
7.63378e-05
-5.50575e-06
-4.73007e-05
-1.09378e-05
-4.10046e-05
-1.6195e-05
-3.37143e-05
-2.16047e-05
-2.71509e-05
-2.70597e-05
-2.08614e-05
-3.16995e-05
-1.41107e-05
-3.46643e-05
-7.98498e-06
-3.52246e-05
-3.62448e-06
-3.40428e-05
-2.46614e-06
-3.24772e-05
-1.66756e-06
-3.02271e-05
1.76569e-06
-2.69008e-05
5.39723e-06
-2.30916e-05
6.49095e-06
-1.86541e-05
4.36931e-06
-1.37813e-05
8.24583e-08
-9.77086e-06
-3.09426e-06
-6.42307e-06
-4.34712e-06
-4.28963e-07
-4.78051e-06
9.41432e-06
-2.21861e-06
2.13489e-05
4.25047e-06
3.22231e-05
1.22879e-05
4.09436e-05
1.98511e-05
2.66689e-05
4.71043e-05
-6.45105e-06
-4.08493e-05
-1.24874e-05
-3.49679e-05
-1.79801e-05
-2.82213e-05
-2.30237e-05
-2.2107e-05
-2.74343e-05
-1.64505e-05
-3.03669e-05
-1.11778e-05
-3.15853e-05
-6.7663e-06
-3.13399e-05
-3.86967e-06
-3.12452e-05
-2.56059e-06
-3.14145e-05
-1.49806e-06
-3.00298e-05
3.81308e-07
-2.6876e-05
2.2436e-06
-2.30806e-05
2.69574e-06
-1.98467e-05
1.13566e-06
-1.78879e-05
-1.87606e-06
-1.69731e-05
-4.00885e-06
-1.65748e-05
-4.74521e-06
-1.62599e-05
-5.09521e-06
-1.40761e-05
-4.40226e-06
-8.25068e-06
-1.57489e-06
2.74465e-07
3.76275e-06
9.52407e-06
1.06018e-05
1.85049e-05
1.76885e-05
-6.49728e-06
-3.43516e-05
-1.2282e-05
-2.91829e-05
-1.7146e-05
-2.33569e-05
-2.10794e-05
-1.81732e-05
-2.39794e-05
-1.35502e-05
-2.56306e-05
-9.52637e-06
-2.60869e-05
-6.30968e-06
-2.58336e-05
-4.12269e-06
-2.55335e-05
-2.86052e-06
-2.51293e-05
-1.90204e-06
-2.39448e-05
-8.02943e-07
-2.18234e-05
1.22467e-07
-1.94286e-05
3.0108e-07
-1.76996e-05
-5.93077e-07
-1.7427e-05
-2.14848e-06
-1.80885e-05
-3.34719e-06
-1.89185e-05
-3.91498e-06
-1.99091e-05
-4.10447e-06
-2.06505e-05
-3.66073e-06
-2.00438e-05
-2.18151e-06
-1.70738e-05
7.92807e-07
-1.19333e-05
5.46118e-06
1.16028e-05
-5.03051e-06
-6.0905e-06
-2.82608e-05
-1.13263e-05
-2.39467e-05
-1.5453e-05
-1.92299e-05
-1.8462e-05
-1.51639e-05
-2.03827e-05
-1.16291e-05
-2.12658e-05
-8.64308e-06
-2.12938e-05
-6.28139e-06
-2.08263e-05
-4.58998e-06
-2.02283e-05
-3.45826e-06
-1.95264e-05
-2.60372e-06
-1.84897e-05
-1.83944e-06
-1.70966e-05
-1.27039e-06
-1.56664e-05
-1.12894e-06
-1.47362e-05
-1.52316e-06
-1.46634e-05
-2.22106e-06
-1.52483e-05
-2.76215e-06
-1.62135e-05
-2.94953e-06
-1.75195e-05
-2.79839e-06
-1.89723e-05
-2.20781e-06
-2.01192e-05
-1.0346e-06
-2.02876e-05
9.61211e-07
-1.88429e-05
4.01671e-06
8.1741e-06
-1.54138e-05
-5.59075e-06
-2.26696e-05
-1.03204e-05
-1.92167e-05
-1.39225e-05
-1.56274e-05
-1.63939e-05
-1.26923e-05
-1.78218e-05
-1.02009e-05
-1.83476e-05
-8.11704e-06
-1.81859e-05
-6.44284e-06
-1.76097e-05
-5.16593e-06
-1.68593e-05
-4.2084e-06
-1.6018e-05
-3.4449e-06
-1.50531e-05
-2.8041e-06
-1.39959e-05
-2.32739e-06
-1.3022e-05
-2.10265e-06
-1.23971e-05
-2.14785e-06
-1.22923e-05
-2.3257e-06
-1.2647e-05
-2.4073e-06
-1.33423e-05
-2.25415e-06
-1.43276e-05
-1.8129e-06
-1.55079e-05
-1.02742e-06
-1.66723e-05
1.29797e-07
-1.75329e-05
1.82186e-06
-1.75847e-05
4.06835e-06
7.00287e-06
-1.64129e-05
-5.15775e-06
-1.75116e-05
-9.5152e-06
-1.4859e-05
-1.28117e-05
-1.23306e-05
-1.50456e-05
-1.04582e-05
-1.63137e-05
-8.93259e-06
-1.67711e-05
-7.65935e-06
-1.66166e-05
-6.59713e-06
-1.60662e-05
-5.71607e-06
-1.53037e-05
-4.97075e-06
-1.4435e-05
-4.3134e-06
-1.35095e-05
-3.72936e-06
-1.25904e-05
-3.24636e-06
-1.17915e-05
-2.9014e-06
-1.1251e-05
-2.68815e-06
-1.10518e-05
-2.5247e-06
-1.11727e-05
-2.28631e-06
-1.15504e-05
-1.87625e-06
-1.21286e-05
-1.23463e-06
-1.28294e-05
-3.26503e-07
-1.35752e-05
8.75578e-07
-1.41623e-05
2.40892e-06
-1.43435e-05
4.24981e-06
6.47545e-06
-1.38157e-05
-4.82637e-06
-1.26848e-05
-8.92959e-06
-1.07554e-05
-1.20587e-05
-9.20116e-06
-1.42123e-05
-8.30434e-06
-1.54791e-05
-7.66558e-06
-1.59998e-05
-7.13842e-06
-1.59454e-05
-6.65131e-06
-1.54928e-05
-6.1684e-06
-1.47956e-05
-5.66781e-06
-1.39658e-05
-5.14303e-06
-1.30851e-05
-4.6098e-06
-1.22306e-05
-4.10069e-06
-1.14881e-05
-3.64378e-06
-1.09396e-05
-3.23647e-06
-1.063e-05
-2.83418e-06
-1.05493e-05
-2.36686e-06
-1.06562e-05
-1.76924e-06
-1.08981e-05
-9.92644e-07
-1.12061e-05
-1.83419e-08
-1.15123e-05
1.18176e-06
-1.16855e-05
2.58226e-06
-1.15906e-05
4.1547e-06
5.92397e-06
-1.10385e-05
-4.58715e-06
-8.09744e-06
-8.52036e-06
-6.82194e-06
-1.15556e-05
-6.16567e-06
-1.36897e-05
-6.16997e-06
-1.49985e-05
-6.35653e-06
-1.56022e-05
-6.53449e-06
-1.56461e-05
-6.60721e-06
-1.52825e-05
-6.5318e-06
-1.4652e-05
-6.29814e-06
-1.38717e-05
-5.92319e-06
-1.30361e-05
-5.44523e-06
-1.22253e-05
-4.9113e-06
-1.15095e-05
-4.35945e-06
-1.09429e-05
-3.80295e-06
-1.05513e-05
-3.22559e-06
-1.03268e-05
-2.59124e-06
-1.02362e-05
-1.85976e-06
-1.02306e-05
-9.98026e-07
-1.02548e-05
5.92676e-09
-1.02355e-05
1.16244e-06
-1.00922e-05
2.43902e-06
-9.73564e-06
3.7984e-06
5.23487e-06
-9.04616e-06
-4.42157e-06
-3.67544e-06
-8.24443e-06
-2.99876e-06
-1.12236e-05
-3.18628e-06
-1.33532e-05
-4.0401e-06
-1.46957e-05
-5.01375e-06
-1.53516e-05
-5.87846e-06
-1.5447e-05
-6.51155e-06
-1.51224e-05
-6.8562e-06
-1.45171e-05
-6.90328e-06
-1.37561e-05
-6.68401e-06
-1.29433e-05
-6.25792e-06
-1.21598e-05
-5.69464e-06
-1.1465e-05
-5.05408e-06
-1.08958e-05
-4.37207e-06
-1.04643e-05
-3.65693e-06
-1.01591e-05
-2.89636e-06
-9.94911e-06
-2.06961e-06
-9.78972e-06
-1.1573e-06
-9.63266e-06
-1.51026e-07
-9.41325e-06
9.43068e-07
-9.07652e-06
2.1024e-06
-8.56269e-06
3.28447e-06
4.47347e-06
-7.80078e-06
-4.3125e-06
6.37238e-07
-8.06921e-06
7.58194e-07
-1.10102e-05
-2.4505e-07
-1.31325e-05
-1.91762e-06
-1.4488e-05
-3.65799e-06
-1.51574e-05
-5.20892e-06
-1.52534e-05
-6.41538e-06
-1.4913e-05
-7.19636e-06
-1.4282e-05
-7.53417e-06
-1.34966e-05
-7.46921e-06
-1.26708e-05
-7.08355e-06
-1.18889e-05
-6.47645e-06
-1.1204e-05
-5.73884e-06
-1.06408e-05
-4.93511e-06
-1.02e-05
-4.09762e-06
-9.86322e-06
-3.23306e-06
-9.59829e-06
-2.33444e-06
-9.3635e-06
-1.39197e-06
-9.11317e-06
-4.01259e-07
-8.7982e-06
6.28113e-07
-8.37475e-06
1.67895e-06
-7.80362e-06
2.71361e-06
3.71054e-06
-7.0404e-06
-4.23031e-06
4.86794e-06
-7.93561e-06
4.46378e-06
-1.08473e-05
2.66688e-06
-1.29541e-05
1.89348e-07
-1.4298e-05
-2.31389e-06
-1.49456e-05
-4.5611e-06
-1.50009e-05
-6.35985e-06
-1.4604e-05
-7.59314e-06
-1.39106e-05
-8.22743e-06
-1.30688e-05
-8.31086e-06
-1.22019e-05
-7.95034e-06
-1.13985e-05
-7.27974e-06
-1.07099e-05
-6.42733e-06
-1.01533e-05
-5.49157e-06
-9.71985e-06
-4.53098e-06
-9.38358e-06
-3.56923e-06
-9.10884e-06
-2.60907e-06
-8.8548e-06
-1.64591e-06
-8.57918e-06
-6.768e-07
-8.2427e-06
2.91657e-07
-7.80945e-06
1.2458e-06
-7.25498e-06
2.15903e-06
3.00959e-06
-6.55357e-06
-4.13162e-06
8.99964e-06
-7.75462e-06
8.08698e-06
-1.0627e-05
5.53945e-06
-1.27071e-05
2.26963e-06
-1.40116e-05
-1.0092e-06
-1.46043e-05
-3.9682e-06
-1.45882e-05
-6.37576e-06
-1.41127e-05
-8.06856e-06
-1.33451e-05
-8.9948e-06
-1.24418e-05
-9.21406e-06
-1.15303e-05
-8.86178e-06
-1.07012e-05
-8.1087e-06
-1.0006e-05
-7.12241e-06
-9.4588e-06
-6.03866e-06
-9.04453e-06
-4.94515e-06
-8.7306e-06
-3.88307e-06
-8.47708e-06
-2.86251e-06
-8.24258e-06
-1.88031e-06
-7.9877e-06
-9.31608e-07
-7.67936e-06
-1.6675e-08
-7.28971e-06
8.56153e-07
-6.79956e-06
1.66914e-06
2.40529e-06
-6.19499e-06
-3.93975e-06
1.29398e-05
-7.43057e-06
1.15781e-05
-1.02348e-05
8.34387e-06
-1.2263e-05
4.29804e-06
-1.34939e-05
2.21844e-07
-1.39989e-05
-3.46304e-06
-1.38898e-05
-6.48469e-06
-1.33316e-05
-8.62663e-06
-1.25038e-05
-9.82242e-06
-1.1564e-05
-1.01538e-05
-1.06347e-05
-9.79095e-06
-9.80198e-06
-8.94132e-06
-9.11609e-06
-7.80822e-06
-8.59136e-06
-6.56331e-06
-8.21092e-06
-5.32552e-06
-7.93814e-06
-4.15577e-06
-7.72937e-06
-3.0712e-06
-7.54214e-06
-2.06747e-06
-7.33884e-06
-1.13485e-06
-7.08977e-06
-2.65735e-07
-6.77296e-06
5.39437e-07
-6.3759e-06
1.27196e-06
1.92196e-06
-5.89221e-06
-3.62581e-06
1.65657e-05
-6.9059e-06
1.48583e-05
-9.57408e-06
1.10122e-05
-1.15031e-05
6.22719e-06
-1.2628e-05
1.34699e-06
-1.30173e-05
-3.07359e-06
-1.2804e-05
-6.69791e-06
-1.21748e-05
-9.25574e-06
-1.1321e-05
-1.0676e-05
-1.03933e-05
-1.10814e-05
-9.49815e-06
-1.0686e-05
-8.70657e-06
-9.73282e-06
-8.06321e-06
-8.45151e-06
-7.58444e-06
-7.04202e-06
-7.25663e-06
-5.65327e-06
-7.04334e-06
-4.369e-06
-6.89894e-06
-3.21555e-06
-6.77979e-06
-2.18656e-06
-6.64938e-06
-1.2652e-06
-6.47964e-06
-4.35472e-07
-6.25365e-06
3.13425e-07
-5.96265e-06
9.81188e-07
1.56399e-06
-5.6045e-06
-3.17318e-06
1.97392e-05
-6.11983e-06
1.78052e-05
-8.57073e-06
1.34633e-05
-1.03485e-05
8.00507e-06
-1.13462e-05
2.34487e-06
-1.1616e-05
-2.80367e-06
-1.12921e-05
-7.02171e-06
-1.06169e-05
-9.93085e-06
-9.78434e-06
-1.15085e-05
-8.93025e-06
-1.19354e-05
-8.13437e-06
-1.14818e-05
-7.44154e-06
-1.04256e-05
-6.88377e-06
-9.00922e-06
-6.47918e-06
-7.44656e-06
-6.2225e-06
-5.90991e-06
-6.08353e-06
-4.50793e-06
-6.018e-06
-3.28103e-06
-5.98156e-06
-2.22295e-06
-5.93764e-06
-1.30908e-06
-5.8599e-06
-5.13209e-07
-5.73293e-06
1.86538e-07
-5.55239e-06
8.00561e-07
1.33219e-06
-5.32026e-06
-2.58365e-06
2.23228e-05
-5.06805e-06
2.02896e-05
-7.20193e-06
1.55973e-05
-8.77528e-06
9.57853e-06
-9.63322e-06
3.20291e-06
-9.79224e-06
-2.64455e-06
-9.3907e-06
-7.42317e-06
-8.70538e-06
-1.06161e-05
-7.94916e-06
-1.22646e-05
-7.23214e-06
-1.26524e-05
-6.60109e-06
-1.21128e-05
-6.06579e-06
-1.09609e-05
-5.63775e-06
-9.43723e-06
-5.33354e-06
-7.75074e-06
-5.16008e-06
-6.08334e-06
-5.10115e-06
-4.56684e-06
-5.1197e-06
-3.26245e-06
-5.17229e-06
-2.17031e-06
-5.22176e-06
-1.25959e-06
-5.24167e-06
-4.93289e-07
-5.21694e-06
1.61799e-07
-5.14489e-06
7.28752e-07
1.21749e-06
-5.02998e-06
-1.88822e-06
2.42112e-05
-3.7904e-06
2.2192e-05
-5.49802e-06
1.7305e-05
-6.81349e-06
1.08941e-05
-7.51028e-06
3.89977e-06
-7.58382e-06
-2.57095e-06
-7.17292e-06
-7.83402e-06
-6.5469e-06
-1.12421e-05
-5.93059e-06
-1.28809e-05
-5.40914e-06
-1.31738e-05
-4.9976e-06
-1.25244e-05
-4.66864e-06
-1.12898e-05
-4.40763e-06
-9.69824e-06
-4.22359e-06
-7.93478e-06
-4.13544e-06
-6.17149e-06
-4.14852e-06
-4.55375e-06
-4.24199e-06
-3.16897e-06
-4.37779e-06
-2.03449e-06
-4.51773e-06
-1.11963e-06
-4.63332e-06
-3.77704e-07
-4.70822e-06
2.36771e-07
-4.73899e-06
7.59429e-07
1.21189e-06
-4.73313e-06
-1.13884e-06
2.535e-05
-2.36328e-06
2.34164e-05
-3.53258e-06
1.84743e-05
-4.49314e-06
1.18547e-05
-5.0232e-06
4.42985e-06
-5.06599e-06
-2.52814e-06
-4.73108e-06
-8.16893e-06
-4.27605e-06
-1.16971e-05
-3.88284e-06
-1.32741e-05
-3.60844e-06
-1.34482e-05
-3.45215e-06
-1.26807e-05
-3.35841e-06
-1.13836e-05
-3.28744e-06
-9.76923e-06
-3.23464e-06
-7.98762e-06
-3.2248e-06
-6.18134e-06
-3.28786e-06
-4.49071e-06
-3.43002e-06
-3.02683e-06
-3.62752e-06
-1.83699e-06
-3.84323e-06
-9.03926e-07
-4.04419e-06
-1.76758e-07
-4.20973e-06
4.02255e-07
-4.33286e-06
8.8273e-07
1.30005e-06
-4.42091e-06
-4.1487e-07
2.5765e-05
-8.94679e-07
2.38963e-05
-1.4315e-06
1.90111e-05
-1.88442e-06
1.23076e-05
-2.16383e-06
4.70924e-06
-2.25278e-06
-2.43922e-06
-2.18222e-06
-8.23953e-06
-2.04433e-06
-1.1835e-05
-1.97087e-06
-1.33476e-05
-1.98625e-06
-1.34329e-05
-2.09998e-06
-1.2567e-05
-2.24561e-06
-1.1238e-05
-2.36735e-06
-9.64755e-06
-2.44573e-06
-7.9093e-06
-2.50199e-06
-6.12514e-06
-2.58485e-06
-4.40791e-06
-2.73465e-06
-2.87706e-06
-2.95512e-06
-1.61655e-06
-3.2174e-06
-6.41655e-07
-3.48345e-06
8.92409e-08
-3.72469e-06
6.43526e-07
-3.92756e-06
1.08548e-06
1.46661e-06
-4.09395e-06
2.30137e-07
2.55347e-05
5.0792e-07
2.36184e-05
6.57781e-07
1.88612e-05
8.91766e-07
1.20735e-05
9.551e-07
4.64583e-06
8.03676e-07
-2.28788e-06
4.37082e-07
-7.87302e-06
4.80515e-08
-1.14461e-05
-3.17301e-07
-1.29824e-05
-6.65137e-07
-1.30852e-05
-1.05182e-06
-1.21804e-05
-1.42111e-06
-1.08688e-05
-1.71703e-06
-9.35172e-06
-1.91302e-06
-7.71339e-06
-2.02093e-06
-6.01731e-06
-2.09513e-06
-4.33379e-06
-2.20597e-06
-2.76629e-06
-2.39683e-06
-1.42574e-06
-2.66158e-06
-3.76943e-07
-2.96145e-06
3.89056e-07
-3.25635e-06
9.3835e-07
-3.52121e-06
1.35047e-06
1.69443e-06
-3.74897e-06
8.02297e-07
2.47325e-05
1.72889e-06
2.26917e-05
2.63696e-06
1.7953e-05
3.47246e-06
1.12379e-05
3.85113e-06
4.26704e-06
3.57725e-06
-2.01412e-06
2.79711e-06
-7.09299e-06
1.85512e-06
-1.05042e-05
1.02597e-06
-1.21533e-05
2.91408e-07
-1.23507e-05
-3.63977e-07
-1.15251e-05
-9.31055e-07
-1.03018e-05
-1.36782e-06
-8.91506e-06
-1.65515e-06
-7.42617e-06
-1.79883e-06
-5.87374e-06
-1.8462e-06
-4.2865e-06
-1.88129e-06
-2.73127e-06
-1.98722e-06
-1.31988e-06
-2.19878e-06
-1.65429e-07
-2.48976e-06
6.79961e-07
-2.81143e-06
1.26001e-06
-3.11948e-06
1.65837e-06
1.9669e-06
-3.39187e-06
1.28861e-06
2.34436e-05
2.76823e-06
2.1212e-05
4.24213e-06
1.6479e-05
5.4635e-06
1.00164e-05
6.01599e-06
3.71442e-06
5.68048e-06
-1.67873e-06
4.62651e-06
-6.03916e-06
3.29171e-06
-9.16955e-06
2.02348e-06
-1.08853e-05
9.02777e-07
-1.12301e-05
-2.19459e-08
-1.06005e-05
-7.55074e-07
-9.56884e-06
-1.29355e-06
-8.37671e-06
-1.64014e-06
-7.07969e-06
-1.80407e-06
-5.70992e-06
-1.82086e-06
-4.26981e-06
-1.76747e-06
-2.78475e-06
-1.74886e-06
-1.33856e-06
-1.84948e-06
-6.48777e-08
-2.08197e-06
9.12384e-07
-2.39316e-06
1.57108e-06
-2.72276e-06
1.98803e-06
2.26651e-06
-3.0224e-06
1.71086e-06
2.17329e-05
3.58398e-06
1.93388e-05
5.39318e-06
1.46697e-05
6.70101e-06
8.70845e-06
7.21597e-06
3.19932e-06
6.7958e-06
-1.2587e-06
5.61257e-06
-4.85606e-06
4.10328e-06
-7.6604e-06
2.55697e-06
-9.33908e-06
1.16441e-06
-9.83772e-06
3.92767e-08
-9.47554e-06
-8.00124e-07
-8.72956e-06
-1.39738e-06
-7.77958e-06
-1.7747e-06
-6.70249e-06
-1.94986e-06
-5.53486e-06
-1.94796e-06
-4.27181e-06
-1.82448e-06
-2.90833e-06
-1.67806e-06
-1.48506e-06
-1.62877e-06
-1.14226e-07
-1.74731e-06
1.03082e-06
-2.00736e-06
1.83111e-06
-2.33006e-06
2.31057e-06
2.58055e-06
-2.64406e-06
1.97617e-06
1.97565e-05
4.03275e-06
1.72821e-05
5.87875e-06
1.28236e-05
7.01858e-06
7.56855e-06
7.31979e-06
2.89802e-06
6.8077e-06
-7.46703e-07
5.65982e-06
-3.70825e-06
4.16566e-06
-6.16633e-06
2.57683e-06
-7.75034e-06
1.1249e-06
-8.38587e-06
-3.86769e-08
-8.31204e-06
-9.0849e-07
-7.85983e-06
-1.51954e-06
-7.1686e-06
-1.90741e-06
-6.31468e-06
-2.0967e-06
-5.34564e-06
-2.10452e-06
-4.26405e-06
-1.95963e-06
-3.05326e-06
-1.72956e-06
-1.71517e-06
-1.53455e-06
-3.09273e-07
-1.50354e-06
9.9978e-07
-1.66791e-06
1.99541e-06
-1.95985e-06
2.60259e-06
2.88916e-06
-2.26845e-06
1.92027e-06
1.78362e-05
3.88673e-06
1.53156e-05
5.49877e-06
1.12115e-05
6.3171e-06
6.75013e-06
6.36443e-06
2.8506e-06
5.80572e-06
-1.88086e-07
4.82225e-06
-2.72487e-06
3.54494e-06
-4.88911e-06
2.16225e-06
-6.36774e-06
8.88387e-07
-7.11209e-06
-1.42352e-07
-7.28138e-06
-9.26357e-07
-7.0759e-06
-1.49169e-06
-6.60334e-06
-1.86784e-06
-5.93861e-06
-2.0776e-06
-5.13595e-06
-2.13026e-06
-4.21145e-06
-2.03024e-06
-3.15333e-06
-1.80254e-06
-1.94292e-06
-1.52732e-06
-5.84536e-07
-1.35281e-06
8.25228e-07
-1.39541e-06
2.03802e-06
-1.62622e-06
2.83328e-06
3.17947e-06
-1.91654e-06
1.50094e-06
1.63351e-05
3.11231e-06
1.3704e-05
4.30023e-06
1.00234e-05
4.74644e-06
6.30373e-06
4.60012e-06
2.99674e-06
4.09265e-06
3.19204e-07
3.38268e-06
-2.01508e-06
2.47518e-06
-3.98177e-06
1.4902e-06
-5.38292e-06
5.78074e-07
-6.20012e-06
-1.77135e-07
-6.52632e-06
-7.69679e-07
-6.4835e-06
-1.21768e-06
-6.15548e-06
-1.53978e-06
-5.61663e-06
-1.75318e-06
-4.92266e-06
-1.86303e-06
-4.1017e-06
-1.86008e-06
-3.15638e-06
-1.73322e-06
-2.06985e-06
-1.50043e-06
-8.17415e-07
-1.26273e-06
5.87464e-07
-1.19278e-06
1.96797e-06
-1.36394e-06
3.00444e-06
3.44405e-06
-1.62855e-06
7.19464e-07
1.74951e-06
2.41455e-06
2.53442e-06
2.34277e-06
2.05565e-06
1.68092e-06
1.21847e-06
7.22458e-07
2.5949e-07
-1.34289e-07
-4.54846e-07
-7.09161e-07
-9.07422e-07
-1.06134e-06
-1.17738e-06
-1.25153e-06
-1.26909e-06
-1.21507e-06
-1.11087e-06
-1.08832e-06
-1.23744e-06
-1.47324e-06
-5.04822e-05
-5.3812e-06
-4.65716e-05
-3.91056e-06
-4.48109e-05
-1.76071e-06
1.46461e-06
-4.62756e-05
-8.2075e-05
-4.73465e-06
-8.17064e-05
-4.2792e-06
-8.05546e-05
-2.91256e-06
-8.07393e-07
-7.82826e-05
-8.46178e-05
-1.00501e-06
-8.67642e-05
-2.13274e-06
-8.75939e-05
-2.08289e-06
-1.79783e-06
-8.66035e-05
-6.2222e-05
6.10635e-06
-6.80249e-05
3.67014e-06
-7.16686e-05
1.56079e-06
-4.69508e-07
-7.2997e-05
-3.28241e-05
8.6018e-06
-3.4805e-05
5.65104e-06
-3.61284e-05
2.88418e-06
7.99172e-07
-3.73971e-05
-1.59877e-05
8.76944e-06
-1.68614e-05
6.52472e-06
-1.78776e-05
3.90037e-06
1.46614e-06
-1.85446e-05
-4.09148e-06
7.56555e-06
-3.84186e-06
6.27508e-06
-4.57446e-06
4.63295e-06
2.77897e-06
-5.8873e-06
4.70067e-06
6.10703e-06
5.58191e-06
5.39384e-06
5.70767e-06
4.50719e-06
3.3344e-06
5.15223e-06
4.30957e-06
4.08349e-06
6.17283e-06
3.53058e-06
7.31353e-06
3.36649e-06
3.4975e-06
7.15044e-06
-1.36396e-06
-3.06603e-06
4.52254e-06
-2.3561e-06
7.88679e-06
2.10895e-09
4.62591e-06
6.75832e-06
2.9873e-05
4.6852e-06
2.26596e-05
4.85708e-06
1.49335e-05
7.72797e-06
5.63529e-06
1.39241e-05
8.70701e-05
1.22088e-05
7.97153e-05
1.22116e-05
7.45073e-05
1.29358e-05
1.30426e-05
6.70995e-05
0.000102489
1.61876e-05
9.82491e-05
1.64514e-05
9.43236e-05
1.68607e-05
1.71256e-05
9.02401e-05
9.76113e-05
1.73725e-05
9.60449e-05
1.80176e-05
9.42053e-05
1.86999e-05
1.94561e-05
9.18744e-05
7.73026e-05
1.64078e-05
7.78827e-05
1.74375e-05
7.80827e-05
1.84994e-05
1.96953e-05
7.78432e-05
4.93403e-05
1.41719e-05
5.12742e-05
1.55034e-05
5.28561e-05
1.69173e-05
1.8486e-05
5.40651e-05
2.05149e-05
1.13456e-05
2.3184e-05
1.28344e-05
2.57014e-05
1.43994e-05
1.60791e-05
2.8108e-05
-2.09112e-06
8.40625e-06
8.6076e-07
9.88214e-06
3.87829e-06
1.13818e-05
1.28954e-05
7.06169e-06
-1.32537e-05
6.24632e-06
-1.08767e-05
7.50536e-06
-8.27261e-06
8.77728e-06
1.00667e-05
-5.44406e-06
-1.51977e-05
5.03121e-06
-1.36682e-05
5.97544e-06
-1.18308e-05
6.93984e-06
7.91611e-06
-9.68054e-06
-1.30908e-05
4.30637e-06
-1.21029e-05
4.98777e-06
-1.08434e-05
5.67995e-06
6.36945e-06
-9.29688e-06
-1.04648e-05
3.73275e-06
-9.70291e-06
4.22565e-06
-8.74129e-06
4.71827e-06
5.19603e-06
-7.5681e-06
-8.51058e-06
3.19741e-06
-7.84523e-06
3.56058e-06
-7.04065e-06
3.91343e-06
4.24354e-06
-6.08825e-06
-7.29339e-06
2.69016e-06
-6.69317e-06
2.96013e-06
-5.99467e-06
3.21495e-06
3.44293e-06
-5.19424e-06
-6.5738e-06
2.22372e-06
-6.04055e-06
2.42712e-06
-5.43668e-06
2.61082e-06
2.76539e-06
-4.7592e-06
-6.14271e-06
1.81297e-06
-5.68118e-06
1.96537e-06
-5.16656e-06
2.09624e-06
2.19686e-06
-4.59816e-06
-5.84936e-06
1.46753e-06
-5.46503e-06
1.58134e-06
-5.03992e-06
1.67094e-06
1.72948e-06
-4.57256e-06
-5.61737e-06
1.19277e-06
-5.31128e-06
1.275e-06
-4.97211e-06
1.33184e-06
1.35702e-06
-4.59977e-06
-5.40026e-06
9.88633e-07
-5.17149e-06
1.04649e-06
-4.91615e-06
1.0763e-06
1.07357e-06
-4.63271e-06
-5.18431e-06
8.52774e-07
-5.02829e-06
8.9027e-07
-4.84973e-06
8.97829e-07
8.71732e-07
-4.64796e-06
-4.95641e-06
7.79389e-07
-4.86687e-06
8.01052e-07
-4.75889e-06
7.8973e-07
7.43126e-07
-4.63026e-06
-4.71498e-06
7.61341e-07
-4.68378e-06
7.69657e-07
-4.6362e-06
7.42252e-07
6.77685e-07
-4.57083e-06
-4.44992e-06
7.90416e-07
-4.46813e-06
7.881e-07
-4.47252e-06
7.46504e-07
6.65185e-07
-4.46003e-06
-4.16161e-06
8.58121e-07
-4.21966e-06
8.45941e-07
-4.26473e-06
7.91631e-07
6.94618e-07
-4.29423e-06
-3.84564e-06
9.54861e-07
-3.93386e-06
9.34376e-07
-4.01044e-06
8.68071e-07
7.55485e-07
-4.07132e-06
-3.50804e-06
1.07102e-06
-3.61623e-06
1.04233e-06
-3.71318e-06
9.65053e-07
8.37368e-07
-3.79516e-06
-3.14924e-06
1.19781e-06
-3.26814e-06
1.16135e-06
-3.37682e-06
1.07354e-06
9.30923e-07
-3.47041e-06
-2.77524e-06
1.32895e-06
-2.89725e-06
1.28311e-06
-3.0087e-06
1.185e-06
1.02803e-06
-3.10589e-06
-2.39671e-06
1.45721e-06
-2.51414e-06
1.40069e-06
-2.62081e-06
1.29153e-06
1.12114e-06
-2.71395e-06
-2.03482e-06
1.57545e-06
-2.14069e-06
1.50634e-06
-2.23453e-06
1.3854e-06
1.20393e-06
-2.31737e-06
-1.73214e-06
1.67898e-06
-1.8209e-06
1.59519e-06
-1.89582e-06
1.46022e-06
1.26977e-06
-1.96171e-06
-1.56351e-06
-1.63969e-06
-1.70086e-06
-1.75156e-06
-3.48889e-05
1.1691e-05
-3.75392e-05
2.57678e-05
-3.76027e-05
3.87844e-05
-3.79682e-05
3.31035e-05
-4.23458e-05
1.31289e-05
-4.40072e-05
-6.34255e-06
-4.19674e-05
-1.46018e-05
-3.92767e-05
-1.45969e-05
-3.60896e-05
-1.55052e-05
-2.97841e-05
-1.21569e-05
-2.4864e-05
-6.2349e-06
-3.39656e-05
6.89663e-06
-4.35318e-05
7.24421e-06
-4.63726e-05
2.24231e-07
-4.69625e-05
-8.09671e-06
-4.6168e-05
-1.72361e-05
-4.05461e-05
-2.42399e-05
-2.74029e-05
-2.70405e-05
-3.7065e-05
-7.02012e-05
3.60958e-06
-6.07341e-05
1.63007e-05
-4.83934e-05
2.64437e-05
-3.77836e-05
2.24936e-05
-3.21391e-05
7.48452e-06
-3.05332e-05
-7.94847e-06
-3.13545e-05
-1.37805e-05
-3.5181e-05
-1.07704e-05
-4.17609e-05
-8.92525e-06
-4.39648e-05
-9.95303e-06
-4.48912e-05
-5.30847e-06
-4.83665e-05
1.03719e-05
-5.10192e-05
9.89688e-06
-4.84111e-05
-2.38386e-06
-4.50201e-05
-1.14877e-05
-4.30544e-05
-1.92018e-05
-4.07265e-05
-2.65679e-05
-3.03945e-05
-3.73725e-05
-6.74596e-05
-8.04049e-05
-2.58903e-06
-6.84915e-05
4.38727e-06
-5.31738e-05
1.1126e-05
-3.91151e-05
8.43494e-06
-2.93947e-05
-2.23594e-06
-2.53932e-05
-1.19499e-05
-2.73798e-05
-1.1794e-05
-3.6294e-05
-1.85619e-06
-4.5659e-05
4.3976e-07
-5.13287e-05
-4.28335e-06
-5.34181e-05
-3.21907e-06
-5.00516e-05
7.00539e-06
-4.56527e-05
5.49808e-06
-4.17388e-05
-6.29782e-06
-3.70105e-05
-1.6216e-05
-2.79045e-05
-2.83078e-05
-2.4039e-05
-3.04334e-05
-1.95178e-05
-4.18937e-05
-8.69773e-05
-7.15088e-05
-4.07723e-06
-6.52679e-05
-1.85358e-06
-5.42224e-05
8.04928e-08
-4.20445e-05
-3.743e-06
-3.31365e-05
-1.1144e-05
-3.17813e-05
-1.33051e-05
-3.84264e-05
-5.14888e-06
-4.64007e-05
6.11802e-06
-4.9809e-05
3.84812e-06
-5.19808e-05
-2.11159e-06
-5.44485e-05
-7.5132e-07
-4.94838e-05
2.04065e-06
-4.29358e-05
-1.04992e-06
-3.82862e-05
-1.09475e-05
-2.807e-05
-2.64322e-05
-1.20568e-05
-4.4321e-05
-5.53962e-06
-3.69505e-05
-7.23661e-06
-4.01967e-05
-9.42139e-05
-4.0673e-05
-8.01356e-07
-4.45511e-05
2.02446e-06
-4.46441e-05
1.7355e-07
-4.16059e-05
-6.78123e-06
-4.01107e-05
-1.26392e-05
-4.45503e-05
-8.86544e-06
-5.13064e-05
1.60721e-06
-5.15883e-05
6.39991e-06
-4.92152e-05
1.47503e-06
-4.85553e-05
-2.77151e-06
-4.9365e-05
5.83753e-08
-4.6899e-05
-4.25371e-07
-4.15206e-05
-6.42837e-06
-3.47728e-05
-1.76952e-05
-2.07165e-05
-4.04884e-05
-4.10806e-06
-6.09293e-05
3.71287e-06
-4.47713e-05
1.95272e-06
-3.84364e-05
-9.22611e-05
-1.68483e-05
-2.49773e-06
-1.64943e-05
1.67052e-06
-2.13788e-05
5.05798e-06
-3.03079e-05
2.14793e-06
-4.05577e-05
-2.38945e-06
-4.88487e-05
-5.74454e-07
-5.1623e-05
4.38139e-06
-5.0112e-05
4.88893e-06
-4.90332e-05
3.96278e-07
-4.81097e-05
-3.6951e-06
-4.53156e-05
-2.73567e-06
-4.18697e-05
-3.87135e-06
-3.60139e-05
-1.22841e-05
-2.65466e-05
-2.71625e-05
-1.40952e-05
-5.29398e-05
-2.54702e-06
-7.24774e-05
6.35421e-06
-5.36725e-05
6.45983e-06
-3.8542e-05
-8.58013e-05
-6.89858e-06
-1.48646e-06
-5.92813e-06
7.00061e-07
-7.47121e-06
6.60106e-06
-1.39091e-05
8.58577e-06
-2.43269e-05
8.02836e-06
-3.33886e-05
8.48717e-06
-3.73847e-05
8.3774e-06
-3.82612e-05
5.76542e-06
-3.77798e-05
-8.51738e-08
-3.64537e-05
-5.02127e-06
-3.26405e-05
-6.54887e-06
-2.76198e-05
-8.89204e-06
-2.24287e-05
-1.74752e-05
-1.62159e-05
-3.33752e-05
-8.91696e-06
-6.02387e-05
-6.47106e-06
-7.49233e-05
2.20394e-06
-6.23475e-05
9.40782e-06
-4.5746e-05
-7.63935e-05
1.5079e-06
2.15788e-06
-5.36129e-07
2.74409e-06
-2.53128e-06
8.59621e-06
-7.03355e-06
1.3088e-05
-1.50236e-05
1.60183e-05
-2.33888e-05
1.68524e-05
-2.76693e-05
1.26578e-05
-2.8067e-05
6.1631e-06
-2.64032e-05
-1.74897e-06
-2.29521e-05
-8.47238e-06
-1.69172e-05
-1.25839e-05
-1.06483e-05
-1.5161e-05
-6.79922e-06
-2.13242e-05
-3.35428e-06
-3.68202e-05
-4.00622e-06
-5.95868e-05
-9.30285e-06
-6.96264e-05
-4.09018e-06
-6.75603e-05
9.48184e-06
-5.93178e-05
-6.69118e-05
2.65328e-06
6.65503e-06
5.17389e-07
4.87998e-06
-6.69148e-07
9.78275e-06
-3.31065e-06
1.57295e-05
-1.03609e-05
2.30685e-05
-1.90007e-05
2.54923e-05
-2.36418e-05
1.72989e-05
-2.29308e-05
5.4522e-06
-1.9958e-05
-4.72182e-06
-1.47829e-05
-1.36476e-05
-7.70271e-06
-1.96641e-05
-1.26829e-06
-2.15954e-05
3.31211e-06
-2.59046e-05
5.62602e-06
-3.9134e-05
3.56628e-06
-5.75265e-05
-7.66802e-06
-5.83933e-05
-8.95734e-06
-6.62727e-05
9.69549e-06
-7.79713e-05
-5.72167e-05
-1.03681e-06
1.44501e-05
-1.38901e-07
3.98207e-06
1.23213e-06
8.41168e-06
-5.4519e-06
2.24135e-05
-1.69751e-05
3.45917e-05
-2.89233e-05
3.74406e-05
-3.33194e-05
2.16952e-05
-3.16995e-05
3.83234e-06
-2.88429e-05
-7.5785e-06
-2.33493e-05
-1.91413e-05
-1.6461e-05
-2.65525e-05
-9.28389e-06
-2.87724e-05
-1.86103e-07
-3.50024e-05
7.76402e-06
-4.70841e-05
3.75965e-05
-8.73581e-05
5.49731e-06
-2.62959e-05
-1.15961e-05
-4.91799e-05
4.37686e-06
-9.39437e-05
-5.28379e-05
1.64831e-05
1.18908e-05
7.30907e-06
1.31558e-05
-6.54978e-06
2.22705e-05
-2.02704e-05
3.61341e-05
-3.90165e-05
5.33378e-05
-6.09133e-05
5.93374e-05
-7.40546e-05
3.48366e-05
-7.1026e-05
8.03787e-07
-6.2592e-05
-1.60126e-05
-5.16207e-05
-3.01124e-05
-3.86721e-05
-3.95008e-05
-2.83472e-05
-3.90972e-05
-1.17081e-05
-5.1643e-05
2.41682e-05
-8.29594e-05
-2.33682e-05
-3.98193e-05
-2.40867e-05
-2.55746e-05
-1.45719e-05
-5.86919e-05
-1.85157e-05
-8.99953e-05
-7.13525e-05
5.00701e-05
2.89196e-05
2.96049e-05
3.36207e-05
4.75202e-06
4.7123e-05
-2.92505e-05
7.01368e-05
-6.67956e-05
9.08835e-05
-7.72385e-05
6.97803e-05
-8.56568e-05
4.32544e-05
-9.42048e-05
9.35178e-06
-8.6222e-05
-2.39952e-05
-7.04662e-05
-4.58673e-05
-4.48337e-05
-6.51329e-05
-2.91479e-05
-5.47851e-05
-4.01781e-05
-4.06127e-05
-7.04677e-05
-5.26681e-05
-7.01164e-05
-4.01694e-05
-3.7925e-05
-5.7764e-05
-1.56115e-05
-8.10027e-05
-1.52038e-05
-9.04008e-05
-8.65555e-05
7.6432e-05
4.27271e-05
5.98549e-05
5.01973e-05
4.1817e-05
6.51607e-05
2.46479e-05
8.73058e-05
2.56391e-06
0.000112968
-3.0371e-05
0.000102716
-4.79626e-05
6.08456e-05
-5.9006e-05
2.03951e-05
-6.32058e-05
-1.97959e-05
-6.07304e-05
-4.83431e-05
-6.36383e-05
-6.22253e-05
-6.87024e-05
-4.9721e-05
-6.62922e-05
-4.30231e-05
-6.83599e-05
-5.05994e-05
-4.29416e-05
-6.55872e-05
-1.65237e-05
-8.41815e-05
-4.98149e-06
-9.25445e-05
-4.78663e-06
-9.0595e-05
-9.13421e-05
8.3779e-05
5.08221e-05
7.45737e-05
5.94024e-05
6.73051e-05
7.24289e-05
6.5212e-05
8.93994e-05
7.05982e-05
0.000107583
6.09218e-05
0.000112392
3.82655e-05
8.35016e-05
2.56112e-05
3.30486e-05
1.31241e-05
-7.309e-06
-1.09605e-05
-2.42595e-05
-3.08398e-05
-4.23465e-05
-3.15337e-05
-4.90268e-05
-2.39717e-05
-5.05846e-05
-1.43548e-05
-6.02161e-05
2.10518e-08
-7.99632e-05
7.09347e-06
-9.12544e-05
8.70918e-06
-9.41606e-05
4.48689e-06
-8.63732e-05
-8.6856e-05
7.54482e-05
5.32168e-05
7.35354e-05
6.1315e-05
7.4817e-05
7.11472e-05
8.17072e-05
8.2509e-05
9.67428e-05
9.25472e-05
0.00011472
9.44147e-05
0.000120094
7.81276e-05
0.00010422
4.8922e-05
8.23736e-05
1.4538e-05
6.26807e-05
-4.5667e-06
3.94616e-05
-1.91275e-05
2.55567e-05
-3.51219e-05
2.49108e-05
-4.99388e-05
2.91963e-05
-6.45019e-05
2.91724e-05
-7.99397e-05
2.5968e-05
-8.80505e-05
1.99e-05
-8.80934e-05
1.05406e-05
-7.70149e-05
-7.63157e-05
5.67134e-05
5.05682e-05
6.05856e-05
5.74428e-05
6.71383e-05
6.45945e-05
7.75434e-05
7.21039e-05
9.40219e-05
7.60685e-05
0.0001145
7.39366e-05
0.000127608
6.50196e-05
0.000127684
4.88465e-05
0.000115366
2.68552e-05
0.000100977
9.82268e-06
8.65939e-05
-4.74466e-06
7.47923e-05
-2.33205e-05
6.62312e-05
-4.13778e-05
5.9227e-05
-5.7498e-05
4.9548e-05
-7.02611e-05
3.9392e-05
-7.78949e-05
2.5739e-05
-7.4441e-05
1.27735e-05
-6.405e-05
-6.3543e-05
3.49322e-05
4.37439e-05
4.25667e-05
4.98083e-05
5.18828e-05
5.52784e-05
6.32131e-05
6.07735e-05
7.72807e-05
6.20008e-05
9.37743e-05
5.74426e-05
0.000108617
5.01769e-05
0.000116273
4.11906e-05
0.000113486
2.9642e-05
0.000106118
1.71901e-05
9.81234e-05
3.25014e-06
8.93379e-05
-1.45351e-05
8.03505e-05
-3.23906e-05
6.99353e-05
-4.70831e-05
5.62627e-05
-5.6589e-05
4.1144e-05
-6.27766e-05
2.28632e-05
-5.61606e-05
1.09073e-05
-5.20952e-05
-5.26357e-05
1.58794e-05
3.4926e-05
2.51634e-05
4.05244e-05
3.54883e-05
4.49536e-05
4.70921e-05
4.91698e-05
5.94968e-05
4.9596e-05
7.17033e-05
4.5236e-05
8.29196e-05
3.89604e-05
9.17614e-05
3.23487e-05
9.51513e-05
2.62521e-05
9.40546e-05
1.82867e-05
9.08813e-05
6.42329e-06
8.5419e-05
-9.07302e-06
7.73552e-05
-2.43269e-05
6.51044e-05
-3.48326e-05
5.05195e-05
-4.20044e-05
3.2884e-05
-4.51414e-05
1.5469e-05
-3.8746e-05
8.14065e-06
-4.47667e-05
-4.44955e-05
2.60979e-06
2.6872e-05
1.16946e-05
3.14396e-05
2.16294e-05
3.50189e-05
3.2615e-05
3.81842e-05
4.37767e-05
3.84342e-05
5.36966e-05
3.53161e-05
6.26694e-05
2.99875e-05
7.0179e-05
2.4839e-05
7.5337e-05
2.1094e-05
7.72527e-05
1.63708e-05
7.71101e-05
6.56571e-06
7.33983e-05
-5.36131e-06
6.45359e-05
-1.54646e-05
5.15438e-05
-2.18407e-05
3.85443e-05
-2.9005e-05
2.42858e-05
-3.0883e-05
1.17952e-05
-2.62554e-05
8.71784e-06
-4.16899e-05
-3.57774e-05
-3.64433e-06
2.08356e-05
3.67806e-06
2.41173e-05
1.19803e-05
2.67168e-05
2.13455e-05
2.88191e-05
3.08108e-05
2.89689e-05
3.92889e-05
2.68379e-05
4.66038e-05
2.26726e-05
5.29084e-05
1.85344e-05
5.7948e-05
1.60543e-05
6.13958e-05
1.2923e-05
6.12348e-05
6.72662e-06
5.68511e-05
-9.77707e-07
4.7933e-05
-6.54665e-06
3.75248e-05
-1.14325e-05
2.75644e-05
-1.90447e-05
1.77827e-05
-2.11014e-05
1.30851e-05
-2.1558e-05
1.05143e-05
-3.91187e-05
-2.52634e-05
-4.93694e-06
1.64756e-05
4.40105e-07
1.87403e-05
6.72602e-06
2.0431e-05
1.39494e-05
2.15958e-05
2.1466e-05
2.14523e-05
2.83958e-05
1.99081e-05
3.42142e-05
1.68542e-05
3.91529e-05
1.35956e-05
4.35642e-05
1.1643e-05
4.6843e-05
9.64418e-06
4.71297e-05
6.43981e-06
4.30959e-05
3.05611e-06
3.67261e-05
-1.7691e-07
2.90406e-05
-3.74711e-06
2.00037e-05
-1.00078e-05
1.41311e-05
-1.52287e-05
1.33726e-05
-2.07993e-05
9.90461e-06
-3.5651e-05
-1.53585e-05
-4.29588e-06
1.32032e-05
-2.98932e-07
1.47434e-05
4.3648e-06
1.57673e-05
9.72488e-06
1.62358e-05
1.53689e-05
1.58084e-05
2.07742e-05
1.45028e-05
2.53762e-05
1.22521e-05
2.91737e-05
9.79808e-06
3.26365e-05
8.18027e-06
3.53792e-05
6.90152e-06
3.62539e-05
5.56506e-06
3.47859e-05
4.52419e-06
3.15188e-05
3.09013e-06
2.68249e-05
9.4687e-07
1.93869e-05
-2.56981e-06
1.448e-05
-1.03218e-05
1.14554e-05
-1.77748e-05
5.58339e-06
-2.97786e-05
-9.77521e-06
-3.49149e-06
1.06064e-05
-3.76256e-07
1.16282e-05
3.20301e-06
1.21881e-05
7.21139e-06
1.22275e-05
1.14113e-05
1.16085e-05
1.55116e-05
1.04026e-05
1.91113e-05
8.65247e-06
2.21246e-05
6.78475e-06
2.487e-05
5.43494e-06
2.7223e-05
4.54853e-06
2.86852e-05
4.10294e-06
2.90966e-05
4.11281e-06
2.86267e-05
3.56008e-06
2.71034e-05
2.47025e-06
2.31203e-05
1.41331e-06
1.70129e-05
-4.2143e-06
9.50424e-06
-1.0266e-05
-3.79725e-07
-1.98948e-05
-1.01547e-05
-3.0626e-06
8.4747e-06
-5.6095e-07
9.12663e-06
2.25698e-06
9.37031e-06
5.33074e-06
9.15381e-06
8.50089e-06
8.43838e-06
1.16005e-05
7.30307e-06
1.44035e-05
5.8495e-06
1.68364e-05
4.35184e-06
1.90767e-05
3.19473e-06
2.11313e-05
2.49398e-06
2.28507e-05
2.38366e-06
2.41489e-05
2.81464e-06
2.48093e-05
2.8998e-06
2.4757e-05
2.52262e-06
2.33204e-05
2.84999e-06
1.7387e-05
1.71918e-06
7.60421e-06
-4.83221e-07
-5.42666e-06
-6.86357e-06
-1.55814e-05
-2.99068e-06
6.70611e-06
-9.57298e-07
7.09331e-06
1.29046e-06
7.12265e-06
3.6857e-06
6.75867e-06
6.11531e-06
6.00885e-06
8.47264e-06
4.94581e-06
1.06341e-05
3.68806e-06
1.25605e-05
2.42554e-06
1.43458e-05
1.40953e-06
1.60553e-05
7.84535e-07
1.76981e-05
7.41013e-07
1.92059e-05
1.30689e-06
2.0219e-05
1.88681e-06
2.03999e-05
2.34187e-06
1.92825e-05
3.96745e-06
1.54421e-05
5.55968e-06
8.19946e-06
6.75959e-06
-3.25436e-06
4.59023e-06
-1.88355e-05
-3.13508e-06
5.24301e-06
-1.47943e-06
5.43774e-06
3.2345e-07
5.31988e-06
2.21167e-06
4.87056e-06
4.10332e-06
4.11729e-06
5.91686e-06
3.13236e-06
7.57867e-06
2.02633e-06
9.05743e-06
9.46867e-07
1.04048e-05
6.22367e-08
1.17005e-05
-5.11072e-07
1.30086e-05
-5.66974e-07
1.43199e-05
-4.21287e-09
1.53148e-05
8.92024e-07
1.56727e-05
1.98411e-06
1.52281e-05
4.41216e-06
1.33454e-05
7.44245e-06
9.4351e-06
1.067e-05
1.89826e-06
1.21274e-05
-1.69372e-05
-3.37942e-06
4.04983e-06
-2.04008e-06
4.09848e-06
-5.93703e-07
3.87361e-06
9.08203e-07
3.36876e-06
2.40416e-06
2.62143e-06
3.82948e-06
1.70712e-06
5.12287e-06
7.33036e-07
6.26041e-06
-1.90575e-07
7.2619e-06
-9.3915e-07
8.13838e-06
-1.38743e-06
8.98584e-06
-1.41431e-06
9.89933e-06
-9.17563e-07
1.06958e-05
9.56472e-08
1.11815e-05
1.49864e-06
1.14215e-05
4.17228e-06
1.12333e-05
7.63076e-06
9.85373e-06
1.20497e-05
6.82909e-06
1.51521e-05
-1.0108e-05
-3.65042e-06
3.10048e-06
-2.58482e-06
3.03297e-06
-1.43294e-06
2.72184e-06
-2.35669e-07
2.1716e-06
9.5675e-07
1.42911e-06
2.09641e-06
5.67559e-07
3.14181e-06
-3.12257e-07
4.04926e-06
-1.09792e-06
4.78795e-06
-1.67773e-06
5.37687e-06
-1.97623e-06
5.85812e-06
-1.89541e-06
6.31156e-06
-1.37086e-06
6.77192e-06
-3.64559e-07
7.16792e-06
1.1028e-06
7.76627e-06
3.57408e-06
8.69596e-06
6.70119e-06
9.42898e-06
1.13167e-05
9.46398e-06
1.51173e-05
-6.43941e-07
-3.90603e-06
2.37378e-06
-3.08206e-06
2.20906e-06
-2.18192e-06
1.8218e-06
-1.23531e-06
1.22509e-06
-2.78081e-07
4.71986e-07
6.4753e-07
-3.57954e-07
1.51206e-06
-1.17668e-06
2.25639e-06
-1.84214e-06
2.86816e-06
-2.28938e-06
3.29833e-06
-2.40628e-06
3.55343e-06
-2.15037e-06
3.67943e-06
-1.49671e-06
3.73744e-06
-4.22412e-07
3.81747e-06
1.02294e-06
4.33501e-06
3.05668e-06
5.55388e-06
5.48246e-06
7.18482e-06
9.68597e-06
8.4523e-06
1.385e-05
7.80847e-06
-4.12201e-06
1.84785e-06
-3.51205e-06
1.59918e-06
-2.83128e-06
1.14112e-06
-2.09954e-06
4.93448e-07
-1.34294e-06
-2.84513e-07
-5.8803e-07
-1.11277e-06
1.23624e-07
-1.88824e-06
7.77755e-07
-2.49616e-06
1.31597e-06
-2.82748e-06
1.70234e-06
-2.79252e-06
1.88189e-06
-2.32978e-06
1.84813e-06
-1.4628e-06
1.63663e-06
-2.10749e-07
1.34952e-06
1.3102e-06
1.40971e-06
2.99665e-06
2.11452e-06
4.77778e-06
3.5721e-06
8.22851e-06
4.69306e-06
1.27292e-05
1.25017e-05
-4.28238e-06
1.49995e-06
-3.85947e-06
1.17632e-06
-3.36942e-06
6.51158e-07
-2.82526e-06
-5.06253e-08
-2.24357e-06
-8.6612e-07
-1.64334e-06
-1.71292e-06
-1.04284e-06
-2.48864e-06
-4.74093e-07
-3.06481e-06
2.41571e-08
-3.32562e-06
4.06159e-07
-3.1744e-06
6.28783e-07
-2.55228e-06
6.2037e-07
-1.45425e-06
3.64082e-07
4.56836e-08
-9.68348e-08
1.77127e-06
-5.03946e-07
3.40389e-06
-5.31565e-07
4.80552e-06
3.54092e-07
7.34298e-06
1.43029e-06
1.16532e-05
1.3932e-05
-4.37497e-06
1.3041e-06
-4.11091e-06
9.12304e-07
-3.78342e-06
3.2373e-07
-3.40214e-06
-4.31832e-07
-2.97431e-06
-1.29389e-06
-2.51254e-06
-2.17461e-06
-2.03752e-06
-2.96358e-06
-1.55447e-06
-3.54778e-06
-1.09141e-06
-3.78858e-06
-6.81612e-07
-3.58409e-06
-3.82502e-07
-2.85127e-06
-2.55675e-07
-1.58095e-06
-3.6543e-07
1.55573e-07
-7.38264e-07
2.14424e-06
-1.33264e-06
3.99839e-06
-1.89305e-06
5.36604e-06
-1.80904e-06
7.25909e-06
-6.90232e-07
1.05345e-05
1.32419e-05
-4.39003e-06
1.23407e-06
-4.25531e-06
7.77601e-07
-4.06e-06
1.28464e-07
-3.81347e-06
-6.78304e-07
-3.52177e-06
-1.58553e-06
-3.19623e-06
-2.5001e-06
-2.84047e-06
-3.31927e-06
-2.46324e-06
-3.92493e-06
-2.06457e-06
-4.18717e-06
-1.66353e-06
-3.98504e-06
-1.2937e-06
-3.221e-06
-1.00908e-06
-1.86547e-06
-8.91456e-07
3.80618e-08
-1.01432e-06
2.26722e-06
-1.45923e-06
4.4434e-06
-2.19167e-06
6.09857e-06
-2.50902e-06
7.57651e-06
-1.72055e-06
9.74619e-06
1.15214e-05
-4.32226e-06
1.26208e-06
-4.28708e-06
7.42436e-07
-4.19407e-06
3.54789e-08
-4.05427e-06
-8.18071e-07
-3.87758e-06
-1.76218e-06
-3.67375e-06
-2.7039e-06
-3.44534e-06
-3.54764e-06
-3.18694e-06
-4.18327e-06
-2.88654e-06
-4.4875e-06
-2.53704e-06
-4.33448e-06
-2.1418e-06
-3.61616e-06
-1.75196e-06
-2.25522e-06
-1.41303e-06
-3.00776e-07
-1.24695e-06
2.10122e-06
-1.36893e-06
4.56546e-06
-1.87097e-06
6.60068e-06
-2.33434e-06
8.03998e-06
-1.94136e-06
9.35321e-06
9.58014e-06
-4.17103e-06
1.36173e-06
-4.20662e-06
7.78019e-07
-4.18744e-06
1.63043e-08
-4.12558e-06
-8.79914e-07
-4.04257e-06
-1.84518e-06
-3.94782e-06
-2.79863e-06
-3.84255e-06
-3.65287e-06
-3.71445e-06
-4.31134e-06
-3.53798e-06
-4.66393e-06
-3.28269e-06
-4.58973e-06
-2.93358e-06
-3.96521e-06
-2.49162e-06
-2.69713e-06
-2.01625e-06
-7.7608e-07
-1.59269e-06
1.67772e-06
-1.37084e-06
4.34367e-06
-1.49497e-06
6.72485e-06
-1.80193e-06
8.34695e-06
-1.59506e-06
9.14653e-06
7.98503e-06
-3.94046e-06
1.50699e-06
-4.01952e-06
8.57062e-07
-4.04575e-06
4.25194e-08
-4.04026e-06
-8.85401e-07
-4.02842e-06
-1.85702e-06
-4.02597e-06
-2.80106e-06
-4.03474e-06
-3.64409e-06
-4.03848e-06
-4.30757e-06
-4.00163e-06
-4.70075e-06
-3.87812e-06
-4.71321e-06
-3.62299e-06
-4.2203e-06
-3.21543e-06
-3.10465e-06
-2.6753e-06
-1.31617e-06
-2.07931e-06
1.08177e-06
-1.56155e-06
3.82595e-06
-1.29428e-06
6.45761e-06
-1.28736e-06
8.34011e-06
-1.10367e-06
8.96277e-06
6.88149e-06
-3.6385e-06
1.67501e-06
-3.73741e-06
9.55937e-07
-3.78664e-06
9.17282e-08
-3.81552e-06
-8.5654e-07
-3.8546e-06
-1.81795e-06
-3.92713e-06
-2.72854e-06
-4.0351e-06
-3.53612e-06
-4.16133e-06
-4.18134e-06
-4.26503e-06
-4.59704e-06
-4.2889e-06
-4.68932e-06
-4.17014e-06
-4.33904e-06
-3.85709e-06
-3.41768e-06
-3.33719e-06
-1.83605e-06
-2.65712e-06
4.01725e-07
-1.93323e-06
3.10208e-06
-1.33121e-06
5.85559e-06
-9.87353e-07
7.99623e-06
-7.17314e-07
8.69291e-06
6.1641e-06
-3.27643e-06
1.84551e-06
-3.37575e-06
1.05522e-06
-3.43054e-06
1.46494e-07
-3.47808e-06
-8.09017e-07
-3.55493e-06
-1.74112e-06
-3.684e-06
-2.59949e-06
-3.87241e-06
-3.34772e-06
-4.10122e-06
-3.95253e-06
-4.3302e-06
-4.36807e-06
-4.49816e-06
-4.52136e-06
-4.5302e-06
-4.307e-06
-4.35607e-06
-3.59181e-06
-3.92449e-06
-2.26762e-06
-3.24537e-06
-2.77388e-07
-2.41324e-06
2.26996e-06
-1.57442e-06
5.01678e-06
-9.23438e-07
7.34532e-06
-4.93176e-07
8.26253e-06
5.67105e-06
-2.87067e-06
2.00219e-06
-2.95689e-06
1.14142e-06
-3.0076e-06
1.97198e-07
-3.06672e-06
-7.49899e-07
-3.17286e-06
-1.63496e-06
-3.34733e-06
-2.42502e-06
-3.59428e-06
-3.10075e-06
-3.89763e-06
-3.64916e-06
-4.22164e-06
-4.04404e-06
-4.50861e-06
-4.23437e-06
-4.6843e-06
-4.13129e-06
-4.65673e-06
-3.61936e-06
-4.36335e-06
-2.56098e-06
-3.76559e-06
-8.75125e-07
-2.90946e-06
1.41386e-06
-1.9344e-06
4.04174e-06
-1.04423e-06
6.45511e-06
-4.12864e-07
7.63135e-06
5.25814e-06
-2.44858e-06
2.13337e-06
-2.51651e-06
1.20933e-06
-2.56385e-06
2.44525e-07
-2.63694e-06
-6.76827e-07
-2.77116e-06
-1.50076e-06
-2.98058e-06
-2.21561e-06
-3.26551e-06
-2.81584e-06
-3.61269e-06
-3.30199e-06
-3.99157e-06
-3.66518e-06
-4.35796e-06
-3.868e-06
-4.63903e-06
-3.85023e-06
-4.75303e-06
-3.50537e-06
-4.60494e-06
-2.70909e-06
-4.1333e-06
-1.34679e-06
-3.33435e-06
6.14888e-07
-2.31779e-06
3.02515e-06
-1.27714e-06
5.4145e-06
-4.5247e-07
6.80656e-06
4.80564e-06
-2.0623e-06
2.2339e-06
-2.11584e-06
1.26283e-06
-2.16364e-06
2.92288e-07
-2.26312e-06
-5.77384e-07
-2.42439e-06
-1.33953e-06
-2.65769e-06
-1.98234e-06
-2.96076e-06
-2.51282e-06
-3.31881e-06
-2.94399e-06
-3.71566e-06
-3.26838e-06
-4.11292e-06
-3.47078e-06
-4.45154e-06
-3.51167e-06
-4.66139e-06
-3.29557e-06
-4.63851e-06
-2.73201e-06
-4.30283e-06
-1.68253e-06
-3.60968e-06
-7.83059e-08
-2.6421e-06
2.05752e-06
-1.5524e-06
4.3247e-06
-5.80322e-07
5.83446e-06
4.22531e-06
-1.83396e-06
-1.89412e-06
-1.96917e-06
-2.07466e-06
-2.23443e-06
-2.45052e-06
-2.71619e-06
-3.02634e-06
-3.36524e-06
-3.71209e-06
-4.03577e-06
-4.26924e-06
-4.34463e-06
-4.1635e-06
-3.65704e-06
-2.82325e-06
-1.80967e-06
-7.92386e-07
)
;

boundaryField
{
    leftWall
    {
        type            calculated;
        value           uniform 0;
    }
    rightWall
    {
        type            calculated;
        value           uniform 0;
    }
    lowerWall
    {
        type            calculated;
        value           uniform 0;
    }
    atmosphere
    {
        type            calculated;
        value           nonuniform List<scalar> 
46
(
1.56155e-05
1.26739e-05
9.35821e-06
6.18376e-06
3.18829e-06
6.06227e-07
-1.64044e-06
-3.51941e-06
-4.88699e-06
-5.73724e-06
-6.13262e-06
-6.16302e-06
-5.90123e-06
-5.41843e-06
-4.76881e-06
-3.98571e-06
-3.08229e-06
-2.05234e-06
-8.71476e-07
4.83226e-07
1.9454e-06
3.15351e-06
3.67979e-06
1.76918e-06
1.67121e-06
1.52131e-06
1.32044e-06
2.31628e-06
1.32298e-06
3.6732e-07
-4.71911e-07
-1.17977e-06
-1.76627e-06
-2.24716e-06
-2.63386e-06
-2.92949e-06
-3.12395e-06
-3.18801e-06
-3.06213e-06
-2.65664e-06
-1.86368e-06
-5.84782e-07
1.2237e-06
3.31111e-06
4.81717e-06
3.43293e-06
)
;
    }
    defaultFaces
    {
        type            empty;
        value           nonuniform List<scalar> 0();
    }
}


// ************************************************************************* //
