/*--------------------------------*- C++ -*----------------------------------*\
| =========                 |                                                 |
| \\      /  F ield         | OpenFOAM: The Open Source CFD Toolbox           |
|  \\    /   O peration     | Version:  2312                                  |
|   \\  /    A nd           | Website:  www.openfoam.com                      |
|    \\/     M anipulation  |                                                 |
\*---------------------------------------------------------------------------*/
FoamFile
{
    version     2.0;
    format      ascii;
    arch        "LSB;label=32;scalar=64";
    class       surfaceScalarField;
    location    "3.5";
    object      phi;
}
// * * * * * * * * * * * * * * * * * * * * * * * * * * * * * * * * * * * * * //

dimensions      [0 3 -1 0 0 0 0];

oriented        oriented;

internalField   nonuniform List<scalar> 
4432
(
1.20849e-06
-1.20854e-06
1.79634e-06
-5.87902e-07
2.41984e-06
-6.23541e-07
3.1529e-06
-7.33094e-07
3.99076e-06
-8.3789e-07
4.89562e-06
-9.04889e-07
5.83263e-06
-9.37026e-07
6.77859e-06
-9.45982e-07
7.71402e-06
-9.3545e-07
8.61441e-06
-9.00403e-07
9.44703e-06
-8.32629e-07
1.01716e-05
-7.24564e-07
1.0745e-05
-5.73413e-07
1.11214e-05
-3.76404e-07
1.12534e-05
-1.32012e-07
1.10656e-05
1.87734e-07
1.04794e-05
5.86158e-07
9.4641e-06
1.01531e-06
8.06302e-06
1.40107e-06
6.31421e-06
1.74881e-06
4.28445e-06
2.02977e-06
2.0057e-06
2.27877e-06
2.00573e-06
3.83647e-07
-1.59226e-06
9.12193e-07
-1.11652e-06
1.55987e-06
-1.27129e-06
2.35066e-06
-1.52395e-06
3.27031e-06
-1.7576e-06
4.25958e-06
-1.8942e-06
5.27707e-06
-1.95456e-06
6.29885e-06
-1.96777e-06
7.30223e-06
-1.93882e-06
8.2647e-06
-1.86284e-06
9.15204e-06
-1.71993e-06
9.92398e-06
-1.49646e-06
1.05378e-05
-1.18725e-06
1.09515e-05
-7.90013e-07
1.11243e-05
-3.04786e-07
1.09743e-05
3.37673e-07
1.04118e-05
1.14861e-06
9.41224e-06
2.01481e-06
8.02842e-06
2.78482e-06
6.30373e-06
3.4734e-06
4.29834e-06
4.03505e-06
2.05434e-06
4.52264e-06
4.05993e-06
3.05356e-08
-1.62283e-06
4.26902e-07
-1.51292e-06
1.01604e-06
-1.86046e-06
1.79903e-06
-2.30695e-06
2.73477e-06
-2.69336e-06
3.75119e-06
-2.91062e-06
4.80497e-06
-3.00833e-06
5.87175e-06
-3.03454e-06
6.92331e-06
-2.99035e-06
7.93737e-06
-2.87688e-06
8.87965e-06
-2.66218e-06
9.70403e-06
-2.32083e-06
1.03699e-05
-1.85311e-06
1.08361e-05
-1.25627e-06
1.10739e-05
-5.42591e-07
1.09939e-05
4.17635e-07
1.04726e-05
1.66989e-06
9.50656e-06
2.98083e-06
8.16574e-06
4.12558e-06
6.49867e-06
5.14042e-06
4.53824e-06
5.9954e-06
2.3311e-06
6.72971e-06
6.39101e-06
-8.7352e-08
-1.53553e-06
1.97341e-07
-1.79766e-06
7.17619e-07
-2.38078e-06
1.46351e-06
-3.05287e-06
2.3745e-06
-3.60436e-06
3.37711e-06
-3.91324e-06
4.43927e-06
-4.07051e-06
5.52766e-06
-4.12293e-06
6.60452e-06
-4.06721e-06
7.65461e-06
-3.92697e-06
8.64317e-06
-3.65074e-06
9.51303e-06
-3.19071e-06
1.02175e-05
-2.55764e-06
1.07242e-05
-1.76293e-06
1.10496e-05
-8.68008e-07
1.10745e-05
3.92718e-07
1.06065e-05
2.13792e-06
9.68803e-06
3.89923e-06
8.40407e-06
5.40954e-06
6.80959e-06
6.73488e-06
4.85565e-06
7.94932e-06
2.54698e-06
9.03834e-06
8.93796e-06
-3.12562e-08
-1.50427e-06
2.20847e-07
-2.04976e-06
7.00084e-07
-2.86001e-06
1.38578e-06
-3.73855e-06
2.21645e-06
-4.43502e-06
3.15612e-06
-4.8529e-06
4.20536e-06
-5.11973e-06
5.28115e-06
-5.19873e-06
6.31267e-06
-5.09873e-06
7.32108e-06
-4.9354e-06
8.31126e-06
-4.64094e-06
9.22663e-06
-4.1061e-06
9.98905e-06
-3.32008e-06
1.05138e-05
-2.28772e-06
1.0904e-05
-1.25816e-06
1.09885e-05
3.08165e-07
1.05306e-05
2.59578e-06
9.63503e-06
4.79486e-06
8.46372e-06
6.58087e-06
7.0424e-06
8.15621e-06
5.18904e-06
9.80269e-06
2.66815e-06
1.15593e-05
1.16061e-05
2.35629e-07
-1.74004e-06
6.34039e-07
-2.44826e-06
1.19532e-06
-3.42135e-06
1.89808e-06
-4.44134e-06
2.64136e-06
-5.1783e-06
3.40897e-06
-5.62047e-06
4.32144e-06
-6.0322e-06
5.26693e-06
-6.14423e-06
6.08264e-06
-5.91445e-06
6.77661e-06
-5.62938e-06
7.42737e-06
-5.2917e-06
8.10273e-06
-4.78147e-06
8.76903e-06
-3.9864e-06
9.30091e-06
-2.81961e-06
9.82249e-06
-1.77974e-06
1.00182e-05
1.12407e-07
9.56848e-06
3.04555e-06
8.54657e-06
5.81679e-06
7.53003e-06
7.59744e-06
6.31398e-06
9.37232e-06
4.8294e-06
1.12873e-05
2.94914e-06
1.34396e-05
1.45554e-05
2.13204e-06
-3.8722e-06
3.12608e-06
-3.44247e-06
3.86086e-06
-4.15625e-06
4.36549e-06
-4.94604e-06
4.45128e-06
-5.26412e-06
4.08435e-06
-5.25358e-06
4.09611e-06
-6.04398e-06
4.65411e-06
-6.70222e-06
5.49612e-06
-6.75643e-06
6.18936e-06
-6.32257e-06
6.58369e-06
-5.68598e-06
6.75111e-06
-4.94884e-06
7.01021e-06
-4.24546e-06
7.23067e-06
-3.04004e-06
7.61489e-06
-2.16393e-06
7.97713e-06
-2.49834e-07
8.2406e-06
2.78207e-06
7.63289e-06
6.42449e-06
6.35313e-06
8.87715e-06
5.44337e-06
1.0282e-05
3.77046e-06
1.29601e-05
2.22798e-06
1.4982e-05
1.67833e-05
2.03896e-06
-5.91132e-06
3.05335e-06
-4.45697e-06
3.59639e-06
-4.69935e-06
3.80478e-06
-5.15448e-06
3.87475e-06
-5.33412e-06
3.88001e-06
-5.25884e-06
2.48699e-06
-4.65094e-06
5.29017e-07
-4.7442e-06
-1.42053e-07
-6.0853e-06
-3.54738e-07
-6.10982e-06
-7.04412e-07
-5.33624e-06
-1.56486e-06
-4.08832e-06
-2.05001e-06
-3.76026e-06
-1.92749e-06
-3.16253e-06
-1.0915e-06
-2.99993e-06
8.36636e-07
-2.17801e-06
3.181e-06
4.37646e-07
4.15653e-06
5.44884e-06
2.85846e-06
1.0175e-05
2.45892e-06
1.06813e-05
2.67863e-06
1.27402e-05
1.85379e-06
1.58066e-05
1.86368e-05
7.34971e-07
-7.34966e-07
1.18784e-06
-4.52858e-07
1.72325e-06
-5.35402e-07
3.28106e-06
-1.55781e-06
5.25884e-06
-1.97779e-06
6.83025e-06
-1.57141e-06
8.00808e-06
-1.17783e-06
8.54221e-06
-5.34118e-07
8.39855e-06
1.4368e-07
7.19841e-06
1.20014e-06
5.52482e-06
1.67359e-06
3.76474e-06
1.76008e-06
2.43452e-06
1.33023e-06
2.0582e-06
3.7632e-07
2.27111e-06
-2.12911e-07
1.95886e-06
3.12253e-07
1.09122e-06
8.67636e-07
3.78711e-07
7.1251e-07
3.78706e-07
1.6329e-06
-2.36786e-06
2.0049e-06
-8.2486e-07
2.78421e-06
-1.3147e-06
4.44158e-06
-3.21518e-06
6.73364e-06
-4.26984e-06
8.74589e-06
-3.58365e-06
1.0344e-05
-2.7759e-06
1.09104e-05
-1.10058e-06
1.05817e-05
4.72457e-07
9.29325e-06
2.4886e-06
7.63267e-06
3.33416e-06
5.05294e-06
4.33983e-06
3.08089e-06
3.30231e-06
2.13853e-06
1.3187e-06
1.82507e-06
1.00566e-07
1.44598e-06
6.91351e-07
8.79247e-07
1.43438e-06
3.59806e-07
1.23195e-06
7.38515e-07
3.65742e-07
-2.73359e-06
9.38561e-07
-1.39766e-06
2.07495e-06
-2.45107e-06
4.07106e-06
-5.21126e-06
6.49667e-06
-6.69541e-06
8.57158e-06
-5.65852e-06
1.04803e-05
-4.68461e-06
1.16914e-05
-2.3117e-06
1.13812e-05
7.82742e-07
1.02572e-05
3.61259e-06
7.31176e-06
6.27959e-06
4.24086e-06
7.41076e-06
3.49657e-06
4.04662e-06
2.98484e-06
1.83043e-06
1.55251e-06
1.53289e-06
7.30955e-07
1.51291e-06
3.37088e-07
1.82824e-06
2.6503e-07
1.304e-06
1.00354e-06
-1.37446e-06
-1.35912e-06
-1.50313e-06
-1.26894e-06
1.04421e-06
-4.99833e-06
3.65492e-06
-7.82189e-06
5.47798e-06
-8.51838e-06
7.49337e-06
-7.67383e-06
1.03067e-05
-7.49788e-06
1.42444e-05
-6.24935e-06
1.45404e-05
4.86846e-07
1.22658e-05
5.88729e-06
4.10112e-06
1.44443e-05
1.74939e-06
9.76255e-06
8.06343e-06
-2.26735e-06
1.20094e-05
-2.11546e-06
1.01776e-05
3.36474e-06
6.94707e-06
4.74348e-06
4.12528e-06
4.65005e-06
1.91548e-06
3.51382e-06
2.91902e-06
-7.8383e-06
6.47922e-06
-7.84245e-06
-1.26472e-06
-1.87123e-06
-1.09695e-05
1.97e-06
-1.16631e-05
2.51142e-06
-9.05978e-06
3.08389e-06
-8.24629e-06
3.97848e-06
-8.39248e-06
1.00829e-05
-1.23537e-05
1.39687e-05
-3.39895e-06
4.05699e-06
1.5799e-05
-1.9105e-06
2.04118e-05
2.85731e-06
4.99475e-06
7.83893e-06
-7.24896e-06
1.20581e-05
-6.33463e-06
1.45984e-05
8.24433e-07
1.41143e-05
5.22751e-06
1.15198e-05
7.24452e-06
4.80353e-06
1.02301e-05
7.7225e-06
-9.93606e-06
1.64153e-05
-6.29563e-06
-4.90509e-06
-8.99282e-07
-1.63658e-05
1.28805e-06
-1.38503e-05
1.3907e-06
-9.16234e-06
1.94163e-06
-8.79713e-06
2.35289e-06
-8.80365e-06
3.86964e-06
-1.38704e-05
9.30524e-06
-8.8345e-06
3.42676e-06
2.16776e-05
3.81867e-06
2.002e-05
7.32315e-06
1.49034e-06
8.86321e-06
-8.78898e-06
8.99004e-06
-6.46141e-06
7.90984e-06
1.90466e-06
6.21301e-06
6.92437e-06
5.45654e-06
8.00099e-06
3.24532e-06
1.24413e-05
1.09679e-05
-5.35316e-06
2.17685e-05
-2.05391e-06
-8.20426e-06
2.09963e-06
-2.05192e-05
2.89029e-06
-1.46409e-05
2.16798e-06
-8.43994e-06
1.74435e-06
-8.3734e-06
1.56392e-06
-8.62313e-06
-6.65274e-07
-1.16411e-05
1.56391e-06
-1.10636e-05
3.83937e-06
1.94022e-05
8.07874e-06
1.57808e-05
1.07598e-05
-1.19063e-06
9.37639e-06
-7.40556e-06
5.44819e-06
-2.53317e-06
1.4329e-06
5.91998e-06
6.52228e-07
7.70506e-06
1.9966e-06
6.65664e-06
2.02326e-06
1.24147e-05
1.29912e-05
-7.25728e-07
2.24943e-05
2.67344e-06
-1.16034e-05
4.28062e-06
-2.21264e-05
3.77359e-06
-1.41338e-05
2.70703e-06
-7.37332e-06
1.47121e-06
-7.13752e-06
7.4772e-07
-7.89958e-06
-2.56178e-06
-8.33155e-06
-4.05331e-06
-9.57204e-06
3.16246e-06
1.21865e-05
8.87607e-06
1.00672e-05
1.08976e-05
-3.21217e-06
6.83926e-06
-3.34717e-06
1.44964e-06
2.85647e-06
-2.41055e-06
9.78017e-06
-2.80583e-06
8.10034e-06
-2.36437e-07
4.08727e-06
4.97263e-07
1.1681e-05
1.34885e-05
-4.57879e-08
-5.86558e-06
-8.14143e-07
-3.68867e-06
-3.4133e-06
-2.10023e-06
-6.44023e-06
-2.12758e-06
-9.26291e-06
-2.51143e-06
-1.22396e-05
-2.28209e-06
-1.45519e-05
-2.33867e-06
-1.58339e-05
-3.46212e-06
-1.71987e-05
-4.72052e-06
-1.84382e-05
-4.87029e-06
-1.92877e-05
-4.48671e-06
-1.91375e-05
-4.23854e-06
-1.88981e-05
-3.99967e-06
-1.76313e-05
-4.42941e-06
-1.40927e-05
-6.53856e-06
-9.72752e-06
-6.5433e-06
-7.23078e-06
-2.05921e-06
-5.63716e-06
3.85507e-06
-1.75093e-06
6.28862e-06
2.28676e-06
6.64346e-06
8.71773e-06
6.30911e-06
1.72504e-05
7.27379e-06
8.81544e-06
2.70717e-05
-7.54306e-06
1.67739e-06
-1.08137e-05
-4.18058e-07
-1.14601e-05
-1.4539e-06
-1.12829e-05
-2.30483e-06
-1.12383e-05
-2.55598e-06
-1.17362e-05
-1.78428e-06
-1.27633e-05
-1.31153e-06
-1.49227e-05
-1.30283e-06
-1.74929e-05
-2.15033e-06
-1.88607e-05
-3.50258e-06
-1.85963e-05
-4.75117e-06
-1.73968e-05
-5.43806e-06
-1.6382e-05
-5.01457e-06
-1.55217e-05
-5.28977e-06
-1.50349e-05
-7.02544e-06
-1.54219e-05
-6.15636e-06
-1.72185e-05
-2.62692e-07
-1.85802e-05
5.21665e-06
-1.95864e-05
7.29483e-06
-2.12623e-05
8.31937e-06
-2.02489e-05
5.29576e-06
-1.47552e-05
1.78019e-06
-1.00962e-06
-4.93019e-06
-7.0118e-06
8.6892e-06
-8.33201e-06
9.02126e-07
-5.99456e-06
-3.79137e-06
-5.30366e-06
-2.99575e-06
-6.86142e-06
-9.98247e-07
-9.82157e-06
1.17583e-06
-1.28876e-05
1.75444e-06
-1.61687e-05
1.97818e-06
-1.89438e-05
6.24703e-07
-1.96803e-05
-2.76611e-06
-1.84143e-05
-6.01725e-06
-1.66977e-05
-7.1547e-06
-1.52148e-05
-6.49758e-06
-1.47122e-05
-5.79247e-06
-1.57783e-05
-5.95936e-06
-1.76533e-05
-4.28148e-06
-2.10694e-05
3.15337e-06
-2.57438e-05
9.89103e-06
-2.91195e-05
1.06704e-05
-3.02309e-05
9.43069e-06
-2.81696e-05
3.23446e-06
-2.47521e-05
-1.63728e-06
-6.9556e-06
-1.88062e-05
-7.55919e-06
1.62483e-05
-1.06265e-05
3.96942e-06
-1.0052e-05
-4.36589e-06
-1.2215e-05
-8.32817e-07
-1.54183e-05
2.20502e-06
-1.88155e-05
4.57299e-06
-2.17489e-05
4.68776e-06
-2.41601e-05
4.38934e-06
-2.53319e-05
1.79645e-06
-2.46596e-05
-3.43844e-06
-2.23681e-05
-8.3088e-06
-1.96457e-05
-9.87712e-06
-1.72943e-05
-8.84904e-06
-1.47034e-05
-8.38332e-06
-1.3151e-05
-7.51185e-06
-1.62839e-05
-1.14868e-06
-1.93917e-05
6.26111e-06
-2.30139e-05
1.35131e-05
-2.47244e-05
1.23809e-05
-1.9631e-05
4.33733e-06
-1.1518e-05
-4.87854e-06
-5.17327e-06
-7.98211e-06
-8.45398e-06
-3.67496e-06
-3.54091e-06
1.97893e-05
-6.49826e-06
6.92676e-06
-9.63948e-06
-1.2247e-06
-1.53122e-05
4.83989e-06
-2.20518e-05
8.94457e-06
-2.73358e-05
9.85701e-06
-3.15897e-05
8.94158e-06
-3.41793e-05
6.97889e-06
-3.44162e-05
2.03338e-06
-3.28771e-05
-4.97754e-06
-3.07213e-05
-1.04646e-05
-2.78401e-05
-1.27583e-05
-2.48954e-05
-1.17936e-05
-2.27265e-05
-1.05522e-05
-2.13882e-05
-8.85014e-06
-2.35875e-05
1.05059e-06
-2.49726e-05
7.64612e-06
-2.10495e-05
9.59002e-06
-1.28715e-05
4.20287e-06
-3.15305e-06
-5.38111e-06
2.80295e-06
-1.08346e-05
5.8093e-06
-1.09885e-05
-9.31943e-06
6.67463e-06
3.16775e-06
1.66214e-05
3.71849e-06
6.37598e-06
-1.86273e-06
4.35655e-06
-8.70456e-06
1.16817e-05
-1.59608e-05
1.62007e-05
-2.22523e-05
1.61485e-05
-2.78454e-05
1.45346e-05
-3.22026e-05
1.1336e-05
-3.50298e-05
4.86063e-06
-3.65879e-05
-3.41937e-06
-3.74502e-05
-9.60234e-06
-3.73799e-05
-1.28285e-05
-3.62412e-05
-1.29324e-05
-3.53624e-05
-1.1431e-05
-3.48105e-05
-9.40211e-06
-2.94727e-05
-4.28734e-06
-2.12869e-05
-5.39725e-07
-9.53234e-06
-2.16464e-06
3.35584e-06
-8.68532e-06
1.27267e-05
-1.4752e-05
1.7244e-05
-1.5352e-05
1.96034e-05
-1.33479e-05
-9.94059e-06
2.02245e-05
1.03093e-06
1.55905e-05
-3.235e-07
7.73047e-06
-6.55165e-06
1.05847e-05
-1.16334e-05
1.67634e-05
-1.65525e-05
2.11197e-05
-2.20021e-05
2.1598e-05
-2.67423e-05
1.92748e-05
-3.04384e-05
1.50322e-05
-3.40754e-05
8.49758e-06
-3.83293e-05
8.34433e-07
-4.22857e-05
-5.64605e-06
-4.46453e-05
-1.04691e-05
-4.40921e-05
-1.34858e-05
-3.99516e-05
-1.55718e-05
-3.32367e-05
-1.61172e-05
-2.28372e-05
-1.4687e-05
-1.00275e-05
-1.33496e-05
3.03456e-06
-1.52266e-05
1.35896e-05
-1.92403e-05
1.99116e-05
-2.1074e-05
2.41796e-05
-1.96198e-05
2.65606e-05
-1.57285e-05
-9.68821e-06
2.63083e-05
-2.09601e-06
1.76866e-05
-6.06934e-06
1.17038e-05
-1.0759e-05
1.52743e-05
-1.5169e-05
2.11732e-05
-2.01827e-05
2.61332e-05
-2.60256e-05
2.74409e-05
-3.21115e-05
2.53607e-05
-3.78118e-05
2.07325e-05
-4.29671e-05
1.36528e-05
-4.67603e-05
4.62766e-06
-4.87982e-05
-3.60829e-06
-4.81683e-05
-1.10993e-05
-4.43919e-05
-1.72625e-05
-3.81076e-05
-2.18563e-05
-2.98117e-05
-2.4413e-05
-1.92832e-05
-2.52153e-05
-7.9999e-06
-2.46323e-05
2.3673e-06
-2.5594e-05
1.16353e-05
-2.85084e-05
1.99301e-05
-2.93688e-05
2.77975e-05
-2.74869e-05
3.38786e-05
-2.18081e-05
-8.02805e-06
3.22204e-05
-3.54264e-06
2.12292e-05
-7.39576e-06
1.55569e-05
-1.05554e-05
1.84337e-05
-1.4212e-05
2.48296e-05
-2.08089e-05
3.27304e-05
-2.92364e-05
3.58684e-05
-3.75449e-05
3.36695e-05
-4.34463e-05
2.66341e-05
-4.74379e-05
1.76449e-05
-5.10533e-05
8.24455e-06
-5.17109e-05
-2.94995e-06
-5.21468e-05
-1.06621e-05
-4.89841e-05
-2.04238e-05
-4.2111e-05
-2.87274e-05
-3.27798e-05
-3.37415e-05
-2.05385e-05
-3.74542e-05
-8.12764e-06
-3.70419e-05
-1.97269e-06
-3.17486e-05
2.75959e-06
-3.32394e-05
1.07531e-05
-3.73615e-05
1.93225e-05
-3.60561e-05
1.9611e-05
-2.20965e-05
-4.44878e-06
1.60328e-05
-5.22301e-07
2.17515e-05
1.085e-08
1.50235e-05
3.52169e-07
1.80923e-05
1.23933e-07
2.50581e-05
-2.69976e-06
3.55541e-05
-8.08283e-06
4.12526e-05
-1.46355e-05
4.02244e-05
-8.0057e-06
1.99959e-05
-1.02793e-05
1.99132e-05
-5.05305e-05
4.84942e-05
-0.000101085
4.76045e-05
-0.000118907
7.16054e-06
-0.000101849
-3.74804e-05
-8.29829e-05
-4.75922e-05
-7.4222e-05
-4.25026e-05
-6.79742e-05
-4.37032e-05
-6.32175e-05
-4.17993e-05
-5.78326e-05
-3.71327e-05
-5.71123e-05
-3.39582e-05
-6.11518e-05
-3.33207e-05
-6.58376e-05
-3.1369e-05
-6.62167e-05
-2.17182e-05
-8.39401e-06
-6.22714e-05
5.67435e-06
1.60771e-05
1.15605e-05
9.13751e-06
1.92393e-05
1.04135e-05
3.36524e-05
1.0645e-05
6.12769e-05
7.9301e-06
0.000112894
-1.03648e-05
0.00010221
5.08841e-05
8.78884e-05
3.4318e-05
6.10582e-05
4.67607e-05
5.6966e-05
5.25863e-05
4.01567e-05
6.44123e-05
1.33962e-05
3.39176e-05
-1.04234e-05
-1.36613e-05
-3.12854e-05
-2.67301e-05
-4.02765e-05
-3.3512e-05
-4.33523e-05
-4.06285e-05
-4.31821e-05
-4.19704e-05
-4.20136e-05
-3.82998e-05
-4.29322e-05
-3.30388e-05
-4.80695e-05
-2.81828e-05
-5.56389e-05
-2.37984e-05
-6.07987e-05
-1.65563e-05
-5.98412e-06
-6.32067e-05
1.22586e-05
3.81861e-06
2.48531e-05
-3.45696e-06
4.47003e-05
-9.43362e-06
8.52192e-05
-2.98734e-05
0.000134644
-4.14992e-05
9.59683e-05
2.82783e-05
8.3079e-05
6.37706e-05
5.66318e-05
6.07956e-05
5.73402e-05
4.60634e-05
5.56681e-05
5.42596e-05
6.47417e-05
5.53357e-05
7.07607e-05
2.78969e-05
5.68904e-05
2.09605e-07
4.41445e-05
-1.39841e-05
3.3385e-05
-2.27513e-05
2.24244e-05
-2.96664e-05
1.29339e-05
-3.24782e-05
5.86498e-06
-3.12294e-05
4.89932e-07
-2.76624e-05
-4.35585e-06
-2.33357e-05
-1.05647e-05
-1.75879e-05
-1.73676e-05
-9.75282e-06
-1.29192e-06
-2.20571e-05
1.87338e-05
-1.49149e-05
4.81318e-05
-3.28533e-05
8.83875e-05
-4.96849e-05
0.00010608
-4.75712e-05
8.19155e-05
-1.73544e-05
4.04649e-05
6.97211e-05
2.61121e-05
7.81527e-05
3.17465e-05
5.51692e-05
3.25775e-05
4.52348e-05
4.20036e-05
4.48335e-05
5.96841e-05
3.76547e-05
6.82065e-05
1.93752e-05
6.67957e-05
1.62072e-06
6.32635e-05
-1.04516e-05
5.81691e-05
-1.76562e-05
5.0904e-05
-2.24006e-05
4.3093e-05
-2.46664e-05
3.63693e-05
-2.45051e-05
3.15711e-05
-2.28636e-05
2.89314e-05
-2.06956e-05
2.75453e-05
-1.62013e-05
2.69389e-05
-9.14487e-06
-1.2339e-06
2.68822e-05
4.32429e-05
-5.81569e-05
4.14266e-05
-3.10303e-05
2.16592e-05
-2.99117e-05
-1.49932e-05
-1.09213e-05
-6.5285e-05
3.29286e-05
-3.17973e-05
3.62466e-05
-1.28985e-06
4.76527e-05
1.52436e-05
3.86373e-05
2.55713e-05
3.49071e-05
3.93865e-05
3.10179e-05
5.42044e-05
2.28364e-05
6.2453e-05
1.11264e-05
6.4432e-05
-3.58345e-07
6.18023e-05
-7.82194e-06
5.71307e-05
-1.29844e-05
5.08703e-05
-1.614e-05
4.42758e-05
-1.80716e-05
3.85375e-05
-1.87666e-05
3.44801e-05
-1.8806e-05
3.25668e-05
-1.8782e-05
3.22461e-05
-1.588e-05
3.36344e-05
-1.05334e-05
-4.50111e-06
3.69034e-05
3.55174e-07
-5.85123e-05
1.23641e-06
-3.19109e-05
-1.17814e-05
-1.68945e-05
-2.56459e-05
2.94949e-06
-2.80709e-05
3.53537e-05
-1.94327e-05
2.76119e-05
3.19898e-06
2.50221e-05
1.63118e-05
2.55248e-05
2.65075e-05
2.47115e-05
3.7254e-05
2.02715e-05
4.68072e-05
1.32832e-05
5.18396e-05
6.09411e-06
5.1755e-05
-2.73745e-07
4.86532e-05
-4.72e-06
4.40241e-05
-8.35514e-06
3.88554e-05
-1.09711e-05
3.3552e-05
-1.27681e-05
2.87571e-05
-1.39714e-05
2.51697e-05
-1.52184e-05
2.29873e-05
-1.65995e-05
2.24111e-05
-1.53037e-05
2.422e-05
-1.2341e-05
-8.93999e-06
2.86598e-05
-1.08531e-05
-4.76581e-05
-1.46559e-05
-2.81077e-05
-1.81558e-05
-1.33938e-05
-1.85018e-05
3.29547e-06
-6.14872e-06
2.30032e-05
2.14724e-06
1.93169e-05
9.46121e-06
1.7709e-05
1.55262e-05
1.94606e-05
2.15511e-05
1.86874e-05
2.8323e-05
1.35002e-05
3.33882e-05
8.21855e-06
3.51858e-05
4.29699e-06
3.35056e-05
1.40675e-06
3.02847e-05
-1.49875e-06
2.64463e-05
-4.51644e-06
2.27326e-05
-7.25706e-06
1.88673e-05
-8.90256e-06
1.52563e-05
-1.036e-05
1.25912e-05
-1.25532e-05
1.06173e-05
-1.46253e-05
1.03423e-05
-1.50283e-05
1.24364e-05
-1.44355e-05
-1.31194e-05
1.66172e-05
-1.34344e-05
-3.42222e-05
-1.70718e-05
-2.44689e-05
-1.77179e-05
-1.27464e-05
-1.48923e-05
4.7078e-07
-4.26933e-06
1.23815e-05
1.94051e-06
1.31082e-05
4.93661e-06
1.47141e-05
8.24316e-06
1.61553e-05
1.2562e-05
1.43697e-05
1.64645e-05
9.59875e-06
1.8515e-05
6.16883e-06
1.8339e-05
4.47372e-06
1.64685e-05
3.27788e-06
1.41599e-05
8.10405e-07
1.19195e-05
-2.27551e-06
9.73638e-06
-5.07346e-06
8.06224e-06
-7.22797e-06
6.66588e-06
-8.96322e-06
5.42472e-06
-1.13116e-05
4.31967e-06
-1.35201e-05
4.29929e-06
-1.5008e-05
5.69724e-06
-1.58324e-05
-1.57371e-05
8.31548e-06
-7.75398e-06
-2.64658e-05
-1.29451e-05
-1.92758e-05
-1.50096e-05
-1.06802e-05
-1.33574e-05
-1.17983e-06
-7.5301e-06
6.55562e-06
-4.17528e-06
9.75486e-06
-1.67956e-06
1.22198e-05
1.33059e-06
1.31465e-05
4.42616e-06
1.12754e-05
5.87493e-06
8.15122e-06
6.27021e-06
5.77464e-06
6.32015e-06
4.42472e-06
6.33865e-06
3.26018e-06
5.98289e-06
1.16687e-06
5.46165e-06
-1.75363e-06
4.85834e-06
-4.46958e-06
4.41361e-06
-6.78271e-06
4.28178e-06
-8.83092e-06
3.83534e-06
-1.08648e-05
3.10317e-06
-1.27877e-05
2.50869e-06
-1.4413e-05
2.41875e-06
-1.5743e-05
-1.64287e-05
3.11154e-06
-6.4327e-06
-2.00317e-05
-1.09671e-05
-1.47397e-05
-1.33304e-05
-8.31529e-06
-1.29497e-05
-1.55904e-06
-1.0373e-05
3.98049e-06
-8.12626e-06
7.50953e-06
-5.69107e-06
9.78606e-06
-2.88087e-06
1.03377e-05
-6.11971e-07
9.00784e-06
6.49542e-07
6.89092e-06
1.39279e-06
5.0325e-06
2.18874e-06
3.62975e-06
3.2081e-06
2.24167e-06
4.17021e-06
2.05519e-07
4.6719e-06
-2.25465e-06
4.84046e-06
-4.63753e-06
4.76155e-06
-6.70326e-06
4.45506e-06
-8.52394e-06
3.81619e-06
-1.02255e-05
2.85736e-06
-1.18286e-05
1.74681e-06
-1.33023e-05
6.65277e-07
-1.46603e-05
-1.56872e-05
-7.56993e-08
-4.97727e-06
-1.50526e-05
-8.99197e-06
-1.07234e-05
-1.14975e-05
-5.80832e-06
-1.19998e-05
-1.05532e-06
-1.09179e-05
2.89995e-06
-9.15609e-06
5.74904e-06
-6.84204e-06
7.47324e-06
-4.25303e-06
7.7499e-06
-2.03453e-06
6.79052e-06
-4.30612e-07
5.28813e-06
7.93186e-07
3.80976e-06
1.9873e-06
2.43659e-06
3.26953e-06
9.60299e-07
4.36021e-06
-8.84406e-07
4.99788e-06
-2.89164e-06
5.1634e-06
-4.80244e-06
4.96203e-06
-6.50134e-06
4.462e-06
-8.02343e-06
3.66168e-06
-9.42481e-06
2.56846e-06
-1.0735e-05
1.23144e-06
-1.19647e-05
-3.00571e-07
-1.31288e-05
-1.41135e-05
-1.87336e-06
-4.30837e-06
-1.07434e-05
-7.81181e-06
-7.21888e-06
-1.00208e-05
-3.59816e-06
-1.07315e-05
-3.43504e-07
-1.0159e-05
2.32856e-06
-8.71038e-06
4.30155e-06
-6.60988e-06
5.37381e-06
-4.28458e-06
5.42565e-06
-2.19049e-06
4.69746e-06
-4.82526e-07
3.58118e-06
9.3427e-07
2.39392e-06
2.2053e-06
1.16645e-06
3.34656e-06
-1.80151e-07
4.19823e-06
-1.73535e-06
4.62808e-06
-3.32084e-06
4.65737e-06
-4.83114e-06
4.36894e-06
-6.21238e-06
3.81218e-06
-7.4662e-06
3.00154e-06
-8.61376e-06
1.93327e-06
-9.66645e-06
6.05286e-07
-1.06367e-05
-9.94425e-07
-1.1528e-05
-1.22535e-05
-2.85425e-06
-3.80567e-06
-6.93648e-06
-6.92027e-06
-4.10332e-06
-8.89412e-06
-1.62339e-06
-9.63666e-06
3.99975e-07
-9.29923e-06
1.99207e-06
-8.10905e-06
3.11231e-06
-6.36036e-06
3.62604e-06
-4.41226e-06
3.47846e-06
-2.58338e-06
2.8695e-06
-1.00677e-06
2.00547e-06
3.64712e-07
1.02331e-06
1.50835e-06
2.36404e-08
2.48272e-06
-1.15376e-06
3.14675e-06
-2.39868e-06
3.47016e-06
-3.64363e-06
3.4788e-06
-4.83921e-06
3.21586e-06
-5.94893e-06
2.71663e-06
-6.96651e-06
1.99089e-06
-7.88761e-06
1.03802e-06
-8.71325e-06
-1.49542e-07
-9.44854e-06
-1.59701e-06
-1.0081e-05
-1.05314e-05
-3.31821e-06
-3.48461e-06
-3.45157e-06
-6.30625e-06
-1.28106e-06
-8.16741e-06
2.38481e-07
-8.96653e-06
1.19986e-06
-8.8592e-06
1.88552e-06
-7.99414e-06
2.24805e-06
-6.63068e-06
2.26338e-06
-5.07069e-06
1.91927e-06
-3.52916e-06
1.32878e-06
-2.11536e-06
5.92468e-07
-8.94037e-07
-1.97216e-07
2.08316e-07
-1.07796e-06
1.08686e-06
-2.0316e-06
1.69697e-06
-3.00814e-06
2.02461e-06
-3.97067e-06
2.08127e-06
-4.89533e-06
1.89609e-06
-5.76326e-06
1.48976e-06
-6.55973e-06
8.75625e-07
-7.27305e-06
6.14852e-08
-7.89873e-06
-9.52795e-07
-8.43408e-06
-2.17716e-06
-8.85539e-06
-9.10124e-06
-3.60694e-06
-3.24882e-06
-2.01897e-07
-5.95499e-06
1.42577e-06
-7.7462e-06
2.03031e-06
-8.67282e-06
2.12713e-06
-8.80451e-06
2.01788e-06
-8.27294e-06
1.71718e-06
-7.27356e-06
1.26471e-06
-6.03427e-06
6.80694e-07
-4.72038e-06
1.56179e-08
-3.44278e-06
-6.84406e-07
-2.22452e-06
-1.41476e-06
-1.14727e-06
-2.15452e-06
-2.74339e-07
-2.90389e-06
3.41268e-07
-3.62315e-06
6.99071e-07
-4.32792e-06
8.08963e-07
-5.00472e-06
6.87174e-07
-5.64101e-06
3.57138e-07
-6.22927e-06
-1.6025e-07
-6.75527e-06
-8.51161e-07
-7.20743e-06
-1.7102e-06
-7.57441e-06
-2.72805e-06
-7.83801e-06
-7.94263e-06
-3.88591e-06
-3.12348e-06
2.92177e-06
-5.72891e-06
4.03162e-06
-7.54666e-06
3.84858e-06
-8.6013e-06
3.18233e-06
-8.95045e-06
2.36763e-06
-8.70355e-06
1.4709e-06
-7.99013e-06
5.51935e-07
-6.97337e-06
-3.35417e-07
-5.79089e-06
-1.16621e-06
-4.52754e-06
-1.94711e-06
-3.30127e-06
-2.64039e-06
-2.21267e-06
-3.24251e-06
-1.34103e-06
-3.77494e-06
-7.09993e-07
-4.25364e-06
-3.3587e-07
-4.70154e-06
-2.05796e-07
-5.13433e-06
-2.91275e-07
-5.5551e-06
-5.70917e-07
-5.94923e-06
-1.02077e-06
-6.30506e-06
-1.62114e-06
-6.60673e-06
-2.35584e-06
-6.8397e-06
-3.21091e-06
-6.98189e-06
-6.99269e-06
-4.16093e-06
-3.04464e-06
5.96709e-06
-5.61782e-06
6.60526e-06
-7.48313e-06
5.71436e-06
-8.65456e-06
4.35425e-06
-9.16862e-06
2.88223e-06
-9.10761e-06
1.41045e-06
-8.58309e-06
2.79866e-08
-7.70264e-06
-1.21528e-06
-6.56564e-06
-2.30263e-06
-5.29015e-06
-3.22201e-06
-4.03418e-06
-3.89579e-06
-2.91989e-06
-4.35625e-06
-2.042e-06
-4.6523e-06
-1.42311e-06
-4.87204e-06
-1.05881e-06
-5.06538e-06
-9.28669e-07
-5.26405e-06
-1.00773e-06
-5.47566e-06
-1.26364e-06
-5.69298e-06
-1.67214e-06
-5.89626e-06
-2.20862e-06
-6.06999e-06
-2.85564e-06
-6.19216e-06
-3.59369e-06
-6.24438e-06
-6.19068e-06
-4.39512e-06
-2.99875e-06
8.96584e-06
-5.56508e-06
9.1719e-06
-7.48127e-06
7.63094e-06
-8.74672e-06
5.62015e-06
-9.37643e-06
3.51242e-06
-9.42859e-06
1.46312e-06
-8.98775e-06
-4.1233e-07
-8.14629e-06
-2.05622e-06
-7.00288e-06
-3.44552e-06
-5.68887e-06
-4.53551e-06
-4.40771e-06
-5.17645e-06
-3.30395e-06
-5.45953e-06
-2.44099e-06
-5.5148e-06
-1.84258e-06
-5.47002e-06
-1.50049e-06
-5.40708e-06
-1.3907e-06
-5.37348e-06
-1.47682e-06
-5.38921e-06
-1.73048e-06
-5.43904e-06
-2.11743e-06
-5.50906e-06
-2.61545e-06
-5.57174e-06
-3.20298e-06
-5.60464e-06
-3.86071e-06
-5.58562e-06
-5.48742e-06
-4.56405e-06
-2.9506e-06
1.1917e-05
-5.511e-06
1.17327e-05
-7.46713e-06
9.58746e-06
-8.79453e-06
6.94797e-06
-9.48755e-06
4.20588e-06
-9.58512e-06
1.56114e-06
-9.15164e-06
-8.45336e-07
-8.27155e-06
-2.93585e-06
-7.05961e-06
-4.65699e-06
-5.73201e-06
-5.86266e-06
-4.47407e-06
-6.43396e-06
-3.40487e-06
-6.52831e-06
-2.57746e-06
-6.34181e-06
-2.01224e-06
-6.03488e-06
-1.70221e-06
-5.71678e-06
-1.62081e-06
-5.45458e-06
-1.7322e-06
-5.27755e-06
-1.99589e-06
-5.17512e-06
-2.37955e-06
-5.12521e-06
-2.85781e-06
-5.09327e-06
-3.40907e-06
-5.05294e-06
-4.01719e-06
-4.97819e-06
-4.84648e-06
-4.65782e-06
-2.8751e-06
1.47922e-05
-5.40634e-06
1.42642e-05
-7.37195e-06
1.15534e-05
-8.7193e-06
8.29568e-06
-9.41602e-06
4.903e-06
-9.49065e-06
1.63619e-06
-8.99107e-06
-1.3445e-06
-8.01935e-06
-3.90717e-06
-6.74665e-06
-5.92929e-06
-5.44915e-06
-7.15977e-06
-4.26208e-06
-7.62066e-06
-3.26596e-06
-7.52408e-06
-2.49816e-06
-7.1093e-06
-1.98161e-06
-6.55113e-06
-1.71505e-06
-5.98307e-06
-1.67001e-06
-5.49937e-06
-1.81149e-06
-5.13587e-06
-2.09731e-06
-4.88911e-06
-2.49177e-06
-4.73059e-06
-2.96565e-06
-4.61922e-06
-3.49918e-06
-4.5196e-06
-4.07664e-06
-4.39987e-06
-4.24487e-06
-4.67863e-06
-2.73761e-06
1.75303e-05
-5.19516e-06
1.67221e-05
-7.13049e-06
1.3489e-05
-8.45695e-06
9.62247e-06
-9.10528e-06
5.55167e-06
-9.09024e-06
1.6215e-06
-8.4898e-06
-1.94459e-06
-7.39773e-06
-4.9989e-06
-6.12948e-06
-7.1972e-06
-4.9017e-06
-8.38724e-06
-3.82929e-06
-8.69277e-06
-2.94312e-06
-8.40997e-06
-2.26387e-06
-7.78828e-06
-1.80975e-06
-7.00502e-06
-1.58745e-06
-6.20516e-06
-1.58338e-06
-5.50326e-06
-1.75953e-06
-4.95956e-06
-2.07379e-06
-4.57473e-06
-2.48696e-06
-4.31731e-06
-2.96712e-06
-4.13896e-06
-3.49383e-06
-3.99249e-06
-4.0548e-06
-3.83954e-06
-3.66359e-06
-4.63574e-06
-2.51645e-06
2.00466e-05
-4.83388e-06
1.90396e-05
-6.68551e-06
1.53409e-05
-7.94812e-06
1.08853e-05
-8.53417e-06
6.138e-06
-8.42246e-06
1.51008e-06
-7.66019e-06
-2.70658e-06
-6.5094e-06
-6.14942e-06
-5.29471e-06
-8.41163e-06
-4.18529e-06
-9.49641e-06
-3.26234e-06
-9.6155e-06
-2.51841e-06
-9.1537e-06
-1.94522e-06
-8.36129e-06
-1.56502e-06
-7.38507e-06
-1.38852e-06
-6.38153e-06
-1.41441e-06
-5.47727e-06
-1.61952e-06
-4.75437e-06
-1.95926e-06
-4.23491e-06
-2.39357e-06
-3.88291e-06
-2.88508e-06
-3.64734e-06
-3.41373e-06
-3.46397e-06
-3.96701e-06
-3.28534e-06
-3.09678e-06
-4.53397e-06
-2.18589e-06
2.22329e-05
-4.27714e-06
2.11311e-05
-5.98058e-06
1.70445e-05
-7.14304e-06
1.2048e-05
-7.67365e-06
6.66882e-06
-7.4915e-06
1.32813e-06
-6.61538e-06
-3.5825e-06
-5.44423e-06
-7.32039e-06
-4.35029e-06
-9.5054e-06
-3.40963e-06
-1.04369e-05
-2.6509e-06
-1.03741e-05
-2.05961e-06
-9.74489e-06
-1.61851e-06
-8.8023e-06
-1.3151e-06
-7.68842e-06
-1.17836e-06
-6.51822e-06
-1.22068e-06
-5.43493e-06
-1.43631e-06
-4.53873e-06
-1.79117e-06
-3.88004e-06
-2.23845e-06
-3.43563e-06
-2.74281e-06
-3.14293e-06
-3.27493e-06
-2.93154e-06
-3.82345e-06
-2.73757e-06
-2.5387e-06
-4.38137e-06
-1.74181e-06
2.39745e-05
-3.50236e-06
2.28917e-05
-4.97124e-06
1.85135e-05
-5.99713e-06
1.3074e-05
-6.47513e-06
7.14694e-06
-6.2845e-06
1.13762e-06
-5.3479e-06
-4.519e-06
-4.26752e-06
-8.40067e-06
-3.39885e-06
-1.0374e-05
-2.66345e-06
-1.11723e-05
-2.0809e-06
-1.09566e-05
-1.64883e-06
-1.01769e-05
-1.33802e-06
-9.11311e-06
-1.12879e-06
-7.89767e-06
-1.02192e-06
-6.62513e-06
-1.06121e-06
-5.39571e-06
-1.25942e-06
-4.34058e-06
-1.60333e-06
-3.53621e-06
-2.05084e-06
-2.98819e-06
-2.55784e-06
-2.63595e-06
-3.09009e-06
-2.39968e-06
-3.6321e-06
-2.19491e-06
-1.99335e-06
-4.17802e-06
-1.19512e-06
2.51699e-05
-2.51357e-06
2.42102e-05
-3.63983e-06
1.96397e-05
-4.43645e-06
1.38706e-05
-4.78478e-06
7.4953e-06
-4.57202e-06
9.24886e-07
-3.812e-06
-5.27901e-06
-3.04779e-06
-9.16489e-06
-2.4607e-06
-1.09611e-05
-1.96496e-06
-1.1668e-05
-1.59103e-06
-1.13306e-05
-1.33608e-06
-1.0432e-05
-1.16105e-06
-9.28824e-06
-1.04007e-06
-8.01877e-06
-9.71812e-07
-6.69353e-06
-9.83843e-07
-5.38384e-06
-1.13266e-06
-4.19193e-06
-1.43148e-06
-3.23756e-06
-1.85336e-06
-2.56647e-06
-2.34682e-06
-2.14268e-06
-2.87185e-06
-1.87455e-06
-3.40164e-06
-1.66601e-06
-1.46381e-06
-3.9312e-06
-6.05442e-07
2.5775e-05
-1.3861e-06
2.49907e-05
-2.06107e-06
2.03146e-05
-2.47746e-06
1.4287e-05
-2.50534e-06
7.52311e-06
-2.20273e-06
6.22203e-07
-1.87451e-06
-5.60732e-06
-1.66495e-06
-9.37455e-06
-1.43726e-06
-1.11889e-05
-1.26358e-06
-1.18419e-05
-1.15685e-06
-1.14375e-05
-1.11091e-06
-1.04781e-05
-1.09745e-06
-9.3019e-06
-1.0751e-06
-8.04133e-06
-1.03819e-06
-6.73067e-06
-1.02274e-06
-5.39953e-06
-1.09367e-06
-4.12125e-06
-1.30868e-06
-3.0228e-06
-1.66726e-06
-2.20814e-06
-2.12422e-06
-1.68595e-06
-2.62684e-06
-1.37239e-06
-3.1371e-06
-1.15524e-06
-9.58489e-07
-3.64301e-06
-5.81868e-08
2.58334e-05
-2.4956e-07
2.51821e-05
-4.08659e-07
2.04736e-05
-3.05597e-07
1.41838e-05
5.97475e-08
7.15762e-06
3.80473e-07
3.01326e-07
2.85723e-07
-5.51273e-06
-1.78569e-08
-9.07115e-06
-2.68086e-07
-1.09389e-05
-5.25988e-07
-1.15842e-05
-7.63389e-07
-1.12003e-05
-9.74805e-07
-1.02669e-05
-1.13689e-06
-9.14008e-06
-1.22413e-06
-7.95438e-06
-1.22928e-06
-6.72582e-06
-1.18409e-06
-5.44503e-06
-1.16363e-06
-4.14202e-06
-1.25909e-06
-2.92767e-06
-1.5164e-06
-1.95115e-06
-1.90592e-06
-1.29672e-06
-2.36822e-06
-9.10155e-07
-2.84971e-06
-6.74894e-07
-4.85202e-07
-3.3233e-06
4.33845e-07
2.53992e-05
7.90684e-07
2.4825e-05
1.19379e-06
2.00704e-05
1.76666e-06
1.36107e-05
2.3904e-06
6.5337e-06
2.66985e-06
2.16651e-08
2.28757e-06
-5.13066e-06
1.61998e-06
-8.40379e-06
9.04354e-07
-1.02235e-05
1.94174e-07
-1.08742e-05
-4.18147e-07
-1.05883e-05
-8.99848e-07
-9.7855e-06
-1.24076e-06
-8.79947e-06
-1.43953e-06
-7.75593e-06
-1.49636e-06
-6.66933e-06
-1.44104e-06
-5.50069e-06
-1.33852e-06
-4.24488e-06
-1.29697e-06
-2.96957e-06
-1.41382e-06
-1.83464e-06
-1.70128e-06
-1.00957e-06
-2.10115e-06
-5.11005e-07
-2.54107e-06
-2.34641e-07
-5.18656e-08
-2.97536e-06
7.89018e-07
2.46103e-05
1.59256e-06
2.40214e-05
2.45201e-06
1.92107e-05
3.39051e-06
1.2672e-05
4.15276e-06
5.77122e-06
4.35676e-06
-1.82557e-07
3.82695e-06
-4.60109e-06
2.90137e-06
-7.47845e-06
1.82295e-06
-9.14533e-06
7.55163e-07
-9.80672e-06
-1.62358e-07
-9.67103e-06
-8.58756e-07
-9.0894e-06
-1.34356e-06
-8.31498e-06
-1.63575e-06
-7.46406e-06
-1.7569e-06
-6.54851e-06
-1.72389e-06
-5.53404e-06
-1.57871e-06
-4.39039e-06
-1.41622e-06
-3.1324e-06
-1.37126e-06
-1.87993e-06
-1.52074e-06
-8.60483e-07
-1.83304e-06
-1.98775e-07
-2.21829e-06
1.49466e-07
3.36877e-07
-2.60722e-06
9.95916e-07
2.3614e-05
2.10107e-06
2.29161e-05
3.29969e-06
1.8012e-05
4.45875e-06
1.15129e-05
5.21963e-06
5.01022e-06
5.28412e-06
-2.47186e-07
4.63767e-06
-3.95477e-06
3.55091e-06
-6.39183e-06
2.2848e-06
-7.87938e-06
1.04468e-06
-8.56676e-06
-7.98701e-09
-8.61853e-06
-8.08511e-07
-8.28906e-06
-1.36727e-06
-7.75641e-06
-1.72155e-06
-7.10998e-06
-1.90206e-06
-6.3682e-06
-1.9233e-06
-5.513e-06
-1.80107e-06
-4.51283e-06
-1.58361e-06
-3.35005e-06
-1.3953e-06
-2.06845e-06
-1.38306e-06
-8.72889e-07
-1.57829e-06
-3.98789e-09
-1.89728e-06
4.69114e-07
6.73637e-07
-2.2345e-06
1.03432e-06
2.25797e-05
2.28104e-06
2.16693e-05
3.67876e-06
1.66142e-05
4.89784e-06
1.02936e-05
5.51885e-06
4.38907e-06
5.39093e-06
-1.19404e-07
4.61112e-06
-3.17511e-06
3.4693e-06
-5.25016e-06
2.21618e-06
-6.62642e-06
1.03536e-06
-7.38611e-06
5.27247e-08
-7.63608e-06
-6.94649e-07
-7.54187e-06
-1.23289e-06
-7.21836e-06
-1.60306e-06
-6.74e-06
-1.83192e-06
-6.13953e-06
-1.92664e-06
-5.41848e-06
-1.88216e-06
-4.5575e-06
-1.70474e-06
-3.52766e-06
-1.45687e-06
-2.31651e-06
-1.30121e-06
-1.02872e-06
-1.36539e-06
6.03152e-08
-1.60201e-06
7.04739e-07
9.53972e-07
-1.88262e-06
8.77668e-07
2.17017e-05
2.06829e-06
2.04783e-05
3.49845e-06
1.51837e-05
4.62533e-06
9.16647e-06
5.03846e-06
3.97563e-06
4.66961e-06
2.49139e-07
3.7775e-06
-2.28332e-06
2.72608e-06
-4.19906e-06
1.71283e-06
-5.6135e-06
8.16574e-07
-6.49018e-06
8.61774e-08
-6.90602e-06
-4.78547e-07
-6.97749e-06
-9.04876e-07
-6.79238e-06
-1.22426e-06
-6.42097e-06
-1.45847e-06
-5.90568e-06
-1.61145e-06
-5.26585e-06
-1.67013e-06
-4.49917e-06
-1.61282e-06
-3.58532e-06
-1.43303e-06
-2.49666e-06
-1.22665e-06
-1.23542e-06
-1.19565e-06
2.86401e-08
-1.3604e-06
8.69525e-07
1.18976e-06
-1.59663e-06
4.88574e-07
1.40746e-06
2.61702e-06
3.49943e-06
3.61984e-06
3.11739e-06
2.38641e-06
1.64465e-06
1.01902e-06
5.23154e-07
1.36247e-07
-1.64676e-07
-4.00268e-07
-5.89477e-07
-7.47529e-07
-8.82353e-07
-9.91828e-07
-1.06303e-06
-1.0795e-06
-1.05417e-06
-1.07063e-06
-1.21666e-06
-1.38622e-06
2.20391e-05
5.03243e-06
1.35625e-05
8.47641e-06
3.80601e-06
9.75645e-06
7.44259e-06
-3.63656e-06
-2.48832e-06
2.59049e-06
1.42481e-06
4.56323e-06
4.82497e-06
6.35631e-06
4.18671e-06
8.08087e-06
-1.31916e-05
-3.02418e-06
-6.7356e-06
-1.89276e-06
2.91189e-07
-6.70488e-07
-1.40661e-06
5.88454e-06
-2.68706e-06
-4.01215e-06
-1.62054e-07
-4.41784e-06
4.09861e-06
-4.93114e-06
-4.18503e-06
6.87703e-06
6.79075e-06
-4.12833e-06
7.8251e-06
-5.45219e-06
8.95074e-06
-6.05681e-06
-4.97436e-06
9.74006e-06
2.04333e-05
-4.3372e-06
1.95409e-05
-4.55992e-06
1.62039e-05
-2.71983e-06
-1.01087e-06
1.22404e-05
2.6173e-05
-4.20192e-06
2.46582e-05
-3.04502e-06
2.17684e-05
1.69946e-07
2.55219e-06
1.82053e-05
2.55571e-05
2.4628e-06
1.75066e-05
5.00569e-06
1.80318e-05
-3.55094e-07
-3.1457e-06
2.37298e-05
1.31663e-05
5.32911e-06
1.01142e-05
8.05704e-06
5.52251e-06
4.23651e-06
-7.62721e-07
3.13969e-06
-5.96078e-05
2.66502e-06
-5.45755e-05
3.0246e-06
-5.30452e-05
2.70594e-06
1.22164e-06
-5.50296e-05
-6.28258e-05
2.28521e-06
-6.25291e-05
2.72847e-06
-6.25487e-05
2.72533e-06
2.46166e-06
-6.37887e-05
-2.25936e-05
2.82252e-06
-2.39751e-05
4.10998e-06
-2.62598e-05
5.0105e-06
5.2881e-06
-2.90865e-05
2.7965e-05
1.74053e-06
2.8454e-05
3.62221e-06
2.85097e-05
4.95447e-06
5.89375e-06
2.79043e-05
3.90141e-05
-3.69584e-07
4.1552e-05
1.08409e-06
4.40874e-05
2.41979e-06
3.70776e-06
4.62734e-05
3.1454e-05
-3.16276e-06
3.47203e-05
-2.1808e-06
3.82948e-05
-1.15481e-06
1.78522e-07
4.18245e-05
1.90867e-05
-5.63167e-06
2.1886e-05
-4.98052e-06
2.4859e-05
-4.12694e-06
-3.02736e-06
2.80649e-05
9.82333e-06
-7.13894e-06
1.15505e-05
-6.7063e-06
1.34674e-05
-6.04401e-06
-5.13393e-06
1.55744e-05
3.65659e-06
-7.68353e-06
4.39176e-06
-7.44197e-06
5.3426e-06
-6.99392e-06
-6.30209e-06
6.51087e-06
-2.82918e-07
-7.47554e-06
-3.64368e-07
-7.35886e-06
-2.97253e-07
-7.06118e-06
-6.53281e-06
-6.59911e-08
-2.59081e-06
-6.75779e-06
-3.25533e-06
-6.69508e-06
-3.82836e-06
-6.48717e-06
-6.06419e-06
-4.29691e-06
-3.79314e-06
-5.81854e-06
-4.73641e-06
-5.7503e-06
-5.6316e-06
-5.59224e-06
-5.30797e-06
-6.38729e-06
-4.20221e-06
-4.93411e-06
-5.09918e-06
-4.85395e-06
-5.95949e-06
-4.73082e-06
-4.54892e-06
-6.71833e-06
-4.32554e-06
-4.21467e-06
-5.04345e-06
-4.13413e-06
-5.73759e-06
-4.03666e-06
-3.91035e-06
-6.3755e-06
-4.44899e-06
-3.65121e-06
-5.00541e-06
-3.57848e-06
-5.53902e-06
-3.50186e-06
-3.41049e-06
-6.03872e-06
-4.6117e-06
-3.20018e-06
-5.04786e-06
-3.14072e-06
-5.4652e-06
-3.08475e-06
-3.01991e-06
-5.85522e-06
-4.76803e-06
-2.82701e-06
-5.12585e-06
-2.78378e-06
-5.46261e-06
-2.74694e-06
-2.70481e-06
-5.77756e-06
-4.88572e-06
-2.50485e-06
-5.1901e-06
-2.4777e-06
-5.47666e-06
-2.46059e-06
-2.43944e-06
-5.74149e-06
-4.94705e-06
-2.21558e-06
-5.22148e-06
-2.20443e-06
-5.47608e-06
-2.20502e-06
-2.20263e-06
-5.71287e-06
-4.95066e-06
-1.9436e-06
-5.2074e-06
-1.94627e-06
-5.44823e-06
-1.96466e-06
-1.9808e-06
-5.66965e-06
-4.89804e-06
-1.68119e-06
-5.14813e-06
-1.69726e-06
-5.3813e-06
-1.73057e-06
-1.76447e-06
-5.59758e-06
-4.79189e-06
-1.42282e-06
-5.03789e-06
-1.44956e-06
-5.27042e-06
-1.49832e-06
-1.54899e-06
-5.48546e-06
-4.63597e-06
-1.16819e-06
-4.88135e-06
-1.20542e-06
-5.11147e-06
-1.26735e-06
-1.33415e-06
-5.32642e-06
-4.42917e-06
-9.17236e-07
-4.67039e-06
-9.62962e-07
-4.89979e-06
-1.03863e-06
-1.12137e-06
-5.11238e-06
-4.17552e-06
-6.73097e-07
-4.41207e-06
-7.27855e-07
-4.63454e-06
-8.15617e-07
-9.14333e-07
-4.84182e-06
-3.87675e-06
-4.39436e-07
-4.10216e-06
-5.01279e-07
-4.31659e-06
-6.01984e-07
-7.17053e-07
-4.5138e-06
-3.54161e-06
-2.21655e-07
-3.7532e-06
-2.91551e-07
-3.95185e-06
-4.03035e-07
-5.34572e-07
-4.1348e-06
-3.1735e-06
-2.42414e-08
-3.36488e-06
-9.93909e-08
-3.5467e-06
-2.22415e-07
-3.7115e-07
-3.71022e-06
-2.78331e-06
1.51362e-07
-2.95354e-06
6.90027e-08
-3.11128e-06
-6.44361e-08
-2.302e-07
-3.25267e-06
-2.38512e-06
3.01865e-07
-2.52749e-06
2.12563e-07
-2.66049e-06
6.76254e-08
-1.14778e-07
-2.77592e-06
-2.002e-06
4.20848e-07
-2.1158e-06
3.2452e-07
-2.21976e-06
1.71939e-07
-2.84109e-08
-2.30646e-06
-1.69366e-06
5.17337e-07
-1.77527e-06
4.07116e-07
-1.83694e-06
2.32893e-07
1.01145e-08
-1.8758e-06
-1.42504e-06
-1.43505e-06
-1.42333e-06
-1.3933e-06
7.26417e-06
1.15936e-05
1.18474e-05
-1.61865e-05
9.88984e-06
-2.01688e-05
7.42041e-06
-1.16644e-05
5.33056e-06
-5.2834e-06
2.78109e-06
-4.58801e-06
-1.00778e-08
-5.10836e-06
-6.3673e-06
-1.97427e-06
-1.65294e-05
5.90104e-07
-4.3225e-06
-2.0366e-08
4.99861e-06
7.46129e-07
3.32214e-06
-1.53568e-06
-7.46007e-06
7.43505e-06
-1.74003e-05
1.27967e-05
-2.07265e-05
1.31064e-05
-1.47254e-05
2.09923e-06
-4.50836e-06
-6.12975e-06
-4.12554e-06
1.12982e-05
9.36293e-06
1.87217e-05
9.52807e-07
1.58553e-05
-1.33201e-05
6.82916e-06
-1.11426e-05
1.63165e-06
-6.4668e-06
1.34045e-06
-4.99217e-06
-1.91892e-06
-1.32858e-06
-1.19525e-05
4.92526e-06
-1.46513e-05
7.2457e-07
-1.94827e-05
5.42156e-06
-1.50816e-05
-4.42141e-06
-1.29208e-05
-1.41467e-06
-1.69603e-05
2.50383e-06
-2.5507e-05
1.59818e-05
-3.49619e-05
2.22515e-05
-3.37188e-05
1.18633e-05
-1.78363e-05
-1.37833e-05
-1.69597e-06
-2.227e-05
7.61522e-07
8.84069e-06
1.01244e-05
1.18252e-05
-4.98788e-06
5.26595e-06
-6.7608e-06
-4.00997e-06
-1.86663e-06
-8.08531e-06
-2.39144e-06
-1.06155e-05
-2.46193e-06
-1.65312e-05
4.5871e-06
-2.48361e-05
1.32302e-05
-2.2376e-05
-1.73554e-06
-1.68815e-05
-7.28589e-08
-1.66571e-05
-4.64581e-06
-2.17481e-05
3.67635e-06
-2.99456e-05
1.07013e-05
-3.64255e-05
2.24617e-05
-3.94767e-05
2.53026e-05
-3.21425e-05
4.5291e-06
-1.86963e-05
-2.72295e-05
-3.45856e-06
-3.75078e-05
6.67868e-06
-1.29659e-06
1.68031e-05
5.86907e-06
-3.97992e-06
1.13526e-08
-9.03073e-07
-5.82238e-06
3.96711e-06
-1.00992e-05
1.88539e-06
-1.51606e-05
2.59948e-06
-1.8914e-05
8.34043e-06
-1.9654e-05
1.39703e-05
-2.28313e-05
1.44175e-06
-2.15391e-05
-1.36498e-06
-2.12537e-05
-4.93126e-06
-2.35522e-05
5.97489e-06
-2.96396e-05
1.67887e-05
-3.1305e-05
2.41271e-05
-3.0715e-05
2.47126e-05
-2.29316e-05
-3.25432e-06
-1.82437e-05
-3.19175e-05
-1.4936e-05
-4.08155e-05
-9.60774e-07
-1.52719e-05
1.58423e-05
9.88574e-06
-4.12561e-06
5.58634e-06
3.39633e-06
9.88785e-07
8.56468e-06
-4.49273e-06
7.36692e-06
-9.01732e-06
7.1241e-06
-9.77845e-06
9.10158e-06
-6.96083e-06
1.11527e-05
-1.20465e-05
6.52746e-06
-1.99311e-05
6.51955e-06
-2.57245e-05
8.62187e-07
-2.69119e-05
7.16221e-06
-2.54701e-05
1.53468e-05
-2.16432e-05
2.03002e-05
-1.26927e-05
1.5762e-05
-5.73192e-06
-1.02151e-05
-9.34889e-06
-2.83005e-05
-1.72216e-05
-3.29428e-05
-7.42176e-06
-2.50718e-05
8.42052e-06
7.7161e-06
3.98739e-07
4.92756e-06
6.18488e-06
3.44162e-06
1.00507e-05
1.41362e-07
1.06672e-05
-3.64813e-06
1.09136e-05
-5.7146e-06
1.11681e-05
-5.54546e-06
1.09835e-05
-7.84817e-06
8.8302e-06
-9.36437e-06
8.03575e-06
-1.45888e-05
6.08655e-06
-1.78794e-05
1.04528e-05
-1.62828e-05
1.37501e-05
-9.68397e-06
1.37014e-05
1.53181e-06
4.54631e-06
6.85571e-06
-1.5539e-05
2.78576e-06
-2.42307e-05
-1.07361e-05
-1.94211e-05
-9.78231e-06
-2.60255e-05
-1.36178e-06
1.13819e-05
7.22223e-06
7.00888e-06
1.0558e-05
4.53791e-06
1.25217e-05
5.61916e-07
1.46433e-05
-2.73579e-06
1.42114e-05
-3.49285e-06
1.19252e-05
-2.1402e-06
9.63093e-06
-3.11862e-06
9.80868e-06
-5.18039e-06
1.00975e-05
-8.32954e-06
9.23572e-06
-8.28897e-06
1.04122e-05
-5.08356e-06
1.05449e-05
2.61806e-06
5.99982e-06
1.01855e-05
-3.02111e-06
1.04025e-05
-1.57561e-05
7.40872e-06
-2.1237e-05
-9.39239e-07
-1.10731e-05
-8.4397e-06
-1.8525e-05
-9.80149e-06
3.51279e-05
-4.17566e-06
3.37868e-05
1.18992e-05
1.88897e-05
2.74189e-05
1.68533e-06
3.18477e-05
-6.88643e-06
2.27831e-05
-7.27999e-06
1.23186e-05
-6.82099e-06
9.17166e-06
-1.07174e-05
1.37045e-05
-1.69112e-05
1.62906e-05
-2.0698e-05
1.30213e-05
-1.48566e-05
4.57046e-06
-1.09899e-05
6.67833e-06
-5.93142e-06
9.41492e-07
-2.53784e-06
-6.41466e-06
-4.28821e-06
-1.40053e-05
-2.60016e-06
-2.2925e-05
4.72473e-06
-1.8398e-05
-7.66523e-07
-1.30334e-05
-1.0567e-05
4.86655e-07
-1.52215e-06
-1.94999e-06
1.43362e-05
5.68711e-06
1.9782e-05
7.03236e-06
3.05024e-05
3.91957e-06
2.58959e-05
-1.18689e-05
2.81074e-05
-2.59455e-05
2.32488e-05
-3.38859e-05
2.16449e-05
-3.72302e-05
1.96344e-05
-4.66383e-05
2.24313e-05
-6.85179e-05
2.645e-05
-8.86011e-05
2.67592e-05
-6.91515e-05
-1.85079e-05
-4.48327e-05
-3.07319e-05
-2.4903e-05
-3.3935e-05
-3.6339e-06
-4.4197e-05
3.64886e-05
-5.85189e-05
3.32351e-05
-9.77837e-06
2.26697e-05
-5.91537e-05
2.60249e-06
-5.58882e-05
1.10716e-05
-5.49504e-05
1.88452e-05
-5.3014e-05
2.85668e-05
-5.99088e-05
3.27913e-05
-6.28948e-05
3.10945e-05
-6.35182e-05
2.38734e-05
-6.068e-05
1.88079e-05
-6.22402e-05
2.11958e-05
-6.72062e-05
2.73983e-05
-6.88464e-05
2.8092e-05
-5.92468e-05
1.716e-05
-4.91269e-05
-2.86258e-05
-2.9451e-05
-5.04071e-05
-8.92696e-08
-6.32989e-05
8.89227e-06
-5.3178e-05
-8.86834e-06
-4.07555e-05
-1.86502e-05
6.01978e-09
4.02069e-06
-6.7625e-05
6.43915e-06
-6.82344e-05
1.16826e-05
-6.76631e-05
1.82752e-05
-6.5396e-05
2.6301e-05
-6.46117e-05
3.20081e-05
-6.28487e-05
2.93324e-05
-5.96995e-05
2.07252e-05
-5.55957e-05
1.4705e-05
-4.9873e-05
1.5474e-05
-4.21545e-05
1.96814e-05
-3.27341e-05
1.86727e-05
-1.92826e-05
3.71178e-06
-1.79704e-05
-2.99363e-05
-1.09601e-05
-5.74157e-05
-4.45187e-06
-6.98056e-05
-4.47285e-06
-5.3155e-05
-9.63384e-06
-3.55937e-05
-6.93748e-06
-2.68611e-06
-2.91705e-06
-3.6541e-05
1.38941e-05
-4.19834e-05
1.71259e-05
-4.43744e-05
2.06672e-05
-4.32998e-05
2.52275e-05
-4.06064e-05
2.93156e-05
-3.82944e-05
2.70212e-05
-3.68594e-05
1.92907e-05
-3.62893e-05
1.41355e-05
-3.35349e-05
1.27205e-05
-2.63795e-05
1.25271e-05
-1.47588e-05
7.05375e-06
-2.79065e-06
-8.25554e-06
-1.45436e-06
-3.12718e-05
-2.59031e-06
-5.62783e-05
-4.82969e-06
-6.75646e-05
-8.90906e-06
-4.90737e-05
-9.43945e-06
-3.50611e-05
4.31857e-07
-1.25558e-05
-2.48357e-06
2.20215e-05
1.97773e-05
1.39191e-05
2.52292e-05
4.90398e-06
2.96834e-05
-1.43657e-06
3.1569e-05
-3.98096e-06
3.18609e-05
-5.37202e-06
2.84131e-05
-7.38556e-06
2.13052e-05
-8.65847e-06
1.54094e-05
-7.22891e-06
1.1292e-05
-2.10301e-06
7.40265e-06
3.76347e-06
1.18862e-06
7.10671e-06
-1.15974e-05
4.3627e-06
-2.85268e-05
-3.84158e-07
-5.15304e-05
-8.05461e-06
-5.98929e-05
-1.82764e-05
-3.88508e-05
-2.03819e-05
-3.29546e-05
-9.47566e-06
-2.34599e-05
-1.19591e-05
4.80298e-05
1.80215e-05
4.72822e-05
2.59778e-05
4.52689e-05
3.16976e-05
4.39342e-05
3.29047e-05
4.36323e-05
3.21637e-05
4.2278e-05
2.97684e-05
3.77391e-05
2.5845e-05
3.11937e-05
2.19558e-05
2.56016e-05
1.68853e-05
2.25485e-05
1.0457e-05
2.03524e-05
3.38621e-06
1.6455e-05
-7.69888e-06
1.1042e-05
-2.31129e-05
3.40081e-06
-4.38884e-05
-1.0413e-05
-4.60784e-05
-2.53101e-05
-2.39529e-05
-3.00286e-05
-2.82353e-05
-1.70993e-05
-3.63892e-05
-2.90578e-05
4.9201e-05
1.06454e-05
5.43588e-05
2.08209e-05
5.81288e-05
2.79285e-05
6.09487e-05
3.00858e-05
6.36158e-05
2.94975e-05
6.46292e-05
2.87558e-05
6.28635e-05
2.76117e-05
5.9219e-05
2.56013e-05
5.48288e-05
2.12767e-05
4.9606e-05
1.5681e-05
4.21629e-05
1.08305e-05
3.08622e-05
3.6029e-06
2.03755e-05
-1.26253e-05
8.33632e-06
-3.18485e-05
-7.61148e-06
-3.01299e-05
-2.56447e-05
-5.91917e-06
-2.72678e-05
-2.66119e-05
-1.63393e-05
-4.73171e-05
-4.53973e-05
3.70237e-05
1.68727e-06
4.56995e-05
1.2146e-05
5.32018e-05
2.04272e-05
5.90733e-05
2.42151e-05
6.35858e-05
2.4986e-05
6.61876e-05
2.6155e-05
6.66012e-05
2.7199e-05
6.53364e-05
2.68671e-05
6.28221e-05
2.37921e-05
5.8766e-05
1.97382e-05
5.25942e-05
1.70034e-05
4.24076e-05
1.37905e-05
2.96623e-05
1.2079e-07
1.55956e-05
-1.7781e-05
2.54984e-07
-1.47886e-05
-1.56433e-05
9.97987e-06
-1.59715e-05
-2.62831e-05
-9.29114e-06
-5.39975e-05
-5.46881e-05
2.30733e-05
-5.81113e-06
3.18235e-05
3.39675e-06
4.04138e-05
1.18379e-05
4.79175e-05
1.67124e-05
5.32378e-05
1.96666e-05
5.69222e-05
2.24715e-05
5.90255e-05
2.50965e-05
6.00137e-05
2.58798e-05
5.94517e-05
2.43551e-05
5.66487e-05
2.25422e-05
5.15931e-05
2.20601e-05
4.46846e-05
2.06999e-05
3.3386e-05
1.14203e-05
2.30041e-05
-7.39834e-06
1.33414e-05
-5.12506e-06
4.49647e-07
2.28723e-05
-2.96448e-06
-2.28686e-05
-2.79675e-06
-5.41646e-05
-5.74849e-05
1.1233e-05
-1.05325e-05
1.79564e-05
-3.32584e-06
2.5912e-05
3.88334e-06
3.3249e-05
9.37637e-06
3.87987e-05
1.41179e-05
4.28632e-05
1.84079e-05
4.61453e-05
2.18153e-05
4.85668e-05
2.34593e-05
4.92695e-05
2.36533e-05
4.78743e-05
2.39385e-05
4.48869e-05
2.50484e-05
4.07167e-05
2.48709e-05
3.31016e-05
1.90364e-05
2.48392e-05
8.64925e-07
1.51638e-05
4.55116e-06
1.08391e-05
2.71978e-05
8.71967e-06
-2.07485e-05
1.7967e-06
-4.72416e-05
-5.56877e-05
2.09424e-06
-1.26923e-05
6.14156e-06
-7.37232e-06
1.19e-05
-1.87414e-06
1.77747e-05
3.50271e-06
2.29018e-05
8.99172e-06
2.70967e-05
1.4214e-05
3.08605e-05
1.80525e-05
3.39035e-05
2.04172e-05
3.56571e-05
2.19007e-05
3.6132e-05
2.34645e-05
3.57301e-05
2.54513e-05
3.41462e-05
2.64557e-05
2.95163e-05
2.36671e-05
1.92369e-05
1.11453e-05
7.88485e-06
1.5904e-05
1.18054e-05
2.3278e-05
1.44065e-05
-2.3349e-05
3.4699e-06
-3.63041e-05
-5.22178e-05
-4.33834e-06
-1.26502e-05
-2.87797e-06
-8.83186e-06
-1.67653e-07
-4.58353e-06
3.54279e-06
-2.06754e-07
7.83938e-06
4.6961e-06
1.22362e-05
9.81814e-06
1.63585e-05
1.39311e-05
2.00213e-05
1.67554e-05
2.29784e-05
1.89446e-05
2.52455e-05
2.11983e-05
2.68643e-05
2.38334e-05
2.72755e-05
2.60455e-05
2.48926e-05
2.60509e-05
1.36005e-05
2.24382e-05
1.56044e-06
2.7945e-05
8.67977e-06
1.61594e-05
8.33061e-06
-2.29991e-05
8.31074e-08
-2.80563e-05
-5.21341e-05
-7.5087e-06
-1.15283e-05
-7.54908e-06
-8.79077e-06
-6.66105e-06
-5.47072e-06
-4.92764e-06
-1.93929e-06
-2.07497e-06
1.84433e-06
1.83895e-06
5.90514e-06
5.96019e-06
9.81079e-06
9.93686e-06
1.27796e-05
1.35883e-05
1.5294e-05
1.68559e-05
1.79316e-05
1.96101e-05
2.10801e-05
2.12471e-05
2.44095e-05
2.0321e-05
2.69779e-05
1.3698e-05
2.9062e-05
6.08041e-06
3.55632e-05
9.54054e-06
1.27e-05
6.256e-07
-1.40836e-05
-4.06669e-06
-2.33631e-05
-5.62008e-05
-8.15348e-06
-1.00925e-05
-8.82641e-06
-8.11713e-06
-8.71497e-06
-5.58139e-06
-7.87933e-06
-2.77411e-06
-6.20225e-06
1.68098e-07
-3.5409e-06
3.24466e-06
7.4334e-09
6.26334e-06
3.79034e-06
8.99762e-06
7.48252e-06
1.16027e-05
1.09892e-05
1.44258e-05
1.42286e-05
1.78416e-05
1.6832e-05
2.1807e-05
1.80325e-05
2.57782e-05
1.68941e-05
3.02012e-05
1.70782e-05
3.53799e-05
1.41335e-05
1.56455e-05
2.8797e-06
-2.82893e-06
-6.23101e-08
-2.04209e-05
-5.62624e-05
-7.69217e-06
-8.77536e-06
-8.47918e-06
-7.32949e-06
-8.63774e-06
-5.42215e-06
-8.14902e-06
-3.26211e-06
-7.00779e-06
-9.72365e-07
-5.12466e-06
1.36232e-06
-2.5641e-06
3.70359e-06
5.20517e-07
5.91384e-06
3.80784e-06
8.31626e-06
7.12418e-06
1.11103e-05
1.04714e-05
1.44952e-05
1.37109e-05
1.85683e-05
1.66088e-05
2.28811e-05
1.90259e-05
2.77848e-05
2.29951e-05
3.14113e-05
2.13879e-05
1.72534e-05
1.43919e-05
4.16747e-06
8.2559e-06
-1.42838e-05
-4.80066e-05
-7.10337e-06
-7.71013e-06
-7.7944e-06
-6.63786e-06
-8.00391e-06
-5.21201e-06
-7.68655e-06
-3.57881e-06
-6.83447e-06
-1.82375e-06
-5.44482e-06
-2.65894e-08
-3.53552e-06
1.79505e-06
-1.23472e-06
3.61382e-06
1.48324e-06
5.5991e-06
4.48938e-06
8.10495e-06
7.70808e-06
1.12773e-05
1.11569e-05
1.51203e-05
1.4784e-05
1.92547e-05
1.87939e-05
2.37756e-05
2.37908e-05
2.6415e-05
2.4389e-05
1.66558e-05
2.16877e-05
6.86957e-06
1.39939e-05
-6.58989e-06
-3.4012e-05
-6.69601e-06
-6.86894e-06
-7.26047e-06
-6.07293e-06
-7.4578e-06
-5.01413e-06
-7.24075e-06
-3.79528e-06
-6.59268e-06
-2.47121e-06
-5.53138e-06
-1.08724e-06
-4.07747e-06
3.41812e-07
-2.29932e-06
1.83639e-06
-1.84568e-07
3.48507e-06
2.40243e-06
5.51868e-06
5.38721e-06
8.29325e-06
8.74543e-06
1.17628e-05
1.24657e-05
1.55351e-05
1.68543e-05
1.93877e-05
2.18242e-05
2.14458e-05
2.30615e-05
1.5419e-05
2.1129e-05
8.80242e-06
1.40449e-05
4.95439e-07
-1.99672e-05
-6.45656e-06
-6.18941e-06
-6.91881e-06
-5.61022e-06
-7.09185e-06
-4.84061e-06
-6.93363e-06
-3.95299e-06
-6.43237e-06
-2.97192e-06
-5.6058e-06
-1.91323e-06
-4.47651e-06
-7.86859e-07
-3.08255e-06
4.43076e-07
-1.43303e-06
1.83621e-06
6.04326e-07
3.482e-06
3.20553e-06
5.69273e-06
6.29844e-06
8.67052e-06
9.81461e-06
1.20196e-05
1.3917e-05
1.5286e-05
1.81462e-05
1.72171e-05
1.92448e-05
1.4321e-05
1.70165e-05
1.10315e-05
1.09925e-05
6.5193e-06
-8.97393e-06
-6.31499e-06
-5.61565e-06
-6.70714e-06
-5.21772e-06
-6.86135e-06
-4.686e-06
-6.74536e-06
-4.06856e-06
-6.34942e-06
-3.36741e-06
-5.68249e-06
-2.57967e-06
-4.77727e-06
-1.69156e-06
-3.66223e-06
-6.71405e-07
-2.35239e-06
5.26955e-07
-8.16779e-07
1.94698e-06
1.18146e-06
3.69509e-06
3.80064e-06
6.05196e-06
6.88027e-06
8.94059e-06
1.03807e-05
1.17861e-05
1.37285e-05
1.38699e-05
1.47497e-05
1.33002e-05
1.30429e-05
1.27386e-05
8.46236e-06
1.1101e-05
-5.11786e-07
-6.22399e-06
-5.10415e-06
-6.57732e-06
-4.86407e-06
-6.72782e-06
-4.53518e-06
-6.64717e-06
-4.14887e-06
-6.32651e-06
-3.68767e-06
-5.77481e-06
-3.13095e-06
-5.01965e-06
-2.44626e-06
-4.09706e-06
-1.59351e-06
-3.03365e-06
-5.3595e-07
-1.84105e-06
7.54912e-07
-4.37296e-07
2.29189e-06
1.46414e-06
4.15108e-06
3.90828e-06
6.49701e-06
6.69308e-06
9.00185e-06
9.30149e-06
1.1262e-05
1.04426e-05
1.21596e-05
9.60987e-06
1.3572e-05
6.60466e-06
1.41059e-05
6.09364e-06
-6.14803e-06
-4.62557e-06
-6.48972e-06
-4.52218e-06
-6.65019e-06
-4.37448e-06
-6.60761e-06
-4.1912e-06
-6.35278e-06
-3.94221e-06
-5.89193e-06
-3.59147e-06
-5.2479e-06
-3.08994e-06
-4.45741e-06
-2.38361e-06
-3.56174e-06
-1.43122e-06
-2.59459e-06
-2.11808e-07
-1.57177e-06
1.26952e-06
-3.84342e-07
2.96412e-06
1.20394e-06
4.90919e-06
3.20401e-06
7.00224e-06
5.29207e-06
9.17437e-06
6.63718e-06
1.08148e-05
6.58437e-06
1.36249e-05
4.79075e-06
1.59006e-05
1.0884e-05
-6.06487e-06
-4.15796e-06
-6.40866e-06
-4.17823e-06
-6.59143e-06
-4.19157e-06
-6.59363e-06
-4.18883e-06
-6.40451e-06
-4.13113e-06
-6.02746e-06
-3.96828e-06
-5.4807e-06
-3.63643e-06
-4.79391e-06
-3.07011e-06
-4.01311e-06
-2.21169e-06
-3.19396e-06
-1.03062e-06
-2.39021e-06
4.66134e-07
-1.6285e-06
2.20279e-06
-8.10064e-07
4.09116e-06
2.25443e-07
5.96713e-06
1.80609e-06
7.59408e-06
3.397e-06
9.22425e-06
3.98473e-06
1.30377e-05
3.20302e-06
1.66819e-05
1.40878e-05
-5.95186e-06
-3.6915e-06
-6.30588e-06
-3.82416e-06
-6.51649e-06
-3.98093e-06
-6.56548e-06
-4.13978e-06
-6.44357e-06
-4.25295e-06
-6.15266e-06
-4.25907e-06
-5.70313e-06
-4.08581e-06
-5.11828e-06
-3.65478e-06
-4.43321e-06
-2.89657e-06
-3.70678e-06
-1.75681e-06
-3.01178e-06
-2.2862e-07
-2.43911e-06
1.63038e-06
-2.00861e-06
3.66093e-06
-1.63352e-06
5.59232e-06
-7.95451e-07
6.75627e-06
4.3549e-07
7.99354e-06
1.67423e-06
1.17989e-05
1.85488e-06
1.65022e-05
1.59422e-05
-5.79214e-06
-3.22568e-06
-6.1561e-06
-3.46022e-06
-6.3932e-06
-3.7439e-06
-6.48844e-06
-4.04458e-06
-6.43456e-06
-4.30685e-06
-6.23139e-06
-4.46223e-06
-5.88533e-06
-4.43183e-06
-5.40654e-06
-4.13351e-06
-4.81961e-06
-3.4834e-06
-4.1642e-06
-2.4121e-06
-3.50884e-06
-8.83849e-07
-2.94872e-06
1.07041e-06
-2.57174e-06
3.28413e-06
-2.37827e-06
5.39901e-06
-2.2214e-06
6.59955e-06
-1.73332e-06
7.50554e-06
-4.76893e-07
1.05429e-05
6.3553e-07
1.53891e-05
1.65784e-05
-5.57352e-06
-2.76467e-06
-5.94143e-06
-3.09249e-06
-6.1978e-06
-3.48772e-06
-6.33354e-06
-3.90902e-06
-6.34471e-06
-4.29583e-06
-6.2316e-06
-4.57546e-06
-5.99435e-06
-4.66918e-06
-5.63448e-06
-4.49346e-06
-5.15725e-06
-3.96068e-06
-4.58117e-06
-2.98821e-06
-3.9479e-06
-1.51712e-06
-3.32927e-06
4.51793e-07
-2.83694e-06
2.79181e-06
-2.57521e-06
5.13729e-06
-2.77415e-06
6.7985e-06
-2.90725e-06
7.63863e-06
-2.11629e-06
9.75153e-06
-5.55471e-07
1.38291e-05
1.60223e-05
-5.28885e-06
-2.31771e-06
-5.65064e-06
-2.73094e-06
-5.91575e-06
-3.22289e-06
-6.08244e-06
-3.74262e-06
-6.15252e-06
-4.226e-06
-6.12783e-06
-4.60039e-06
-6.00474e-06
-4.79247e-06
-5.77402e-06
-4.72436e-06
-5.42436e-06
-4.3105e-06
-4.95107e-06
-3.46165e-06
-4.36603e-06
-2.10229e-06
-3.71329e-06
-2.01069e-07
-3.08609e-06
2.16451e-06
-2.65477e-06
4.70586e-06
-2.70498e-06
6.84859e-06
-3.15044e-06
8.08392e-06
-2.90632e-06
9.50765e-06
-1.51538e-06
1.24372e-05
1.45075e-05
-4.93666e-06
-1.8952e-06
-5.27972e-06
-2.38823e-06
-5.5412e-06
-2.9618e-06
-5.727e-06
-3.55719e-06
-5.84732e-06
-4.10604e-06
-5.90621e-06
-4.54184e-06
-5.89738e-06
-4.80162e-06
-5.80268e-06
-4.81937e-06
-5.59606e-06
-4.5174e-06
-5.25177e-06
-3.80621e-06
-4.7569e-06
-2.59742e-06
-4.12319e-06
-8.35033e-07
-3.42061e-06
1.46169e-06
-2.80878e-06
4.0938e-06
-2.56392e-06
6.60348e-06
-2.86083e-06
8.38059e-06
-3.01624e-06
9.66244e-06
-2.09365e-06
1.15154e-05
1.24131e-05
-4.52027e-06
-1.51e-06
-4.83203e-06
-2.07684e-06
-5.07642e-06
-2.71784e-06
-5.26974e-06
-3.3643e-06
-5.42948e-06
-3.94673e-06
-5.56327e-06
-4.40845e-06
-5.6631e-06
-4.70218e-06
-5.70423e-06
-4.77862e-06
-5.64888e-06
-4.5731e-06
-5.4547e-06
-4.00074e-06
-5.08593e-06
-2.96652e-06
-4.52979e-06
-1.3915e-06
-3.81746e-06
7.49044e-07
-3.07835e-06
3.35437e-06
-2.56527e-06
6.09008e-06
-2.5185e-06
8.33349e-06
-2.66495e-06
9.80901e-06
-2.04427e-06
1.08935e-05
1.03694e-05
-4.04805e-06
-1.17259e-06
-4.31684e-06
-1.80849e-06
-4.53305e-06
-2.50208e-06
-4.72318e-06
-3.17463e-06
-4.91133e-06
-3.75903e-06
-5.10824e-06
-4.21199e-06
-5.3047e-06
-4.50614e-06
-5.47226e-06
-4.61147e-06
-5.56577e-06
-4.48e-06
-5.53061e-06
-4.03629e-06
-5.31329e-06
-3.18423e-06
-4.87621e-06
-1.82896e-06
-4.2172e-06
8.96621e-08
-3.41718e-06
2.55398e-06
-2.66965e-06
5.34221e-06
-2.2501e-06
7.91361e-06
-2.11439e-06
9.67257e-06
-1.60794e-06
1.03879e-05
8.76064e-06
-3.53278e-06
-8.92727e-07
-3.74971e-06
-1.59194e-06
-3.93045e-06
-2.32176e-06
-4.11034e-06
-2.99517e-06
-4.31763e-06
-3.55217e-06
-4.56295e-06
-3.96708e-06
-4.83732e-06
-4.23218e-06
-5.11146e-06
-4.33773e-06
-5.33838e-06
-4.25346e-06
-5.45709e-06
-3.91795e-06
-5.40104e-06
-3.24065e-06
-5.11217e-06
-2.1182e-06
-4.55705e-06
-4.65823e-07
-3.76316e-06
1.75975e-06
-2.86372e-06
4.44242e-06
-2.11478e-06
7.16432e-06
-1.64236e-06
9.2003e-06
-1.12316e-06
9.86742e-06
7.63809e-06
-2.99274e-06
-6.76231e-07
-3.15284e-06
-1.43209e-06
-3.29522e-06
-2.1796e-06
-3.46074e-06
-2.82987e-06
-3.67716e-06
-3.33597e-06
-3.95232e-06
-3.69212e-06
-4.27688e-06
-3.90781e-06
-4.62533e-06
-3.98946e-06
-4.95534e-06
-3.92362e-06
-5.20712e-06
-3.66634e-06
-5.30812e-06
-3.13983e-06
-5.18199e-06
-2.24449e-06
-4.7714e-06
-8.76566e-07
-4.0536e-06
1.04181e-06
-3.10005e-06
3.48875e-06
-2.1297e-06
6.19387e-06
-1.3706e-06
8.44066e-06
-7.60771e-07
9.25862e-06
6.87689e-06
-2.45275e-06
-5.30183e-07
-2.55178e-06
-1.33338e-06
-2.65061e-06
-2.08111e-06
-2.79172e-06
-2.6891e-06
-2.9966e-06
-3.13142e-06
-3.26835e-06
-3.4207e-06
-3.59886e-06
-3.57763e-06
-3.97067e-06
-3.61796e-06
-4.35315e-06
-3.54146e-06
-4.69859e-06
-3.32123e-06
-4.93779e-06
-2.90095e-06
-4.98693e-06
-2.19565e-06
-4.75926e-06
-1.10456e-06
-4.19928e-06
4.81535e-07
-3.3038e-06
2.59297e-06
-2.23781e-06
5.12756e-06
-1.29461e-06
7.49768e-06
-5.77911e-07
8.54097e-06
6.29879e-06
-1.92703e-06
-4.79377e-07
-1.93894e-06
-1.3219e-06
-1.96629e-06
-2.05419e-06
-2.0468e-06
-2.60903e-06
-2.1913e-06
-2.98737e-06
-2.39898e-06
-3.21346e-06
-2.6642e-06
-3.31286e-06
-2.97878e-06
-3.30383e-06
-3.33061e-06
-3.19008e-06
-3.69419e-06
-2.9581e-06
-4.02409e-06
-2.57149e-06
-4.24961e-06
-1.97059e-06
-4.27126e-06
-1.08334e-06
-4.02881e-06
2.38639e-07
-3.34441e-06
1.90815e-06
-2.31174e-06
4.0945e-06
-1.34053e-06
6.52578e-06
-5.84633e-07
7.78482e-06
5.71409e-06
-1.26014e-06
-1.12883e-06
-1.04827e-06
-1.03238e-06
-1.07402e-06
-1.16254e-06
-1.29071e-06
-1.45675e-06
-1.66123e-06
-1.90436e-06
-2.1795e-06
-2.46475e-06
-2.7174e-06
-2.79369e-06
-2.61702e-06
-2.0783e-06
-1.38075e-06
-7.11212e-07
)
;

boundaryField
{
    leftWall
    {
        type            calculated;
        value           uniform 0;
    }
    rightWall
    {
        type            calculated;
        value           uniform 0;
    }
    lowerWall
    {
        type            calculated;
        value           uniform 0;
    }
    atmosphere
    {
        type            calculated;
        value           nonuniform List<scalar> 
46
(
2.1213e-05
1.95593e-05
1.3974e-05
8.28388e-06
3.85504e-06
7.51411e-07
-1.55253e-06
-3.45748e-06
-4.98807e-06
-5.99451e-06
-6.51931e-06
-6.67676e-06
-6.55699e-06
-6.23195e-06
-5.74782e-06
-5.13123e-06
-4.3899e-06
-3.51431e-06
-2.4804e-06
-1.26098e-06
4.4965e-08
1.01519e-06
1.35886e-06
5.55673e-07
4.15863e-07
2.20578e-07
-2.01491e-08
-6.12698e-07
-1.45337e-06
-2.13491e-06
-2.62508e-06
-2.9459e-06
-3.12511e-06
-3.18485e-06
-3.13796e-06
-2.98576e-06
-2.71514e-06
-2.29652e-06
-1.6855e-06
-8.30861e-07
3.1476e-07
1.73131e-06
3.55562e-06
5.82814e-06
7.11523e-06
5.00287e-06
)
;
    }
    defaultFaces
    {
        type            empty;
        value           nonuniform List<scalar> 0();
    }
}


// ************************************************************************* //
