/*--------------------------------*- C++ -*----------------------------------*\
| =========                 |                                                 |
| \\      /  F ield         | OpenFOAM: The Open Source CFD Toolbox           |
|  \\    /   O peration     | Version:  2312                                  |
|   \\  /    A nd           | Website:  www.openfoam.com                      |
|    \\/     M anipulation  |                                                 |
\*---------------------------------------------------------------------------*/
FoamFile
{
    version     2.0;
    format      ascii;
    arch        "LSB;label=32;scalar=64";
    class       surfaceScalarField;
    location    "1.15";
    object      phi;
}
// * * * * * * * * * * * * * * * * * * * * * * * * * * * * * * * * * * * * * //

dimensions      [0 3 -1 0 0 0 0];

oriented        oriented;

internalField   nonuniform List<scalar> 
4432
(
6.84046e-06
-6.84042e-06
1.05374e-05
-3.69691e-06
1.2335e-05
-1.79759e-06
1.25643e-05
-2.29354e-07
1.15404e-05
1.02396e-06
9.58043e-06
1.95996e-06
6.99406e-06
2.58637e-06
4.07939e-06
2.91467e-06
1.19726e-06
2.88213e-06
-1.31662e-06
2.51388e-06
-3.24542e-06
1.9288e-06
-4.5409e-06
1.29548e-06
-5.25583e-06
7.14929e-07
-5.50197e-06
2.4615e-07
-5.40631e-06
-9.56598e-08
-5.06179e-06
-3.44524e-07
-4.51627e-06
-5.45524e-07
-3.81672e-06
-6.99545e-07
-3.02076e-06
-7.95963e-07
-2.19156e-06
-8.292e-07
-1.37035e-06
-8.21207e-07
-4.43243e-07
-9.27111e-07
-4.43242e-07
7.03205e-06
-1.38724e-05
1.08366e-05
-7.50136e-06
1.26193e-05
-3.58027e-06
1.27761e-05
-3.86131e-07
1.16598e-05
2.14031e-06
9.6195e-06
4.00027e-06
6.91573e-06
5.29015e-06
3.93513e-06
5.89529e-06
9.77822e-07
5.83945e-06
-1.58218e-06
5.07388e-06
-3.53146e-06
3.87809e-06
-4.83058e-06
2.5946e-06
-5.53412e-06
1.41847e-06
-5.7669e-06
4.78935e-07
-5.65932e-06
-2.03243e-07
-5.31201e-06
-6.91829e-07
-4.7642e-06
-1.09333e-06
-4.06263e-06
-1.40112e-06
-3.27217e-06
-1.58642e-06
-2.4663e-06
-1.63506e-06
-1.67092e-06
-1.6166e-06
-8.47109e-07
-1.75092e-06
-1.29035e-06
7.13784e-06
-2.10102e-05
1.12005e-05
-1.1564e-05
1.30271e-05
-5.40683e-06
1.30483e-05
-4.07327e-07
1.17516e-05
3.43704e-06
9.53171e-06
6.2201e-06
6.68072e-06
8.14115e-06
3.51505e-06
9.06096e-06
4.22675e-07
8.93183e-06
-2.23839e-06
7.73494e-06
-4.2116e-06
5.8513e-06
-5.4894e-06
3.87241e-06
-6.14104e-06
2.07011e-06
-6.31581e-06
6.53702e-07
-6.16208e-06
-3.56975e-07
-5.79376e-06
-1.06014e-06
-5.22072e-06
-1.66638e-06
-4.48363e-06
-2.13821e-06
-3.65139e-06
-2.41866e-06
-2.80947e-06
-2.47699e-06
-1.97213e-06
-2.45393e-06
-1.05451e-06
-2.66854e-06
-2.34486e-06
7.05426e-06
-2.80644e-05
1.13942e-05
-1.5904e-05
1.32279e-05
-7.24053e-06
1.30903e-05
-2.69654e-07
1.15792e-05
4.9482e-06
9.12962e-06
8.66967e-06
6.0479e-06
1.12229e-05
2.69314e-06
1.24157e-05
-5.38231e-07
1.21632e-05
-3.25799e-06
1.04547e-05
-5.15902e-06
7.75233e-06
-6.30275e-06
5.01614e-06
-6.79838e-06
2.56574e-06
-6.79561e-06
6.50933e-07
-6.60601e-06
-5.46573e-07
-6.21438e-06
-1.45178e-06
-5.60006e-06
-2.28069e-06
-4.80046e-06
-2.93782e-06
-3.9012e-06
-3.31792e-06
-3.02456e-06
-3.35362e-06
-2.1724e-06
-3.30609e-06
-1.18859e-06
-3.65235e-06
-3.53345e-06
7.12403e-06
-3.51885e-05
1.15889e-05
-2.03688e-05
1.3134e-05
-8.78565e-06
1.27314e-05
1.32902e-07
1.10558e-05
6.62383e-06
8.52881e-06
1.11966e-05
5.30476e-06
1.44469e-05
1.83462e-06
1.58859e-05
-1.40406e-06
1.54019e-05
-4.09583e-06
1.31465e-05
-5.92544e-06
9.58195e-06
-6.72962e-06
5.82032e-06
-6.88873e-06
2.72485e-06
-6.73336e-06
4.95565e-07
-6.36781e-06
-9.12121e-07
-5.8657e-06
-1.95389e-06
-5.14343e-06
-3.00296e-06
-4.21738e-06
-3.86387e-06
-3.22256e-06
-4.31272e-06
-2.36509e-06
-4.2111e-06
-1.69353e-06
-3.97765e-06
-1.03887e-06
-4.307e-06
-4.57232e-06
7.48779e-06
-4.26763e-05
1.22226e-05
-2.51037e-05
1.32836e-05
-9.84669e-06
1.24605e-05
9.5599e-07
1.05996e-05
8.48475e-06
8.03053e-06
1.37658e-05
4.85143e-06
1.7626e-05
1.63707e-06
1.91003e-05
-9.51451e-07
1.79905e-05
-2.68181e-06
1.48769e-05
-3.57853e-06
1.04787e-05
-3.51547e-06
5.75727e-06
-3.31414e-06
2.52353e-06
-3.20425e-06
3.85679e-07
-2.82896e-06
-1.2874e-06
-2.21318e-06
-2.56966e-06
-1.21937e-06
-3.99677e-06
1.32645e-07
-5.21587e-06
1.43541e-06
-5.61548e-06
2.06109e-06
-4.83677e-06
1.80026e-06
-3.71681e-06
6.6792e-07
-3.17464e-06
-3.90438e-06
7.84812e-06
-5.05245e-05
1.31758e-05
-3.04314e-05
1.40061e-05
-1.0677e-05
1.31087e-05
1.8534e-06
1.16162e-05
9.97724e-06
9.76469e-06
1.56173e-05
7.80969e-06
1.9581e-05
6.60156e-06
2.03085e-05
7.46319e-06
1.71289e-05
1.04043e-05
1.19358e-05
1.38458e-05
7.03719e-06
1.61609e-05
3.4422e-06
1.70146e-05
1.66987e-06
1.6953e-05
4.47293e-07
1.66846e-05
-1.01903e-06
1.69744e-05
-2.85941e-06
1.79878e-05
-5.01018e-06
1.96985e-05
-6.92659e-06
2.17791e-05
-7.69601e-06
2.30277e-05
-6.08544e-06
2.17095e-05
-2.39858e-06
1.43737e-05
4.16125e-06
1.04693e-05
7.70182e-06
-5.82263e-05
1.37624e-05
-3.6492e-05
1.57066e-05
-1.26212e-05
1.54355e-05
2.12448e-06
1.48078e-05
1.0605e-05
1.47122e-05
1.57129e-05
1.52767e-05
1.90166e-05
1.61121e-05
1.9473e-05
1.96566e-05
1.35844e-05
2.33014e-05
8.29104e-06
2.60491e-05
4.28955e-06
2.74392e-05
2.05214e-06
2.79726e-05
1.13646e-06
2.79593e-05
4.60605e-07
2.75688e-05
-6.28553e-07
2.69803e-05
-2.27089e-06
2.65177e-05
-4.54753e-06
2.67074e-05
-7.11634e-06
2.75666e-05
-8.55519e-06
2.81177e-05
-6.6365e-06
2.7662e-05
-1.94286e-06
2.05284e-05
1.12948e-05
3.09977e-05
1.01192e-07
-1.01192e-07
1.82688e-06
-1.72568e-06
-2.90655e-06
4.73343e-06
-2.07251e-05
1.78186e-05
-3.1845e-05
1.11199e-05
-3.39569e-05
2.11191e-06
-3.06765e-05
-3.2804e-06
-2.4548e-05
-6.12847e-06
-2.07509e-05
-3.79717e-06
-1.5182e-05
-5.56884e-06
-9.86348e-06
-5.31857e-06
-5.0905e-06
-4.77299e-06
6.53832e-07
-5.74433e-06
6.51472e-06
-5.86089e-06
1.09355e-05
-4.42079e-06
1.46031e-05
-3.66762e-06
1.72595e-05
-2.65634e-06
1.53563e-05
1.90315e-06
1.53563e-05
-4.25602e-06
4.1548e-06
-7.79434e-06
1.81262e-06
-9.56617e-06
6.50527e-06
-1.4057e-05
2.23093e-05
-1.79777e-05
1.50406e-05
-1.74697e-05
1.60389e-06
-1.64826e-05
-4.26743e-06
-1.90809e-05
-3.53017e-06
-2.08248e-05
-2.05327e-06
-1.54502e-05
-1.09434e-05
-1.0367e-05
-1.04017e-05
-6.13591e-06
-9.00413e-06
-2.73308e-06
-9.14718e-06
6.28904e-07
-9.22287e-06
4.12538e-06
-7.91727e-06
7.16668e-06
-6.70891e-06
1.03416e-05
-5.83131e-06
1.04412e-05
1.80358e-06
2.57975e-05
-1.0911e-05
1.50658e-05
-1.17089e-05
2.61051e-06
-1.37855e-05
8.58187e-06
-1.54265e-05
2.39503e-05
-2.0245e-05
1.98591e-05
-2.42642e-05
5.62313e-06
-2.49238e-05
-3.6078e-06
-2.06698e-05
-7.78414e-06
-1.55203e-05
-7.20278e-06
-1.3067e-05
-1.33967e-05
-1.06795e-05
-1.27892e-05
-8.35935e-06
-1.13243e-05
-5.42772e-06
-1.20788e-05
-3.46926e-06
-1.11813e-05
-2.95161e-06
-8.43492e-06
-2.26403e-06
-7.3965e-06
4.11102e-07
-8.50644e-06
4.55251e-06
-2.33783e-06
3.035e-05
-1.17613e-05
2.68271e-05
-1.23375e-05
3.18665e-06
-2.151e-05
1.77545e-05
-3.01353e-05
3.25756e-05
-3.39843e-05
2.3708e-05
-3.35474e-05
5.1863e-06
-2.67382e-05
-1.0417e-05
-1.87514e-05
-1.57711e-05
-1.10266e-05
-1.49275e-05
-9.60928e-06
-1.4814e-05
-9.83641e-06
-1.25621e-05
-9.5168e-06
-1.16439e-05
-7.45606e-06
-1.41396e-05
-7.74152e-06
-1.08959e-05
-1.00674e-05
-6.10899e-06
-1.26362e-05
-4.82769e-06
-1.04403e-05
-1.07024e-05
-2.95408e-06
-9.82401e-06
2.73959e-05
-1.56744e-05
4.25015e-05
-2.26892e-05
1.02015e-05
-3.35267e-05
2.85919e-05
-4.32851e-05
4.23341e-05
-4.28675e-05
2.32904e-05
-3.63542e-05
-1.32702e-06
-2.88173e-05
-1.79539e-05
-2.1851e-05
-2.27373e-05
-1.55082e-05
-2.12703e-05
-1.30665e-05
-1.72557e-05
-1.17703e-05
-1.38583e-05
-1.19709e-05
-1.14433e-05
-1.32955e-05
-1.2815e-05
-1.58843e-05
-8.30704e-06
-1.25338e-05
-9.45953e-06
-9.92442e-06
-7.43706e-06
-9.73215e-06
-1.08947e-05
-5.78548e-06
-1.37707e-05
2.16105e-05
-1.54191e-05
5.79206e-05
-2.73982e-05
2.21806e-05
-3.93441e-05
4.05379e-05
-4.68463e-05
4.98363e-05
-4.43144e-05
2.07585e-05
-3.73774e-05
-8.26407e-06
-2.99335e-05
-2.53977e-05
-2.49112e-05
-2.77598e-05
-2.3097e-05
-2.30845e-05
-2.18809e-05
-1.84719e-05
-1.97023e-05
-1.60368e-05
-1.91325e-05
-1.2013e-05
-1.81473e-05
-1.38001e-05
-1.24179e-05
-1.40364e-05
-7.25258e-06
-1.46249e-05
-4.81257e-06
-9.87706e-06
-6.67621e-06
-9.031e-06
-7.51035e-06
-1.29365e-05
1.41001e-05
-1.56333e-05
7.3554e-05
-2.95426e-05
3.60899e-05
-4.01917e-05
5.11869e-05
-4.42691e-05
5.39137e-05
-4.18284e-05
1.83177e-05
-3.61062e-05
-1.39862e-05
-2.86767e-05
-3.28273e-05
-2.54925e-05
-3.0944e-05
-2.61286e-05
-2.24484e-05
-2.57903e-05
-1.88102e-05
-2.44354e-05
-1.73917e-05
-2.08538e-05
-1.55945e-05
-1.51653e-05
-1.94886e-05
-6.85925e-06
-2.23424e-05
-3.01998e-06
-1.84641e-05
1.3351e-07
-1.30305e-05
-1.19247e-06
-7.705e-06
-5.7845e-06
-8.3445e-06
8.31563e-06
-1.54728e-05
8.90269e-05
-2.97356e-05
5.03527e-05
-3.88808e-05
6.03321e-05
-3.92452e-05
5.42781e-05
-3.75086e-05
1.65812e-05
-3.25929e-05
-1.8902e-05
-2.33253e-05
-4.20948e-05
-2.16225e-05
-3.26469e-05
-2.20203e-05
-2.20506e-05
-2.04735e-05
-2.0357e-05
-2.02002e-05
-1.76651e-05
-1.70014e-05
-1.87933e-05
-1.15755e-05
-2.49145e-05
-5.27022e-06
-2.86477e-05
-4.17201e-06
-1.95623e-05
-1.16871e-06
-1.60338e-05
-6.08968e-07
-8.26474e-06
-3.36167e-06
-5.59177e-06
4.95397e-06
1.50179e-05
-7.32442e-05
3.03657e-05
-5.18398e-05
4.13576e-05
-2.36131e-05
4.60415e-05
-2.55935e-06
4.97373e-05
6.90924e-06
5.25265e-05
1.29237e-05
5.62544e-05
1.52887e-05
6.40145e-05
1.17128e-05
7.00591e-05
7.53984e-06
7.37523e-05
4.59794e-06
7.48275e-05
3.21433e-06
7.41609e-05
2.71876e-06
7.25489e-05
2.7485e-06
7.02578e-05
2.75173e-06
6.73225e-05
2.30678e-06
6.41096e-05
9.41946e-07
6.17015e-05
-2.13943e-06
6.14484e-05
-6.86325e-06
6.19246e-05
-9.03138e-06
5.57425e-05
-4.54309e-07
4.4935e-05
8.86456e-06
3.18505e-05
2.43793e-05
3.69057e-05
2.59425e-05
4.71002e-06
-7.79542e-05
6.67725e-06
-5.3807e-05
8.74344e-06
-2.56793e-05
2.0583e-05
-1.43988e-05
3.67944e-05
-9.30221e-06
5.46136e-05
-4.89544e-06
7.1782e-05
-1.87975e-06
8.44692e-05
-9.74277e-07
9.23627e-05
-3.53673e-07
9.64125e-05
5.48177e-07
9.78098e-05
1.817e-06
9.69149e-05
3.61368e-06
9.41636e-05
5.49984e-06
8.99938e-05
6.9215e-06
8.48699e-05
7.43071e-06
7.93516e-05
6.46024e-06
7.3062e-05
4.15011e-06
6.17831e-05
4.41565e-06
4.05214e-05
1.22304e-05
1.56825e-05
2.43846e-05
-2.28118e-06
2.68283e-05
-9.58391e-06
3.1682e-05
4.07768e-05
-1.34549e-05
-1.15734e-06
-7.67968e-05
-5.90127e-06
-4.9063e-05
1.60794e-06
-3.31884e-05
2.22112e-05
-3.50021e-05
4.4576e-05
-3.1667e-05
6.53315e-05
-2.5651e-05
8.21044e-05
-1.86526e-05
9.3597e-05
-1.24669e-05
0.000100509
-7.26601e-06
0.000103923
-2.86568e-06
0.000104695
1.04529e-06
0.000102973
5.33539e-06
9.92002e-05
9.27287e-06
9.35082e-05
1.26134e-05
8.51301e-05
1.58088e-05
7.27732e-05
1.88172e-05
5.35622e-05
2.33611e-05
2.65891e-05
3.13887e-05
-8.14394e-07
3.96339e-05
-1.66501e-05
4.02203e-05
-2.74462e-05
3.76245e-05
-3.28119e-05
3.70477e-05
4.13055e-05
-3.33406e-05
1.16159e-05
-8.84128e-05
8.51646e-06
-4.59636e-05
1.48472e-05
-3.95192e-05
2.92975e-05
-4.94523e-05
4.67013e-05
-4.90709e-05
6.36038e-05
-4.25535e-05
7.71431e-05
-3.21919e-05
8.66491e-05
-2.19729e-05
9.22239e-05
-1.28408e-05
9.54515e-05
-6.09332e-06
9.68739e-05
-3.77051e-07
9.34121e-05
8.7971e-06
8.56894e-05
1.69956e-05
7.34541e-05
2.48487e-05
5.5877e-05
3.33859e-05
3.35445e-05
4.11496e-05
8.32992e-06
4.85757e-05
-1.4016e-05
5.37347e-05
-2.74217e-05
5.30395e-05
-3.45229e-05
4.73215e-05
-3.98854e-05
4.29869e-05
-4.66189e-05
4.37812e-05
4.45849e-05
-4.98982e-05
2.92678e-05
-0.000117681
3.37212e-05
-5.0417e-05
3.32248e-05
-3.90229e-05
3.84806e-05
-5.47081e-05
4.81909e-05
-5.87811e-05
5.87482e-05
-5.31109e-05
6.64098e-05
-3.98535e-05
7.14987e-05
-2.70619e-05
7.50685e-05
-1.64105e-05
7.20156e-05
-3.04042e-06
6.44411e-05
7.19745e-06
5.28762e-05
2.0362e-05
3.89118e-05
3.09599e-05
2.31624e-05
4.05981e-05
5.01196e-06
5.15364e-05
-1.33613e-05
5.95229e-05
-2.88592e-05
6.40736e-05
-3.86331e-05
6.35087e-05
-4.36321e-05
5.80385e-05
-4.67382e-05
5.04276e-05
-5.00322e-05
4.6281e-05
-5.36673e-05
4.74163e-05
4.78935e-05
-5.69758e-05
2.01853e-05
-0.000137866
3.93791e-05
-6.96107e-05
4.98034e-05
-4.94473e-05
5.23009e-05
-5.72055e-05
5.22921e-05
-5.87724e-05
5.06297e-05
-5.14484e-05
4.72073e-05
-3.64311e-05
4.00899e-05
-1.99445e-05
2.67891e-05
-3.10975e-06
1.35011e-05
1.02475e-05
4.91287e-06
1.57857e-05
-4.13738e-06
2.94123e-05
-1.52586e-05
4.20812e-05
-2.72892e-05
5.26287e-05
-3.87854e-05
6.30326e-05
-4.85839e-05
6.93214e-05
-5.47682e-05
7.02579e-05
-5.6769e-05
6.55095e-05
-5.70242e-05
5.82938e-05
-5.82098e-05
5.16132e-05
-6.11895e-05
4.92607e-05
-6.27077e-05
4.89345e-05
4.79148e-05
-6.2729e-05
6.1785e-06
-0.000144044
1.8749e-05
-8.21813e-05
3.43436e-05
-6.50417e-05
3.90199e-05
-6.1882e-05
3.24033e-05
-5.21557e-05
1.70005e-05
-3.60457e-05
-5.04648e-06
-1.43841e-05
-2.14202e-05
-3.57079e-06
-3.0845e-05
6.315e-06
-3.72555e-05
1.6658e-05
-4.89799e-05
2.751e-05
-5.54074e-05
3.58397e-05
-6.12576e-05
4.79313e-05
-6.85694e-05
5.99405e-05
-7.3637e-05
6.81002e-05
-7.52656e-05
7.09499e-05
-7.41486e-05
6.91409e-05
-7.19701e-05
6.33309e-05
-7.07086e-05
5.70323e-05
-7.09944e-05
5.1899e-05
-7.06298e-05
4.88961e-05
-6.89817e-05
4.72864e-05
4.58234e-05
-6.68903e-05
-4.49708e-06
-0.000139547
2.26742e-06
-8.89457e-05
1.10639e-05
-7.38383e-05
9.17748e-06
-5.99954e-05
-5.55434e-06
-3.74239e-05
-3.52982e-05
-6.30184e-06
-6.05431e-05
1.08609e-05
-7.29425e-05
8.82853e-06
-8.53834e-05
1.87558e-05
-9.19688e-05
2.32434e-05
-9.44358e-05
2.9977e-05
-9.72767e-05
3.86807e-05
-9.87497e-05
4.94042e-05
-9.92423e-05
6.0433e-05
-9.78943e-05
6.67522e-05
-9.38517e-05
6.69073e-05
-8.89554e-05
6.42445e-05
-8.48522e-05
5.92278e-05
-8.19739e-05
5.41539e-05
-7.97097e-05
4.96348e-05
-7.79772e-05
4.71636e-05
-7.5444e-05
4.47533e-05
4.21091e-05
-7.17297e-05
-1.12894e-05
-0.000128258
-9.02151e-06
-9.12137e-05
-9.94889e-06
-7.29107e-05
-2.28413e-05
-4.71029e-05
-7.80162e-05
1.77512e-05
-0.000112093
2.77752e-05
-0.000114092
1.286e-05
-0.000118889
1.36252e-05
-0.00011915
1.90167e-05
-0.00012061
2.47034e-05
-0.000121989
3.13556e-05
-0.00012247
3.91623e-05
-0.000120993
4.79271e-05
-0.000116924
5.63639e-05
-0.000111076
6.09046e-05
-0.000104137
5.99678e-05
-9.70623e-05
5.717e-05
-9.17801e-05
5.39456e-05
-8.80072e-05
5.0381e-05
-8.40289e-05
4.56565e-05
-7.97099e-05
4.28445e-05
-7.38906e-05
3.89339e-05
3.54589e-05
-6.72407e-05
-1.46175e-05
-0.00011364
-1.90524e-05
-8.67787e-05
-2.63228e-05
-6.56402e-05
-5.98397e-05
-1.3586e-05
-0.000129047
8.69585e-05
-0.000127586
2.63145e-05
-0.000127764
1.30383e-05
-0.000129817
1.56778e-05
-0.00013223
2.14301e-05
-0.000134606
2.70794e-05
-0.000135466
3.22152e-05
-0.000134191
3.78872e-05
-0.000130728
4.44638e-05
-0.000124285
4.99207e-05
-0.000115977
5.25969e-05
-0.000107556
5.15467e-05
-9.91169e-05
4.87311e-05
-9.19222e-05
4.67509e-05
-8.36823e-05
4.21409e-05
-7.47314e-05
3.6705e-05
-6.68247e-05
3.49377e-05
-7.32815e-05
4.53907e-05
3.55087e-05
-7.33318e-05
-1.62615e-05
-9.7379e-05
-2.58726e-05
-7.71676e-05
-3.68436e-05
-5.4669e-05
-7.29355e-05
2.25057e-05
-0.000127224
0.000141247
-0.000124164
2.32551e-05
-0.000125501
1.43748e-05
-0.000129303
1.94801e-05
-0.000134522
2.6649e-05
-0.000139046
3.16036e-05
-0.000140043
3.32117e-05
-0.000136947
3.47913e-05
-0.000131559
3.90761e-05
-0.000123994
4.23556e-05
-0.000114869
4.34718e-05
-0.000103548
4.02244e-05
-8.85137e-05
3.36969e-05
-7.25702e-05
3.08073e-05
-7.70563e-05
4.6627e-05
-8.74359e-05
4.7084e-05
-9.08327e-05
3.83344e-05
-7.80225e-05
3.25807e-05
2.59717e-05
-6.84857e-05
-1.74185e-05
-7.99606e-05
-2.8924e-05
-6.5662e-05
-3.75451e-05
-4.60479e-05
-3.67654e-05
2.17271e-05
-0.000102575
0.000207055
-0.000105575
2.62541e-05
-0.000109406
1.82059e-05
-0.000115899
2.59734e-05
-0.000124686
3.54357e-05
-0.000132868
3.97858e-05
-0.000135058
3.54003e-05
-0.000131404
3.11349e-05
-0.000125901
3.35712e-05
-0.00011984
3.62943e-05
-0.000110124
3.37552e-05
-0.000106277
3.63779e-05
-0.000108106
3.55258e-05
-0.000110576
3.32762e-05
-9.69755e-05
3.3027e-05
-8.14005e-05
3.15101e-05
-6.954e-05
2.64744e-05
-5.39456e-05
1.69862e-05
6.80999e-06
-3.47844e-05
-1.80591e-05
-6.19015e-05
-3.1498e-05
-5.22232e-05
-4.0052e-05
-3.74934e-05
-1.46824e-05
-3.6419e-06
-2.49158e-05
0.000217289
-6.83444e-05
6.96807e-05
-7.71105e-05
2.69721e-05
-8.30659e-05
3.19291e-05
-7.86814e-05
3.10512e-05
-9.75244e-05
5.86278e-05
-0.000102599
4.04734e-05
-0.000109901
3.84352e-05
-0.000118303
4.19708e-05
-0.000124306
4.22968e-05
-0.000129561
3.901e-05
-0.000126198
3.30148e-05
-0.000116596
2.59243e-05
-0.000103093
1.97735e-05
-8.51164e-05
1.50498e-05
-6.24596e-05
8.85421e-06
-4.01553e-05
4.1702e-06
-2.13075e-05
-1.86174e-06
-6.52058e-06
-7.97834e-06
-1.70699e-05
-4.48317e-05
-3.10831e-05
-3.82099e-05
-4.21123e-05
-2.64643e-05
-4.28399e-05
-2.91076e-06
5.97746e-05
0.000114672
-1.28739e-05
0.000142325
-4.61198e-05
6.02178e-05
-4.8527e-05
3.43364e-05
-3.67225e-05
1.92469e-05
-5.4312e-05
7.6216e-05
-7.81676e-05
6.43285e-05
-9.78236e-05
5.80917e-05
-0.000111573
5.57204e-05
-0.00012007
5.07934e-05
-0.000121523
4.04631e-05
-0.000114086
2.55776e-05
-9.72666e-05
9.10444e-06
-7.54675e-05
-2.02603e-06
-5.38716e-05
-6.54639e-06
-3.58287e-05
-9.18887e-06
-2.03624e-05
-1.12962e-05
-8.73335e-06
-1.34914e-05
-1.50112e-05
-2.43938e-07
-1.52495e-05
-2.95822e-05
-2.75432e-05
-2.59163e-05
-3.71711e-05
-1.68362e-05
-4.32083e-05
3.12654e-06
2.61072e-05
4.53578e-05
3.37232e-05
0.000134708
-2.35607e-05
0.000117501
-8.59795e-06
1.93734e-05
1.29418e-05
-2.29087e-06
-2.38833e-05
0.000113039
-5.30497e-05
9.34915e-05
-7.96292e-05
8.46708e-05
-9.58018e-05
7.18929e-05
-0.000102113
5.71048e-05
-9.82653e-05
3.66145e-05
-8.44384e-05
1.17501e-05
-6.51853e-05
-1.01494e-05
-4.85281e-05
-1.8684e-05
-3.45181e-05
-2.05569e-05
-2.21587e-05
-2.15486e-05
-1.15258e-05
-2.19295e-05
-2.93292e-06
-2.20844e-05
-2.16704e-05
3.72482e-06
-1.24479e-05
-1.71343e-05
-2.17089e-05
-1.66553e-05
-2.82541e-05
-1.02911e-05
-2.84121e-05
3.28467e-06
-1.2834e-05
2.97799e-05
3.3408e-05
8.84667e-05
5.04991e-05
0.00010041
3.01559e-05
3.97152e-05
1.62913e-05
1.15695e-05
6.47098e-06
0.000122858
-3.31411e-05
0.000133102
-5.69093e-05
0.000108438
-7.09145e-05
8.58974e-05
-7.4763e-05
6.09526e-05
-6.91444e-05
3.09952e-05
-5.33384e-05
-4.05676e-06
-3.94057e-05
-2.4083e-05
-2.97544e-05
-2.83361e-05
-2.0298e-05
-3.0014e-05
-1.18528e-05
-2.99941e-05
-4.62388e-06
-2.91587e-05
1.33026e-06
-2.80393e-05
-2.65791e-05
6.2376e-06
-9.17716e-06
-7.95712e-06
-1.42976e-05
-1.15348e-05
-1.72728e-05
-7.31581e-06
-1.57776e-05
1.78951e-06
-4.23507e-06
1.82375e-05
3.4137e-05
5.00949e-05
7.36689e-05
6.08775e-05
6.97783e-05
4.36016e-05
3.49808e-05
4.63651e-05
4.81664e-07
0.000157358
-2.24641e-05
0.000156047
-3.86307e-05
0.000124604
-4.65938e-05
9.38597e-05
-4.60933e-05
6.04513e-05
-3.55614e-05
2.04625e-05
-2.40838e-05
-1.55353e-05
-1.94819e-05
-2.86857e-05
-1.39023e-05
-3.39166e-05
-8.39486e-06
-3.55222e-05
-3.37363e-06
-3.50158e-05
1.01313e-06
-3.35459e-05
4.70125e-06
-3.17277e-05
-2.97795e-05
7.90001e-06
-5.72416e-06
-2.23296e-06
-5.73166e-06
-1.15272e-05
-4.08903e-06
-8.95838e-06
-6.46583e-07
-1.65279e-06
1.43068e-05
3.28414e-06
5.55475e-05
8.85429e-06
0.000125256
-8.83137e-06
9.49973e-05
7.38547e-05
2.80278e-05
0.000113337
-3.01409e-06
0.000188403
-1.69243e-05
0.000169956
-2.50595e-05
0.000132738
-2.64324e-05
9.52318e-05
-2.05117e-05
5.45297e-05
-1.00629e-05
1.00128e-05
-5.71997e-06
-1.98791e-05
-3.76913e-06
-3.06375e-05
-1.32016e-06
-3.63664e-05
1.05195e-06
-3.7895e-05
3.37757e-06
-3.73418e-05
5.51618e-06
-3.56849e-05
7.40124e-06
-3.36135e-05
-3.14556e-05
9.07604e-06
-2.35804e-06
1.25132e-07
2.91383e-06
-1.67991e-05
9.77167e-06
-1.58161e-05
2.11746e-05
-1.30557e-05
4.84332e-05
-2.39745e-05
0.000102341
-4.5053e-05
6.54856e-05
2.80147e-05
3.39696e-05
0.000105373
-2.56122e-05
0.000172928
-2.04632e-05
0.000183255
-1.96176e-05
0.00016911
-1.70189e-05
0.000130139
-9.9302e-06
8.81422e-05
1.61648e-06
4.29821e-05
8.13554e-06
3.49274e-06
7.58371e-06
-1.93282e-05
7.91374e-06
-3.09684e-05
8.0556e-06
-3.65091e-05
8.37443e-06
-3.82146e-05
8.7538e-06
-3.77216e-05
9.1735e-06
-3.6105e-05
9.60015e-06
-3.40404e-05
-3.18906e-05
1.00336e-05
2.59469e-06
-2.46949e-06
1.08042e-05
-2.50086e-05
2.05772e-05
-2.5589e-05
3.86427e-05
-3.11212e-05
6.6251e-05
-5.15829e-05
0.000100178
-7.89837e-05
1.82215e-05
0.000109971
-4.25195e-05
0.000166121
-3.70857e-05
0.000167496
-3.15887e-05
0.000177758
-2.1082e-05
0.000158603
-9.93356e-06
0.000118989
3.66766e-06
7.45401e-05
1.43751e-05
3.22737e-05
1.76878e-05
1.79078e-07
1.75006e-05
-1.91418e-05
1.64919e-05
-2.99606e-05
1.52116e-05
-3.52297e-05
1.39843e-05
-3.6988e-05
1.29261e-05
-3.66637e-05
1.20702e-05
-3.52494e-05
1.13999e-05
-3.33709e-05
-3.13788e-05
1.08867e-05
8.69026e-06
-1.11597e-05
1.73417e-05
-3.36599e-05
3.02791e-05
-3.85263e-05
5.42353e-05
-5.50773e-05
0.000107635
-0.000104982
1.59817e-06
2.70467e-05
-3.39887e-05
0.00014556
-4.87002e-05
0.000180839
-4.42954e-05
0.000163092
-3.3932e-05
0.000167394
-1.84074e-05
0.000143078
-1.45525e-06
0.000102036
1.36709e-05
5.94131e-05
2.23107e-05
2.3633e-05
2.47776e-05
-2.28869e-06
2.42722e-05
-1.86373e-05
2.24822e-05
-2.81714e-05
2.02617e-05
-3.30099e-05
1.80412e-05
-3.47681e-05
1.60305e-05
-3.46533e-05
1.43052e-05
-3.35246e-05
1.28688e-05
-3.19347e-05
-3.02046e-05
1.16931e-05
1.20676e-05
-2.32272e-05
2.38955e-05
-4.54878e-05
4.7759e-05
-6.23898e-05
7.85713e-05
-8.58892e-05
2.2847e-06
-2.86964e-05
-7.08844e-05
0.000100216
-8.53123e-05
0.00015999
-5.86261e-05
0.000154154
-4.93963e-05
0.000153863
-3.27423e-05
0.00015074
-1.25473e-05
0.000122882
6.86906e-06
8.2619e-05
2.05059e-05
4.57754e-05
2.74746e-05
1.66636e-05
2.93552e-05
-4.17004e-06
2.84992e-05
-1.7782e-05
2.62938e-05
-2.59667e-05
2.35681e-05
-3.02849e-05
2.07926e-05
-3.19932e-05
1.82189e-05
-3.20798e-05
1.59591e-05
-3.12649e-05
1.40354e-05
-3.00116e-05
-2.85931e-05
1.24226e-05
1.5968e-05
-3.9195e-05
3.5905e-05
-6.54249e-05
5.44298e-05
-8.09147e-05
-6.36516e-06
-2.50916e-05
-8.95417e-05
5.44817e-05
-9.0142e-05
0.000100819
-7.30089e-05
0.000142858
-5.81562e-05
0.000139302
-4.58528e-05
0.000141559
-2.66061e-05
0.000131493
-4.34655e-06
0.000100622
1.3814e-05
6.44578e-05
2.51703e-05
3.44186e-05
3.06007e-05
1.12325e-05
3.19277e-05
-5.4976e-06
3.08413e-05
-1.66961e-05
2.84665e-05
-2.35925e-05
2.55356e-05
-2.73545e-05
2.25101e-05
-2.89682e-05
1.96611e-05
-2.92309e-05
1.71175e-05
-2.87217e-05
1.49187e-05
-2.78129e-05
-2.673e-05
1.30544e-05
1.3647e-05
-5.2842e-05
2.20941e-05
-7.3872e-05
2.5315e-05
-8.41335e-05
-2.98995e-05
3.01261e-05
-6.26706e-05
8.72552e-05
-7.45071e-05
0.000112657
-6.16638e-05
0.000130016
-5.20482e-05
0.000129687
-3.78985e-05
0.00012741
-1.7363e-05
0.000110957
3.90236e-06
7.9356e-05
1.90101e-05
4.93497e-05
2.81081e-05
2.53201e-05
3.22695e-05
7.07067e-06
3.31294e-05
-6.3579e-06
3.19035e-05
-1.54706e-05
2.94875e-05
-2.1177e-05
2.65181e-05
-2.43855e-05
2.34308e-05
-2.58812e-05
2.04934e-05
-2.62937e-05
1.78443e-05
-2.60727e-05
1.5529e-05
-2.54981e-05
-2.47418e-05
1.35396e-05
1.32396e-05
-6.60811e-05
2.15498e-05
-8.21817e-05
1.2337e-05
-7.49204e-05
-2.5071e-05
6.75364e-05
-4.82425e-05
0.00011043
-5.55796e-05
0.000119995
-4.94418e-05
0.000123879
-4.18949e-05
0.000122141
-2.71044e-05
0.00011262
-6.85522e-06
9.07081e-05
1.09723e-05
6.15285e-05
2.28664e-05
3.74556e-05
2.98596e-05
1.83268e-05
3.29928e-05
3.93736e-06
3.34465e-05
-6.81177e-06
3.21041e-05
-1.41285e-05
2.96936e-05
-1.87667e-05
2.67725e-05
-2.14647e-05
2.37387e-05
-2.28477e-05
2.08419e-05
-2.33969e-05
1.8207e-05
-2.34381e-05
1.58812e-05
-2.31724e-05
-2.2728e-05
1.38662e-05
1.53209e-05
-8.14024e-05
5.19473e-05
-0.000118809
7.6404e-05
-9.93782e-05
2.08002e-06
0.000141861
-3.55994e-05
0.000148112
-4.4037e-05
0.000128434
-4.06347e-05
0.000120478
-3.17494e-05
0.000113256
-1.60957e-05
9.69672e-05
2.28129e-06
7.23316e-05
1.61681e-05
4.76421e-05
2.54328e-05
2.81912e-05
3.0778e-05
1.29818e-05
3.30851e-05
1.63034e-06
3.31575e-05
-6.88417e-06
3.16921e-05
-1.26631e-05
2.93055e-05
-1.63803e-05
2.64854e-05
-1.86447e-05
2.35796e-05
-1.99421e-05
2.08015e-05
-2.06188e-05
1.82606e-05
-2.08972e-05
1.59962e-05
-2.09085e-05
-2.07422e-05
1.40096e-05
2.1987e-05
-0.000103393
1.95806e-06
-9.87857e-05
-7.44381e-05
-2.2984e-05
-5.58745e-05
0.000123297
-4.6158e-05
0.000138394
-4.24484e-05
0.000124726
-3.5285e-05
0.000113316
-2.31593e-05
0.000101132
-6.73939e-06
8.05483e-05
8.84164e-06
5.67515e-05
1.97845e-05
3.67001e-05
2.70267e-05
2.09496e-05
3.11009e-05
8.90813e-06
3.27016e-05
2.99944e-08
3.24052e-05
-6.5875e-06
3.08192e-05
-1.10769e-05
2.84788e-05
-1.40399e-05
2.58005e-05
-1.59664e-05
2.30719e-05
-1.72135e-05
2.04649e-05
-1.80117e-05
1.80623e-05
-1.84948e-05
1.58981e-05
-1.87442e-05
-1.8824e-05
1.3979e-05
-2.46296e-06
-0.000100935
-4.22527e-05
-5.90022e-05
-9.17743e-05
2.65343e-05
-7.26222e-05
0.000104144
-5.6455e-05
0.000122228
-4.3894e-05
0.000112166
-3.14401e-05
0.000100863
-1.59655e-05
8.56584e-05
4.24465e-07
6.41596e-05
1.32933e-05
4.38839e-05
2.2209e-05
2.77854e-05
2.79272e-05
1.52323e-05
3.09616e-05
5.87441e-06
3.19188e-05
-9.26542e-07
3.12787e-05
-5.94699e-06
2.9599e-05
-9.39692e-06
2.73381e-05
-1.17788e-05
2.48348e-05
-1.34631e-05
2.23116e-05
-1.46904e-05
1.98963e-05
-1.55962e-05
1.7655e-05
-1.62533e-05
1.56135e-05
-1.67031e-05
-1.69867e-05
1.37755e-05
-2.86083e-05
-7.23279e-05
-6.72924e-05
-2.03194e-05
-8.31317e-05
4.23728e-05
-7.67125e-05
9.7725e-05
-5.91245e-05
0.00010464
-4.30521e-05
9.60947e-05
-2.65902e-05
8.44024e-05
-9.20017e-06
6.82696e-05
5.89704e-06
4.90638e-05
1.66464e-05
3.31359e-05
2.39284e-05
2.05046e-05
2.8344e-05
1.08178e-05
3.04457e-05
3.77362e-06
3.07976e-05
-1.27766e-06
2.98628e-05
-5.01159e-06
2.81357e-05
-7.66936e-06
2.59903e-05
-9.6331e-06
2.36834e-05
-1.11559e-05
2.13753e-05
-1.23822e-05
1.91587e-05
-1.33793e-05
1.70801e-05
-1.41748e-05
1.51648e-05
-1.47876e-05
-1.5245e-05
1.34223e-05
-3.27084e-05
-3.96185e-05
-5.98576e-05
6.83017e-06
-7.3463e-05
5.59783e-05
-6.59151e-05
9.01775e-05
-5.03446e-05
8.90708e-05
-3.49722e-05
8.07235e-05
-1.80308e-05
6.74622e-05
-1.56974e-06
5.18099e-05
1.09056e-05
3.65898e-05
1.9601e-05
2.44418e-05
2.52396e-05
1.48673e-05
2.83736e-05
7.68494e-06
2.95867e-05
2.56151e-06
2.93964e-05
-1.08647e-06
2.82417e-05
-3.85629e-06
2.65243e-05
-5.9514e-06
2.45242e-05
-7.63253e-06
2.24202e-05
-9.05169e-06
2.03209e-05
-1.02826e-05
1.82906e-05
-1.13487e-05
1.63697e-05
-1.22537e-05
1.45799e-05
-1.2998e-05
-1.35953e-05
1.293e-05
-2.80592e-05
-1.15581e-05
-4.97678e-05
2.85398e-05
-5.80349e-05
6.4246e-05
-5.03279e-05
8.24713e-05
-3.67085e-05
7.54523e-05
-2.22365e-05
6.62526e-05
-6.96437e-06
5.21913e-05
6.28935e-06
3.85575e-05
1.57629e-05
2.71175e-05
2.22194e-05
1.79867e-05
2.61301e-05
1.09578e-05
2.80059e-05
5.81028e-06
2.84096e-05
2.15888e-06
2.77879e-05
-4.63879e-07
2.65042e-05
-2.57176e-06
2.48476e-05
-4.29421e-06
2.30071e-05
-5.79162e-06
2.10979e-05
-7.14203e-06
1.91906e-05
-8.37504e-06
1.73322e-05
-9.48991e-06
1.55539e-05
-1.04753e-05
1.38785e-05
-1.13221e-05
-1.20361e-05
1.23191e-05
-2.21067e-05
1.05508e-05
-3.63005e-05
4.2735e-05
-4.1137e-05
6.90835e-05
-3.30865e-05
7.44217e-05
-2.141e-05
6.37767e-05
-8.03619e-06
5.28798e-05
4.01822e-06
4.01379e-05
1.33191e-05
2.92577e-05
1.99195e-05
2.05184e-05
2.41746e-05
1.37327e-05
2.64508e-05
8.6828e-06
2.72173e-05
5.0449e-06
2.69555e-05
2.4217e-06
2.60552e-05
4.37281e-07
2.4722e-05
-1.2378e-06
2.31605e-05
-2.73205e-06
2.14804e-05
-4.11101e-06
1.97488e-05
-5.41002e-06
1.80111e-05
-6.63709e-06
1.63026e-05
-7.78105e-06
1.46543e-05
-8.82668e-06
1.30859e-05
-9.7538e-06
-1.05562e-05
1.16059e-05
-1.53276e-05
2.58796e-05
-2.37624e-05
5.11709e-05
-2.53281e-05
7.06503e-05
-1.65319e-05
6.56263e-05
-6.64792e-06
5.38936e-05
4.11077e-06
4.21219e-05
1.25528e-05
3.16967e-05
1.87189e-05
2.30925e-05
2.285e-05
1.63883e-05
2.52014e-05
1.13823e-05
2.61307e-05
7.75443e-06
2.60507e-05
5.12591e-06
2.53342e-05
3.13909e-06
2.42556e-05
1.51664e-06
2.29437e-05
7.48501e-08
2.14936e-05
-1.28137e-06
1.99644e-05
-2.5813e-06
1.83908e-05
-3.836e-06
1.68006e-05
-5.04652e-06
1.52247e-05
-6.20488e-06
1.36877e-05
-7.28952e-06
1.22121e-05
-8.27773e-06
-9.15421e-06
1.08097e-05
-9.5902e-06
3.54715e-05
-1.36322e-05
5.52139e-05
-1.15942e-05
6.86131e-05
-2.23625e-06
5.62691e-05
5.76146e-06
4.58965e-05
1.29848e-05
3.48992e-05
1.84778e-05
2.62044e-05
2.22069e-05
1.9364e-05
2.43703e-05
1.42256e-05
2.52596e-05
1.04938e-05
2.5223e-05
7.79178e-06
2.45902e-05
5.75948e-06
2.36148e-05
4.11523e-06
2.24582e-05
2.674e-06
2.11988e-05
1.33483e-06
1.98626e-05
5.5393e-08
1.8468e-05
-1.18627e-06
1.70316e-05
-2.39933e-06
1.55695e-05
-3.58414e-06
1.41057e-05
-4.74079e-06
1.26689e-05
-5.85234e-06
1.12785e-05
-6.88751e-06
-7.81958e-06
9.94392e-06
-5.43954e-06
4.09112e-05
-5.74475e-06
5.55196e-05
-2.75413e-07
6.31442e-05
7.3536e-06
4.86405e-05
1.38297e-05
3.94207e-05
1.86236e-05
3.01056e-05
2.19275e-05
2.29009e-05
2.38242e-05
1.74678e-05
2.45695e-05
1.34808e-05
2.4482e-05
1.05818e-05
2.38607e-05
8.41374e-06
2.2936e-05
6.68471e-06
2.18563e-05
5.1955e-06
2.07001e-05
3.83081e-06
1.95e-05
2.53532e-06
1.8266e-05
1.28991e-06
1.69908e-05
8.92968e-08
1.56724e-05
-1.08068e-06
1.43219e-05
-2.23339e-06
1.29583e-05
-3.377e-06
1.16065e-05
-4.50048e-06
1.02886e-05
-5.56901e-06
-6.54892e-06
9.01772e-06
-2.25944e-06
4.31717e-05
2.8674e-07
5.2974e-05
7.80985e-06
5.56214e-05
1.35687e-05
4.28819e-05
1.83857e-05
3.46039e-05
2.14638e-05
2.70277e-05
2.31943e-05
2.11705e-05
2.38438e-05
1.68186e-05
2.37142e-05
1.36107e-05
2.30929e-05
1.12035e-05
2.22004e-05
9.30662e-06
2.11769e-05
7.7087e-06
2.00952e-05
6.27757e-06
1.89848e-05
4.94168e-06
1.78526e-05
3.66786e-06
1.66991e-05
2.44373e-06
1.55222e-05
1.26643e-06
1.43095e-05
1.32223e-07
1.3059e-05
-9.82654e-07
1.17836e-05
-2.10141e-06
1.05086e-05
-3.22527e-06
9.25925e-06
-4.32007e-06
-5.33161e-06
8.042e-06
2.21946e-07
4.29495e-05
4.48744e-06
4.87085e-05
1.20641e-05
4.80448e-05
1.66974e-05
3.82486e-05
2.01086e-05
3.11927e-05
2.19937e-05
2.51427e-05
2.27391e-05
2.04253e-05
2.26932e-05
1.68646e-05
2.21494e-05
1.41546e-05
2.13314e-05
1.20217e-05
2.03832e-05
1.02551e-05
1.93805e-05
8.71163e-06
1.8354e-05
7.30435e-06
1.73105e-05
5.98551e-06
1.6248e-05
4.73058e-06
1.51643e-05
3.52766e-06
1.40601e-05
2.37086e-06
1.29356e-05
1.25685e-06
1.1775e-05
1.78112e-07
1.05798e-05
-9.06101e-07
9.37119e-06
-2.01681e-06
8.18032e-06
-3.12865e-06
-4.17208e-06
7.02035e-06
2.15793e-06
4.07923e-05
7.05147e-06
4.38152e-05
1.35141e-05
4.15822e-05
1.73118e-05
3.44509e-05
1.97323e-05
2.87722e-05
2.08901e-05
2.39847e-05
2.1149e-05
2.01664e-05
2.08389e-05
1.71746e-05
2.02026e-05
1.4791e-05
1.93987e-05
1.28257e-05
1.85159e-05
1.1138e-05
1.75946e-05
9.63307e-06
1.66477e-05
8.25142e-06
1.56764e-05
6.95704e-06
1.46789e-05
5.72821e-06
1.36552e-05
4.55156e-06
1.26078e-05
3.41833e-06
1.15425e-05
2.32231e-06
1.04621e-05
1.2586e-06
9.34178e-06
2.14246e-07
8.19615e-06
-8.7092e-07
7.06174e-06
-1.99477e-06
-3.06331e-06
5.95317e-06
3.33295e-06
3.74589e-05
8.06744e-06
3.90806e-05
1.31694e-05
3.64802e-05
1.62468e-05
3.13735e-05
1.80569e-05
2.6962e-05
1.8864e-05
2.31777e-05
1.89827e-05
2.00477e-05
1.86768e-05
1.74805e-05
1.81262e-05
1.53416e-05
1.74394e-05
1.35126e-05
1.66733e-05
1.19042e-05
1.58535e-05
1.0453e-05
1.49898e-05
9.11535e-06
1.40857e-05
7.86138e-06
1.31437e-05
6.6704e-06
1.21677e-05
5.52772e-06
1.11634e-05
4.42275e-06
1.01385e-05
3.34742e-06
9.10284e-06
2.29439e-06
8.06089e-06
1.25633e-06
6.95982e-06
2.30106e-07
5.87982e-06
-9.14008e-07
-2.012e-06
4.82836e-06
3.72697e-06
3.3732e-05
7.90205e-06
3.49054e-05
1.18223e-05
3.25598e-05
1.43163e-05
2.88793e-05
1.57909e-05
2.54873e-05
1.64928e-05
2.24756e-05
1.66611e-05
1.98793e-05
1.64845e-05
1.7657e-05
1.6089e-05
1.57371e-05
1.55497e-05
1.40519e-05
1.49082e-05
1.25458e-05
1.41864e-05
1.11748e-05
1.3397e-05
9.90485e-06
1.25485e-05
8.70995e-06
1.16488e-05
7.57018e-06
1.07061e-05
6.47042e-06
9.72944e-06
5.3995e-06
8.72748e-06
4.34945e-06
7.70702e-06
3.31489e-06
6.67682e-06
2.28658e-06
5.67031e-06
1.23692e-06
4.65253e-06
1.0316e-07
-1.00697e-06
3.64752e-06
3.50898e-06
3.02225e-05
7.00483e-06
3.1409e-05
1.00524e-05
2.95116e-05
1.21267e-05
2.68044e-05
1.34363e-05
2.41773e-05
1.41557e-05
2.17556e-05
1.44451e-05
1.95894e-05
1.44294e-05
1.76722e-05
1.41939e-05
1.59722e-05
1.37935e-05
1.44519e-05
1.32623e-05
1.30767e-05
1.26229e-05
1.18139e-05
1.1892e-05
1.06354e-05
1.10839e-05
9.51785e-06
1.02114e-05
8.44242e-06
9.28755e-06
7.39401e-06
8.32621e-06
6.36063e-06
7.34308e-06
5.33237e-06
6.35592e-06
4.30184e-06
5.37663e-06
3.2657e-06
4.3843e-06
2.22881e-06
3.32898e-06
1.15861e-06
-1.09822e-07
2.43157e-06
3.05315e-06
5.86625e-06
8.26131e-06
1.00314e-05
1.12571e-05
1.20344e-05
1.24532e-05
1.25876e-05
1.24924e-05
1.22076e-05
1.17645e-05
1.1188e-05
1.04989e-05
9.71581e-06
8.85545e-06
7.93306e-06
6.96226e-06
5.95507e-06
4.92458e-06
3.89409e-06
2.91887e-06
2.0582e-06
1.34995e-06
1.11634e-05
1.47791e-05
-2.40708e-06
1.35705e-05
-1.86705e-05
1.62635e-05
2.47431e-05
-4.34137e-05
-1.73391e-05
1.86632e-05
-2.13602e-05
1.75917e-05
-2.438e-05
1.92833e-05
2.51153e-05
-2.47521e-05
-3.37822e-05
1.91048e-05
-3.49075e-05
1.8717e-05
-3.47823e-05
1.91581e-05
2.21933e-05
-3.18603e-05
-5.11032e-05
2.03098e-05
-5.25458e-05
2.01596e-05
-5.28316e-05
1.94438e-05
2.03179e-05
-5.09561e-05
-5.8763e-05
2.2097e-05
-6.04518e-05
2.18484e-05
-6.25894e-05
2.15814e-05
2.02082e-05
-6.24798e-05
-6.23831e-05
2.17511e-05
-6.14527e-05
2.09181e-05
-6.00285e-05
2.01571e-05
1.86135e-05
-5.84338e-05
-6.58473e-05
2.07081e-05
-6.46828e-05
1.97536e-05
-6.25757e-05
1.805e-05
1.58981e-05
-5.98603e-05
-6.99045e-05
1.88829e-05
-6.81492e-05
1.79983e-05
-6.54578e-05
1.53587e-05
1.21055e-05
-6.16653e-05
-6.684e-05
1.84818e-05
-6.7171e-05
1.83291e-05
-6.4836e-05
1.30237e-05
5.25865e-06
-5.7989e-05
-7.31773e-05
1.83267e-05
-6.77651e-05
1.29169e-05
-6.4779e-05
1.00379e-05
1.13575e-05
-7.08775e-05
-6.04162e-05
1.02574e-05
-5.60855e-05
8.58651e-06
-5.30204e-05
6.97318e-06
5.78408e-06
-4.74466e-05
-2.61973e-05
1.67015e-06
-1.88121e-05
1.20105e-06
-1.2127e-05
2.88714e-07
-5.16712e-07
-5.82574e-06
-2.61237e-06
-3.6964e-06
2.45979e-06
-3.87085e-06
6.93838e-06
-4.18955e-06
-4.5355e-06
1.09577e-05
3.49479e-06
-7.4357e-06
7.17994e-06
-7.55623e-06
1.06571e-05
-7.66607e-06
-7.76992e-06
1.3892e-05
6.64704e-06
-1.03584e-05
9.42454e-06
-1.03333e-05
1.20365e-05
-1.02777e-05
-1.01961e-05
1.44633e-05
8.34874e-06
-1.24701e-05
1.03054e-05
-1.22902e-05
1.21104e-05
-1.2082e-05
-1.18548e-05
1.37696e-05
9.24327e-06
-1.38139e-05
1.04645e-05
-1.3511e-05
1.1579e-05
-1.31962e-05
-1.28677e-05
1.25926e-05
9.76756e-06
-1.4506e-05
1.03801e-05
-1.41239e-05
1.09237e-05
-1.3739e-05
-1.33545e-05
1.14111e-05
1.01932e-05
-1.46661e-05
1.03219e-05
-1.4252e-05
1.04309e-05
-1.38476e-05
-1.34449e-05
1.05219e-05
1.06551e-05
-1.44351e-05
1.0429e-05
-1.40264e-05
1.02106e-05
-1.36284e-05
-1.32393e-05
1.00055e-05
1.11773e-05
-1.39199e-05
1.06988e-05
-1.35473e-05
1.02604e-05
-1.31898e-05
-1.28364e-05
9.85821e-06
1.17298e-05
-1.32275e-05
1.10911e-05
-1.29091e-05
1.05031e-05
-1.26008e-05
-1.23006e-05
9.96775e-06
1.22487e-05
-1.2422e-05
1.15115e-05
-1.21711e-05
1.08432e-05
-1.19321e-05
-1.16929e-05
1.02361e-05
1.26859e-05
-1.15687e-05
1.19022e-05
-1.13879e-05
1.11839e-05
-1.12129e-05
-1.10403e-05
1.05317e-05
1.29915e-05
-1.06944e-05
1.219e-05
-1.05857e-05
1.146e-05
-1.04827e-05
-1.03729e-05
1.07932e-05
1.31485e-05
-9.83362e-06
1.23521e-05
-9.78976e-06
1.16145e-05
-9.74444e-06
-9.69501e-06
1.0937e-05
1.31347e-05
-8.98947e-06
1.23521e-05
-9.00648e-06
1.16299e-05
-9.02209e-06
-9.02379e-06
1.09592e-05
1.2966e-05
-8.18018e-06
1.2206e-05
-8.24711e-06
1.14906e-05
-8.30605e-06
-8.35466e-06
1.08217e-05
1.26408e-05
-7.39902e-06
1.19059e-05
-7.51154e-06
1.12153e-05
-7.61543e-06
-7.7007e-06
1.05617e-05
1.21887e-05
-6.65779e-06
1.14809e-05
-6.80427e-06
1.08018e-05
-6.93573e-06
-7.05436e-06
1.01557e-05
1.16066e-05
-5.94523e-06
1.09258e-05
-6.12254e-06
1.0276e-05
-6.28591e-06
-6.42948e-06
9.65154e-06
1.09308e-05
-5.2701e-06
1.02767e-05
-5.46901e-06
9.64062e-06
-5.64923e-06
-5.81796e-06
9.0292e-06
1.01604e-05
-4.6209e-06
9.53341e-06
-4.84125e-06
8.9283e-06
-5.0443e-06
-5.23218e-06
8.34278e-06
9.32894e-06
-4.00588e-06
8.72664e-06
-4.23966e-06
8.13537e-06
-4.45255e-06
-4.66187e-06
7.56507e-06
8.42385e-06
-3.41194e-06
7.84528e-06
-3.66028e-06
7.28523e-06
-3.89283e-06
-4.11947e-06
6.74301e-06
7.47683e-06
-2.84695e-06
6.9195e-06
-3.10399e-06
6.37222e-06
-3.3452e-06
-3.59291e-06
5.84549e-06
6.47187e-06
-2.29878e-06
5.9368e-06
-2.56826e-06
5.42015e-06
-2.8292e-06
-3.09338e-06
4.92069e-06
5.4314e-06
-1.77715e-06
4.91673e-06
-2.05471e-06
4.41344e-06
-2.32555e-06
-2.61043e-06
3.93031e-06
4.32513e-06
-1.27382e-06
3.83859e-06
-1.56717e-06
3.37507e-06
-1.86258e-06
-2.17371e-06
2.93846e-06
3.19069e-06
-8.17171e-07
2.75205e-06
-1.12981e-06
2.34396e-06
-1.45411e-06
-1.8224e-06
1.99248e-06
2.05748e-06
-4.4339e-07
1.72793e-06
-7.99422e-07
1.46484e-06
-1.19149e-06
-1.65144e-06
1.29368e-06
1.144e-06
1.01474e-06
9.56227e-07
9.56489e-07
-3.3019e-05
7.86322e-05
-5.09188e-05
6.82525e-05
-6.85201e-05
7.79334e-05
-6.76035e-05
5.33615e-05
-6.57217e-05
1.46994e-05
-5.81728e-05
-2.64509e-05
-4.38005e-05
-5.64671e-05
-3.08027e-05
-4.56446e-05
-2.74829e-05
-2.53705e-05
-2.39679e-05
-2.38719e-05
-2.23202e-05
-1.93128e-05
-2.00232e-05
-2.10902e-05
-1.65354e-05
-2.84024e-05
-1.50978e-05
-3.00853e-05
-1.89863e-05
-1.56739e-05
-1.6997e-05
-1.80231e-05
-1.00002e-05
-1.52615e-05
-5.47806e-06
-1.01139e-05
-5.24088e-07
-1.89209e-05
7.2801e-05
-2.84051e-05
7.77368e-05
-4.0175e-05
8.97033e-05
-4.03737e-05
5.35602e-05
-3.51699e-05
9.49563e-06
-2.87389e-05
-3.28819e-05
-2.05862e-05
-6.46199e-05
-6.64175e-06
-5.9589e-05
7.16368e-06
-3.91759e-05
1.43341e-05
-3.10422e-05
1.75732e-05
-2.2552e-05
1.41676e-05
-1.76846e-05
-1.0064e-06
-1.32284e-05
-2.55076e-05
-5.5841e-06
-3.8867e-05
-2.31447e-06
-4.02307e-05
-1.66594e-05
-2.9436e-05
-2.60563e-05
-1.32331e-05
-2.63168e-05
-1.37572e-05
-1.88614e-05
5.9802e-05
-1.04053e-05
6.92807e-05
9.50202e-07
7.83477e-05
3.61566e-06
5.08948e-05
1.04782e-05
2.63306e-06
1.6421e-05
-3.88247e-05
1.49646e-05
-6.31634e-05
1.71078e-05
-6.17323e-05
2.2501e-05
-4.4569e-05
2.60629e-05
-3.46041e-05
3.04513e-05
-2.69405e-05
3.02373e-05
-1.74705e-05
1.04431e-05
6.56574e-06
-2.50555e-05
2.99145e-05
-4.27249e-05
1.53549e-05
-4.32031e-05
-1.61811e-05
-3.49603e-05
-3.42991e-05
-2.19423e-05
-3.93348e-05
-3.56995e-05
-4.13992e-05
5.02452e-05
-2.51932e-05
5.30746e-05
1.32324e-06
5.18312e-05
1.94991e-05
3.27189e-05
2.4885e-05
-2.75294e-06
2.37426e-05
-3.76823e-05
2.30515e-05
-6.24722e-05
2.69328e-05
-6.56136e-05
3.07586e-05
-4.83948e-05
2.95686e-05
-3.34139e-05
3.31831e-05
-3.05547e-05
2.25171e-05
-6.80464e-06
-1.18577e-05
4.09405e-05
-3.83169e-05
5.63737e-05
-4.6612e-05
2.365e-05
-4.46785e-05
-1.81147e-05
-3.43646e-05
-4.4613e-05
-1.9826e-05
-5.38735e-05
-5.55255e-05
-5.66453e-05
4.44107e-05
-4.41754e-05
4.06047e-05
-2.72512e-05
3.49071e-05
-1.25931e-05
1.80607e-05
-3.8133e-06
-1.15327e-05
3.77886e-06
-4.52745e-05
1.50452e-05
-7.37384e-05
2.94713e-05
-8.00402e-05
4.06897e-05
-5.96133e-05
2.40187e-05
-1.67431e-05
-1.56597e-05
9.12327e-06
-6.26711e-05
4.02069e-05
-7.12314e-05
4.95007e-05
-6.1313e-05
4.64553e-05
-6.14171e-05
2.37541e-05
-5.89685e-05
-2.05633e-05
-4.19259e-05
-6.16557e-05
-2.20791e-05
-7.37211e-05
-7.76049e-05
-5.28e-05
3.87769e-05
-3.99736e-05
2.77783e-05
-2.77886e-05
2.27221e-05
-1.33901e-05
3.66225e-06
7.18687e-06
-3.21097e-05
4.20977e-05
-8.01853e-05
1.44268e-05
-4.60682e-05
-2.11877e-05
-4.44258e-05
-5.50416e-05
-2.57597e-05
-7.86167e-05
6.83156e-06
-9.54263e-05
2.59329e-05
-9.73376e-05
4.21182e-05
-9.80874e-05
5.02501e-05
-8.59483e-05
3.43161e-05
-7.34773e-05
1.12833e-05
-5.48566e-05
-3.91847e-05
-4.16265e-05
-7.48881e-05
-2.26803e-05
-9.26684e-05
-0.000100285
-5.43064e-05
3.3223e-05
-4.28355e-05
1.63074e-05
-3.07913e-05
1.06779e-05
-1.14082e-05
-1.5721e-05
1.31882e-05
-5.67064e-05
-1.1383e-05
-5.5614e-05
-3.93626e-05
-1.80885e-05
-6.99183e-05
-1.38702e-05
-9.42254e-05
-1.45234e-06
-0.000103702
1.63079e-05
-0.000105498
2.77294e-05
-9.76721e-05
3.42921e-05
-8.2691e-05
3.5269e-05
-7.09921e-05
2.26172e-05
-5.76306e-05
-2.07799e-06
-4.81945e-05
-4.86208e-05
-2.79825e-05
-9.51008e-05
-8.47373e-06
-0.000112178
-0.000108759
-5.13221e-05
2.28798e-05
-3.80316e-05
3.01698e-06
-1.27986e-05
-1.4555e-05
-2.49471e-05
-3.57274e-06
-6.65629e-05
-1.50906e-05
-0.000100471
-2.17058e-05
-0.000100617
-1.79417e-05
-0.000100983
-1.35035e-05
-0.000100865
-1.57092e-06
-9.601e-05
1.14534e-05
-8.85199e-05
2.02394e-05
-7.82405e-05
2.40128e-05
-6.45027e-05
2.15315e-05
-5.036e-05
8.47454e-06
-3.42251e-05
-1.82127e-05
-2.39639e-05
-5.88815e-05
-1.96195e-05
-9.94448e-05
-1.15567e-05
-0.00012024
-0.000120315
-5.14917e-05
1.63828e-05
-6.31656e-05
1.46911e-05
-8.34062e-05
5.68564e-06
-8.73656e-05
3.86692e-07
-9.33061e-05
-9.15002e-06
-9.36985e-05
-2.13133e-05
-9.01167e-05
-2.15232e-05
-8.77587e-05
-1.58613e-05
-8.17772e-05
-7.55217e-06
-7.18856e-05
1.56195e-06
-6.12013e-05
9.55525e-06
-5.04556e-05
1.32673e-05
-3.8601e-05
9.67696e-06
-2.67805e-05
-3.34569e-06
-1.69283e-05
-2.80646e-05
-1.23501e-05
-6.34594e-05
-1.23418e-05
-9.94526e-05
-9.69984e-06
-0.000122881
-0.000130015
-7.46596e-05
2.01654e-05
-6.86446e-05
8.67607e-06
-6.69328e-05
3.97374e-06
-5.91984e-05
-7.34758e-06
-5.50105e-05
-1.33379e-05
-5.7574e-05
-1.87497e-05
-5.91374e-05
-1.99597e-05
-5.65383e-05
-1.84601e-05
-4.93876e-05
-1.47027e-05
-3.8211e-05
-9.61446e-06
-2.58206e-05
-2.83505e-06
-1.43425e-05
1.78935e-06
-2.23265e-06
-2.43269e-06
8.46953e-06
-1.40477e-05
1.33812e-05
-3.2976e-05
9.30635e-06
-5.93842e-05
2.15479e-06
-9.23006e-05
-1.61743e-06
-0.000119109
-0.000131632
-3.54049e-05
8.12403e-06
-2.57849e-05
-9.43948e-07
-1.69844e-05
-4.82685e-06
-1.48076e-05
-9.52437e-06
-1.5234e-05
-1.29115e-05
-1.85447e-05
-1.54389e-05
-2.18398e-05
-1.66644e-05
-2.21388e-05
-1.8161e-05
-1.79879e-05
-1.88535e-05
-1.00245e-05
-1.75778e-05
9.69729e-07
-1.38292e-05
1.03375e-05
-7.57826e-06
1.85695e-05
-1.06645e-05
2.56678e-05
-2.11458e-05
2.87732e-05
-3.60811e-05
2.42488e-05
-5.48595e-05
1.38954e-05
-8.19469e-05
5.34436e-06
-0.000110557
-0.000126287
5.72032e-06
-3.42169e-06
1.16972e-05
-6.92087e-06
1.55287e-05
-8.65854e-06
1.67161e-05
-1.07118e-05
1.62133e-05
-1.24087e-05
1.41168e-05
-1.33424e-05
1.10497e-05
-1.35972e-05
7.96174e-06
-1.5073e-05
6.92703e-06
-1.78187e-05
9.65967e-06
-2.03103e-05
1.6767e-05
-2.09363e-05
2.4431e-05
-1.52422e-05
2.9489e-05
-1.57223e-05
3.2887e-05
-2.45437e-05
3.35404e-05
-3.67344e-05
2.93876e-05
-5.07064e-05
2.03656e-05
-7.29246e-05
9.84397e-06
-0.000100035
-0.000116443
1.85434e-05
-1.10071e-05
2.36437e-05
-1.20212e-05
2.75795e-05
-1.25945e-05
2.98598e-05
-1.29923e-05
3.06862e-05
-1.32351e-05
3.05891e-05
-1.32453e-05
3.01625e-05
-1.31706e-05
2.87344e-05
-1.36448e-05
2.61045e-05
-1.51886e-05
2.44855e-05
-1.86912e-05
2.54969e-05
-2.19476e-05
3.01768e-05
-1.99219e-05
3.41852e-05
-1.97305e-05
3.5778e-05
-2.61363e-05
3.46003e-05
-3.55565e-05
2.99268e-05
-4.60328e-05
2.22976e-05
-6.52953e-05
1.14478e-05
-8.9185e-05
-0.000104995
2.0368e-05
-1.74827e-05
2.53252e-05
-1.69784e-05
2.91667e-05
-1.64361e-05
3.19374e-05
-1.57632e-05
3.36563e-05
-1.4954e-05
3.46146e-05
-1.42036e-05
3.52478e-05
-1.38038e-05
3.55408e-05
-1.39377e-05
3.52188e-05
-1.48664e-05
3.37517e-05
-1.7224e-05
3.19128e-05
-2.01084e-05
3.28106e-05
-2.08195e-05
3.51211e-05
-2.20408e-05
3.57047e-05
-2.67197e-05
3.37667e-05
-3.36182e-05
2.88617e-05
-4.11275e-05
2.17761e-05
-5.82094e-05
1.09897e-05
-7.83986e-05
-9.40053e-05
1.93823e-05
-2.24013e-05
2.34077e-05
-2.10038e-05
2.666e-05
-1.96886e-05
2.92299e-05
-1.83331e-05
3.11827e-05
-1.69067e-05
3.25832e-05
-1.5604e-05
3.36136e-05
-1.4834e-05
3.44309e-05
-1.47547e-05
3.48582e-05
-1.52936e-05
3.44586e-05
-1.68241e-05
3.33689e-05
-1.90185e-05
3.32527e-05
-2.0703e-05
3.39763e-05
-2.27642e-05
3.38043e-05
-2.65474e-05
3.17481e-05
-3.15618e-05
2.74709e-05
-3.685e-05
2.00831e-05
-5.08214e-05
9.70495e-06
-6.80199e-05
-8.43004e-05
1.7204e-05
-2.58353e-05
2.0151e-05
-2.39507e-05
2.26543e-05
-2.2192e-05
2.47687e-05
-2.04476e-05
2.65588e-05
-1.86967e-05
2.80769e-05
-1.7122e-05
2.92928e-05
-1.60498e-05
3.02552e-05
-1.57169e-05
3.09487e-05
-1.59869e-05
3.11989e-05
-1.70741e-05
3.10118e-05
-1.88311e-05
3.10226e-05
-2.07136e-05
3.12167e-05
-2.29579e-05
3.07136e-05
-2.60439e-05
2.87869e-05
-2.96348e-05
2.51705e-05
-3.32333e-05
1.79563e-05
-4.36068e-05
8.49882e-06
-5.85625e-05
-7.58011e-05
1.47322e-05
-2.79745e-05
1.6665e-05
-2.58834e-05
1.84063e-05
-2.39334e-05
1.99911e-05
-2.20324e-05
2.14692e-05
-2.01747e-05
2.28689e-05
-1.85216e-05
2.41471e-05
-1.73278e-05
2.52072e-05
-1.67768e-05
2.61252e-05
-1.69046e-05
2.68088e-05
-1.77574e-05
2.71972e-05
-1.92192e-05
2.74958e-05
-2.10119e-05
2.764e-05
-2.31018e-05
2.71079e-05
-2.55115e-05
2.53616e-05
-2.7888e-05
2.20856e-05
-2.9957e-05
1.58179e-05
-3.73389e-05
7.80758e-06
-5.05514e-05
-6.79936e-05
1.25064e-05
-2.90693e-05
1.35736e-05
-2.69505e-05
1.46296e-05
-2.49894e-05
1.57047e-05
-2.31075e-05
1.68362e-05
-2.13061e-05
1.80329e-05
-1.9718e-05
1.92491e-05
-1.85437e-05
2.042e-05
-1.79475e-05
2.15186e-05
-1.80029e-05
2.24778e-05
-1.87163e-05
2.32373e-05
-1.99782e-05
2.38083e-05
-2.15826e-05
2.4062e-05
-2.33551e-05
2.3626e-05
-2.50751e-05
2.20737e-05
-2.63354e-05
1.91442e-05
-2.70271e-05
1.38774e-05
-3.20717e-05
7.19075e-06
-4.38647e-05
-6.08024e-05
1.08024e-05
-2.93493e-05
1.11815e-05
-2.73296e-05
1.16751e-05
-2.5483e-05
1.23151e-05
-2.37474e-05
1.31307e-05
-2.21215e-05
1.41202e-05
-2.07073e-05
1.5242e-05
-1.96653e-05
1.64348e-05
-1.914e-05
1.76381e-05
-1.92058e-05
1.87746e-05
-1.98525e-05
1.97656e-05
-2.09689e-05
2.0537e-05
-2.23536e-05
2.09259e-05
-2.37436e-05
2.06212e-05
-2.477e-05
1.92538e-05
-2.49676e-05
1.66397e-05
-2.44126e-05
1.22677e-05
-2.76994e-05
6.66031e-06
-3.82566e-05
-5.41421e-05
9.69676e-06
-2.90401e-05
9.56898e-06
-2.72017e-05
9.64258e-06
-2.55566e-05
9.94772e-06
-2.40525e-05
1.05055e-05
-2.26792e-05
1.13082e-05
-2.15097e-05
1.23159e-05
-2.06728e-05
1.34668e-05
-2.02906e-05
1.46867e-05
-2.04253e-05
1.58893e-05
-2.10548e-05
1.69845e-05
-2.20636e-05
1.78689e-05
-2.32375e-05
1.83711e-05
-2.42454e-05
1.8202e-05
-2.46004e-05
1.70094e-05
-2.37746e-05
1.46683e-05
-2.2071e-05
1.10702e-05
-2.41008e-05
6.2092e-06
-3.33955e-05
-4.79323e-05
9.13946e-06
-2.83208e-05
8.666e-06
-2.67281e-05
8.45106e-06
-2.53416e-05
8.51655e-06
-2.41179e-05
8.87297e-06
-2.30354e-05
9.50661e-06
-2.21432e-05
1.03775e-05
-2.15434e-05
1.1424e-05
-2.13367e-05
1.257e-05
-2.15709e-05
1.37322e-05
-2.22165e-05
1.4826e-05
-2.31571e-05
1.5751e-05
-2.4162e-05
1.63415e-05
-2.48355e-05
1.63142e-05
-2.45726e-05
1.53184e-05
-2.27783e-05
1.32531e-05
-2.00053e-05
1.02592e-05
-2.11066e-05
5.80422e-06
-2.89397e-05
-4.21282e-05
8.99534e-06
-2.73479e-05
8.30246e-06
-2.60351e-05
7.89916e-06
-2.49383e-05
7.79382e-06
-2.40125e-05
7.98438e-06
-2.32259e-05
8.45125e-06
-2.26098e-05
9.15533e-06
-2.22472e-05
1.004e-05
-2.22211e-05
1.10382e-05
-2.25687e-05
1.20809e-05
-2.32589e-05
1.31021e-05
-2.41778e-05
1.40183e-05
-2.50778e-05
1.46775e-05
-2.54942e-05
1.48003e-05
-2.4695e-05
1.40396e-05
-2.20171e-05
1.23149e-05
-1.82801e-05
9.60302e-06
-1.83941e-05
5.39318e-06
-2.47299e-05
-3.67344e-05
9.10384e-06
-2.62152e-05
8.27376e-06
-2.52049e-05
7.74159e-06
-2.44062e-05
7.50147e-06
-2.37723e-05
7.53917e-06
-2.32634e-05
7.83127e-06
-2.29017e-05
8.34294e-06
-2.27586e-05
9.02782e-06
-2.29056e-05
9.83387e-06
-2.33744e-05
1.07111e-05
-2.41358e-05
1.16146e-05
-2.50809e-05
1.24825e-05
-2.59452e-05
1.31818e-05
-2.61929e-05
1.34409e-05
-2.49536e-05
1.29237e-05
-2.14994e-05
1.15455e-05
-1.69015e-05
8.92659e-06
-1.57748e-05
4.98025e-06
-2.07825e-05
-3.17543e-05
9.31176e-06
-2.49947e-05
8.39073e-06
-2.42838e-05
7.75882e-06
-2.37743e-05
7.39738e-06
-2.34108e-05
7.28403e-06
-2.31499e-05
7.39536e-06
-2.30128e-05
7.70364e-06
-2.30666e-05
8.17424e-06
-2.33759e-05
8.76971e-06
-2.39695e-05
9.45597e-06
-2.48217e-05
1.02058e-05
-2.58302e-05
1.09786e-05
-2.67175e-05
1.16662e-05
-2.688e-05
1.2011e-05
-2.52979e-05
1.16868e-05
-2.11748e-05
1.05433e-05
-1.57574e-05
8.11497e-06
-1.33459e-05
4.60143e-06
-1.7269e-05
-2.71521e-05
9.51037e-06
-2.37116e-05
8.51932e-06
-2.32927e-05
7.79839e-06
-2.30534e-05
7.31979e-06
-2.29322e-05
7.05731e-06
-2.28873e-05
6.99045e-06
-2.29457e-05
7.09874e-06
-2.31746e-05
7.35659e-06
-2.36334e-05
7.73608e-06
-2.43486e-05
8.2121e-06
-2.52973e-05
8.76917e-06
-2.63868e-05
9.38686e-06
-2.73348e-05
9.98934e-06
-2.7482e-05
1.03453e-05
-2.56534e-05
1.01458e-05
-2.09747e-05
9.18135e-06
-1.47925e-05
7.16147e-06
-1.13257e-05
4.21319e-06
-1.43197e-05
-2.29391e-05
9.6234e-06
-2.23977e-05
8.57619e-06
-2.22455e-05
7.77396e-06
-2.22511e-05
7.18355e-06
-2.23417e-05
6.77911e-06
-2.24828e-05
6.54453e-06
-2.27109e-05
6.46461e-06
-2.30944e-05
6.51802e-06
-2.36865e-05
6.67989e-06
-2.45101e-05
6.92691e-06
-2.55439e-05
7.24948e-06
-2.6709e-05
7.64591e-06
-2.77308e-05
8.08126e-06
-2.79169e-05
8.37199e-06
-2.59437e-05
8.25793e-06
-2.08602e-05
7.53943e-06
-1.40735e-05
6.07753e-06
-9.86316e-06
3.73621e-06
-1.19785e-05
-1.92021e-05
9.61811e-06
-2.10563e-05
8.52471e-06
-2.1152e-05
7.64872e-06
-2.13752e-05
6.95506e-06
-2.16481e-05
6.42057e-06
-2.19482e-05
6.03332e-06
-2.23235e-05
5.7803e-06
-2.28412e-05
5.63971e-06
-2.35456e-05
5.58454e-06
-2.44546e-05
5.58826e-06
-2.55473e-05
5.64275e-06
-2.67631e-05
5.76287e-06
-2.78504e-05
5.95911e-06
-2.81127e-05
6.12176e-06
-2.61059e-05
6.09037e-06
-2.08283e-05
5.71999e-06
-1.37026e-05
4.90413e-06
-9.04706e-06
3.22454e-06
-1.02977e-05
-1.59778e-05
9.47742e-06
-1.97117e-05
8.35082e-06
-2.00254e-05
7.41244e-06
-2.04368e-05
6.62753e-06
-2.08631e-05
5.97794e-06
-2.12985e-05
5.45513e-06
-2.18005e-05
5.04544e-06
-2.24312e-05
4.72364e-06
-2.32236e-05
4.45839e-06
-2.4189e-05
4.21867e-06
-2.53072e-05
3.99564e-06
-2.65397e-05
3.81673e-06
-2.76711e-05
3.73432e-06
-2.80298e-05
3.73817e-06
-2.61092e-05
3.82466e-06
-2.09143e-05
3.91835e-06
-1.37959e-05
3.81478e-06
-8.94282e-06
2.76715e-06
-9.25032e-06
-1.32099e-05
9.2122e-06
-1.8362e-05
8.06096e-06
-1.88741e-05
7.06983e-06
-1.94457e-05
6.20637e-06
-1.99997e-05
5.45794e-06
-2.055e-05
4.81767e-06
-2.11601e-05
4.26941e-06
-2.18828e-05
3.78436e-06
-2.27383e-05
3.32848e-06
-2.37329e-05
2.86932e-06
-2.48477e-05
2.39718e-06
-2.60672e-05
1.94608e-06
-2.72196e-05
1.59911e-06
-2.76825e-05
1.45687e-06
-2.59666e-05
1.73088e-06
-2.11879e-05
2.38556e-06
-1.44502e-05
2.96857e-06
-9.52567e-06
2.42954e-06
-8.71017e-06
-1.07807e-05
8.8251e-06
-1.70311e-05
7.66123e-06
-1.77102e-05
6.62885e-06
-1.84133e-05
5.70089e-06
-1.90717e-05
4.87083e-06
-1.97199e-05
4.13229e-06
-2.04215e-05
3.46677e-06
-2.12171e-05
2.84506e-06
-2.21164e-05
2.23562e-06
-2.31232e-05
1.611e-06
-2.42228e-05
9.6218e-07
-2.54181e-05
3.13116e-07
-2.65702e-05
-2.67137e-07
-2.71019e-05
-4.61634e-07
-2.57717e-05
4.61244e-08
-2.16953e-05
1.26498e-06
-1.56686e-05
2.39027e-06
-1.06504e-05
2.20219e-06
-8.52246e-06
-8.57777e-06
8.33518e-06
-1.57146e-05
7.1652e-06
-1.65402e-05
6.10049e-06
-1.73487e-05
5.12194e-06
-1.80932e-05
4.22817e-06
-1.88261e-05
3.41244e-06
-1.96057e-05
2.65652e-06
-2.04611e-05
1.93696e-06
-2.13967e-05
1.23129e-06
-2.24174e-05
5.21684e-07
-2.3513e-05
-2.08257e-07
-2.46879e-05
-9.11225e-07
-2.5867e-05
-1.56436e-06
-2.64484e-05
-1.7772e-06
-2.55586e-05
-1.12032e-06
-2.23519e-05
4.78282e-07
-1.7267e-05
1.9395e-06
-1.21116e-05
2.01357e-06
-8.59549e-06
-6.5646e-06
7.74745e-06
-1.44327e-05
6.58054e-06
-1.53732e-05
5.49433e-06
-1.62625e-05
4.48044e-06
-1.70793e-05
3.54252e-06
-1.78882e-05
2.67488e-06
-1.8738e-05
1.86493e-06
-1.96511e-05
1.10229e-06
-2.0634e-05
3.78417e-07
-2.16934e-05
-3.1197e-07
-2.28225e-05
-9.97818e-07
-2.40019e-05
-1.66829e-06
-2.51963e-05
-2.29209e-06
-2.58244e-05
-2.46881e-06
-2.53816e-05
-1.83057e-06
-2.29899e-05
-1.58857e-07
-1.89385e-05
1.41318e-06
-1.36831e-05
1.76792e-06
-8.95081e-06
-4.79602e-06
7.08464e-06
-1.31745e-05
5.92144e-06
-1.42101e-05
4.8218e-06
-1.51629e-05
3.78865e-06
-1.60462e-05
2.82992e-06
-1.69295e-05
1.94463e-06
-1.78528e-05
1.13251e-06
-1.8839e-05
3.99778e-07
-1.99012e-05
-2.53819e-07
-2.10398e-05
-8.30958e-07
-2.22453e-05
-1.39215e-06
-2.34406e-05
-1.93974e-06
-2.46486e-05
-2.49504e-06
-2.5269e-05
-2.6912e-06
-2.51854e-05
-2.26395e-06
-2.3417e-05
-9.02301e-07
-2.03001e-05
6.23171e-07
-1.52088e-05
1.37488e-06
-9.70162e-06
-3.42168e-06
6.34671e-06
-1.1956e-05
5.19279e-06
-1.30562e-05
4.09223e-06
-1.40625e-05
3.0616e-06
-1.50157e-05
2.11548e-06
-1.59835e-05
1.26434e-06
-1.70018e-05
5.2395e-07
-1.80987e-05
-8.9467e-08
-1.92879e-05
-5.83991e-07
-2.05453e-05
-9.84706e-07
-2.18446e-05
-1.38464e-06
-2.30407e-05
-1.82011e-06
-2.42132e-05
-2.32844e-06
-2.47607e-05
-2.63587e-06
-2.48779e-05
-2.53711e-06
-2.35158e-05
-1.66159e-06
-2.11756e-05
-4.50617e-07
-1.64195e-05
7.82588e-07
-1.09356e-05
-2.6385e-06
5.54837e-06
-1.07614e-05
4.40552e-06
-1.19134e-05
3.32046e-06
-1.29776e-05
2.32517e-06
-1.40206e-05
1.44523e-06
-1.51038e-05
7.06566e-07
-1.62633e-05
1.32123e-07
-1.75245e-05
-2.7578e-07
-1.88802e-05
-5.62059e-07
-2.02592e-05
-7.82649e-07
-2.16242e-05
-1.06077e-06
-2.27627e-05
-1.4478e-06
-2.38262e-05
-1.97514e-06
-2.42334e-05
-2.46446e-06
-2.43887e-05
-2.72225e-06
-2.32581e-05
-2.38622e-06
-2.15117e-05
-1.54942e-06
-1.72567e-05
9.57222e-09
-1.24938e-05
-2.62957e-06
4.68727e-06
-9.60322e-06
3.56828e-06
-1.07945e-05
2.53191e-06
-1.19414e-05
1.62976e-06
-1.31187e-05
9.01666e-07
-1.43759e-05
3.78295e-07
-1.57401e-05
5.92861e-08
-1.72057e-05
-1.00649e-07
-1.87205e-05
-1.94046e-07
-2.0166e-05
-3.05994e-07
-2.15124e-05
-5.5507e-07
-2.25138e-05
-9.78502e-07
-2.3403e-05
-1.58334e-06
-2.36287e-05
-2.26904e-06
-2.37031e-05
-2.83397e-06
-2.26933e-05
-2.98486e-06
-2.13609e-05
-2.51447e-06
-1.77269e-05
-1.04702e-06
-1.39622e-05
-3.67602e-06
3.78251e-06
-8.46517e-06
2.71096e-06
-9.72315e-06
1.78505e-06
-1.10156e-05
1.07229e-06
-1.24061e-05
6.09364e-07
-1.39132e-05
3.92577e-07
-1.55236e-05
3.57839e-07
-1.71712e-05
4.00526e-07
-1.87634e-05
4.08579e-07
-2.01743e-05
2.8215e-07
-2.13862e-05
-1.7258e-08
-2.22146e-05
-5.40866e-07
-2.28796e-05
-1.23861e-06
-2.29312e-05
-2.07003e-06
-2.28719e-05
-2.83353e-06
-2.193e-05
-3.32908e-06
-2.08656e-05
-3.14145e-06
-1.7915e-05
-2.02899e-06
-1.50739e-05
-5.70567e-06
2.84884e-06
-7.38372e-06
1.89656e-06
-8.77098e-06
1.19647e-06
-1.03157e-05
7.99761e-07
-1.20096e-05
6.90055e-07
-1.38037e-05
7.82359e-07
-1.56161e-05
9.46371e-07
-1.73354e-05
1.0578e-06
-1.88751e-05
1.03117e-06
-2.01479e-05
8.11215e-07
-2.11665e-05
4.08989e-07
-2.18126e-05
-2.14495e-07
-2.22563e-05
-9.6656e-07
-2.21793e-05
-1.8432e-06
-2.19955e-05
-2.66321e-06
-2.11102e-05
-3.32376e-06
-2.02052e-05
-3.3462e-06
-1.78924e-05
-2.64527e-06
-1.57759e-05
-8.35037e-06
1.97289e-06
-6.41828e-06
1.27457e-06
-8.07271e-06
9.42619e-07
-9.98383e-06
9.3571e-07
-1.20028e-05
1.13679e-06
-1.40049e-05
1.3941e-06
-1.58735e-05
1.57658e-06
-1.7518e-05
1.60457e-06
-1.89031e-05
1.45171e-06
-1.99951e-05
1.10969e-06
-2.08245e-05
6.19714e-07
-2.13227e-05
-3.05021e-08
-2.16062e-05
-7.52867e-07
-2.14571e-05
-1.55768e-06
-2.11907e-05
-2.29563e-06
-2.03723e-05
-2.94259e-06
-1.95583e-05
-3.07231e-06
-1.7763e-05
-2.65602e-06
-1.61912e-05
-1.10068e-05
1.31981e-06
-5.7457e-06
1.04337e-06
-7.79643e-06
1.12427e-06
-1.00649e-05
1.39461e-06
-1.22734e-05
1.68857e-06
-1.42991e-05
1.88442e-06
-1.60696e-05
1.92399e-06
-1.75578e-05
1.796e-06
-1.87754e-05
1.52006e-06
-1.97194e-05
1.11284e-06
-2.04176e-05
6.18503e-07
-2.08286e-05
3.07557e-08
-2.10187e-05
-5.66064e-07
-2.08605e-05
-1.20531e-06
-2.05517e-05
-1.76772e-06
-1.98101e-05
-2.27586e-06
-1.90504e-05
-2.40198e-06
-1.76367e-05
-2.12852e-06
-1.64655e-05
-1.31355e-05
1.09089e-06
-5.54319e-06
1.22237e-06
-7.9282e-06
1.49912e-06
-1.0342e-05
1.74945e-06
-1.2524e-05
1.88746e-06
-1.44374e-05
1.88769e-06
-1.60702e-05
1.76262e-06
-1.74331e-05
1.53528e-06
-1.85484e-05
1.23333e-06
-1.94178e-05
8.7087e-07
-2.00555e-05
4.76311e-07
-2.04344e-05
4.37683e-08
-2.05865e-05
-3.75235e-07
-2.04418e-05
-8.06777e-07
-2.01205e-05
-1.16564e-06
-1.94516e-05
-1.49194e-06
-1.87244e-05
-1.5602e-06
-1.75691e-05
-1.38155e-06
-1.66444e-05
-1.45171e-05
1.06534e-06
1.24335e-06
1.36584e-06
1.39699e-06
1.34587e-06
1.23294e-06
1.07906e-06
8.97545e-07
6.98628e-07
4.85004e-07
2.66176e-07
3.84687e-08
-1.77549e-07
-3.95573e-07
-5.6831e-07
-7.25399e-07
-7.51221e-07
-6.8517e-07
)
;

boundaryField
{
    leftWall
    {
        type            calculated;
        value           uniform 0;
    }
    rightWall
    {
        type            calculated;
        value           uniform 0;
    }
    lowerWall
    {
        type            calculated;
        value           uniform 0;
    }
    atmosphere
    {
        type            calculated;
        value           nonuniform List<scalar> 
46
(
2.7169e-05
2.85955e-05
2.71163e-05
2.5034e-05
2.29512e-05
2.0978e-05
1.91703e-05
1.75376e-05
1.60671e-05
1.47364e-05
1.35195e-05
1.23901e-05
1.13242e-05
1.03008e-05
9.3026e-06
8.31623e-06
7.33127e-06
6.33941e-06
5.33218e-06
4.29603e-06
3.20395e-06
2.01901e-06
5.98096e-07
-2.37774e-07
-6.71112e-07
-1.13341e-06
-1.65186e-06
-5.65215e-06
-8.10632e-06
-1.04646e-05
-1.25553e-05
-1.43864e-05
-1.59574e-05
-1.72793e-05
-1.8367e-05
-1.9219e-05
-1.9842e-05
-2.02157e-05
-2.03589e-05
-2.0226e-05
-1.99026e-05
-1.9279e-05
-1.85675e-05
-1.75433e-05
-1.67105e-05
-1.52023e-05
)
;
    }
    defaultFaces
    {
        type            empty;
        value           nonuniform List<scalar> 0();
    }
}


// ************************************************************************* //
