/*--------------------------------*- C++ -*----------------------------------*\
| =========                 |                                                 |
| \\      /  F ield         | OpenFOAM: The Open Source CFD Toolbox           |
|  \\    /   O peration     | Version:  2312                                  |
|   \\  /    A nd           | Website:  www.openfoam.com                      |
|    \\/     M anipulation  |                                                 |
\*---------------------------------------------------------------------------*/
FoamFile
{
    version     2.0;
    format      ascii;
    arch        "LSB;label=32;scalar=64";
    class       surfaceScalarField;
    location    "2";
    object      phi;
}
// * * * * * * * * * * * * * * * * * * * * * * * * * * * * * * * * * * * * * //

dimensions      [0 3 -1 0 0 0 0];

oriented        oriented;

internalField   nonuniform List<scalar> 
4432
(
-8.02162e-08
8.02082e-08
-2.05471e-06
1.97449e-06
-4.09578e-06
2.04107e-06
-5.66763e-06
1.57185e-06
-6.67373e-06
1.0061e-06
-7.22057e-06
5.46842e-07
-7.39015e-06
1.69581e-07
-7.26081e-06
-1.29341e-07
-6.86747e-06
-3.93344e-07
-6.21473e-06
-6.52741e-07
-5.30246e-06
-9.12277e-07
-4.17399e-06
-1.12848e-06
-2.93764e-06
-1.23635e-06
-1.7297e-06
-1.20795e-06
-6.51915e-07
-1.07779e-06
2.11376e-07
-8.63295e-07
8.04478e-07
-5.93104e-07
1.10558e-06
-3.011e-07
1.17224e-06
-6.66604e-08
1.07052e-06
1.01719e-07
8.48699e-07
2.21821e-07
4.15595e-07
4.33106e-07
4.15595e-07
-1.43574e-06
1.51593e-06
-3.28309e-06
3.82183e-06
-5.0973e-06
3.85527e-06
-6.40214e-06
2.87668e-06
-7.24696e-06
1.85091e-06
-7.69204e-06
9.91929e-07
-7.80149e-06
2.7903e-07
-7.63828e-06
-2.92547e-07
-7.22788e-06
-8.03741e-07
-6.55372e-06
-1.32691e-06
-5.6049e-06
-1.8611e-06
-4.43302e-06
-2.30037e-06
-3.16007e-06
-2.50932e-06
-1.92205e-06
-2.44598e-06
-8.20894e-07
-2.17896e-06
6.0454e-08
-1.74465e-06
6.61861e-07
-1.19452e-06
9.67494e-07
-6.06738e-07
1.01576e-06
-1.14932e-07
9.1649e-07
2.00993e-07
6.99497e-07
4.38816e-07
2.37276e-07
8.95329e-07
6.52875e-07
-2.51108e-06
4.02701e-06
-4.5669e-06
5.87764e-06
-6.29379e-06
5.58216e-06
-7.41937e-06
4.00226e-06
-8.08988e-06
2.52141e-06
-8.39082e-06
1.29287e-06
-8.38729e-06
2.75497e-07
-8.14285e-06
-5.36976e-07
-7.66851e-06
-1.27808e-06
-6.93154e-06
-2.06388e-06
-5.90398e-06
-2.88866e-06
-4.65041e-06
-3.55394e-06
-3.31004e-06
-3.8497e-06
-2.01843e-06
-3.7376e-06
-8.73475e-07
-3.32392e-06
5.03055e-08
-2.66844e-06
6.93536e-07
-1.83775e-06
1.01937e-06
-9.32578e-07
1.13271e-06
-2.28272e-07
1.08291e-06
2.508e-07
9.39967e-07
5.81759e-07
5.54395e-07
1.2809e-06
1.20727e-06
-3.45895e-06
7.48595e-06
-5.84966e-06
8.26835e-06
-7.55838e-06
7.29088e-06
-8.49648e-06
4.94036e-06
-8.94676e-06
2.97169e-06
-9.05656e-06
1.40267e-06
-8.88537e-06
1.04308e-07
-8.52293e-06
-8.99412e-07
-7.96931e-06
-1.8317e-06
-7.17508e-06
-2.85809e-06
-6.06118e-06
-4.00257e-06
-4.70307e-06
-4.91205e-06
-3.27087e-06
-5.2819e-06
-1.88646e-06
-5.12201e-06
-6.46369e-07
-4.56402e-06
3.79284e-07
-3.6941e-06
1.1465e-06
-2.60498e-06
1.57233e-06
-1.3584e-06
1.64541e-06
-3.01353e-07
1.60222e-06
2.9399e-07
1.46578e-06
7.18194e-07
1.10492e-06
1.64177e-06
2.31219e-06
-3.81012e-06
1.12961e-05
-6.47873e-06
1.0937e-05
-8.40182e-06
9.21397e-06
-9.32635e-06
5.86489e-06
-9.63041e-06
3.27575e-06
-9.56337e-06
1.33563e-06
-9.18406e-06
-2.75001e-07
-8.73578e-06
-1.34768e-06
-8.1822e-06
-2.38528e-06
-7.41734e-06
-3.62295e-06
-6.26913e-06
-5.15078e-06
-4.83004e-06
-6.35113e-06
-3.33372e-06
-6.77822e-06
-1.83314e-06
-6.62259e-06
-4.30325e-07
-5.96684e-06
7.90312e-07
-4.91473e-06
1.68922e-06
-3.50388e-06
2.19927e-06
-1.86845e-06
2.29486e-06
-3.96945e-07
2.06884e-06
5.20009e-07
1.85853e-06
9.28507e-07
1.5262e-06
1.97411e-06
3.83839e-06
-3.46004e-06
1.47561e-05
-6.82711e-06
1.4304e-05
-9.25029e-06
1.16371e-05
-1.03854e-05
7e-06
-1.05349e-05
3.42524e-06
-1.01468e-05
9.47523e-07
-9.59745e-06
-8.24339e-07
-9.06931e-06
-1.87582e-06
-8.7312e-06
-2.72339e-06
-8.15936e-06
-4.19479e-06
-7.03804e-06
-6.27209e-06
-5.59976e-06
-7.7894e-06
-4.15407e-06
-8.22389e-06
-2.67696e-06
-8.09969e-06
-1.3187e-06
-7.32509e-06
-1.51461e-07
-6.08196e-06
5.94619e-07
-4.24995e-06
7.45875e-07
-2.01971e-06
3.29584e-07
1.93501e-08
-3.12761e-07
1.16235e-06
-4.51852e-07
1.0676e-06
4.44877e-07
1.07738e-06
4.28328e-06
-4.48881e-06
1.92449e-05
-8.60433e-06
1.84195e-05
-1.11855e-05
1.42183e-05
-1.24944e-05
8.30888e-06
-1.2682e-05
3.6129e-06
-1.22979e-05
5.63347e-07
-1.15645e-05
-1.55766e-06
-1.06704e-05
-2.76993e-06
-9.68138e-06
-3.71243e-06
-8.89557e-06
-4.98059e-06
-8.46871e-06
-6.69893e-06
-8.46952e-06
-7.78857e-06
-8.84308e-06
-7.85029e-06
-9.43072e-06
-7.51202e-06
-1.06386e-05
-6.11715e-06
-1.35184e-05
-3.2022e-06
-1.7837e-05
6.87053e-08
-2.19889e-05
2.13215e-06
-2.36577e-05
1.68824e-06
-2.24344e-05
-6.09602e-08
-1.7889e-05
-3.4778e-06
-9.02669e-06
-7.78491e-06
-4.74341e-06
-7.72716e-06
2.69721e-05
-1.03968e-05
2.10892e-05
-1.21068e-05
1.59283e-05
-1.28662e-05
9.06826e-06
-1.28423e-05
3.58899e-06
-1.18329e-05
-4.4601e-07
-1.11236e-05
-2.26697e-06
-1.15483e-05
-2.34526e-06
-1.17283e-05
-3.53243e-06
-1.09795e-05
-5.72939e-06
-1.04373e-05
-7.24106e-06
-1.04886e-05
-7.73734e-06
-1.10835e-05
-7.25533e-06
-1.28142e-05
-5.78129e-06
-1.53724e-05
-3.55893e-06
-1.78994e-05
-6.75186e-07
-2.02811e-05
2.45042e-06
-2.19881e-05
3.83914e-06
-2.32372e-05
2.93735e-06
-2.31307e-05
-1.67486e-07
-2.1577e-05
-5.03151e-06
-1.807e-05
-1.12919e-05
-2.28134e-05
-7.5097e-06
7.5097e-06
-9.31122e-06
1.80153e-06
-9.65525e-06
3.44042e-07
-8.21306e-06
-1.44218e-06
-7.07504e-06
-1.13802e-06
-5.63648e-06
-1.43856e-06
-4.21158e-06
-1.4249e-06
-3.45783e-06
-7.53742e-07
-3.93922e-06
4.81386e-07
-4.13602e-06
1.96808e-07
-3.8173e-06
-3.18722e-07
-5.27202e-06
1.45472e-06
-7.91211e-06
2.64008e-06
-1.0697e-05
2.78494e-06
-1.18117e-05
1.11469e-06
-1.08724e-05
-9.39304e-07
-8.60018e-06
-2.27225e-06
-5.02364e-06
-3.57655e-06
-5.02364e-06
4.2422e-07
7.08549e-06
1.06512e-06
1.16063e-06
2.39442e-07
1.16973e-06
5.80687e-07
-1.78342e-06
2.29236e-06
-2.84968e-06
4.87717e-06
-4.02335e-06
5.925e-06
-2.47272e-06
6.84015e-06
-1.66888e-06
6.80131e-06
5.20238e-07
4.87567e-06
2.12245e-06
1.44661e-06
3.11034e-06
-1.30913e-06
4.21046e-06
-3.74638e-06
5.07734e-06
-7.47035e-06
6.50891e-06
-9.86496e-06
3.5093e-06
-1.01106e-05
-6.93655e-07
-8.09295e-06
-4.2899e-06
-4.41733e-06
-7.25216e-06
-9.44097e-06
5.18526e-06
1.90023e-06
7.59082e-06
-1.24492e-06
9.32935e-06
-5.68798e-07
9.94153e-06
-2.39559e-06
1.25e-05
-5.40815e-06
1.5573e-05
-7.09632e-06
1.65599e-05
-3.45964e-06
1.66797e-05
-1.78862e-06
1.68502e-05
3.49704e-07
1.60878e-05
2.88487e-06
1.32783e-05
5.91986e-06
9.38665e-06
8.1021e-06
4.49152e-06
9.97246e-06
-1.98695e-06
1.29874e-05
-6.64411e-06
8.16645e-06
-8.27141e-06
9.33639e-07
-6.20329e-06
-6.35804e-06
-9.44329e-07
-1.25111e-05
-1.03853e-05
4.35237e-06
-2.45213e-06
5.32441e-06
-2.21694e-06
8.26864e-06
-3.51301e-06
1.04749e-05
-4.60182e-06
1.42963e-05
-9.22953e-06
1.91464e-05
-1.19464e-05
2.48361e-05
-9.14936e-06
2.69889e-05
-3.94138e-06
2.50534e-05
2.28517e-06
2.17145e-05
6.22382e-06
1.89226e-05
8.71179e-06
1.24625e-05
1.45622e-05
1.6123e-06
2.08227e-05
-7.21632e-06
2.1816e-05
-1.01258e-05
1.1076e-05
-1.19349e-05
2.74275e-06
-6.98773e-06
-1.13052e-05
7.17207e-06
-2.66709e-05
-3.21324e-06
-2.60231e-06
1.50188e-07
-1.07993e-06
-3.73931e-06
3.43699e-06
-8.02993e-06
7.16209e-06
-8.32692e-06
1.05283e-05
-1.25957e-05
1.44504e-05
-1.58685e-05
2.01894e-05
-1.48884e-05
2.55974e-05
-9.34935e-06
2.8032e-05
-1.49485e-07
2.39717e-05
1.02841e-05
1.50674e-05
1.76161e-05
9.40371e-07
2.86892e-05
-1.35996e-05
3.53626e-05
-1.81109e-05
2.63273e-05
-1.8748e-05
1.17131e-05
-1.86474e-05
2.64212e-06
-1.01472e-05
-1.98055e-05
6.0871e-06
-4.29052e-05
2.87379e-06
-8.63104e-08
2.36509e-07
3.20859e-06
-7.0342e-06
4.60329e-06
-9.42461e-06
4.39387e-06
-8.11748e-06
3.48964e-06
-1.16914e-05
3.34098e-06
-1.57198e-05
7.30655e-06
-1.88539e-05
1.21124e-05
-1.41552e-05
1.47565e-05
-2.7936e-06
8.86804e-06
1.61727e-05
-8.49982e-06
3.4984e-05
-2.39293e-05
4.41188e-05
-2.74208e-05
3.88542e-05
-2.21382e-05
2.10447e-05
-2.05442e-05
1.01191e-05
-2.05027e-05
2.6007e-06
-1.03687e-05
-2.99395e-05
5.2187e-06
-5.84927e-05
8.09255e-06
3.91146e-06
-3.67494e-06
2.96138e-06
-6.08409e-06
-5.11919e-07
-5.95129e-06
-4.91791e-06
-3.71147e-06
-8.97934e-06
-7.62999e-06
-1.05994e-05
-1.40997e-05
-8.63581e-06
-2.08175e-05
-7.17798e-06
-1.5613e-05
-7.2437e-06
-2.72784e-06
-1.44417e-05
2.33707e-05
-2.52657e-05
4.58081e-05
-3.19296e-05
5.07827e-05
-2.86513e-05
3.55759e-05
-2.40492e-05
1.64427e-05
-2.42323e-05
1.03022e-05
-2.15779e-05
-5.37208e-08
-8.5554e-06
-4.2962e-05
4.05934e-06
-7.11074e-05
1.21519e-05
-1.48113e-05
1.11364e-05
-2.26871e-05
1.79172e-06
-2.37027e-05
-4.93572e-06
-2.16448e-05
-5.76928e-06
-2.16868e-05
-7.58802e-06
-2.10478e-05
-1.47387e-05
-2.26297e-05
-1.92355e-05
-2.45395e-05
-1.37032e-05
-2.73745e-05
1.07149e-07
-2.84589e-05
2.44552e-05
-2.92871e-05
4.66363e-05
-2.87737e-05
5.02693e-05
-2.6138e-05
3.29402e-05
-2.6518e-05
1.68227e-05
-2.7366e-05
1.11502e-05
-2.00981e-05
-7.32159e-06
-6.20749e-06
-5.68526e-05
3.16632e-06
-8.04812e-05
1.53182e-05
-2.18301e-05
4.88022e-05
-2.78024e-05
2.70615e-05
-2.68754e-05
1.50013e-05
-2.44666e-05
6.65943e-06
-2.40245e-05
3.14693e-06
-2.35959e-05
-8.74661e-07
-2.17893e-05
-4.07357e-06
-1.63553e-05
-7.77928e-06
-1.10095e-05
-8.87817e-06
-8.45572e-06
-8.2832e-06
-8.68285e-06
-7.01393e-06
-1.06319e-05
-5.78829e-06
-1.34277e-05
-4.45955e-06
-1.68999e-05
-2.30904e-06
-2.05774e-05
1.18576e-07
-2.45346e-05
3.28195e-06
-2.9053e-05
6.96885e-06
-3.50257e-05
9.81182e-06
-4.33411e-05
1.12528e-05
-5.21354e-05
8.62685e-06
-5.85217e-05
1.35477e-06
-6.23606e-05
-7.45306e-06
-8.76488e-06
-7.6409e-05
1.1432e-07
4.86879e-05
-4.68859e-06
3.18644e-05
-6.42235e-06
1.6735e-05
-5.60162e-06
5.83869e-06
-3.75592e-06
1.30123e-06
-1.42693e-06
-3.20367e-06
4.0759e-06
-9.5764e-06
1.0408e-05
-1.41114e-05
1.50905e-05
-1.35607e-05
1.7484e-05
-1.06768e-05
1.72689e-05
-6.79885e-06
1.46148e-05
-3.13419e-06
8.9948e-06
1.16044e-06
2.39589e-06
4.28986e-06
-4.99415e-06
7.50861e-06
-1.1936e-05
1.02238e-05
-1.95545e-05
1.45873e-05
-2.83318e-05
1.85892e-05
-3.82766e-05
2.11977e-05
-4.92969e-05
1.96471e-05
-6.21545e-05
1.42124e-05
-8.00965e-05
1.04889e-05
1.33506e-05
-0.000102212
2.65965e-05
2.20913e-05
2.80084e-05
3.04525e-05
2.51395e-05
1.96038e-05
2.33719e-05
7.60628e-06
2.43636e-05
3.0951e-07
2.8453e-05
-7.29301e-06
3.39798e-05
-1.51033e-05
3.88526e-05
-1.89842e-05
4.33933e-05
-1.81015e-05
4.61521e-05
-1.34356e-05
4.62874e-05
-6.93414e-06
4.17387e-05
1.41446e-06
3.31572e-05
9.74187e-06
2.02508e-05
1.71963e-05
4.77627e-06
2.29832e-05
-1.03025e-05
2.53026e-05
-2.46094e-05
2.88942e-05
-3.70281e-05
3.10079e-05
-4.87316e-05
3.29012e-05
-6.16527e-05
3.25682e-05
-7.59289e-05
2.84886e-05
-9.22681e-05
2.68281e-05
2.689e-05
-0.000105808
2.99673e-05
-7.87599e-06
3.36237e-05
2.6796e-05
3.37004e-05
1.95271e-05
3.27918e-05
8.51486e-06
3.43851e-05
-1.2838e-06
3.90666e-05
-1.19745e-05
4.45232e-05
-2.05599e-05
4.86886e-05
-2.31496e-05
5.11978e-05
-2.06108e-05
5.17521e-05
-1.39898e-05
5.03772e-05
-5.55933e-06
5.01938e-05
1.59786e-06
4.74506e-05
1.2485e-05
3.9705e-05
2.49419e-05
2.65552e-05
3.61329e-05
8.27309e-06
4.35847e-05
-1.14367e-05
4.8604e-05
-3.11643e-05
5.07355e-05
-4.81697e-05
4.99066e-05
-6.27594e-05
4.7158e-05
-7.72381e-05
4.29672e-05
-9.1048e-05
4.0638e-05
3.57456e-05
-9.99035e-05
1.55689e-05
-2.34449e-05
2.25361e-05
1.98289e-05
2.93012e-05
1.2762e-05
3.75492e-05
2.66831e-07
4.70862e-05
-1.08208e-05
5.5257e-05
-2.01453e-05
6.06031e-05
-2.59061e-05
6.18698e-05
-2.44162e-05
6.02202e-05
-1.89613e-05
5.95349e-05
-1.33046e-05
5.40687e-05
-9.31856e-08
4.92627e-05
6.40375e-06
4.61075e-05
1.56402e-05
3.52371e-05
3.58122e-05
1.86998e-05
5.26701e-05
2.3074e-07
6.20538e-05
-2.04691e-05
6.93038e-05
-3.91762e-05
6.94426e-05
-5.37606e-05
6.4491e-05
-6.49178e-05
5.83152e-05
-7.50488e-05
5.30981e-05
-8.30306e-05
4.86198e-05
3.9862e-05
-8.7147e-05
2.20892e-06
-2.56538e-05
1.55222e-05
6.51557e-06
2.8376e-05
-9.17814e-08
4.37997e-05
-1.51568e-05
5.91064e-05
-2.61275e-05
7.06744e-05
-3.17132e-05
7.7674e-05
-3.29057e-05
7.61356e-05
-2.28791e-05
4.29303e-05
1.42433e-05
-3.70099e-05
6.66353e-05
-0.000101149
6.40458e-05
-0.000107043
1.22973e-05
-9.06895e-05
-7.13314e-07
-7.34666e-05
1.85893e-05
-6.43603e-05
4.35638e-05
-6.28219e-05
6.05153e-05
-6.56145e-05
7.20964e-05
-6.95346e-05
7.33627e-05
-7.35353e-05
6.84917e-05
-7.70892e-05
6.1869e-05
-7.95525e-05
5.55615e-05
-7.95479e-05
4.86152e-05
3.78336e-05
-7.75196e-05
-9.01294e-06
-1.66409e-05
1.0624e-05
-1.31214e-05
2.98396e-05
-1.93073e-05
4.58125e-05
-3.11298e-05
6.24422e-05
-4.27571e-05
7.41743e-05
-4.34453e-05
-0.000152163
0.00019343
-0.000403978
0.000228935
-0.000456236
6.65003e-05
-0.000412845
2.32432e-05
-0.000341013
-7.78591e-06
-0.000289136
-3.95796e-05
-0.000255006
-3.48432e-05
-0.00021832
-1.8097e-05
-0.000181897
7.14124e-06
-0.000151137
2.97554e-05
-0.000127445
4.84044e-05
-0.000111847
5.7764e-05
-0.000102304
5.89495e-05
-9.61166e-05
5.56812e-05
-9.09975e-05
5.04424e-05
-8.55179e-05
4.31356e-05
3.2657e-05
-8.03413e-05
-2.29161e-05
6.27561e-06
4.04016e-06
-4.00773e-05
3.7962e-05
-5.3229e-05
4.33223e-05
-3.649e-05
-6.85779e-05
6.9143e-05
-0.000282781
0.000170758
-0.000402389
0.000313038
-0.000400179
0.000226724
-0.000355555
2.18763e-05
-0.000320863
-1.14488e-05
-0.000293832
-3.48169e-05
-0.000283452
-4.99589e-05
-0.00027106
-4.72355e-05
-0.000254237
-3.49195e-05
-0.000229031
-1.80651e-05
-0.000201223
1.9477e-06
-0.000174256
2.14375e-05
-0.000150766
3.42732e-05
-0.000132026
4.02102e-05
-0.000117812
4.14671e-05
-0.000106674
3.93044e-05
-9.74435e-05
3.39048e-05
2.53756e-05
-9.01622e-05
-1.84142e-05
2.46909e-05
-4.59161e-05
-1.25745e-05
-8.51841e-05
-1.39605e-05
-0.000143708
2.20346e-05
-0.000193635
0.00011907
-0.000252768
0.000229892
-0.000280678
0.000340948
-0.000312303
0.00025835
-0.000304457
1.40311e-05
-0.000293726
-2.21802e-05
-0.000285317
-4.3226e-05
-0.000277667
-5.76088e-05
-0.000268045
-5.68574e-05
-0.000260454
-4.251e-05
-0.000247745
-3.07739e-05
-0.000230049
-1.57482e-05
-0.000207388
-1.22384e-06
-0.000182483
9.36793e-06
-0.000159145
1.6872e-05
-0.000140113
2.24352e-05
-0.000125501
2.46925e-05
-0.000114123
2.25266e-05
1.6524e-05
-0.000105271
-3.2731e-06
2.79655e-05
-3.41919e-05
1.83455e-05
-7.81929e-05
3.00413e-05
-0.00012342
6.72625e-05
-0.000145131
0.000140782
-0.000153564
0.000238325
-0.000146006
0.00033339
-0.000199766
0.000312111
-0.000271777
8.60422e-05
-0.00028253
-1.14269e-05
-0.000279886
-4.58697e-05
-0.00027128
-6.62141e-05
-0.000276907
-5.12287e-05
-0.00026353
-5.58869e-05
-0.000245837
-4.84666e-05
-0.000234815
-2.67699e-05
-0.000221393
-1.46463e-05
-0.000202708
-9.31641e-06
-0.000181225
-4.61155e-06
-0.000161902
3.11232e-06
-0.000146376
9.16669e-06
-0.000133571
9.7215e-06
4.12222e-06
-0.000121169
-8.99328e-06
3.69597e-05
-3.05256e-05
3.98788e-05
-5.77653e-05
5.72819e-05
-8.2628e-05
9.2126e-05
-8.94633e-05
0.000147618
-7.0822e-05
0.000219684
-3.05259e-05
0.000293094
-2.84746e-05
0.000310059
-0.000113474
0.000171042
-0.000196465
7.15638e-05
-0.00024564
3.30607e-06
-0.000263693
-4.81607e-05
-0.000257446
-5.74745e-05
-0.000251792
-6.15404e-05
-0.000246838
-5.34203e-05
-0.000238082
-3.55259e-05
-0.00021903
-3.36977e-05
-0.000200967
-2.73795e-05
-0.000183866
-2.1713e-05
-0.00016973
-1.10237e-05
-0.000157205
-3.35816e-06
-0.000146097
-1.38621e-06
-1.27005e-05
-0.000129274
-7.45725e-06
4.44184e-05
-2.21994e-05
5.46221e-05
-3.93893e-05
7.44728e-05
-5.19744e-05
0.000104712
-4.95485e-05
0.000145192
-2.41137e-05
0.000194249
2.44955e-05
0.000244485
6.16311e-05
0.000272924
2.73604e-05
0.000205312
-3.10467e-05
0.00012997
-0.000101186
7.34449e-05
-0.000181376
3.20274e-05
-0.000233887
-4.96513e-06
-0.000253099
-4.23291e-05
-0.000249433
-5.70872e-05
-0.000232454
-5.25044e-05
-0.000217721
-4.84307e-05
-0.00020283
-4.22705e-05
-0.000189701
-3.4842e-05
-0.000174361
-2.63637e-05
-0.00015887
-1.88487e-05
-0.000143167
-1.70897e-05
-1.68895e-05
-0.000138976
-6.02785e-06
5.04469e-05
-1.55696e-05
6.41646e-05
-2.55797e-05
8.44836e-05
-3.09326e-05
0.000110065
-2.49032e-05
0.000139163
-1.7506e-06
0.000171097
3.8892e-05
0.000203842
8.32126e-05
0.000228603
8.7545e-05
0.000200979
6.33374e-05
0.000154177
2.7866e-05
0.000108915
-1.09198e-05
7.08117e-05
-5.43033e-05
3.84169e-05
-0.0001023
5.66644e-06
-0.000138226
-2.11619e-05
-0.000149883
-4.08477e-05
-0.000150039
-4.82752e-05
-0.000146907
-4.54028e-05
-0.000140841
-4.09075e-05
-0.00013136
-3.58447e-05
-0.000120487
-2.97217e-05
-0.000113675
-2.39012e-05
-2.49624e-05
-0.000105601
-4.90437e-06
5.53523e-05
-1.13453e-05
7.06063e-05
-1.64728e-05
8.96117e-05
-1.71412e-05
0.000110734
-9.82003e-06
0.000131842
9.21787e-06
0.000152059
4.13399e-05
0.00017172
8.18894e-05
0.000188053
0.000102957
0.000179911
0.000102852
0.000154282
8.91743e-05
0.000122592
6.90695e-05
9.09154e-05
4.68283e-05
6.06571e-05
2.07669e-05
3.17268e-05
-7.25354e-06
6.8579e-06
-3.31595e-05
-1.4942e-05
-5.00562e-05
-3.13786e-05
-5.87794e-05
-3.66795e-05
-6.26339e-05
-3.70531e-05
-6.14444e-05
-3.70342e-05
-5.68484e-05
-3.43178e-05
-5.209e-05
-2.86602e-05
-3.22308e-05
-4.48211e-05
-4.71818e-06
6.00706e-05
-9.29501e-06
7.51835e-05
-1.12233e-05
9.15404e-05
-8.88308e-06
0.000108394
-8.22554e-07
0.000123782
1.47937e-05
0.000136443
3.96431e-05
0.000146871
7.24432e-05
0.000155253
9.84962e-05
0.000153858
0.000111447
0.000141331
0.000112566
0.000121472
0.000105393
9.80878e-05
9.27449e-05
7.33048e-05
7.63858e-05
4.80854e-05
5.88621e-05
2.43812e-05
3.97949e-05
4.12508e-06
2.01625e-05
-1.17462e-05
6.16376e-06
-2.26807e-05
-2.16705e-06
-2.87222e-05
-8.0957e-06
-3.11058e-05
-1.11695e-05
-3.12445e-05
-8.72951e-06
-3.11003e-05
-3.59738e-05
-4.98611e-06
-5.63511e-06
6.57063e-05
-9.113e-06
7.86618e-05
-9.08415e-06
9.15119e-05
-5.00102e-06
0.000104311
3.4933e-06
0.000115288
1.67683e-05
0.000123168
3.57583e-05
0.000127881
6.04061e-05
0.000130605
8.45148e-05
0.000129749
0.00010238
0.000123466
0.000111907
0.000111946
0.000113905
9.60893e-05
0.000109959
7.72502e-05
0.000101517
5.6528e-05
9.02005e-05
3.56973e-05
7.72235e-05
1.7102e-05
6.30518e-05
2.42551e-06
4.87141e-05
-8.34293e-06
3.67298e-05
-1.6738e-05
2.87001e-05
-2.30764e-05
2.49506e-05
-2.74955e-05
2.50264e-05
-3.11765e-05
-3.57921e-05
2.48449e-05
-6.48125e-06
7.21876e-05
-9.58539e-06
8.17661e-05
-8.85457e-06
9.07812e-05
-4.2451e-06
9.97022e-05
3.98473e-06
0.000107058
1.55983e-05
0.000111555
3.05282e-05
0.000112952
4.87332e-05
0.0001124
6.81038e-05
0.000110379
8.55119e-05
0.000106058
9.85163e-05
9.89416e-05
0.00010617
8.84354e-05
0.000108647
7.47739e-05
0.000106558
5.86171e-05
0.000100873
4.13825e-05
9.28527e-05
2.5122e-05
8.38064e-05
1.14718e-05
7.4689e-05
7.74562e-07
6.58666e-05
-7.91574e-06
5.85833e-05
-1.57935e-05
5.36019e-05
-2.25145e-05
5.06544e-05
-2.82294e-05
-3.34586e-05
4.83214e-05
-6.61492e-06
7.88028e-05
-9.759e-06
8.49103e-05
-9.18479e-06
9.02071e-05
-4.9594e-06
9.54769e-05
2.49567e-06
9.96034e-05
1.25238e-05
0.000101527
2.45814e-05
0.000100894
3.84025e-05
9.85792e-05
5.33241e-05
9.54571e-05
6.80528e-05
9.13295e-05
8.10983e-05
8.58963e-05
9.11161e-05
7.84177e-05
9.73922e-05
6.84979e-05
9.97845e-05
5.62249e-05
9.86858e-05
4.24813e-05
9.49494e-05
2.88585e-05
8.97189e-05
1.67023e-05
8.40832e-05
6.41027e-06
7.86752e-05
-2.50779e-06
7.35635e-05
-1.0682e-05
6.90429e-05
-1.79943e-05
6.51432e-05
-2.43298e-05
-2.98879e-05
6.15727e-05
-6.16156e-06
8.49641e-05
-9.34817e-06
8.80969e-05
-9.2318e-06
9.00908e-05
-5.81652e-06
9.20616e-05
4.96369e-07
9.32905e-05
9.00016e-06
9.30233e-05
1.89538e-05
9.09405e-05
2.99243e-05
8.76087e-05
4.16114e-05
8.37702e-05
5.35156e-05
7.94254e-05
6.4969e-05
7.44432e-05
7.50146e-05
6.83724e-05
8.27765e-05
6.07361e-05
8.76968e-05
5.13047e-05
8.97054e-05
4.04729e-05
8.92576e-05
2.93064e-05
8.71691e-05
1.87909e-05
8.42789e-05
9.30047e-06
8.10585e-05
7.12567e-07
7.75678e-05
-7.19158e-06
7.39128e-05
-1.43395e-05
7.02292e-05
-2.06466e-05
-2.62121e-05
6.6554e-05
-5.42958e-06
9.03939e-05
-8.48951e-06
9.11568e-05
-8.76315e-06
9.03644e-05
-6.16678e-06
8.94653e-05
-1.00019e-06
8.81239e-05
6.11081e-06
8.59123e-05
1.4454e-05
8.25974e-05
2.35205e-05
7.85423e-05
3.30449e-05
7.42459e-05
4.27476e-05
6.97228e-05
5.23265e-05
6.48644e-05
6.12782e-05
5.94209e-05
6.89639e-05
5.30505e-05
7.47879e-05
4.54808e-05
7.84414e-05
3.68195e-05
8.0063e-05
2.76849e-05
8.01251e-05
1.87289e-05
7.91493e-05
1.02764e-05
7.74743e-05
2.3875e-06
7.52248e-05
-4.94226e-06
7.24915e-05
-1.16063e-05
6.94434e-05
-1.75984e-05
-2.29542e-05
6.61859e-05
-4.6363e-06
9.50299e-05
-7.43617e-06
9.39566e-05
-7.93227e-06
9.08605e-05
-5.98489e-06
8.75178e-05
-1.79536e-06
8.39344e-05
4.14225e-06
7.99747e-05
1.12268e-05
7.55129e-05
1.89495e-05
7.08196e-05
2.70109e-05
6.61847e-05
3.5161e-05
6.15728e-05
4.31942e-05
5.68313e-05
5.0848e-05
5.17673e-05
5.77508e-05
4.61478e-05
6.34609e-05
3.97708e-05
6.76463e-05
3.26343e-05
7.02693e-05
2.50619e-05
7.15453e-05
1.7453e-05
7.17572e-05
1.00645e-05
7.11247e-05
3.02004e-06
6.98042e-05
-3.62196e-06
6.78944e-05
-9.69653e-06
6.55415e-05
-1.52457e-05
-2.02815e-05
6.28693e-05
-3.90203e-06
9.8932e-05
-6.4008e-06
9.64553e-05
-7.00104e-06
9.14606e-05
-5.53538e-06
8.60521e-05
-2.12837e-06
8.05273e-05
2.85296e-06
7.49934e-05
8.92429e-06
6.94416e-05
1.56367e-05
6.41073e-05
2.26593e-05
5.91621e-05
2.97251e-05
5.45072e-05
3.66295e-05
4.9927e-05
4.31954e-05
4.52015e-05
4.92021e-05
4.01412e-05
5.43728e-05
3.46002e-05
5.84551e-05
2.85521e-05
6.1359e-05
2.21581e-05
6.31568e-05
1.56553e-05
6.39875e-05
9.23388e-06
6.39876e-05
3.02001e-06
6.32966e-05
-2.9311e-06
6.2015e-05
-8.4151e-06
6.02501e-05
-1.34806e-05
-1.81556e-05
5.81247e-05
-3.26882e-06
0.0001022
-5.49166e-06
9.86779e-05
-6.15398e-06
9.21228e-05
-5.07299e-06
8.49711e-05
-2.31205e-06
7.77664e-05
1.86942e-06
7.08119e-05
7.1012e-06
6.42098e-05
1.30094e-05
5.81991e-05
1.9255e-05
5.29166e-05
2.55389e-05
4.82233e-05
3.16393e-05
4.38267e-05
3.739e-05
3.94509e-05
4.26386e-05
3.48928e-05
4.72107e-05
3.00282e-05
5.09449e-05
2.4818e-05
5.37602e-05
1.93429e-05
5.56724e-05
1.37432e-05
5.67509e-05
8.15545e-06
5.70827e-05
2.68822e-06
5.67675e-05
-2.61604e-06
5.58969e-05
-7.54448e-06
5.45694e-05
-1.21532e-05
-1.64622e-05
5.28765e-05
-2.72491e-06
0.000104925
-4.71604e-06
0.000100669
-5.44192e-06
9.28486e-05
-4.70682e-06
8.42359e-05
-2.51713e-06
7.55766e-05
9.64376e-07
6.73303e-05
5.46543e-06
5.97087e-05
1.06993e-05
5.29653e-05
1.63326e-05
4.72833e-05
2.20275e-05
4.25285e-05
2.75427e-05
3.83114e-05
3.27007e-05
3.42929e-05
3.73706e-05
3.0223e-05
4.14357e-05
2.5963e-05
4.47934e-05
2.14604e-05
4.73916e-05
1.67448e-05
4.9233e-05
1.19019e-05
5.03593e-05
7.02918e-06
5.08333e-05
2.21426e-06
5.07224e-05
-2.50525e-06
5.01042e-05
-6.92634e-06
4.90776e-05
-1.11266e-05
-1.50835e-05
4.76994e-05
-2.21348e-06
0.000107139
-3.9961e-06
0.000102451
-4.79363e-06
9.3646e-05
-4.39291e-06
8.38351e-05
-2.74026e-06
7.39239e-05
9.20495e-08
6.4498e-05
3.92376e-06
5.5877e-05
8.55558e-06
4.83334e-05
1.3671e-05
4.21679e-05
1.89114e-05
3.72881e-05
2.39923e-05
3.32306e-05
2.87175e-05
2.95678e-05
3.2961e-05
2.59795e-05
3.66335e-05
2.22906e-05
3.96716e-05
1.84224e-05
4.20442e-05
1.43722e-05
4.37587e-05
1.01875e-05
4.48485e-05
5.93944e-06
4.53642e-05
1.69853e-06
4.53636e-05
-2.50471e-06
4.49195e-05
-6.48224e-06
4.40868e-05
-1.02939e-05
-1.39339e-05
4.29376e-05
-1.65586e-06
0.000108794
-3.2012e-06
0.000103997
-4.05283e-06
9.44976e-05
-3.97439e-06
8.37566e-05
-2.84461e-06
7.27941e-05
-6.46973e-07
6.23003e-05
2.54054e-06
5.26895e-05
6.60344e-06
4.42705e-05
1.12527e-05
3.75186e-05
1.61113e-05
3.24295e-05
2.08498e-05
2.84921e-05
2.52531e-05
2.51645e-05
2.91828e-05
2.20498e-05
3.25609e-05
1.89126e-05
3.53458e-05
1.56375e-05
3.75239e-05
1.21942e-05
3.91101e-05
8.60133e-06
4.01406e-05
4.90899e-06
4.06651e-05
1.17404e-06
4.07148e-05
-2.55441e-06
4.03708e-05
-6.13831e-06
3.96862e-05
-9.60919e-06
-1.295e-05
3.87028e-05
-9.65695e-07
0.00010976
-2.16549e-06
0.000105196
-3.00478e-06
9.53367e-05
-3.21541e-06
8.39671e-05
-2.59993e-06
7.21785e-05
-1.04528e-06
6.07456e-05
1.50005e-06
5.01441e-05
4.97987e-06
4.07907e-05
9.1617e-06
3.33368e-05
1.36494e-05
2.79418e-05
1.81017e-05
2.40398e-05
2.22482e-05
2.1018e-05
2.59348e-05
1.83632e-05
2.90844e-05
1.5763e-05
3.16661e-05
1.30558e-05
3.36796e-05
1.01807e-05
3.51463e-05
7.13473e-06
3.61046e-05
3.95071e-06
3.66048e-05
6.73913e-07
3.66844e-05
-2.63415e-06
3.64157e-05
-5.86956e-06
3.58276e-05
-9.02104e-06
-1.20855e-05
3.49634e-05
-1.05336e-07
0.000109865
-7.21588e-07
0.000105812
-1.41041e-06
9.60255e-05
-1.81828e-06
8.4375e-05
-1.6912e-06
7.20514e-05
-8.05919e-07
5.98603e-05
1.04577e-06
4.82924e-05
3.90144e-06
3.7935e-05
7.56129e-06
2.96769e-05
1.16574e-05
2.38457e-05
1.58099e-05
1.98873e-05
1.97176e-05
1.71104e-05
2.31908e-05
1.48899e-05
2.61413e-05
1.28125e-05
2.85433e-05
1.06538e-05
3.04043e-05
8.31975e-06
3.17514e-05
5.78765e-06
3.26268e-05
3.07544e-06
3.30824e-05
2.18271e-07
3.3165e-05
-2.71678e-06
3.29212e-05
-5.62582e-06
3.24013e-05
-8.5011e-06
-1.13137e-05
3.163e-05
1.02917e-06
0.000108836
1.22685e-06
0.000105615
9.40709e-07
9.63115e-05
5.45305e-07
8.47703e-05
2.94663e-07
7.2302e-05
5.48177e-07
5.96068e-05
1.60388e-06
4.72367e-05
3.67696e-06
3.58619e-05
6.69212e-06
2.66618e-05
1.03024e-05
2.02354e-05
1.40926e-05
1.60971e-05
1.77245e-05
1.34785e-05
2.09684e-05
1.16461e-05
2.37134e-05
1.00675e-05
2.59298e-05
8.43741e-06
2.76292e-05
6.62032e-06
2.88447e-05
4.57224e-06
2.96187e-05
2.30146e-06
3.0013e-05
-1.76013e-07
3.00559e-05
-2.75981e-06
2.98099e-05
-5.37971e-06
2.93188e-05
-8.00995e-06
-1.06043e-05
2.86097e-05
2.27812e-06
0.000106558
3.58207e-06
0.000104311
4.02905e-06
9.58645e-05
3.95948e-06
8.48398e-05
3.66855e-06
7.25929e-05
3.47684e-06
5.97985e-05
3.77799e-06
4.69355e-05
4.89855e-06
3.47413e-05
6.97827e-06
2.4582e-05
9.86339e-06
1.73502e-05
1.31227e-05
1.28378e-05
1.63654e-05
1.02358e-05
1.93111e-05
8.70033e-06
2.18085e-05
7.57006e-06
2.38065e-05
6.43944e-06
2.53139e-05
5.11299e-06
2.63691e-05
3.51697e-06
2.70154e-05
1.65527e-06
2.7313e-05
-4.73653e-07
2.72909e-05
-2.73776e-06
2.70167e-05
-5.10543e-06
2.65274e-05
-7.52068e-06
-9.92023e-06
2.58438e-05
3.63771e-06
0.00010292
6.1708e-06
0.000101777
7.51868e-06
9.45165e-05
8.03059e-06
8.43278e-05
8.00659e-06
7.26168e-05
7.75567e-06
6.00493e-05
7.62118e-06
4.707e-05
7.92975e-06
3.44327e-05
8.95207e-06
2.35597e-05
1.07779e-05
1.55244e-05
1.31952e-05
1.04205e-05
1.58191e-05
7.61188e-06
1.83131e-05
6.20631e-06
2.04583e-05
5.42477e-06
2.21647e-05
4.73312e-06
2.34287e-05
3.84898e-06
2.42816e-05
2.66401e-06
2.477e-05
1.16689e-06
2.49304e-05
-6.34004e-07
2.48163e-05
-2.62374e-06
2.44895e-05
-4.77859e-06
2.39716e-05
-7.00263e-06
-9.24074e-06
2.32923e-05
5.05347e-06
9.78661e-05
8.78484e-06
9.80459e-05
1.10495e-05
9.22517e-05
1.22065e-05
8.31707e-05
1.25901e-05
7.22331e-05
1.24916e-05
6.01477e-05
1.22167e-05
4.73449e-05
1.20354e-05
3.4614e-05
1.22367e-05
2.33583e-05
1.30494e-05
1.47116e-05
1.44632e-05
9.00665e-06
1.62433e-05
5.83175e-06
1.80693e-05
4.38029e-06
1.9699e-05
3.79505e-06
2.09996e-05
3.43247e-06
2.19386e-05
2.90992e-06
2.25322e-05
2.07044e-06
2.28155e-05
8.836e-07
2.2824e-05
-6.42582e-07
2.25997e-05
-2.39944e-06
2.21851e-05
-4.36397e-06
2.16186e-05
-6.43621e-06
-8.53997e-06
2.09182e-05
6.463e-06
9.14028e-05
1.12153e-05
9.32933e-05
1.42497e-05
8.92173e-05
1.59529e-05
8.14674e-05
1.67098e-05
7.14761e-05
1.68015e-05
6.0056e-05
1.653e-05
4.76163e-05
1.61386e-05
3.50053e-05
1.58845e-05
2.36123e-05
1.59807e-05
1.46154e-05
1.65236e-05
8.46368e-06
1.74249e-05
4.93033e-06
1.8475e-05
3.3302e-06
1.94601e-05
2.80988e-06
2.0247e-05
2.64548e-06
2.0781e-05
2.37588e-06
2.10615e-05
1.78989e-06
2.11063e-05
8.38773e-07
2.09277e-05
-4.63993e-07
2.05733e-05
-2.04508e-06
2.00617e-05
-3.85248e-06
1.94299e-05
-5.80421e-06
-7.80397e-06
1.8694e-05
7.76603e-06
8.36366e-05
1.32513e-05
8.78079e-05
1.68003e-05
8.56682e-05
1.88465e-05
7.94211e-05
1.98438e-05
7.04786e-05
2.01182e-05
5.97815e-05
1.9965e-05
4.77694e-05
1.95862e-05
3.5384e-05
1.91622e-05
2.40362e-05
1.88547e-05
1.49228e-05
1.87731e-05
8.54523e-06
1.89295e-05
4.77379e-06
1.92278e-05
3.03186e-06
1.95365e-05
2.50113e-06
1.97568e-05
2.42503e-06
1.98419e-05
2.2908e-06
1.9774e-05
1.85767e-06
1.9557e-05
1.05578e-06
1.919e-05
-9.71104e-08
1.86926e-05
-1.54768e-06
1.80787e-05
-3.23855e-06
1.7371e-05
-5.09676e-06
-7.023e-06
1.65903e-05
8.75191e-06
7.48844e-05
1.45997e-05
8.19598e-05
1.83641e-05
8.19036e-05
2.05473e-05
7.72378e-05
2.17026e-05
6.93232e-05
2.2212e-05
5.92719e-05
2.23182e-05
4.76632e-05
2.21369e-05
3.55651e-05
2.17455e-05
2.44276e-05
2.12508e-05
1.54173e-05
2.0754e-05
9.04195e-06
2.03168e-05
5.21082e-06
1.9953e-05
3.39563e-06
1.96305e-05
2.82347e-06
1.93091e-05
2.74633e-06
1.89556e-05
2.64418e-06
1.85514e-05
2.26185e-06
1.80815e-05
1.52562e-06
1.75325e-05
4.51818e-07
1.68995e-05
-9.14792e-07
1.61869e-05
-2.52604e-06
1.54084e-05
-4.31814e-06
-6.19564e-06
1.45811e-05
9.03789e-06
6.58463e-05
1.47902e-05
7.62073e-05
1.8559e-05
7.81346e-05
2.08258e-05
7.49707e-05
2.22221e-05
6.79269e-05
2.31081e-05
5.83858e-05
2.36158e-05
4.71553e-05
2.37531e-05
3.54277e-05
2.35076e-05
2.4673e-05
2.29304e-05
1.59944e-05
2.21224e-05
9.84981e-06
2.11988e-05
6.13425e-06
2.02726e-05
4.32176e-06
1.94123e-05
3.68366e-06
1.86349e-05
3.52358e-06
1.79235e-05
3.35554e-06
1.72482e-05
2.93705e-06
1.65767e-05
2.19702e-06
1.58803e-05
1.14814e-06
1.51397e-05
-1.74266e-07
1.43467e-05
-1.73308e-06
1.35085e-05
-3.48016e-06
-5.32628e-06
1.26393e-05
8.29876e-06
5.75473e-05
1.35776e-05
7.09282e-05
1.72181e-05
7.4494e-05
1.97272e-05
7.24615e-05
2.15682e-05
6.60856e-05
2.29776e-05
5.69763e-05
2.39634e-05
4.61694e-05
2.44345e-05
3.49565e-05
2.43206e-05
2.47867e-05
2.36515e-05
1.66634e-05
2.25475e-05
1.09537e-05
2.12013e-05
7.48032e-06
1.98193e-05
5.70369e-06
1.85547e-05
4.94815e-06
1.74667e-05
4.61145e-06
1.6537e-05
4.28515e-06
1.57116e-05
3.76232e-06
1.49342e-05
2.97432e-06
1.4159e-05
1.92334e-06
1.33577e-05
6.26911e-07
1.25167e-05
-8.92179e-07
1.16399e-05
-2.60326e-06
-4.42957e-06
1.07431e-05
6.48023e-06
5.10669e-05
1.1254e-05
6.61543e-05
1.48042e-05
7.09436e-05
1.7684e-05
6.95815e-05
2.00755e-05
6.3694e-05
2.20215e-05
5.50302e-05
2.34242e-05
4.47665e-05
2.41226e-05
3.4258e-05
2.40205e-05
2.48887e-05
2.31623e-05
1.75215e-05
2.17343e-05
1.23816e-05
2.00223e-05
9.19215e-06
1.83184e-05
7.40747e-06
1.6825e-05
6.44147e-06
1.56097e-05
5.82662e-06
1.46334e-05
5.26134e-06
1.38096e-05
4.58601e-06
1.30528e-05
3.7311e-06
1.22971e-05
2.67896e-06
1.15064e-05
1.41746e-06
1.0664e-05
-4.97887e-08
9.77594e-06
-1.71539e-06
-3.52519e-06
8.87167e-06
4.0553e-06
4.70114e-05
8.56798e-06
6.16415e-05
1.21438e-05
6.73676e-05
1.52242e-05
6.6501e-05
1.79905e-05
6.09276e-05
2.03023e-05
5.27183e-05
2.19412e-05
4.31275e-05
2.26997e-05
3.34994e-05
2.24548e-05
2.51335e-05
2.13097e-05
1.86666e-05
1.95555e-05
1.41356e-05
1.75756e-05
1.1172e-05
1.57156e-05
9.26734e-06
1.41798e-05
7.9772e-06
1.30112e-05
6.99514e-06
1.21409e-05
6.13158e-06
1.14558e-05
5.27103e-06
1.08448e-05
4.34201e-06
1.02218e-05
3.30193e-06
9.53379e-06
2.10539e-06
8.75721e-06
7.26696e-07
7.90786e-06
-8.65876e-07
-2.6354e-06
7.01802e-06
2.40681e-06
4.46044e-05
6.63e-06
5.74181e-05
9.92514e-06
6.40724e-05
1.25878e-05
6.38383e-05
1.51433e-05
5.8372e-05
1.75664e-05
5.02951e-05
1.9354e-05
4.13398e-05
2.00573e-05
3.2796e-05
1.95636e-05
2.5627e-05
1.81077e-05
2.01224e-05
1.61173e-05
1.61259e-05
1.40469e-05
1.32423e-05
1.22264e-05
1.10877e-05
1.08093e-05
9.39425e-06
9.79912e-06
8.00522e-06
9.11468e-06
6.81595e-06
8.64073e-06
5.7449e-06
8.25767e-06
4.72502e-06
7.86048e-06
3.69905e-06
7.37612e-06
2.58969e-06
6.74941e-06
1.35341e-06
5.99394e-06
-1.10631e-07
-1.80566e-06
5.16423e-06
2.80635e-06
4.1798e-05
6.66723e-06
5.35571e-05
8.6775e-06
6.2062e-05
9.73437e-06
6.27813e-05
1.09743e-05
5.7132e-05
1.34659e-05
4.78035e-05
1.56465e-05
3.9159e-05
1.62923e-05
3.21502e-05
1.55354e-05
2.63838e-05
1.3864e-05
2.17937e-05
1.18427e-05
1.81472e-05
9.91124e-06
1.51736e-05
8.31197e-06
1.26869e-05
7.11347e-06
1.05927e-05
6.29273e-06
8.82585e-06
5.78077e-06
7.32781e-06
5.48814e-06
6.03744e-06
5.31848e-06
4.89459e-06
5.16978e-06
3.84767e-06
4.95154e-06
2.80784e-06
4.58071e-06
1.72409e-06
4.01785e-06
4.52249e-07
-1.08282e-06
3.29495e-06
5.52722e-06
9.62902e-06
8.59894e-06
6.39352e-06
5.02167e-06
7.9265e-06
1.11651e-05
1.17907e-05
1.08712e-05
9.22625e-06
7.4372e-06
5.84351e-06
4.57706e-06
3.65086e-06
3.01831e-06
2.62451e-06
2.41247e-06
2.32534e-06
2.30397e-06
2.2626e-06
2.12255e-06
1.81341e-06
1.39526e-06
-7.95201e-05
3.11108e-06
-8.40479e-05
4.52778e-06
-8.75206e-05
3.47273e-06
2.46178e-06
-8.99823e-05
-0.000105879
6.77801e-06
-0.000105974
4.62321e-06
-0.000104536
2.03426e-06
7.07848e-08
-0.000102145
-0.000106575
7.54576e-06
-0.00010577
3.81801e-06
-0.000104691
9.5526e-07
-1.09745e-06
-0.000103523
-0.00010053
8.17249e-06
-9.99458e-05
3.23346e-06
-9.88884e-05
-1.02058e-07
-2.22431e-06
-9.77616e-05
-8.85889e-05
9.61434e-06
-8.95093e-05
4.15388e-06
-8.98966e-05
2.85192e-07
-2.06698e-06
-9.00539e-05
-7.76839e-05
9.77862e-06
-7.89367e-05
5.40668e-06
-8.05371e-05
1.88554e-06
-7.32778e-07
-8.18714e-05
-7.91635e-05
8.60084e-06
-7.90872e-05
5.3303e-06
-7.9634e-05
2.43223e-06
1.62115e-07
-8.05289e-05
-8.82111e-05
6.64976e-06
-8.70377e-05
4.15691e-06
-8.64992e-05
1.89359e-06
5.99673e-08
-8.63971e-05
-0.000102403
3.78156e-06
-9.99811e-05
1.73513e-06
-9.79188e-05
-1.68777e-07
-1.68578e-06
-9.61731e-05
-0.000116363
-1.02481e-06
-0.000112026
-2.60141e-06
-0.000108374
-3.82148e-06
-3.85771e-06
-0.000106202
-0.000119274
-1.10244e-05
-0.000108956
-1.29197e-05
-9.09544e-05
-2.18236e-05
-9.12598e-06
-8.56859e-05
-0.000144778
-5.22026e-06
-0.000149822
-7.8755e-06
-0.000155883
-1.57611e-05
-1.60001e-05
-0.000149008
-9.76162e-05
-1.32044e-05
-9.16483e-05
-1.38421e-05
-9.26468e-05
-1.47621e-05
-1.65332e-05
-9.21134e-05
-4.21876e-05
-1.58378e-05
-4.02988e-05
-1.57312e-05
-3.84338e-05
-1.6627e-05
-1.97105e-05
-3.52566e-05
-3.07889e-06
-1.77447e-05
-1.175e-06
-1.76346e-05
5.48339e-07
-1.83507e-05
-2.16076e-05
2.44529e-06
2.49579e-05
-1.78576e-05
2.60321e-05
-1.87092e-05
2.72279e-05
-1.9547e-05
-2.07032e-05
2.63232e-05
4.72444e-05
-1.67806e-05
4.63179e-05
-1.77829e-05
4.54914e-05
-1.8721e-05
-1.96828e-05
4.44705e-05
5.99513e-05
-1.51593e-05
5.83445e-05
-1.61763e-05
5.67488e-05
-1.7126e-05
-1.8037e-05
5.51026e-05
6.48258e-05
-1.34312e-05
6.30629e-05
-1.44141e-05
6.12709e-05
-1.53345e-05
-1.62214e-05
5.94547e-05
6.46191e-05
-1.18644e-05
6.30015e-05
-1.27965e-05
6.13407e-05
-1.36743e-05
-1.4523e-05
5.96418e-05
6.15547e-05
-1.05497e-05
6.01809e-05
-1.14232e-05
5.87574e-05
-1.22512e-05
-1.30628e-05
5.72968e-05
5.70576e-05
-9.48253e-06
5.59374e-05
-1.03029e-05
5.47781e-05
-1.10925e-05
-1.18748e-05
5.35898e-05
5.20158e-05
-8.62189e-06
5.11093e-05
-9.39692e-06
5.01716e-05
-1.01551e-05
-1.09173e-05
4.92137e-05
4.69927e-05
-7.9152e-06
4.62474e-05
-8.65145e-06
4.54775e-05
-9.38573e-06
-1.01293e-05
4.46893e-05
4.23404e-05
-7.31789e-06
4.17065e-05
-8.01796e-06
4.10478e-05
-8.72726e-06
-9.44951e-06
4.03677e-05
3.81851e-05
-6.80021e-06
3.76331e-05
-7.46586e-06
3.70541e-05
-8.14856e-06
-8.8432e-06
3.64476e-05
3.45094e-05
-6.34612e-06
3.40201e-05
-6.97679e-06
3.34999e-05
-7.62864e-06
-8.29137e-06
3.2948e-05
3.1222e-05
-5.93811e-06
3.07816e-05
-6.53643e-06
3.03091e-05
-7.15624e-06
-7.78453e-06
2.98021e-05
2.82355e-05
-5.56384e-06
2.783e-05
-6.13097e-06
2.73921e-05
-6.71852e-06
-7.31239e-06
2.69199e-05
2.54884e-05
-5.20839e-06
2.51047e-05
-5.74732e-06
2.46908e-05
-6.30463e-06
-6.86595e-06
2.42443e-05
2.2944e-05
-4.8599e-06
2.25704e-05
-5.37363e-06
2.21678e-05
-5.90216e-06
-6.43394e-06
2.17358e-05
2.05654e-05
-4.50708e-06
2.0192e-05
-5.00033e-06
1.97938e-05
-5.50394e-06
-6.01015e-06
1.93699e-05
1.83311e-05
-4.1441e-06
1.79514e-05
-4.62058e-06
1.75501e-05
-5.10271e-06
-5.58807e-06
1.7128e-05
1.62119e-05
-3.7657e-06
1.58217e-05
-4.23052e-06
1.54157e-05
-4.69665e-06
-5.16639e-06
1.4994e-05
1.41875e-05
-3.37206e-06
1.37873e-05
-3.83009e-06
1.33752e-05
-4.28467e-06
-4.74483e-06
1.29536e-05
1.22326e-05
-2.96543e-06
1.18243e-05
-3.42211e-06
1.14111e-05
-3.87137e-06
-4.32915e-06
1.09953e-05
1.033e-05
-2.55242e-06
9.92095e-06
-3.01287e-06
9.51208e-06
-3.4627e-06
-3.92681e-06
9.10974e-06
8.46186e-06
-2.14267e-06
8.06144e-06
-2.61272e-06
7.67104e-06
-3.07222e-06
-3.55384e-06
7.29802e-06
6.62425e-06
-1.74884e-06
6.24638e-06
-2.23459e-06
5.88889e-06
-2.71487e-06
-3.22871e-06
5.56378e-06
4.81267e-06
-1.39733e-06
4.48238e-06
-1.90459e-06
4.18835e-06
-2.42075e-06
-2.98095e-06
3.94054e-06
2.99959e-06
-1.10203e-06
2.73556e-06
-1.64036e-06
2.52752e-06
-2.21282e-06
-2.83935e-06
2.38587e-06
1.23352e-06
1.10254e-06
1.02967e-06
1.01344e-06
-8.26399e-05
3.79399e-06
-7.51562e-05
-5.69189e-06
-7.01292e-05
-9.96277e-06
-6.79111e-05
-7.98729e-06
-6.81779e-05
-7.32128e-06
-7.00833e-05
-1.28332e-05
-7.2457e-05
-1.68618e-05
-7.27748e-05
-1.33854e-05
-7.12107e-05
-1.4569e-06
-6.27877e-05
1.60321e-05
-5.11129e-05
3.49616e-05
-4.40806e-05
4.3237e-05
-4.6552e-05
3.54116e-05
-5.62593e-05
2.65301e-05
-5.52586e-05
1.01495e-05
-3.29666e-05
-2.96137e-05
-9.98341e-06
-7.98358e-05
3.33449e-06
-9.37991e-05
1.86527e-05
-9.57285e-05
-2.62225e-06
-9.20641e-05
-9.35627e-06
-8.96362e-05
-1.23907e-05
-8.54107e-05
-1.22128e-05
-7.95272e-05
-1.32048e-05
-7.53055e-05
-1.70548e-05
-7.23714e-05
-1.97959e-05
-6.80625e-05
-1.76943e-05
-6.01461e-05
-9.37328e-06
-4.92351e-05
5.12108e-06
-3.74711e-05
2.31976e-05
-3.04382e-05
3.62041e-05
-3.41169e-05
3.90903e-05
-4.25539e-05
3.49671e-05
-4.09428e-05
8.53834e-06
-2.12405e-05
-4.9316e-05
-7.00778e-06
-9.40685e-05
-3.86797e-07
-0.00010042
1.82659e-05
-9.97001e-05
-6.44492e-06
-9.51418e-05
-1.39145e-05
-9.0339e-05
-1.71935e-05
-8.48599e-05
-1.76919e-05
-7.92321e-05
-1.88326e-05
-7.48076e-05
-2.14793e-05
-7.08169e-05
-2.37866e-05
-6.51909e-05
-2.33203e-05
-5.65184e-05
-1.80458e-05
-4.50213e-05
-6.37603e-06
-3.40238e-05
1.22001e-05
-2.8502e-05
3.06823e-05
-2.83782e-05
3.89664e-05
-2.90001e-05
3.55889e-05
-2.40623e-05
3.60048e-06
-1.136e-05
-6.20184e-05
-7.30602e-06
-9.81225e-05
-9.69125e-06
-9.8035e-05
8.57457e-06
-9.54279e-05
-8.7786e-06
-9.2899e-05
-1.64433e-05
-8.99793e-05
-2.01132e-05
-8.62849e-05
-2.13864e-05
-8.23396e-05
-2.27778e-05
-7.9041e-05
-2.47778e-05
-7.63697e-05
-2.6458e-05
-7.31295e-05
-2.65605e-05
-6.7959e-05
-2.32163e-05
-5.91363e-05
-1.51987e-05
-4.81526e-05
1.21636e-06
-3.75128e-05
2.00425e-05
-2.86281e-05
3.00817e-05
-1.93607e-05
2.63215e-05
-1.04879e-05
-5.27235e-06
-7.34889e-06
-6.51575e-05
-1.27047e-05
-9.27667e-05
-2.1316e-05
-8.94238e-05
-1.27415e-05
-9.01422e-05
-8.69037e-06
-8.96769e-05
-1.69086e-05
-8.86768e-05
-2.11133e-05
-8.65626e-05
-2.35006e-05
-8.38699e-05
-2.54705e-05
-8.13028e-05
-2.73449e-05
-8.01323e-05
-2.76285e-05
-8.06581e-05
-2.60346e-05
-8.10193e-05
-2.2855e-05
-7.85824e-05
-1.76356e-05
-6.88011e-05
-8.56495e-06
-5.14801e-05
2.72153e-06
-3.10399e-05
9.64143e-06
-1.16089e-05
6.89051e-06
-2.14553e-06
-1.47358e-05
-1.03213e-05
-5.69818e-05
-2.00491e-05
-8.30391e-05
-2.7001e-05
-8.2472e-05
-3.97426e-05
-8.44056e-05
-6.15619e-06
-8.59839e-05
-1.53304e-05
-8.61701e-05
-2.09271e-05
-8.51315e-05
-2.45391e-05
-8.33116e-05
-2.72905e-05
-8.11036e-05
-2.95529e-05
-7.97448e-05
-2.89872e-05
-8.05975e-05
-2.51819e-05
-8.15332e-05
-2.19193e-05
-7.9219e-05
-1.99498e-05
-7.05675e-05
-1.72164e-05
-5.47584e-05
-1.30876e-05
-3.57795e-05
-9.33743e-06
-1.81128e-05
-1.07762e-05
-1.09474e-05
-2.19013e-05
-1.7677e-05
-5.02522e-05
-2.41364e-05
-7.65798e-05
-2.43241e-05
-8.22844e-05
-6.40668e-05
-8.29126e-05
-3.77255e-06
-8.54871e-05
-1.2756e-05
-8.6853e-05
-1.95612e-05
-8.70943e-05
-2.42979e-05
-8.66008e-05
-2.7784e-05
-8.56627e-05
-3.0491e-05
-8.43689e-05
-3.0281e-05
-8.3187e-05
-2.63638e-05
-8.11159e-05
-2.39905e-05
-7.66683e-05
-2.43974e-05
-6.88963e-05
-2.49884e-05
-5.85069e-05
-2.3477e-05
-4.65016e-05
-2.13428e-05
-3.54948e-05
-2.17831e-05
-2.62854e-05
-3.11108e-05
-2.28625e-05
-5.36752e-05
-2.38704e-05
-7.55719e-05
-2.12054e-05
-8.49494e-05
-8.52722e-05
-8.70446e-05
-3.12513e-06
-8.87433e-05
-1.10573e-05
-8.92101e-05
-1.90944e-05
-9.07277e-05
-2.27803e-05
-9.30204e-05
-2.54913e-05
-9.38778e-05
-2.96336e-05
-9.26975e-05
-3.14613e-05
-9.06679e-05
-2.83934e-05
-8.77089e-05
-2.69495e-05
-8.17796e-05
-3.03267e-05
-7.42438e-05
-3.25242e-05
-6.53369e-05
-3.23839e-05
-5.49857e-05
-3.16939e-05
-4.35837e-05
-3.31851e-05
-3.31147e-05
-4.15798e-05
-2.67629e-05
-6.00269e-05
-2.31225e-05
-7.92123e-05
-2.15998e-05
-8.64714e-05
-0.000106872
-9.36281e-05
-5.67017e-06
-9.42642e-05
-1.04212e-05
-9.32684e-05
-2.00903e-05
-9.2794e-05
-2.32547e-05
-9.66782e-05
-2.16071e-05
-9.97923e-05
-2.65195e-05
-9.9403e-05
-3.18507e-05
-9.72808e-05
-3.05156e-05
-9.3189e-05
-3.10413e-05
-8.64606e-05
-3.70551e-05
-7.81301e-05
-4.08547e-05
-6.79096e-05
-4.26044e-05
-5.74367e-05
-4.21667e-05
-4.6835e-05
-4.37863e-05
-3.72754e-05
-5.11389e-05
-2.5894e-05
-7.14078e-05
-1.61229e-05
-8.8982e-05
-1.85253e-05
-8.40667e-05
-0.000125396
-0.000101293
-1.05784e-05
-0.000100208
-1.15063e-05
-9.66695e-05
-2.36292e-05
-9.00719e-05
-2.98525e-05
-9.42529e-05
-1.74263e-05
-0.000103069
-1.77031e-05
-0.000109562
-2.53577e-05
-0.000106038
-3.40405e-05
-9.67045e-05
-4.03744e-05
-9.02351e-05
-4.35246e-05
-8.10172e-05
-5.00725e-05
-6.47174e-05
-5.89038e-05
-4.81557e-05
-5.87276e-05
-3.59189e-05
-5.60217e-05
-2.61151e-05
-6.09412e-05
-2.00279e-05
-7.74933e-05
-1.68882e-05
-9.21199e-05
-6.92791e-06
-9.40256e-05
-0.000132323
-6.84416e-05
-2.78225e-05
-6.85085e-05
-1.14393e-05
-8.69663e-05
-5.17122e-06
-0.000107367
-9.45205e-06
-0.000117291
-7.50232e-06
-0.000119597
-1.53968e-05
-0.00011343
-3.15251e-05
-0.000101892
-4.55783e-05
-8.74951e-05
-5.47713e-05
-7.09167e-05
-6.01029e-05
-5.39009e-05
-6.7088e-05
-3.60829e-05
-7.67216e-05
-1.55211e-05
-7.9289e-05
-4.50871e-06
-6.70336e-05
-4.41862e-07
-6.50074e-05
1.02517e-06
-7.89597e-05
1.9706e-06
-9.30646e-05
5.34018e-06
-9.73939e-05
-0.000126983
-0.000141522
-3.5308e-05
-0.000130224
-2.27364e-05
-0.000119585
-1.58094e-05
-0.000113511
-1.55255e-05
-0.00010131
-1.9704e-05
-8.75826e-05
-2.91235e-05
-7.66876e-05
-4.24201e-05
-6.65861e-05
-5.56799e-05
-5.54939e-05
-6.58634e-05
-4.2359e-05
-7.32377e-05
-3.01133e-05
-7.93336e-05
-1.74537e-05
-8.93812e-05
-4.09508e-06
-9.26477e-05
6.3256e-06
-7.74543e-05
1.09221e-05
-6.9604e-05
1.17284e-05
-7.9766e-05
1.05076e-05
-9.18437e-05
1.12541e-05
-9.81406e-05
-0.000115729
-8.6416e-05
-4.10051e-05
-7.54279e-05
-3.37239e-05
-6.40997e-05
-2.71371e-05
-5.48968e-05
-2.47279e-05
-4.24117e-05
-3.21888e-05
-2.97005e-05
-4.18346e-05
-2.10941e-05
-5.10265e-05
-1.64092e-05
-6.03649e-05
-1.37459e-05
-6.85268e-05
-1.06649e-05
-7.63189e-05
-7.46473e-06
-8.2534e-05
-4.36807e-06
-9.24781e-05
-5.81006e-07
-9.64351e-05
7.00751e-06
-8.50432e-05
1.28683e-05
-7.54651e-05
1.4174e-05
-8.10721e-05
1.17734e-05
-8.94434e-05
9.23867e-06
-9.5606e-05
-0.000106491
-2.71619e-05
-4.90997e-05
-1.91624e-05
-4.1723e-05
-9.70678e-06
-3.65923e-05
1.41548e-06
-3.58499e-05
1.19181e-05
-4.26912e-05
1.98792e-05
-4.97957e-05
2.47173e-05
-5.58646e-05
2.78818e-05
-6.35295e-05
2.95484e-05
-7.01935e-05
2.777e-05
-7.45407e-05
2.29416e-05
-7.77058e-05
1.57963e-05
-8.53332e-05
1.07162e-05
-9.13554e-05
1.31476e-05
-8.74751e-05
1.65079e-05
-7.88259e-05
1.59095e-05
-8.04741e-05
1.22782e-05
-8.58127e-05
7.83686e-06
-9.11652e-05
-9.86541e-05
9.25102e-06
-5.59056e-05
1.72396e-05
-4.97115e-05
2.4965e-05
-4.43175e-05
3.39811e-05
-4.48658e-05
4.13737e-05
-5.00837e-05
4.62444e-05
-5.46664e-05
4.90423e-05
-5.86625e-05
5.06979e-05
-6.51853e-05
5.17062e-05
-7.1202e-05
5.03525e-05
-7.31873e-05
4.48363e-05
-7.219e-05
3.53943e-05
-7.58915e-05
2.82927e-05
-8.42543e-05
2.5581e-05
-8.47638e-05
2.3162e-05
-7.64074e-05
1.88225e-05
-7.6135e-05
1.33999e-05
-8.03905e-05
7.51704e-06
-8.5283e-05
-9.11373e-05
2.60854e-05
-5.56682e-05
3.04182e-05
-5.40444e-05
3.73445e-05
-5.12437e-05
4.43077e-05
-5.1829e-05
4.9169e-05
-5.49451e-05
5.22876e-05
-5.7785e-05
5.43233e-05
-6.06983e-05
5.57792e-05
-6.66413e-05
5.62405e-05
-7.16635e-05
5.53613e-05
-7.23083e-05
5.19778e-05
-6.88068e-05
4.61419e-05
-7.00559e-05
4.06231e-05
-7.87358e-05
3.46853e-05
-7.88263e-05
2.79091e-05
-6.96315e-05
2.1043e-05
-6.92692e-05
1.43364e-05
-7.36844e-05
7.52402e-06
-7.8471e-05
-8.36137e-05
4.09276e-05
-5.21258e-05
4.08387e-05
-5.39556e-05
4.3586e-05
-5.39911e-05
4.68036e-05
-5.50467e-05
4.90994e-05
-5.7241e-05
5.08943e-05
-5.958e-05
5.2307e-05
-6.21112e-05
5.25045e-05
-6.6839e-05
5.17508e-05
-7.091e-05
5.044e-05
-7.09977e-05
4.95302e-05
-6.78971e-05
4.8373e-05
-6.88989e-05
4.37002e-05
-7.40633e-05
3.53517e-05
-7.0478e-05
2.74242e-05
-6.17043e-05
2.06516e-05
-6.24969e-05
1.40063e-05
-6.70393e-05
7.21e-06
-7.16754e-05
-7.64038e-05
5.08186e-05
-4.78424e-05
4.80521e-05
-5.11894e-05
4.70981e-05
-5.30373e-05
4.70063e-05
-5.4955e-05
4.71711e-05
-5.74059e-05
4.75802e-05
-5.99893e-05
4.82038e-05
-6.2735e-05
4.73975e-05
-6.60329e-05
4.52268e-05
-6.87394e-05
4.32926e-05
-6.90636e-05
4.39328e-05
-6.85375e-05
4.40172e-05
-6.89835e-05
3.7936e-05
-6.79823e-05
2.86104e-05
-6.11527e-05
2.27191e-05
-5.58132e-05
1.78786e-05
-5.76567e-05
1.24134e-05
-6.15744e-05
6.4154e-06
-6.56776e-05
-6.99889e-05
5.5016e-05
-4.34041e-05
5.12865e-05
-4.74602e-05
4.8592e-05
-5.0343e-05
4.65888e-05
-5.29518e-05
4.50329e-05
-5.58503e-05
4.39956e-05
-5.89522e-05
4.32374e-05
-6.1977e-05
4.17766e-05
-6.45723e-05
3.91446e-05
-6.61077e-05
3.69757e-05
-6.6895e-05
3.63276e-05
-6.78897e-05
3.33874e-05
-6.60436e-05
2.61264e-05
-6.07216e-05
2.00607e-05
-5.50873e-05
1.74011e-05
-5.31538e-05
1.44676e-05
-5.47234e-05
1.03194e-05
-5.74264e-05
5.40499e-06
-6.07637e-05
-6.45838e-05
5.54814e-05
-3.92441e-05
5.16421e-05
-4.3621e-05
4.83872e-05
-4.70882e-05
4.56023e-05
-5.01671e-05
4.31158e-05
-5.3364e-05
4.08637e-05
-5.67003e-05
3.87207e-05
-5.98342e-05
3.63684e-05
-6.22203e-05
3.3606e-05
-6.33456e-05
3.02978e-05
-6.3587e-05
2.62965e-05
-6.38887e-05
2.10637e-05
-6.0811e-05
1.66961e-05
-5.63542e-05
1.47716e-05
-5.3163e-05
1.36743e-05
-5.20567e-05
1.16663e-05
-5.27156e-05
8.41799e-06
-5.41784e-05
4.47116e-06
-5.68168e-05
-6.0113e-05
5.36925e-05
-3.56402e-05
5.01537e-05
-4.00823e-05
4.68603e-05
-4.37948e-05
4.38085e-05
-4.71155e-05
4.08741e-05
-5.04296e-05
3.79484e-05
-5.37748e-05
3.49413e-05
-5.68273e-05
3.17565e-05
-5.90358e-05
2.83499e-05
-5.99392e-05
2.45848e-05
-5.98222e-05
1.97985e-05
-5.91027e-05
1.58812e-05
-5.68939e-05
1.37011e-05
-5.41744e-05
1.26282e-05
-5.20904e-05
1.16105e-05
-5.10392e-05
9.76216e-06
-5.08675e-05
6.99955e-06
-5.14158e-05
3.76296e-06
-5.35808e-05
-5.63499e-05
5.06031e-05
-3.26538e-05
4.75045e-05
-3.69838e-05
4.4407e-05
-4.06973e-05
4.13405e-05
-4.4049e-05
3.82364e-05
-4.73257e-05
3.5011e-05
-5.05495e-05
3.16252e-05
-5.34417e-05
2.81198e-05
-5.55306e-05
2.4611e-05
-5.64305e-05
2.10958e-05
-5.63072e-05
1.7539e-05
-5.55461e-05
1.4776e-05
-5.41311e-05
1.30165e-05
-5.24151e-05
1.18089e-05
-5.08829e-05
1.0498e-05
-4.97284e-05
8.60918e-06
-4.89788e-05
6.08422e-06
-4.88911e-05
3.2873e-06
-5.07837e-05
-5.3063e-05
4.67636e-05
-3.02039e-05
4.41066e-05
-3.43268e-05
4.13205e-05
-3.79113e-05
3.84438e-05
-4.11723e-05
3.54372e-05
-4.43191e-05
3.22404e-05
-4.73528e-05
2.88615e-05
-5.00629e-05
2.5423e-05
-5.20923e-05
2.21452e-05
-5.31529e-05
1.91498e-05
-5.33121e-05
1.64843e-05
-5.28808e-05
1.43585e-05
-5.20056e-05
1.27762e-05
-5.08329e-05
1.14382e-05
-4.95451e-05
9.95573e-06
-4.82461e-05
8.03251e-06
-4.70557e-05
5.61394e-06
-4.64725e-05
3.00886e-06
-4.81791e-05
-5.00539e-05
4.26218e-05
-2.81366e-05
4.03219e-05
-3.20269e-05
3.78586e-05
-3.54479e-05
3.52762e-05
-3.85899e-05
3.2551e-05
-4.15939e-05
2.96411e-05
-4.44429e-05
2.65656e-05
-4.69876e-05
2.34601e-05
-4.89869e-05
2.05476e-05
-5.02405e-05
1.79949e-05
-5.07596e-05
1.58393e-05
-5.07253e-05
1.40856e-05
-5.02519e-05
1.26447e-05
-4.93921e-05
1.12917e-05
-4.81923e-05
9.75855e-06
-4.6713e-05
7.83021e-06
-4.51275e-05
5.47491e-06
-4.41174e-05
2.85873e-06
-4.55627e-05
-4.71955e-05
3.85479e-05
-2.63168e-05
3.65089e-05
-2.99878e-05
3.43204e-05
-3.32592e-05
3.20293e-05
-3.62988e-05
2.96245e-05
-3.91891e-05
2.70851e-05
-4.19035e-05
2.44324e-05
-4.4335e-05
2.1776e-05
-4.63306e-05
1.92913e-05
-4.77559e-05
1.71225e-05
-4.85908e-05
1.53037e-05
-4.89066e-05
1.3795e-05
-4.87433e-05
1.24838e-05
-4.8081e-05
1.11804e-05
-4.6889e-05
9.66726e-06
-4.51999e-05
7.76863e-06
-4.32289e-05
5.4676e-06
-4.18163e-05
2.7902e-06
-4.28857e-05
-4.44051e-05
3.47935e-05
-2.46628e-05
3.294e-05
-2.81342e-05
3.09637e-05
-3.12828e-05
2.89072e-05
-3.42422e-05
2.67742e-05
-3.70561e-05
2.45609e-05
-3.96902e-05
2.22932e-05
-4.20673e-05
2.00531e-05
-4.40905e-05
1.79637e-05
-4.56665e-05
1.61298e-05
-4.6757e-05
1.45825e-05
-4.73594e-05
1.32789e-05
-4.74397e-05
1.21094e-05
-4.69116e-05
1.0903e-05
-4.56826e-05
9.46563e-06
-4.37626e-05
7.64563e-06
-4.1409e-05
5.41491e-06
-3.95858e-05
2.68843e-06
-4.01589e-05
-4.17169e-05
3.14223e-05
-2.31371e-05
2.97174e-05
-2.64292e-05
2.7905e-05
-2.94703e-05
2.60284e-05
-3.23653e-05
2.41012e-05
-3.51289e-05
2.21345e-05
-3.77234e-05
2.01597e-05
-4.00925e-05
1.82387e-05
-4.21695e-05
1.64589e-05
-4.38866e-05
1.4894e-05
-4.51921e-05
1.35686e-05
-4.6034e-05
1.2445e-05
-4.63161e-05
1.14222e-05
-4.58889e-05
1.03422e-05
-4.46026e-05
9.02312e-06
-4.24435e-05
7.32106e-06
-3.97069e-05
5.18945e-06
-3.74541e-05
2.49702e-06
-3.74668e-05
-3.92196e-05
2.8388e-05
-2.1723e-05
2.68088e-05
-2.48499e-05
2.51324e-05
-2.77937e-05
2.33983e-05
-3.0631e-05
2.16273e-05
-3.33577e-05
1.9841e-05
-3.5937e-05
1.80736e-05
-3.8325e-05
1.63769e-05
-4.04728e-05
1.48162e-05
-4.23258e-05
1.34462e-05
-4.38221e-05
1.22863e-05
-4.48741e-05
1.13046e-05
-4.53344e-05
1.04132e-05
-4.49974e-05
9.46772e-06
-4.36571e-05
8.29496e-06
-4.12707e-05
6.74771e-06
-3.81597e-05
4.76455e-06
-3.5471e-05
2.27952e-06
-3.49814e-05
-3.69403e-05
2.5602e-05
-2.04051e-05
2.41326e-05
-2.33804e-05
2.25724e-05
-2.62333e-05
2.09572e-05
-2.90156e-05
1.93112e-05
-3.17115e-05
1.76608e-05
-3.42866e-05
1.60412e-05
-3.67054e-05
1.44991e-05
-3.89306e-05
1.30865e-05
-4.09131e-05
1.18467e-05
-4.25823e-05
1.0796e-05
-4.38233e-05
9.91096e-06
-4.44494e-05
9.12159e-06
-4.42079e-05
8.30499e-06
-4.28405e-05
7.30123e-06
-4.02669e-05
5.95448e-06
-3.68129e-05
4.19467e-06
-3.37111e-05
2.03118e-06
-3.28182e-05
-3.49089e-05
2.30019e-05
-1.91626e-05
2.16227e-05
-2.20011e-05
2.016e-05
-2.47703e-05
1.86456e-05
-2.7501e-05
1.71036e-05
-3.01694e-05
1.55624e-05
-3.27452e-05
1.40572e-05
-3.52001e-05
1.26285e-05
-3.75018e-05
1.132e-05
-3.96045e-05
1.01655e-05
-4.14277e-05
9.17939e-06
-4.28371e-05
8.34862e-06
-4.36185e-05
7.62746e-06
-4.34867e-05
6.92516e-06
-4.21381e-05
6.10616e-06
-3.94479e-05
5.01055e-06
-3.57172e-05
3.55227e-06
-3.22528e-05
1.76052e-06
-3.10261e-05
-3.31484e-05
2.05485e-05
-1.79753e-05
1.92409e-05
-2.06933e-05
1.78594e-05
-2.33887e-05
1.64323e-05
-2.60737e-05
1.49839e-05
-2.87209e-05
1.35422e-05
-3.13034e-05
1.21394e-05
-3.37972e-05
1.08111e-05
-3.61734e-05
9.58853e-06
-3.83819e-05
8.49608e-06
-4.03352e-05
7.54518e-06
-4.18861e-05
6.73418e-06
-4.28074e-05
6.04658e-06
-4.2799e-05
5.43661e-06
-4.15281e-05
4.8066e-06
-3.88178e-05
3.99959e-06
-3.49102e-05
2.90319e-06
-3.11563e-05
1.50579e-06
-2.96288e-05
-3.16425e-05
1.82209e-05
-1.68261e-05
1.69706e-05
-1.94429e-05
1.56602e-05
-2.20781e-05
1.43163e-05
-2.47297e-05
1.2963e-05
-2.73674e-05
1.1627e-05
-2.99673e-05
1.03367e-05
-3.25067e-05
9.11537e-06
-3.49519e-05
7.98118e-06
-3.72476e-05
6.94395e-06
-3.92978e-05
6.01074e-06
-4.09528e-05
5.19292e-06
-4.19895e-05
4.50632e-06
-4.21123e-05
3.95783e-06
-4.09795e-05
3.50337e-06
-3.83632e-05
3.00602e-06
-3.44127e-05
2.30167e-06
-3.04519e-05
1.29032e-06
-2.86171e-05
-3.03521e-05
1.60062e-05
-1.57043e-05
1.4806e-05
-1.82426e-05
1.35662e-05
-2.08382e-05
1.23132e-05
-2.34765e-05
1.1072e-05
-2.61261e-05
9.86469e-06
-2.87599e-05
8.70908e-06
-3.1351e-05
7.61376e-06
-3.38565e-05
6.57643e-06
-3.62101e-05
5.59346e-06
-3.83148e-05
4.66775e-06
-4.0027e-05
3.8236e-06
-4.11453e-05
3.10925e-06
-4.13979e-05
2.58545e-06
-4.04556e-05
2.27313e-06
-3.80508e-05
2.07771e-06
-3.42173e-05
1.77081e-06
-3.01449e-05
1.11699e-06
-2.79633e-05
-2.9235e-05
1.38957e-05
-1.46059e-05
1.2749e-05
-1.70958e-05
1.15917e-05
-1.96808e-05
1.04514e-05
-2.23361e-05
9.34902e-06
-2.50236e-05
8.2999e-06
-2.77107e-05
7.30453e-06
-3.03555e-05
6.34985e-06
-3.29017e-05
5.4141e-06
-3.52743e-05
4.48092e-06
-3.73815e-05
3.55374e-06
-3.90997e-05
2.67105e-06
-4.02625e-05
1.90748e-06
-4.06342e-05
1.37003e-06
-3.9918e-05
1.14628e-06
-3.7827e-05
1.21315e-06
-3.4284e-05
1.2815e-06
-3.02132e-05
9.57558e-07
-2.76392e-05
-2.82774e-05
1.1885e-05
-1.35373e-05
1.08048e-05
-1.60156e-05
9.75361e-06
-1.86295e-05
8.75734e-06
-2.13397e-05
7.82871e-06
-2.40949e-05
6.96451e-06
-2.68464e-05
6.14248e-06
-2.95334e-05
5.32669e-06
-3.20858e-05
4.4825e-06
-3.443e-05
3.58791e-06
-3.64868e-05
2.65149e-06
-3.81631e-05
1.72529e-06
-3.93362e-05
9.02244e-07
-3.9811e-05
3.18405e-07
-3.93341e-05
1.09744e-07
-3.76182e-05
3.69748e-07
-3.4544e-05
7.67152e-07
-3.06105e-05
7.73272e-07
-2.76453e-05
-2.75041e-05
9.97167e-06
-1.25136e-05
8.98195e-06
-1.50258e-05
8.0726e-06
-1.77201e-05
7.25724e-06
-2.05243e-05
6.53086e-06
-2.33685e-05
5.86176e-06
-2.61772e-05
5.20466e-06
-2.88762e-05
4.50777e-06
-3.13889e-05
3.73163e-06
-3.36538e-05
2.8608e-06
-3.56159e-05
1.91233e-06
-3.72146e-05
9.47152e-07
-3.83709e-05
6.6221e-08
-3.893e-05
-5.74668e-07
-3.86931e-05
-8.30901e-07
-3.73619e-05
-4.87601e-07
-3.48872e-05
1.46325e-07
-3.12444e-05
5.17686e-07
-2.80165e-05
-2.69863e-05
8.15466e-06
-1.15585e-05
7.29702e-06
-1.41681e-05
6.57135e-06
-1.69943e-05
5.96958e-06
-1.99224e-05
5.45432e-06
-2.28531e-05
4.96659e-06
-2.56894e-05
4.44137e-06
-2.83509e-05
3.82843e-06
-3.07758e-05
3.09777e-06
-3.2923e-05
2.24549e-06
-3.47635e-05
1.29705e-06
-3.62661e-05
3.12804e-07
-3.73866e-05
-6.08277e-07
-3.80088e-05
-1.31554e-06
-3.79857e-05
-1.63443e-06
-3.70429e-05
-1.36519e-06
-3.51564e-05
-6.06664e-07
-3.20028e-05
1.57454e-07
-2.87805e-05
-2.68288e-05
6.45257e-06
-1.07131e-05
5.77219e-06
-1.34877e-05
5.26595e-06
-1.64881e-05
4.8887e-06
-1.95451e-05
4.56536e-06
-2.25298e-05
4.21721e-06
-2.53412e-05
3.78387e-06
-2.79176e-05
3.22847e-06
-3.02204e-05
2.53936e-06
-3.22339e-05
1.72525e-06
-3.39494e-05
8.12557e-07
-3.53533e-05
-1.45574e-07
-3.64284e-05
-1.06647e-06
-3.70879e-05
-1.81924e-06
-3.72329e-05
-2.22025e-06
-3.66419e-05
-2.10035e-06
-3.52762e-05
-1.37673e-06
-3.27264e-05
-3.23803e-07
-2.98333e-05
-2.71525e-05
4.87992e-06
-1.00292e-05
4.4226e-06
-1.30304e-05
4.15219e-06
-1.62176e-05
3.97688e-06
-1.93698e-05
3.7974e-06
-2.23502e-05
3.54239e-06
-2.50862e-05
3.17286e-06
-2.7548e-05
2.67681e-06
-2.97243e-05
2.05776e-06
-3.16148e-05
1.33061e-06
-3.32222e-05
5.15267e-07
-3.45379e-05
-3.52547e-07
-3.55605e-05
-1.20882e-06
-3.62315e-05
-1.96098e-06
-3.64807e-05
-2.44218e-06
-3.61606e-05
-2.50719e-06
-3.52112e-05
-1.95628e-06
-3.32772e-05
-8.40626e-07
-3.09489e-05
-2.79931e-05
3.46563e-06
-9.55435e-06
3.24662e-06
-1.28114e-05
3.18804e-06
-1.61591e-05
3.15805e-06
-1.93398e-05
3.0687e-06
-2.22609e-05
2.87992e-06
-2.48974e-05
2.58086e-06
-2.72489e-05
2.17778e-06
-2.93212e-05
1.68139e-06
-3.11184e-05
1.10288e-06
-3.26436e-05
4.54445e-07
-3.38895e-05
-2.47292e-07
-3.48587e-05
-9.68723e-07
-3.55101e-05
-1.64939e-06
-3.58e-05
-2.169e-06
-3.5641e-05
-2.39731e-06
-3.49829e-05
-2.09498e-06
-3.35795e-05
-1.1741e-06
-3.18698e-05
-2.91672e-05
2.17194e-06
-9.34048e-06
2.19294e-06
-1.28324e-05
2.28953e-06
-1.62557e-05
2.34374e-06
-1.93941e-05
2.31333e-06
-2.22305e-05
2.19128e-06
-2.47754e-05
1.98673e-06
-2.70444e-05
1.71126e-06
-2.90458e-05
1.37457e-06
-3.07817e-05
9.83545e-07
-3.22526e-05
5.44076e-07
-3.345e-05
5.65703e-08
-3.43712e-05
-4.62703e-07
-3.49908e-05
-9.88299e-07
-3.52744e-05
-1.45134e-06
-3.5178e-05
-1.7558e-06
-3.46784e-05
-1.68957e-06
-3.36458e-05
-1.13567e-06
-3.24237e-05
-3.03029e-05
1.06246e-06
1.22121e-06
1.35967e-06
1.42381e-06
1.4159e-06
1.34985e-06
1.23879e-06
1.0924e-06
9.17151e-07
7.16102e-07
4.91067e-07
2.39615e-07
-3.68272e-08
-3.28686e-07
-6.13568e-07
-8.42574e-07
-9.04328e-07
-7.15502e-07
)
;

boundaryField
{
    leftWall
    {
        type            calculated;
        value           uniform 0;
    }
    rightWall
    {
        type            calculated;
        value           uniform 0;
    }
    lowerWall
    {
        type            calculated;
        value           uniform 0;
    }
    atmosphere
    {
        type            calculated;
        value           nonuniform List<scalar> 
46
(
3.62707e-05
4.94553e-05
6.3092e-05
6.49867e-05
5.85038e-05
4.48986e-05
3.59204e-05
3.15245e-05
2.73032e-05
2.34386e-05
1.99362e-05
1.67673e-05
1.39533e-05
1.15188e-05
9.45835e-06
7.72156e-06
6.24943e-06
4.98167e-06
3.86899e-06
2.84917e-06
1.86411e-06
7.61315e-07
-6.6474e-07
-9.40361e-07
-1.50958e-06
-2.14004e-06
-2.82315e-06
-9.38952e-06
-1.29912e-05
-1.63942e-05
-1.94582e-05
-2.22226e-05
-2.47093e-05
-2.69334e-05
-2.88994e-05
-3.06065e-05
-3.20516e-05
-3.3225e-05
-3.41198e-05
-3.47144e-05
-3.49825e-05
-3.48931e-05
-3.44494e-05
-3.3584e-05
-3.26125e-05
-3.10184e-05
)
;
    }
    defaultFaces
    {
        type            empty;
        value           nonuniform List<scalar> 0();
    }
}


// ************************************************************************* //
