/*--------------------------------*- C++ -*----------------------------------*\
| =========                 |                                                 |
| \\      /  F ield         | OpenFOAM: The Open Source CFD Toolbox           |
|  \\    /   O peration     | Version:  2312                                  |
|   \\  /    A nd           | Website:  www.openfoam.com                      |
|    \\/     M anipulation  |                                                 |
\*---------------------------------------------------------------------------*/
FoamFile
{
    version     2.0;
    format      ascii;
    arch        "LSB;label=32;scalar=64";
    class       surfaceScalarField;
    location    "5.9";
    object      phi;
}
// * * * * * * * * * * * * * * * * * * * * * * * * * * * * * * * * * * * * * //

dimensions      [0 3 -1 0 0 0 0];

oriented        oriented;

internalField   nonuniform List<scalar> 
4432
(
1.42128e-07
-1.421e-07
1.16961e-08
1.30459e-07
-1.51828e-07
1.63546e-07
-3.53735e-07
2.01926e-07
-6.12872e-07
2.59153e-07
-9.54229e-07
3.41375e-07
-1.39194e-06
4.37723e-07
-1.90829e-06
5.16369e-07
-2.49773e-06
5.89465e-07
-3.11366e-06
6.15941e-07
-3.7175e-06
6.03859e-07
-4.27698e-06
5.59494e-07
-4.7384e-06
4.6143e-07
-5.03758e-06
2.99189e-07
-5.14632e-06
1.08736e-07
-5.06574e-06
-8.05822e-08
-4.78811e-06
-2.77638e-07
-4.38316e-06
-4.0496e-07
-3.83633e-06
-5.46835e-07
-3.15405e-06
-6.82293e-07
-2.35273e-06
-8.01324e-07
-1.47232e-06
-8.80424e-07
-1.47232e-06
-2.09186e-07
6.71264e-08
-3.45987e-07
2.67294e-07
-4.93216e-07
3.10805e-07
-6.78498e-07
3.87237e-07
-9.32682e-07
5.13368e-07
-1.26562e-06
6.74346e-07
-1.69267e-06
8.64805e-07
-2.21603e-06
1.03977e-06
-2.79586e-06
1.16932e-06
-3.40708e-06
1.22719e-06
-4.00365e-06
1.20044e-06
-4.55955e-06
1.1154e-06
-5.01328e-06
9.15152e-07
-5.31292e-06
5.98817e-07
-5.40717e-06
2.02975e-07
-5.28443e-06
-2.03338e-07
-4.99443e-06
-5.6766e-07
-4.54416e-06
-8.55244e-07
-3.96908e-06
-1.12194e-06
-3.21849e-06
-1.4329e-06
-2.33579e-06
-1.68404e-06
-1.34214e-06
-1.87408e-06
-2.81448e-06
-2.66823e-07
3.33973e-07
-4.06169e-07
4.06662e-07
-5.56866e-07
4.61521e-07
-7.46679e-07
5.77065e-07
-1.00613e-06
7.72833e-07
-1.35118e-06
1.01942e-06
-1.79266e-06
1.30629e-06
-2.33021e-06
1.57733e-06
-2.94373e-06
1.78284e-06
-3.58444e-06
1.86789e-06
-4.203e-06
1.81899e-06
-4.79132e-06
1.7037e-06
-5.28298e-06
1.4068e-06
-5.59564e-06
9.11456e-07
-5.67731e-06
2.84632e-07
-5.55058e-06
-3.30079e-07
-5.21156e-06
-9.0668e-07
-4.72443e-06
-1.34239e-06
-4.09809e-06
-1.74828e-06
-3.27332e-06
-2.25767e-06
-2.30494e-06
-2.65242e-06
-1.23994e-06
-2.93908e-06
-4.05442e-06
-2.01727e-07
5.35734e-07
-3.29691e-07
5.34658e-07
-4.54633e-07
5.86491e-07
-6.26624e-07
7.49083e-07
-8.67703e-07
1.01394e-06
-1.20309e-06
1.35483e-06
-1.64473e-06
1.74795e-06
-2.21225e-06
2.14486e-06
-2.87706e-06
2.44765e-06
-3.58189e-06
2.57273e-06
-4.2509e-06
2.488e-06
-4.91048e-06
2.36328e-06
-5.47174e-06
1.96806e-06
-5.83414e-06
1.27387e-06
-5.93503e-06
3.85523e-07
-5.77689e-06
-4.88225e-07
-5.41809e-06
-1.2655e-06
-4.91431e-06
-1.84618e-06
-4.23628e-06
-2.42632e-06
-3.32395e-06
-3.17001e-06
-2.25206e-06
-3.72432e-06
-1.12014e-06
-4.07102e-06
-5.17457e-06
-9.98275e-08
6.35567e-07
-1.76505e-07
6.11343e-07
-2.35735e-07
6.45723e-07
-3.27296e-07
8.40642e-07
-4.81266e-07
1.1679e-06
-7.46807e-07
1.62036e-06
-1.18635e-06
2.18748e-06
-1.81256e-06
2.77106e-06
-2.59553e-06
3.23062e-06
-3.43453e-06
3.41173e-06
-4.19805e-06
3.25152e-06
-4.98276e-06
3.14798e-06
-5.64953e-06
2.63484e-06
-6.0873e-06
1.71164e-06
-6.22047e-06
5.18687e-07
-6.11135e-06
-5.97342e-07
-5.81063e-06
-1.56622e-06
-5.3025e-06
-2.35432e-06
-4.54881e-06
-3.18001e-06
-3.50035e-06
-4.21848e-06
-2.30089e-06
-4.92379e-06
-1.05516e-06
-5.31675e-06
-6.22973e-06
-1.14557e-07
7.50273e-07
-2.13689e-07
7.10582e-07
-2.91352e-07
7.23472e-07
-3.23045e-07
8.724e-07
-3.96231e-07
1.24113e-06
-6.32468e-07
1.85662e-06
-1.00222e-06
2.55724e-06
-1.46749e-06
3.23632e-06
-2.03264e-06
3.79575e-06
-2.75742e-06
4.13651e-06
-3.57356e-06
4.06766e-06
-4.30127e-06
3.8757e-06
-5.0258e-06
3.35938e-06
-5.78779e-06
2.47363e-06
-6.49635e-06
1.22726e-06
-6.85447e-06
-2.39223e-07
-6.8759e-06
-1.5448e-06
-6.34748e-06
-2.88274e-06
-5.23035e-06
-4.29715e-06
-3.91803e-06
-5.53081e-06
-2.58851e-06
-6.2533e-06
-1.16428e-06
-6.74099e-06
-7.394e-06
3.5876e-07
3.91688e-07
4.85906e-07
5.83648e-07
2.09596e-07
9.99958e-07
-1.12866e-07
1.19499e-06
-7.51506e-07
1.87986e-06
-2.11791e-06
3.22306e-06
-3.66684e-06
4.10616e-06
-4.91833e-06
4.48779e-06
-6.12789e-06
5.00526e-06
-7.51656e-06
5.52512e-06
-8.76124e-06
5.31227e-06
-8.76204e-06
3.87644e-06
-8.60978e-06
3.20707e-06
-8.49903e-06
2.36285e-06
-8.54068e-06
1.26889e-06
-8.44826e-06
-3.31664e-07
-7.94449e-06
-2.04858e-06
-7.11971e-06
-3.70752e-06
-5.9442e-06
-5.47266e-06
-4.67193e-06
-6.80308e-06
-3.17868e-06
-7.74655e-06
-1.42771e-06
-8.49194e-06
-8.82171e-06
-2.33654e-07
6.25526e-07
-5.54335e-07
9.04467e-07
-1.19647e-06
1.6422e-06
-1.7071e-06
1.7057e-06
-2.29579e-06
2.46859e-06
-3.45169e-06
4.37899e-06
-4.75398e-06
5.40846e-06
-6.02846e-06
5.76225e-06
-7.06301e-06
6.03977e-06
-7.72468e-06
6.18672e-06
-7.85202e-06
5.43954e-06
-7.83795e-06
3.86229e-06
-7.80977e-06
3.17882e-06
-8.6221e-06
3.17511e-06
-1.09232e-05
3.56997e-06
-1.27753e-05
1.52033e-06
-1.24356e-05
-2.38823e-06
-1.09768e-05
-5.16637e-06
-9.07622e-06
-7.37319e-06
-6.89012e-06
-8.98916e-06
-4.50968e-06
-1.0127e-05
-2.1581e-06
-1.08435e-05
-1.09798e-05
1.5784e-06
-1.57833e-06
2.24457e-06
-6.66111e-07
1.61079e-06
6.33811e-07
4.66604e-07
1.1442e-06
-7.51505e-07
1.21811e-06
-1.55536e-06
8.03859e-07
-1.96497e-06
4.09602e-07
-2.05004e-06
8.50686e-08
-2.01867e-06
-3.13659e-08
-1.99807e-06
-2.06079e-08
-1.81662e-06
-1.81451e-07
-1.27102e-06
-5.45606e-07
-7.3698e-07
-5.34034e-07
-2.73609e-07
-4.63367e-07
1.69238e-07
-4.42842e-07
6.76558e-07
-5.07312e-07
9.76668e-07
-3.00102e-07
8.14491e-07
1.62186e-07
8.14499e-07
2.50113e-06
-4.07943e-06
2.90386e-06
-1.06878e-06
1.87629e-06
1.66142e-06
3.7461e-07
2.6459e-06
-9.90533e-07
2.58327e-06
-1.94883e-06
1.76216e-06
-2.44722e-06
9.07997e-07
-2.54762e-06
1.85465e-07
-2.44773e-06
-1.31248e-07
-2.2046e-06
-2.63741e-07
-1.79014e-06
-5.95912e-07
-1.04012e-06
-1.29562e-06
-5.39568e-07
-1.03459e-06
-2.22709e-07
-7.80223e-07
-5.53373e-09
-6.60014e-07
2.78371e-07
-7.91214e-07
3.4234e-07
-3.64065e-07
1.37102e-07
3.67432e-07
9.51608e-07
2.97203e-06
-7.05143e-06
3.13169e-06
-1.22843e-06
1.75902e-06
3.03408e-06
-2.45484e-07
4.65041e-06
-1.69329e-06
4.03106e-06
-2.8486e-06
2.91746e-06
-3.7723e-06
1.83167e-06
-4.32418e-06
7.37325e-07
-4.48816e-06
3.27083e-08
-3.3684e-06
-1.38351e-06
-1.58038e-06
-2.38393e-06
-6.72872e-07
-2.20312e-06
-1.12669e-07
-1.59477e-06
3.10391e-07
-1.20326e-06
3.27806e-07
-6.77398e-07
4.71481e-08
-5.10525e-07
-4.83669e-07
1.66789e-07
-5.40938e-07
4.24745e-07
4.10719e-07
1.48948e-06
-8.54088e-06
2.00323e-06
-1.74208e-06
2.352e-06
2.68544e-06
2.79933e-06
4.20317e-06
3.28394e-06
3.54651e-06
1.94219e-06
4.25925e-06
-6.61407e-07
4.43528e-06
-3.24312e-06
3.31905e-06
-4.81378e-06
1.60338e-06
1.57599e-06
-7.77326e-06
9.48039e-06
-1.02883e-05
9.46087e-06
-2.18359e-06
6.19205e-06
1.67408e-06
4.49754e-06
4.91285e-07
3.65637e-06
1.63808e-07
-1.60248e-06
4.74835e-06
-1.26617e-06
-1.69484e-07
2.43534e-06
-3.27672e-06
2.84609e-06
7.46811e-07
-9.28765e-06
-1.42437e-06
4.29136e-07
-3.77968e-06
5.04074e-06
-1.06191e-06
1.48538e-06
-4.21948e-07
2.9065e-06
-3.50651e-06
7.34374e-06
-4.71716e-06
5.64587e-06
-4.38372e-06
2.98555e-06
-2.77568e-06
-4.69956e-09
3.47403e-06
-1.4023e-05
9.25682e-06
-1.60711e-05
1.25324e-05
-5.45918e-06
1.05038e-05
3.70269e-06
8.83138e-06
2.16377e-06
8.39963e-06
5.95616e-07
-2.16644e-06
1.53145e-05
-1.85263e-06
-4.83218e-07
4.02582e-06
-9.15509e-06
6.87198e-06
-8.88132e-06
-4.06013e-07
-8.51323e-06
6.12417e-08
-4.81059e-06
1.33827e-06
-1.28763e-06
-2.03747e-06
8.35368e-07
7.83584e-07
-9.61832e-07
9.141e-06
-1.86836e-06
6.55242e-06
-1.64156e-06
2.75877e-06
6.10215e-07
-2.25647e-06
4.29285e-06
-1.77056e-05
5.16269e-06
-1.6941e-05
7.38403e-06
-7.68051e-06
6.80569e-06
4.28104e-06
6.20741e-06
2.76206e-06
5.39022e-06
1.41284e-06
1.50325e-06
1.92015e-05
3.44015e-06
-2.42008e-06
4.00833e-06
-9.72325e-06
1.08803e-05
-7.09513e-06
6.68932e-06
-7.15525e-06
1.21537e-07
-5.07025e-06
-7.46591e-07
-3.1251e-06
-3.9825e-06
1.75147e-07
-2.51658e-06
1.5427e-06
7.77351e-06
1.2702e-06
6.82496e-06
1.79979e-06
2.2292e-06
3.24375e-06
-3.70043e-06
2.80751e-06
-1.72694e-05
2.48902e-07
-1.43824e-05
1.57881e-06
-9.01042e-06
3.73696e-06
2.1229e-06
3.6356e-06
2.86344e-06
1.74096e-06
3.3075e-06
1.03902e-06
1.99034e-05
4.41077e-06
-5.79182e-06
4.35053e-06
-9.66301e-06
1.52309e-05
-5.03836e-06
1.17277e-05
-5.3514e-06
4.34639e-07
-4.59802e-06
-1.49991e-06
-4.05604e-06
-4.52445e-06
-1.31027e-06
-5.26233e-06
2.04898e-06
4.41427e-06
3.35236e-06
5.52158e-06
4.35917e-06
1.22238e-06
5.30655e-06
-4.64781e-06
1.07238e-07
-1.20701e-05
-3.84847e-06
-1.04267e-05
-2.3009e-06
-1.0558e-05
-8.45699e-08
-9.34209e-08
-2.04271e-06
4.82159e-06
-3.0502e-06
4.31501e-06
6.49771e-07
1.62035e-05
3.76136e-06
-8.90338e-06
3.7061e-06
-9.60773e-06
1.8937e-05
-1.63754e-06
2.26316e-06
-3.26354e-06
2.53058e-06
-5.19262e-06
3.57138e-06
-7.54423e-06
4.05737e-06
-1.08283e-05
5.75271e-06
-1.38369e-05
7.38761e-06
-1.65538e-05
8.12542e-06
-1.80909e-05
7.29941e-06
-1.91961e-05
7.14492e-06
-2.02868e-05
7.27742e-06
-2.08621e-05
6.01481e-06
-2.07598e-05
3.75996e-06
-1.99921e-05
2.41112e-06
-1.88083e-05
1.9913e-06
-1.75251e-05
2.28675e-06
-1.75742e-05
1.56944e-06
-1.89808e-05
-9.81628e-07
-2.05475e-05
-3.59975e-06
-2.18162e-05
-6.10445e-06
-2.22592e-05
-8.54624e-06
-2.17936e-05
-1.05926e-05
-2.12123e-05
-1.14247e-05
-8.53538e-06
-2.36568e-05
-7.16223e-07
2.97952e-06
-2.39715e-06
4.2116e-06
-4.65972e-06
5.83403e-06
-8.06964e-06
7.46735e-06
-1.19074e-05
9.59056e-06
-1.4876e-05
1.03562e-05
-1.71775e-05
1.0427e-05
-1.95517e-05
9.67366e-06
-2.02292e-05
7.82247e-06
-1.98996e-05
6.94782e-06
-2.04789e-05
6.59411e-06
-2.16853e-05
4.96638e-06
-2.20462e-05
2.77201e-06
-2.21015e-05
2.04665e-06
-2.2002e-05
2.18724e-06
-2.28496e-05
2.41707e-06
-2.47643e-05
9.33045e-07
-2.81419e-05
-2.22164e-07
-3.24891e-05
-1.75725e-06
-3.65677e-05
-4.46765e-06
-3.92828e-05
-7.87754e-06
-3.94646e-05
-1.1243e-05
-1.15904e-05
-3.64096e-05
-8.93145e-07
3.87269e-06
-2.25633e-06
5.57484e-06
-4.65879e-06
8.23653e-06
-8.65545e-06
1.1464e-05
-1.14045e-05
1.23397e-05
-1.28617e-05
1.18134e-05
-1.36308e-05
1.11961e-05
-1.50625e-05
1.11054e-05
-1.75741e-05
1.03341e-05
-1.95188e-05
8.89255e-06
-2.18739e-05
8.94921e-06
-2.44489e-05
7.54139e-06
-2.60652e-05
4.38827e-06
-2.66264e-05
2.60793e-06
-2.72406e-05
2.80145e-06
-2.84148e-05
3.59129e-06
-3.10455e-05
3.56369e-06
-3.44614e-05
3.19372e-06
-3.82706e-05
2.05195e-06
-4.13985e-05
-1.33975e-06
-4.20026e-05
-7.2735e-06
-3.94233e-05
-1.38223e-05
-1.63944e-05
-3.46192e-05
-3.731e-06
7.60361e-06
-6.37257e-06
8.21631e-06
-8.57549e-06
1.04394e-05
-1.04937e-05
1.33822e-05
-1.05781e-05
1.2424e-05
-8.79978e-06
1.00351e-05
-8.78579e-06
1.11821e-05
-1.12911e-05
1.36106e-05
-1.57408e-05
1.47837e-05
-2.04147e-05
1.35665e-05
-2.14501e-05
9.98463e-06
-2.19436e-05
8.03485e-06
-2.31505e-05
5.59518e-06
-2.46569e-05
4.11435e-06
-2.64124e-05
4.55696e-06
-2.7911e-05
5.08992e-06
-3.03783e-05
6.03096e-06
-3.29305e-05
5.7459e-06
-3.50503e-05
4.1717e-06
-3.68836e-05
4.93518e-07
-3.71093e-05
-7.0479e-06
-3.64516e-05
-1.448e-05
-1.75392e-05
-3.53069e-05
-4.56619e-06
1.21695e-05
-8.95372e-06
1.26035e-05
-1.20238e-05
1.35092e-05
-1.2679e-05
1.40371e-05
-1.2339e-05
1.20838e-05
-1.22539e-05
9.94987e-06
-1.35495e-05
1.24776e-05
-1.67408e-05
1.68018e-05
-1.75867e-05
1.56296e-05
-1.79962e-05
1.39759e-05
-1.7099e-05
9.08739e-06
-1.66253e-05
7.56117e-06
-1.74233e-05
6.39314e-06
-1.9532e-05
6.22304e-06
-2.15375e-05
6.56239e-06
-2.35528e-05
7.10522e-06
-2.50032e-05
7.48132e-06
-2.59856e-05
6.72816e-06
-2.59916e-05
4.17768e-06
-2.51556e-05
-3.4262e-07
-2.57133e-05
-6.49024e-06
-2.95046e-05
-1.06888e-05
-1.24238e-05
-3.46199e-05
-6.13983e-06
1.8309e-05
-1.18105e-05
1.82739e-05
-1.60008e-05
1.76992e-05
-1.81296e-05
1.61657e-05
-1.94284e-05
1.33824e-05
-2.03425e-05
1.08639e-05
-2.00009e-05
1.21359e-05
-1.92032e-05
1.6004e-05
-1.79647e-05
1.43911e-05
-1.50481e-05
1.10592e-05
-1.36013e-05
7.64063e-06
-1.28094e-05
6.76924e-06
-1.33562e-05
6.9399e-06
-1.48611e-05
7.7279e-06
-1.70179e-05
8.71908e-06
-1.93986e-05
9.48586e-06
-2.16109e-05
9.69349e-06
-2.34127e-05
8.53003e-06
-2.46163e-05
5.38124e-06
-2.50352e-05
7.61896e-08
-2.58866e-05
-5.63896e-06
-2.74706e-05
-9.10479e-06
-1.12657e-05
-2.86289e-05
-8.1967e-06
2.65057e-05
-1.51422e-05
2.52194e-05
-1.9721e-05
2.22781e-05
-2.19508e-05
1.83955e-05
-2.36777e-05
1.51094e-05
-2.49701e-05
1.21564e-05
-2.38413e-05
1.10071e-05
-2.00773e-05
1.22401e-05
-1.63487e-05
1.06624e-05
-1.30901e-05
7.80059e-06
-1.07343e-05
5.28481e-06
-9.27255e-06
5.30752e-06
-8.85193e-06
6.51923e-06
-9.44274e-06
8.31861e-06
-1.10647e-05
1.03409e-05
-1.35158e-05
1.1937e-05
-1.64224e-05
1.26002e-05
-1.93676e-05
1.14754e-05
-2.23491e-05
8.3627e-06
-2.54983e-05
3.22533e-06
-2.86499e-05
-2.4874e-06
-2.98259e-05
-7.92893e-06
-1.21716e-05
-2.892e-05
-9.99541e-06
3.65014e-05
-1.80554e-05
3.32796e-05
-2.25993e-05
2.68221e-05
-2.387e-05
1.96664e-05
-2.45737e-05
1.58132e-05
-2.50094e-05
1.25923e-05
-2.38991e-05
9.89684e-06
-1.98009e-05
8.14191e-06
-1.53506e-05
6.21213e-06
-1.11906e-05
3.64055e-06
-8.32854e-06
2.4228e-06
-6.35707e-06
3.33602e-06
-5.32069e-06
5.48278e-06
-5.41998e-06
8.41781e-06
-7.04334e-06
1.19642e-05
-1.02272e-05
1.5121e-05
-1.41305e-05
1.65035e-05
-1.77721e-05
1.51172e-05
-2.10106e-05
1.16012e-05
-2.47061e-05
6.92082e-06
-2.95499e-05
2.35631e-06
-3.27487e-05
-4.72986e-06
-1.11186e-05
-3.38015e-05
-1.31873e-05
4.96895e-05
-2.4196e-05
4.42887e-05
-3.38187e-05
3.64458e-05
-4.0499e-05
2.63479e-05
-3.85118e-05
1.38264e-05
-3.34238e-05
7.50366e-06
-2.69818e-05
3.45458e-06
-1.89427e-05
1.02673e-07
-1.20542e-05
-6.76312e-07
-6.55957e-06
-1.8541e-06
-3.23186e-06
-9.04912e-07
-1.35474e-06
1.45888e-06
-4.39462e-07
4.56747e-06
-5.96417e-07
8.57475e-06
-2.58508e-06
1.39529e-05
-7.11538e-06
1.96513e-05
-1.32054e-05
2.25937e-05
-2.02497e-05
2.21616e-05
-2.81677e-05
1.95195e-05
-3.69942e-05
1.57477e-05
-4.17452e-05
7.10791e-06
-4.30082e-05
-3.46542e-06
-6.31307e-06
-4.78123e-05
-4.17742e-06
5.38632e-05
-5.16798e-06
4.52765e-05
-5.72506e-06
3.70028e-05
-1.90155e-05
3.96368e-05
-3.60446e-05
3.08531e-05
-4.93176e-05
2.07751e-05
-4.48573e-05
-1.00637e-06
-4.56498e-05
8.94678e-07
-3.71276e-05
-9.19894e-06
-2.39747e-05
-1.50073e-05
-1.00164e-05
-1.48632e-05
4.309e-07
-8.98842e-06
7.37843e-06
-2.38003e-06
1.08992e-05
5.05393e-06
1.15163e-05
1.33355e-05
8.27895e-06
2.28888e-05
6.16091e-06
2.47117e-05
5.81266e-08
2.82641e-05
-1.60358e-05
3.56131e-05
-2.98271e-05
2.95393e-05
-3.18562e-05
9.13694e-06
-4.48053e-05
9.48321e-06
-2.54576e-06
-4.85725e-05
8.26683e-06
4.55927e-05
1.26729e-05
4.08665e-05
1.31179e-05
3.65551e-05
2.08385e-05
3.19157e-05
2.59659e-05
2.57254e-05
2.74889e-05
1.92513e-05
2.3548e-05
2.93347e-06
2.11928e-05
3.24899e-06
1.57245e-05
-3.73115e-06
6.83023e-06
-6.11362e-06
6.68408e-07
-8.70174e-06
9.91752e-06
-1.82376e-05
1.51442e-05
-7.60649e-06
5.30588e-06
1.48912e-05
-4.23866e-06
2.28778e-05
8.10473e-07
1.78385e-05
-1.4812e-07
2.5669e-05
-1.53391e-06
2.96496e-05
2.81772e-06
3.12626e-05
7.56524e-06
2.47928e-05
9.2808e-06
7.4215e-06
1.9916e-05
-1.15243e-06
-1.37233e-05
3.10916e-05
9.74128e-06
3.58511e-05
1.62467e-05
3.43613e-05
2.12818e-05
3.15204e-05
2.68391e-05
2.6361e-05
2.96946e-05
2.28714e-05
3.11088e-05
1.78368e-05
2.51605e-05
8.88073e-06
2.43486e-05
4.06035e-06
2.32356e-05
-2.61859e-06
1.92002e-05
-2.07862e-06
1.0282e-05
2.15882e-07
-2.99044e-06
-4.96573e-06
-9.76391e-06
-8.33483e-07
-6.49516e-07
5.77672e-06
2.97685e-06
1.92513e-05
-8.18861e-07
2.16332e-05
-1.19536e-06
2.60446e-05
1.91468e-06
2.65398e-05
8.92968e-06
2.42482e-05
1.67027e-05
1.70202e-05
2.29198e-05
1.20483e-06
3.33603e-05
-1.15937e-05
-2.07208e-05
4.03575e-05
6.21893e-06
2.96311e-05
1.17883e-05
2.87906e-05
1.66519e-05
2.66554e-05
1.95506e-05
2.34613e-05
2.23666e-05
2.00546e-05
2.44658e-05
1.5737e-05
2.35975e-05
9.74842e-06
2.25102e-05
5.14716e-06
1.84942e-05
1.39707e-06
1.56289e-05
7.86185e-07
1.1782e-05
4.06229e-06
1.22645e-06
5.5892e-06
-4.8105e-06
5.20274e-06
-9.9958e-07
1.9665e-06
3.76712e-06
1.4486e-05
2.89346e-06
2.25067e-05
4.35768e-06
2.45803e-05
6.7754e-06
2.41218e-05
1.16543e-05
1.93687e-05
1.91365e-05
9.53787e-06
2.48844e-05
-4.54373e-06
2.83394e-05
-1.50489e-05
-2.1316e-05
2.89335e-05
4.2482e-06
2.53829e-05
8.39674e-06
2.46422e-05
1.21768e-05
2.28754e-05
1.50204e-05
2.06178e-05
1.72131e-05
1.78619e-05
1.836e-05
1.45901e-05
1.75406e-05
1.05677e-05
1.57224e-05
6.96506e-06
1.32897e-05
3.82947e-06
1.11385e-05
2.93712e-06
9.2053e-06
5.9951e-06
6.13144e-06
8.66258e-06
3.41873e-06
7.91495e-06
-2.41557e-07
5.62628e-06
-3.43613e-07
1.45876e-05
2.17653e-06
1.99861e-05
5.36401e-06
2.13922e-05
8.2912e-06
2.11939e-05
1.26839e-05
1.49752e-05
1.74302e-05
4.79091e-06
1.94307e-05
-6.54491e-06
1.90279e-05
-1.46471e-05
-1.78769e-05
1.55872e-05
3.34219e-06
2.20416e-05
6.55422e-06
2.14309e-05
9.37241e-06
2.00579e-05
1.16012e-05
1.83895e-05
1.31651e-05
1.62984e-05
1.39193e-05
1.38361e-05
1.34456e-05
1.10416e-05
1.20608e-05
8.34978e-06
9.81117e-06
6.079e-06
7.55948e-06
5.18862e-06
6.49313e-06
7.06122e-06
5.6629e-06
9.49255e-06
4.17272e-06
9.40486e-06
1.30283e-06
8.4959e-06
1.77895e-06
1.41111e-05
4.20076e-06
1.75639e-05
6.87852e-06
1.8714e-05
9.76523e-06
1.83067e-05
1.23126e-05
1.24273e-05
1.27313e-05
4.37155e-06
1.1143e-05
-4.95733e-06
9.8126e-06
-1.33177e-05
-1.27558e-05
4.69032e-06
2.70514e-06
1.93374e-05
5.2476e-06
1.88894e-05
7.39565e-06
1.79107e-05
9.094e-06
1.66919e-05
1.03002e-05
1.50928e-05
1.09045e-05
1.32322e-05
1.07764e-05
1.11699e-05
9.89629e-06
9.23001e-06
8.29034e-06
7.68495e-06
6.49471e-06
6.98418e-06
5.61322e-06
7.94261e-06
5.56955e-06
9.5361e-06
5.09024e-06
9.88405e-06
3.51077e-06
1.00753e-05
4.37676e-06
1.3245e-05
6.36983e-06
1.55706e-05
8.40275e-06
1.66808e-05
1.06e-05
1.61091e-05
1.09255e-05
1.21014e-05
8.53161e-06
6.76497e-06
5.7322e-06
-2.15856e-06
3.93164e-06
-1.15176e-05
-7.84083e-06
-9.8488e-07
2.10476e-06
1.72335e-05
4.07648e-06
1.69185e-05
5.75405e-06
1.62338e-05
7.12443e-06
1.5322e-05
8.14584e-06
1.40718e-05
8.7566e-06
1.26218e-05
8.85873e-06
1.1068e-05
8.42983e-06
9.65902e-06
7.53769e-06
8.57713e-06
6.44151e-06
8.08034e-06
5.87546e-06
8.50861e-06
5.97795e-06
9.43356e-06
5.93631e-06
9.92563e-06
5.51442e-06
1.04971e-05
6.41599e-06
1.23433e-05
8.02342e-06
1.3963e-05
9.78591e-06
1.49181e-05
1.13172e-05
1.45775e-05
1.10515e-05
1.23668e-05
8.30826e-06
9.50788e-06
4.33332e-06
1.81605e-06
1.1765e-06
-8.36158e-06
-5.97594e-06
-6.89297e-07
1.59608e-06
1.56379e-05
3.10853e-06
1.54065e-05
4.43919e-06
1.49036e-05
5.5894e-06
1.41722e-05
6.51153e-06
1.315e-05
7.14623e-06
1.19873e-05
7.4296e-06
1.07847e-05
7.3692e-06
9.71951e-06
7.00709e-06
8.93928e-06
6.52421e-06
8.56324e-06
6.28426e-06
8.74854e-06
6.45962e-06
9.25816e-06
6.70675e-06
9.67844e-06
6.966e-06
1.02378e-05
7.95268e-06
1.13566e-05
9.44834e-06
1.24672e-05
1.11709e-05
1.31953e-05
1.26472e-05
1.3101e-05
1.30279e-05
1.19859e-05
1.21506e-05
1.0385e-05
8.0993e-06
5.86694e-06
2.85913e-06
-3.1215e-06
-6.21273e-06
3.09479e-06
1.19369e-06
1.44447e-05
2.35094e-06
1.42495e-05
3.4308e-06
1.38239e-05
4.41841e-06
1.31847e-05
5.25419e-06
1.23143e-05
5.91389e-06
1.13277e-05
6.34013e-06
1.03586e-05
6.53823e-06
9.52146e-06
6.55199e-06
8.92554e-06
6.48694e-06
8.62828e-06
6.55991e-06
8.67554e-06
6.88206e-06
8.93597e-06
7.34473e-06
9.2157e-06
7.96035e-06
9.62208e-06
9.03621e-06
1.02806e-05
1.05395e-05
1.09638e-05
1.23164e-05
1.14183e-05
1.40377e-05
1.13794e-05
1.5302e-05
1.07214e-05
1.62118e-05
9.47503e-06
1.53151e-05
6.76351e-06
1.10879e-05
1.10504e-06
-4.35485e-06
9.22933e-06
8.85965e-07
1.35586e-05
1.75216e-06
1.33834e-05
2.61203e-06
1.29641e-05
3.45103e-06
1.23458e-05
4.22882e-06
1.15366e-05
4.89911e-06
1.06575e-05
5.43562e-06
9.82206e-06
5.82875e-06
9.12832e-06
6.10573e-06
8.64853e-06
6.33509e-06
8.39889e-06
6.6489e-06
8.36167e-06
7.12608e-06
8.45871e-06
7.73903e-06
8.60266e-06
8.53151e-06
8.82948e-06
9.6562e-06
9.15579e-06
1.11458e-05
9.47404e-06
1.29347e-05
9.62921e-06
1.48431e-05
9.47089e-06
1.66937e-05
8.8706e-06
1.853e-05
7.63859e-06
2.01243e-05
5.16893e-06
1.99106e-05
1.31874e-06
-2.76204e-06
1.83169e-05
6.31127e-07
1.29275e-05
1.25507e-06
1.27593e-05
1.92331e-06
1.22958e-05
2.6392e-06
1.16298e-05
3.35767e-06
1.0818e-05
4.04356e-06
9.97152e-06
4.66171e-06
9.20386e-06
5.19303e-06
8.59694e-06
5.65332e-06
8.18818e-06
6.08841e-06
7.96373e-06
6.57046e-06
7.87953e-06
7.15501e-06
7.87406e-06
7.85271e-06
7.90485e-06
8.7131e-06
7.96895e-06
9.82272e-06
8.04602e-06
1.12265e-05
8.07006e-06
1.29081e-05
7.94742e-06
1.47902e-05
7.58864e-06
1.67711e-05
6.88947e-06
1.87737e-05
5.63587e-06
2.04434e-05
3.49914e-06
2.12911e-05
4.70514e-07
-2.75231e-06
2.12808e-05
4.14373e-07
1.25128e-05
8.33992e-07
1.23395e-05
1.34891e-06
1.17807e-05
1.95469e-06
1.10239e-05
2.62296e-06
1.01497e-05
3.31516e-06
9.27922e-06
3.99047e-06
8.52846e-06
4.61924e-06
7.96807e-06
5.20259e-06
7.60473e-06
5.76811e-06
7.3981e-06
6.35122e-06
7.29631e-06
6.99401e-06
7.23114e-06
7.71968e-06
7.17905e-06
8.57112e-06
7.11735e-06
9.60325e-06
7.01373e-06
1.0853e-05
6.82014e-06
1.23239e-05
6.47627e-06
1.39854e-05
5.92697e-06
1.57694e-05
5.10521e-06
1.75335e-05
3.87165e-06
1.89666e-05
2.06574e-06
1.97288e-05
-2.91609e-07
-2.83027e-06
1.98059e-05
2.3156e-07
1.22811e-05
4.84336e-07
1.20865e-05
8.65025e-07
1.13998e-05
1.38002e-06
1.05088e-05
2.0028e-06
9.52673e-06
2.69406e-06
8.58781e-06
3.40405e-06
7.81833e-06
4.09702e-06
7.27497e-06
4.7577e-06
6.94391e-06
5.39352e-06
6.76214e-06
6.03195e-06
6.65774e-06
6.69165e-06
6.57128e-06
7.39997e-06
6.47056e-06
8.1922e-06
6.32494e-06
9.10432e-06
6.10143e-06
1.0161e-05
5.76324e-06
1.13675e-05
5.26953e-06
1.2709e-05
4.58528e-06
1.41403e-05
3.67369e-06
1.55401e-05
2.47168e-06
1.66809e-05
9.24911e-07
1.73485e-05
-9.59849e-07
-2.95315e-06
1.74708e-05
7.13856e-08
1.22092e-05
1.8238e-07
1.19752e-05
4.54511e-07
1.11274e-05
8.95193e-07
1.00679e-05
1.47863e-06
8.94311e-06
2.15841e-06
7.90785e-06
2.88141e-06
7.09516e-06
3.60844e-06
6.54777e-06
4.31465e-06
6.23753e-06
4.98965e-06
6.08698e-06
5.64426e-06
6.00296e-06
6.29216e-06
5.92321e-06
6.95548e-06
5.80706e-06
7.66239e-06
5.61785e-06
8.43656e-06
5.32706e-06
9.29294e-06
4.90666e-06
1.02322e-05
4.33009e-06
1.12407e-05
3.57647e-06
1.22863e-05
2.62794e-06
1.32916e-05
1.46623e-06
1.41272e-05
8.9046e-08
1.46395e-05
-1.47209e-06
-3.07813e-06
1.47637e-05
-6.1667e-08
1.22707e-05
-7.74494e-08
1.19907e-05
9.97601e-08
1.09499e-05
4.78787e-07
9.68859e-06
1.02345e-06
8.39822e-06
1.67954e-06
7.25156e-06
2.39591e-06
6.37859e-06
3.13251e-06
5.81097e-06
3.86003e-06
5.50982e-06
4.55155e-06
5.39527e-06
5.20509e-06
5.34923e-06
5.82736e-06
5.30074e-06
6.43573e-06
5.19851e-06
7.0505e-06
5.00288e-06
7.68946e-06
4.68791e-06
8.36105e-06
4.23487e-06
9.06192e-06
3.62901e-06
9.7809e-06
2.85726e-06
1.04901e-05
1.91854e-06
1.11407e-05
8.15468e-07
1.16668e-05
-4.37109e-07
1.19852e-05
-1.79097e-06
-3.14767e-06
1.20543e-05
-1.86947e-07
1.24571e-05
-3.09739e-07
1.21131e-05
-2.1131e-07
1.08512e-05
1.07692e-07
9.36932e-06
6.10584e-07
7.89508e-06
1.23039e-06
6.63153e-06
1.9167e-06
5.69205e-06
2.64365e-06
5.08381e-06
3.37219e-06
4.78107e-06
4.06833e-06
4.69892e-06
4.71524e-06
4.70212e-06
5.31267e-06
4.70311e-06
5.87002e-06
4.64097e-06
6.40158e-06
4.47113e-06
6.92135e-06
4.16794e-06
7.43703e-06
3.71899e-06
7.94677e-06
3.11906e-06
8.43804e-06
2.36579e-06
8.88967e-06
1.46673e-06
9.27095e-06
4.3407e-07
9.54448e-06
-7.10898e-07
9.67626e-06
-1.92265e-06
-3.12355e-06
9.65146e-06
-3.04173e-07
1.27612e-05
-5.26909e-07
1.23356e-05
-5.04713e-07
1.08287e-05
-2.38189e-07
9.10251e-06
2.18225e-07
7.4384e-06
7.82302e-07
6.0672e-06
1.42579e-06
5.04833e-06
2.1216e-06
4.38777e-06
2.83415e-06
4.0683e-06
3.52728e-06
4.00558e-06
4.16993e-06
4.05926e-06
4.75118e-06
4.12167e-06
5.27175e-06
4.1202e-06
5.73879e-06
4.00389e-06
6.1639e-06
3.74263e-06
6.55619e-06
3.32651e-06
6.91656e-06
2.75849e-06
7.23939e-06
2.04276e-06
7.50863e-06
1.19732e-06
7.70581e-06
2.36789e-07
7.80878e-06
-8.13939e-07
7.80297e-06
-1.91736e-06
-3.01927e-06
7.69831e-06
-4.19424e-07
1.318e-05
-7.39339e-07
1.26551e-05
-7.91913e-07
1.08809e-05
-5.70743e-07
8.88105e-06
-1.57068e-07
7.02446e-06
3.24869e-07
5.58501e-06
9.10469e-07
4.46249e-06
1.56673e-06
3.73128e-06
2.24713e-06
3.38768e-06
2.92608e-06
3.32642e-06
3.5646e-06
3.42053e-06
4.14137e-06
3.54469e-06
4.64366e-06
3.61773e-06
5.07058e-06
3.57679e-06
5.42885e-06
3.38418e-06
5.72983e-06
3.02535e-06
5.98104e-06
2.5071e-06
6.1799e-06
1.84372e-06
6.32142e-06
1.05564e-06
6.39387e-06
1.64239e-07
6.38926e-06
-8.0957e-07
6.30582e-06
-1.83375e-06
-2.87038e-06
6.15639e-06
-5.35262e-07
1.37151e-05
-9.54919e-07
1.30745e-05
-1.08337e-06
1.10091e-05
-8.90138e-07
8.68755e-06
-5.53e-07
6.68706e-06
-1.51441e-07
5.1832e-06
3.80574e-07
3.93024e-06
9.8867e-07
3.12296e-06
1.63097e-06
2.74516e-06
2.27775e-06
2.67943e-06
2.90909e-06
2.789e-06
3.48653e-06
2.96707e-06
3.98785e-06
3.11623e-06
4.39916e-06
3.16531e-06
4.72085e-06
3.06233e-06
4.9622e-06
2.78383e-06
5.13565e-06
2.33349e-06
5.24673e-06
1.73249e-06
5.2974e-06
1.00483e-06
5.28547e-06
1.76078e-07
5.21008e-06
-7.34162e-07
5.07634e-06
-1.70048e-06
-2.69916e-06
4.90491e-06
-6.47329e-07
1.43619e-05
-1.16045e-06
1.35873e-05
-1.35273e-06
1.12011e-05
-1.22613e-06
8.5607e-06
-9.9644e-07
6.45713e-06
-6.39795e-07
4.82633e-06
-1.40082e-07
3.4303e-06
4.27627e-07
2.55504e-06
1.02211e-06
2.15048e-06
1.62802e-06
2.07334e-06
2.23161e-06
2.18523e-06
2.80609e-06
2.39242e-06
3.31456e-06
2.60761e-06
3.72924e-06
2.75048e-06
4.03959e-06
2.75184e-06
4.25065e-06
2.57264e-06
4.37533e-06
2.20867e-06
4.42755e-06
1.68014e-06
4.41517e-06
1.01709e-06
4.34372e-06
2.47463e-07
4.21845e-06
-6.09112e-07
4.05326e-06
-1.5351e-06
-2.51471e-06
3.86828e-06
-7.44783e-07
1.51068e-05
-1.33508e-06
1.41774e-05
-1.58085e-06
1.14467e-05
-1.57503e-06
8.55468e-06
-1.45607e-06
6.33796e-06
-1.09858e-06
4.46865e-06
-6.09212e-07
2.94075e-06
-7.63996e-08
2.02205e-06
4.65706e-07
1.60821e-06
1.01622e-06
1.52268e-06
1.57398e-06
1.62733e-06
2.12646e-06
1.8398e-06
2.63673e-06
2.09723e-06
3.06617e-06
2.32093e-06
3.38662e-06
2.43128e-06
3.59216e-06
2.367e-06
3.69438e-06
2.10634e-06
3.71176e-06
1.66267e-06
3.65982e-06
1.06893e-06
3.54995e-06
3.57276e-07
3.3943e-06
-4.53463e-07
3.20712e-06
-1.3484e-06
-2.31432e-06
3.00649e-06
-8.21553e-07
1.59279e-05
-1.47754e-06
1.48332e-05
-1.77421e-06
1.17432e-05
-1.90122e-06
8.68154e-06
-1.83496e-06
6.27154e-06
-1.46642e-06
4.09996e-06
-9.79725e-07
2.45391e-06
-4.79289e-07
1.52148e-06
4.91379e-09
1.12389e-06
4.86197e-07
1.04129e-06
9.78723e-07
1.13471e-06
1.48228e-06
1.33616e-06
1.97814e-06
1.6013e-06
2.41888e-06
1.88012e-06
2.76144e-06
2.08866e-06
2.98256e-06
2.14582e-06
3.08591e-06
2.00293e-06
3.09024e-06
1.65827e-06
3.01728e-06
1.14185e-06
2.88564e-06
4.88879e-07
2.71143e-06
-2.79415e-07
2.50837e-06
-1.14507e-06
-2.10421e-06
2.29786e-06
-8.67302e-07
1.67953e-05
-1.57285e-06
1.55387e-05
-1.92886e-06
1.20991e-05
-2.14701e-06
8.8996e-06
-2.07318e-06
6.19762e-06
-1.69351e-06
3.7202e-06
-1.21071e-06
1.97104e-06
-7.47745e-07
1.05845e-06
-3.27824e-07
7.03909e-07
7.17317e-08
6.41683e-07
4.80626e-07
7.25775e-07
9.14071e-07
9.02685e-07
1.36523e-06
1.15011e-06
1.79968e-06
1.44566e-06
2.16477e-06
1.72356e-06
2.41656e-06
1.89402e-06
2.54083e-06
1.87865e-06
2.55192e-06
1.64716e-06
2.47557e-06
1.21819e-06
2.33639e-06
6.28079e-07
2.15294e-06
-9.5824e-08
1.94382e-06
-9.36321e-07
-1.88731e-06
1.72693e-06
-8.72874e-07
1.76679e-05
-1.6082e-06
1.62739e-05
-2.02833e-06
1.25192e-05
-2.26503e-06
9.13629e-06
-2.16307e-06
6.09563e-06
-1.75846e-06
3.31558e-06
-1.28215e-06
1.49472e-06
-8.652e-07
6.41503e-07
-5.17869e-07
3.56587e-07
-2.06648e-07
3.3048e-07
1.03178e-07
4.15977e-07
4.45778e-07
5.6012e-07
8.24833e-07
7.71101e-07
1.22555e-06
1.04499e-06
1.59923e-06
1.34993e-06
1.88648e-06
1.60683e-06
2.04874e-06
1.71643e-06
2.08522e-06
1.61073e-06
2.02153e-06
1.28193e-06
1.8869e-06
7.62794e-07
1.70391e-06
8.7095e-08
1.49715e-06
-7.29187e-07
-1.67058e-06
1.28015e-06
-8.32557e-07
1.85008e-05
-1.5721e-06
1.70136e-05
-2.02261e-06
1.29698e-05
-2.24292e-06
9.35666e-06
-2.09382e-06
5.94658e-06
-1.65381e-06
2.87562e-06
-1.19282e-06
1.03378e-06
-8.36044e-07
2.84799e-07
-5.71194e-07
9.18135e-08
-3.53759e-07
1.13129e-07
-1.41476e-07
2.03786e-07
9.60826e-08
3.22661e-07
3.81927e-07
4.85359e-07
7.17617e-07
7.0941e-07
1.07225e-06
9.95398e-07
1.38574e-06
1.29344e-06
1.5956e-06
1.50667e-06
1.67484e-06
1.53158e-06
1.63951e-06
1.31736e-06
1.52146e-06
8.80962e-07
1.35333e-06
2.55414e-07
1.15435e-06
-5.30525e-07
-1.45952e-06
9.43385e-07
-7.45429e-07
1.92461e-05
-1.45575e-06
1.7724e-05
-1.8913e-06
1.34054e-05
-2.06674e-06
9.5322e-06
-1.84869e-06
5.72865e-06
-1.37078e-06
2.39782e-06
-9.5868e-07
6.21807e-07
-6.84768e-07
1.10112e-08
-5.13474e-07
-7.93474e-08
-3.88953e-07
-1.12537e-08
-2.70922e-07
8.58999e-08
-1.32353e-07
1.84242e-07
5.20051e-08
3.01155e-07
2.98575e-07
4.62995e-07
5.99083e-07
6.95044e-07
9.12324e-07
9.80346e-07
1.1663e-06
1.25284e-06
1.30213e-06
1.39589e-06
1.30983e-06
1.3098e-06
1.22306e-06
9.6788e-07
1.07555e-06
4.02934e-07
8.94854e-07
-3.49297e-07
-1.2641e-06
6.99336e-07
-6.13929e-07
1.98604e-05
-1.26826e-06
1.83785e-05
-1.65768e-06
1.3795e-05
-1.72887e-06
9.60354e-06
-1.41732e-06
5.41726e-06
-9.36717e-07
1.91736e-06
-6.2184e-07
3.07085e-07
-4.57586e-07
-1.53081e-07
-3.84375e-07
-1.52391e-07
-3.44933e-07
-5.05247e-08
-3.084e-07
4.95436e-08
-2.54681e-07
1.30702e-07
-1.64339e-07
2.10994e-07
-1.85726e-08
3.17409e-07
2.00451e-07
4.76199e-07
4.76178e-07
7.04791e-07
7.5123e-07
9.77946e-07
9.45533e-07
1.20174e-06
1.01202e-06
1.24346e-06
9.65407e-07
1.01467e-06
8.47903e-07
5.20757e-07
6.95165e-07
-1.96801e-07
-1.09524e-06
5.26629e-07
-4.49067e-07
2.03093e-05
-1.03023e-06
1.89597e-05
-1.36793e-06
1.41328e-05
-1.28049e-06
9.51626e-06
-8.22332e-07
4.95926e-06
-4.10873e-07
1.50607e-06
-2.5692e-07
1.53304e-07
-2.17622e-07
-1.92204e-07
-2.36154e-07
-1.3368e-07
-2.65125e-07
-2.13713e-08
-2.87854e-07
7.24577e-08
-2.96624e-07
1.3966e-07
-2.80049e-07
1.94607e-07
-2.20202e-07
2.57748e-07
-9.71283e-08
3.53308e-07
1.01222e-07
5.06616e-07
3.52629e-07
7.26702e-07
5.85338e-07
9.69185e-07
7.1659e-07
1.11237e-06
7.23548e-07
1.00789e-06
6.46335e-07
5.97983e-07
5.27045e-07
-7.69548e-08
-9.6589e-07
3.97592e-07
-2.63598e-07
2.05732e-05
-7.64389e-07
1.94607e-05
-1.10232e-06
1.44708e-05
-7.86548e-07
9.20058e-06
-1.57748e-07
4.33056e-06
8.02608e-08
1.26816e-06
6.79867e-08
1.65677e-07
-2.17075e-08
-1.02408e-07
-1.11312e-07
-4.39729e-08
-1.87905e-07
5.53286e-08
-2.46566e-07
1.31226e-07
-2.91477e-07
1.84681e-07
-3.20935e-07
2.24175e-07
-3.25969e-07
2.62891e-07
-2.85913e-07
3.13357e-07
-1.81277e-07
4.02079e-07
-2.46809e-09
5.47983e-07
2.18454e-07
7.48349e-07
3.97171e-07
9.33727e-07
4.63397e-07
9.41751e-07
4.31686e-07
6.29893e-07
3.5941e-07
-5.07445e-09
-8.89614e-07
2.83283e-07
-5.93925e-08
2.06327e-05
-4.9362e-07
1.9895e-05
-9.66462e-07
1.49438e-05
-3.98229e-07
8.63246e-06
3.33156e-07
3.59928e-06
4.24236e-07
1.17719e-06
2.85877e-07
3.04148e-07
1.07471e-07
7.61119e-08
-3.78864e-08
1.015e-07
-1.39937e-07
1.57496e-07
-2.13418e-07
2.04825e-07
-2.70127e-07
2.41507e-07
-3.19238e-07
2.73405e-07
-3.54508e-07
2.98276e-07
-3.73568e-07
3.3253e-07
-3.5097e-07
3.79586e-07
-2.68635e-07
4.65747e-07
-1.21037e-07
6.00841e-07
4.82079e-08
7.64579e-07
1.55609e-07
8.34442e-07
1.76003e-07
6.09424e-07
1.53485e-07
1.79714e-08
-8.96497e-07
1.6039e-07
2.38807e-07
2.03941e-05
-2.27188e-07
2.03613e-05
-1.15717e-06
1.5874e-05
-4.17332e-07
7.89287e-06
4.69555e-07
2.71264e-06
5.20596e-07
1.1264e-06
3.38585e-07
4.86404e-07
1.32799e-07
2.82142e-07
-2.13626e-08
2.55906e-07
-1.22908e-07
2.59283e-07
-1.94192e-07
2.76349e-07
-2.49291e-07
2.96844e-07
-2.93647e-07
3.17994e-07
-3.38125e-07
3.42984e-07
-3.75235e-07
3.69864e-07
-4.03958e-07
4.08527e-07
-4.04823e-07
4.66822e-07
-3.62129e-07
5.58352e-07
-2.78186e-07
6.80834e-07
-2.00585e-07
7.57031e-07
-1.71705e-07
5.80907e-07
-9.92596e-08
-5.45121e-08
-1.04587e-06
5.03065e-08
7.39737e-07
2.92257e-08
-1.7884e-06
-1.00339e-06
1.8809e-08
1.65572e-07
1.49156e-07
4.30328e-08
-4.10051e-08
-1.06929e-07
-1.58523e-07
-2.01131e-07
-2.40368e-07
-2.77673e-07
-3.17294e-07
-3.57262e-07
-3.95532e-07
-4.24373e-07
-4.34387e-07
-4.18074e-07
-3.59171e-07
-2.39944e-07
9.30529e-09
-2.33451e-05
-3.1181e-07
-2.33815e-05
3.65308e-08
-2.36524e-05
2.70844e-07
6.12513e-07
-2.42648e-05
-3.25346e-05
-4.18673e-06
-2.8767e-05
-3.73124e-06
-2.49141e-05
-3.58209e-06
-3.02265e-06
-2.12789e-05
-3.23932e-05
-6.41278e-06
-2.99724e-05
-6.15195e-06
-2.74058e-05
-6.14877e-06
-5.4921e-06
-2.49364e-05
-3.41938e-05
-7.52582e-06
-3.26021e-05
-7.74385e-06
-3.06026e-05
-8.14851e-06
-7.34314e-06
-2.87517e-05
-3.54323e-05
-6.71348e-06
-3.55382e-05
-7.63806e-06
-3.48603e-05
-8.82663e-06
-8.48666e-06
-3.37169e-05
-2.88875e-05
-6.45492e-06
-2.93323e-05
-7.19328e-06
-3.03704e-05
-7.78883e-06
-8.04988e-06
-3.08073e-05
-2.8323e-05
-7.05189e-06
-2.81199e-05
-7.39665e-06
-2.79485e-05
-7.96032e-06
-8.65496e-06
-2.73435e-05
-3.30403e-05
-7.81269e-06
-3.23126e-05
-8.12351e-06
-3.12005e-05
-9.07139e-06
-1.02255e-05
-2.96287e-05
-4.87434e-05
-6.88112e-06
-4.49826e-05
-1.18836e-05
-4.08267e-05
-1.32263e-05
-9.00528e-06
-4.20466e-05
-4.83053e-05
-7.1487e-06
-4.61233e-05
-1.40649e-05
-4.17889e-05
-1.75603e-05
-2.0898e-05
-2.98964e-05
3.39859e-05
-1.00428e-05
3.39246e-05
-1.40019e-05
3.37225e-05
-1.73572e-05
-1.90631e-05
3.1889e-05
4.20322e-05
-1.17174e-05
4.17783e-05
-1.37486e-05
3.99137e-05
-1.54913e-05
-1.61615e-05
3.70127e-05
2.8259e-05
-1.10431e-05
2.69503e-05
-1.2439e-05
2.52852e-05
-1.38264e-05
-1.44391e-05
2.3563e-05
1.35167e-05
-8.97329e-06
1.13975e-05
-1.03207e-05
9.76954e-06
-1.21987e-05
-1.33981e-05
8.72828e-06
1.96056e-06
-6.24434e-06
2.88898e-07
-8.64947e-06
-2.20865e-07
-1.16894e-05
-1.29743e-05
-6.45161e-07
-3.49254e-06
-3.73732e-06
-4.21106e-06
-7.93126e-06
-4.05098e-06
-1.18499e-05
-1.30219e-05
-4.0036e-06
-1.66023e-06
-2.76703e-06
-2.27237e-06
-7.31977e-06
-2.69601e-06
-1.14263e-05
-1.27515e-05
-2.96665e-06
3.75811e-06
-3.43084e-06
2.8815e-06
-6.44315e-06
1.27494e-06
-9.82019e-06
-1.15681e-05
9.14511e-08
9.27622e-06
-3.47833e-06
8.45177e-06
-5.61947e-06
6.5928e-06
-7.96119e-06
-9.52797e-06
4.5524e-06
1.72124e-05
-2.37416e-06
1.54736e-05
-3.88048e-06
1.31277e-05
-5.61568e-06
-6.92574e-06
1.05255e-05
2.09847e-05
-2.07845e-06
2.00399e-05
-2.9364e-06
1.8324e-05
-3.89957e-06
-4.82546e-06
1.62235e-05
1.96733e-05
-1.94625e-06
1.93067e-05
-2.56965e-06
1.86082e-05
-3.20143e-06
-3.79245e-06
1.75752e-05
1.73951e-05
-1.87107e-06
1.71745e-05
-2.34981e-06
1.67968e-05
-2.82369e-06
-3.26335e-06
1.62675e-05
1.47422e-05
-1.8499e-06
1.46369e-05
-2.24432e-06
1.44435e-05
-2.63061e-06
-2.98687e-06
1.4167e-05
1.2039e-05
-1.83492e-06
1.19713e-05
-2.17723e-06
1.1848e-05
-2.50718e-06
-2.82361e-06
1.16846e-05
9.60935e-06
-1.79309e-06
9.5381e-06
-2.10572e-06
9.4376e-06
-2.407e-06
-2.70377e-06
9.31778e-06
7.63372e-06
-1.72888e-06
7.55509e-06
-2.02776e-06
7.46599e-06
-2.31776e-06
-2.60801e-06
7.3701e-06
6.08231e-06
-1.65498e-06
6.00336e-06
-1.94843e-06
5.91942e-06
-2.23411e-06
-2.52248e-06
5.83395e-06
4.82813e-06
-1.57837e-06
4.75041e-06
-1.87129e-06
4.672e-06
-2.15545e-06
-2.44328e-06
4.59269e-06
3.79044e-06
-1.50072e-06
3.71293e-06
-1.79341e-06
3.63376e-06
-2.07658e-06
-2.36482e-06
3.55535e-06
2.92537e-06
-1.41992e-06
2.84434e-06
-1.71308e-06
2.76397e-06
-1.99603e-06
-2.28544e-06
2.68447e-06
2.21347e-06
-1.33564e-06
2.1285e-06
-1.62761e-06
2.04227e-06
-1.91009e-06
-2.20082e-06
1.95777e-06
1.63892e-06
-1.24766e-06
1.54861e-06
-1.53783e-06
1.45872e-06
-1.81984e-06
-2.11103e-06
1.36889e-06
1.19032e-06
-1.15781e-06
1.09775e-06
-1.44465e-06
1.00309e-06
-1.72537e-06
-2.01572e-06
9.07951e-07
8.53985e-07
-1.06846e-06
7.6124e-07
-1.35244e-06
6.67732e-07
-1.63143e-06
-1.91958e-06
5.7159e-07
6.15826e-07
-9.84747e-07
5.30662e-07
-1.26643e-06
4.43208e-07
-1.54407e-06
-1.82912e-06
3.53017e-07
4.55673e-07
-9.13527e-07
3.84399e-07
-1.19553e-06
3.14549e-07
-1.47361e-06
-1.75554e-06
2.41036e-07
3.48639e-07
-8.64369e-07
3.03987e-07
-1.15003e-06
2.62167e-07
-1.4319e-06
-1.71177e-06
2.1863e-07
2.67755e-07
-8.48848e-07
2.60867e-07
-1.14373e-06
2.62903e-07
-1.43346e-06
-1.71153e-06
2.62664e-07
1.96612e-07
-8.8488e-07
2.45299e-07
-1.19154e-06
2.98172e-07
-1.4865e-06
-1.75603e-06
3.42852e-07
1.52432e-07
-9.86776e-07
2.51308e-07
-1.29092e-06
3.38597e-07
-1.57343e-06
-1.82125e-06
4.03974e-07
1.27304e-07
2.22374e-07
2.88751e-07
3.29317e-07
-1.45204e-05
1.98331e-06
-9.8363e-06
-4.24944e-06
-8.68031e-06
-2.65589e-06
-9.78683e-06
-3.41794e-06
-8.39107e-06
-6.65809e-06
-1.18826e-06
-2.78857e-06
6.81951e-06
-2.48621e-06
1.08693e-05
-2.82742e-06
7.86471e-06
-1.64325e-06
-5.7141e-06
1.50871e-06
-1.19252e-05
-4.21556e-06
-1.57918e-05
-6.69141e-06
-1.50898e-05
-7.95368e-07
-1.37281e-05
3.45989e-06
-1.28975e-05
3.48445e-06
-9.25018e-07
4.23106e-06
3.6212e-06
-1.34496e-05
3.16161e-06
-9.14811e-06
2.20986e-05
-1.38597e-05
-5.43597e-06
-1.14327e-05
-6.67648e-06
-1.05629e-05
-3.52582e-06
-1.13627e-05
-2.61819e-06
-1.20684e-05
-5.95247e-06
-8.90726e-06
-5.94982e-06
-3.28179e-06
-8.11176e-06
6.21048e-07
-6.73032e-06
-1.68285e-06
6.60611e-07
-9.87619e-06
9.70202e-06
-1.39836e-05
-1.08206e-07
-1.73705e-05
-3.30441e-06
-1.6653e-05
-1.5129e-06
-1.33885e-05
1.95394e-07
-9.25991e-06
-6.44083e-07
-3.01972e-06
-2.0091e-06
-6.7207e-06
-9.74855e-06
-6.93129e-06
-8.93747e-06
1.51673e-05
-1.9762e-05
-1.06106e-05
-1.7469e-05
-8.96962e-06
-1.35425e-05
-7.4525e-06
-1.12281e-05
-4.93284e-06
-1.4797e-05
-2.38376e-06
-1.5549e-05
-5.19797e-06
-1.43206e-05
-9.34027e-06
-1.02134e-05
-1.08377e-05
-3.75329e-06
-5.79958e-06
5.90403e-07
5.35826e-06
-2.96849e-06
3.45064e-06
-6.40356e-06
1.3064e-07
-7.5873e-06
-3.29152e-07
-6.17856e-06
-1.21332e-06
-3.61217e-06
-3.21044e-06
-4.93028e-06
-6.90943e-07
-1.30715e-05
-1.60731e-06
-1.38247e-05
-8.18419e-06
1.34268e-06
-2.59046e-05
-1.3458e-05
-2.24792e-05
-1.23953e-05
-1.70764e-05
-1.28556e-05
-1.25905e-05
-9.419e-06
-1.31138e-05
-1.86081e-06
-1.32874e-05
-5.02454e-06
-1.17206e-05
-1.09072e-05
-8.68083e-06
-1.38776e-05
-3.18696e-06
-1.12936e-05
5.68634e-06
-3.51514e-06
1.08765e-05
-1.73956e-06
1.24127e-05
-1.40565e-06
1.09292e-05
1.15439e-06
9.26064e-06
4.55262e-07
6.65714e-06
-6.06897e-07
4.34905e-06
1.6172e-06
-2.41756e-06
5.15935e-06
-9.48512e-06
-1.11659e-06
-8.14243e-06
-3.07692e-05
-1.6406e-05
-2.61891e-05
-1.69757e-05
-2.06349e-05
-1.84101e-05
-1.50034e-05
-1.50507e-05
-7.4901e-06
-9.37437e-06
-3.68082e-06
-8.83402e-06
-2.14825e-06
-1.244e-05
-1.35479e-06
-1.46712e-05
1.26927e-06
-1.39177e-05
7.64468e-06
-9.89064e-06
1.30711e-05
-7.16608e-06
1.57948e-05
-4.12932e-06
1.80978e-05
-1.14862e-06
1.86214e-05
-6.83185e-08
1.61385e-05
1.876e-06
1.3406e-05
4.34978e-06
1.18132e-05
6.75217e-06
5.26373e-06
5.43282e-06
-2.87871e-06
-2.83893e-05
-1.88243e-05
-2.47182e-05
-2.0647e-05
-2.04904e-05
-2.26382e-05
-1.43928e-05
-2.11485e-05
-6.35353e-06
-1.74138e-05
7.08467e-08
-1.52585e-05
3.98175e-06
-1.6351e-05
6.26436e-06
-1.69539e-05
8.24947e-06
-1.59029e-05
1.19496e-05
-1.35908e-05
1.57057e-05
-1.09222e-05
1.92357e-05
-7.65938e-06
2.21961e-05
-4.10903e-06
2.33461e-05
-1.21836e-06
2.26631e-05
2.55905e-06
2.05214e-05
6.49152e-06
1.72588e-05
1.00147e-05
1.15184e-05
1.11733e-05
8.63974e-06
-2.43206e-05
-2.18472e-05
-2.11954e-05
-2.37722e-05
-1.82066e-05
-2.5627e-05
-1.4187e-05
-2.51682e-05
-7.4235e-06
-2.41772e-05
8.80752e-08
-2.277e-05
6.18521e-06
-2.24479e-05
1.03158e-05
-2.10843e-05
1.29257e-05
-1.85125e-05
1.4815e-05
-1.54799e-05
1.73692e-05
-1.34764e-05
2.11259e-05
-1.14159e-05
2.43089e-05
-7.292e-06
2.61209e-05
-3.03032e-06
2.61921e-05
2.48792e-06
2.44553e-05
8.2283e-06
2.06637e-05
1.38064e-05
1.37175e-05
1.81195e-05
2.23573e-05
-2.5096e-05
-2.6379e-05
-2.08031e-05
-2.80646e-05
-1.76002e-05
-2.88296e-05
-1.35762e-05
-2.9192e-05
-7.25424e-06
-3.04993e-05
4.3911e-07
-3.04634e-05
7.67822e-06
-2.96869e-05
1.22674e-05
-2.5673e-05
1.50533e-05
-2.12982e-05
1.53249e-05
-1.57515e-05
1.7497e-05
-1.56481e-05
2.20945e-05
-1.60131e-05
2.55848e-05
-1.07818e-05
2.94604e-05
-6.90537e-06
3.03069e-05
1.64213e-06
2.86432e-05
9.89196e-06
2.11903e-05
2.12593e-05
1.14468e-05
2.7863e-05
3.38041e-05
-3.64599e-05
-3.19651e-05
-2.73464e-05
-3.71777e-05
-2.03361e-05
-3.58401e-05
-6.96891e-06
-4.25596e-05
1.50278e-06
-3.89711e-05
5.64876e-06
-3.46094e-05
8.05333e-06
-3.20912e-05
3.21184e-06
-2.08313e-05
1.40912e-06
-1.94956e-05
1.00754e-05
-2.44178e-05
1.62554e-05
-2.18287e-05
2.69966e-05
-2.67548e-05
3.63682e-05
-2.01541e-05
3.37224e-05
-4.25985e-06
1.5516e-05
1.98472e-05
1.67196e-05
8.68878e-06
9.75413e-06
2.82257e-05
5.47799e-06
3.21388e-05
3.92818e-05
-1.65665e-05
-4.5294e-05
-9.47236e-06
-4.42713e-05
-4.21087e-06
-4.11011e-05
-8.13615e-06
-3.86332e-05
-1.08068e-05
-3.62991e-05
-1.59848e-05
-2.943e-05
-2.18896e-05
-2.61855e-05
-1.77626e-05
-2.49581e-05
-1.23285e-05
-2.49292e-05
-9.95049e-06
-2.67956e-05
-6.97225e-06
-2.48072e-05
-6.05327e-06
-2.76746e-05
-9.16659e-06
-1.7042e-05
-1.62638e-05
2.83502e-06
-7.84295e-06
1.14255e-05
-1.41651e-06
2.26295e-06
-5.35339e-07
2.73437e-05
-5.29772e-06
3.69e-05
3.39834e-05
3.07702e-05
-4.41739e-05
2.72166e-05
-4.07165e-05
2.13177e-05
-3.52009e-05
1.28284e-05
-3.01428e-05
4.97603e-06
-2.84455e-05
-2.05993e-07
-2.4247e-05
-3.38464e-06
-2.30062e-05
-5.57025e-06
-2.2772e-05
-8.03587e-06
-2.24633e-05
-1.21531e-05
-2.26782e-05
-1.56692e-05
-2.12911e-05
-2.1461e-05
-2.18831e-05
-2.85646e-05
-9.93885e-06
-3.39719e-05
8.24136e-06
-2.7988e-05
5.44016e-06
-2.54909e-05
-2.34529e-07
-1.30082e-05
1.48608e-05
-6.16224e-06
3.00524e-05
2.7819e-05
3.31954e-05
-4.0356e-05
3.02354e-05
-3.77562e-05
2.69169e-05
-3.18821e-05
2.29369e-05
-2.61626e-05
1.82028e-05
-2.37112e-05
1.58698e-05
-2.1914e-05
1.31533e-05
-2.02898e-05
9.55503e-06
-1.9174e-05
5.04722e-06
-1.79558e-05
-1.05997e-06
-1.65714e-05
-7.49003e-06
-1.48615e-05
-1.42824e-05
-1.50911e-05
-1.81373e-05
-6.08461e-06
-1.93719e-05
9.47498e-06
-2.17874e-05
7.85457e-06
-2.14371e-05
-5.86167e-07
-1.61079e-05
9.53155e-06
-8.50725e-06
2.24518e-05
1.93109e-05
2.00475e-05
-3.68408e-05
1.72737e-05
-3.49831e-05
1.5063e-05
-2.9672e-05
1.39871e-05
-2.50874e-05
1.35862e-05
-2.33108e-05
1.39504e-05
-2.22789e-05
1.44894e-05
-2.08294e-05
1.41814e-05
-1.88668e-05
1.26143e-05
-1.63894e-05
8.98534e-06
-1.29431e-05
3.26219e-06
-9.13908e-06
-3.65062e-06
-8.17905e-06
-6.03846e-06
-3.69752e-06
-3.73888e-06
7.17453e-06
-3.9365e-06
8.05108e-06
-5.50794e-06
9.84149e-07
-4.3672e-06
8.3897e-06
-4.21986e-06
2.23035e-05
1.50921e-05
6.16657e-06
-3.42798e-05
4.10608e-06
-3.29237e-05
2.53599e-06
-2.81031e-05
2.58163e-06
-2.51341e-05
4.153e-06
-2.48831e-05
6.58144e-06
-2.47082e-05
9.51043e-06
-2.37593e-05
1.13002e-05
-2.06574e-05
1.0621e-05
-1.57111e-05
7.70216e-06
-1.00251e-05
4.22092e-06
-5.65866e-06
1.79145e-06
-5.75036e-06
3.91682e-06
-5.82366e-06
9.91783e-06
1.17271e-06
1.07002e-05
7.26781e-06
5.9615e-06
5.72195e-06
1.4091e-06
1.29411e-05
-9.9269e-07
2.47048e-05
1.40987e-05
-2.34318e-06
-3.25825e-05
-4.10478e-06
-3.11632e-05
-5.59571e-06
-2.66133e-05
-5.08278e-06
-2.56481e-05
-2.92468e-06
-2.70421e-05
-3.46917e-07
-2.72869e-05
2.33952e-06
-2.64465e-05
4.0132e-06
-2.23319e-05
2.68012e-06
-1.43788e-05
-2.98532e-07
-7.04724e-06
-3.1586e-06
-2.79937e-06
-1.96973e-06
-6.93997e-06
1.96934e-06
-9.76342e-06
7.96815e-06
-4.82679e-06
8.70205e-06
6.53317e-06
3.12041e-06
1.13029e-05
-2.32153e-06
1.83825e-05
-1.10598e-06
2.34882e-05
1.29928e-05
-4.62465e-06
-3.19621e-05
-6.22294e-06
-2.95659e-05
-7.97936e-06
-2.48579e-05
-8.05785e-06
-2.55705e-05
-7.20919e-06
-2.78917e-05
-6.52813e-06
-2.79687e-05
-6.20184e-06
-2.67736e-05
-6.33323e-06
-2.22012e-05
-8.15093e-06
-1.25619e-05
-1.0279e-05
-4.91988e-06
-1.03143e-05
-2.76479e-06
-7.57461e-06
-9.68028e-06
-5.57485e-06
-1.17638e-05
-3.6957e-06
-6.70656e-06
-3.05479e-06
5.89167e-06
-4.48338e-06
1.2731e-05
-4.31811e-06
1.82167e-05
-1.59734e-07
1.93298e-05
1.28327e-05
-3.5115e-06
-3.14177e-05
-4.78522e-06
-2.8293e-05
-6.81979e-06
-2.28242e-05
-8.62506e-06
-2.3766e-05
-1.01188e-05
-2.63987e-05
-1.14793e-05
-2.66089e-05
-1.32548e-05
-2.49987e-05
-1.53208e-05
-2.01358e-05
-1.54048e-05
-1.24784e-05
-1.44664e-05
-5.85895e-06
-1.25898e-05
-4.642e-06
-1.23882e-05
-9.88234e-06
-1.36016e-05
-1.05509e-05
-1.38591e-05
-6.44965e-06
-1.02082e-05
2.24026e-06
-6.28444e-06
8.8068e-06
-2.17161e-06
1.41036e-05
1.42531e-06
1.57323e-05
1.42581e-05
-1.86782e-06
-2.94588e-05
-3.38157e-06
-2.67799e-05
-5.11466e-06
-2.10919e-05
-7.72293e-06
-2.11585e-05
-1.06617e-05
-2.34606e-05
-1.35674e-05
-2.37038e-05
-1.59995e-05
-2.25671e-05
-1.80757e-05
-1.80602e-05
-1.69204e-05
-1.36343e-05
-1.41945e-05
-8.58533e-06
-1.15399e-05
-7.29716e-06
-1.31082e-05
-8.31449e-06
-1.54782e-05
-8.18145e-06
-1.53615e-05
-6.56671e-06
-1.11022e-05
-2.01949e-06
-6.27771e-06
3.98191e-06
-1.59701e-06
9.42251e-06
1.18664e-06
1.29488e-05
1.54444e-05
5.91477e-07
-2.54982e-05
-1.59607e-06
-2.4593e-05
-2.75005e-06
-1.99386e-05
-4.90113e-06
-1.9008e-05
-8.35452e-06
-2.00078e-05
-1.17379e-05
-2.03209e-05
-1.3918e-05
-2.03876e-05
-1.54783e-05
-1.65003e-05
-1.54555e-05
-1.36576e-05
-1.32756e-05
-1.07656e-05
-1.06682e-05
-9.90498e-06
-1.07769e-05
-8.20629e-06
-1.23285e-05
-6.63022e-06
-1.28199e-05
-6.07574e-06
-1.18438e-05
-2.99599e-06
-8.83444e-06
9.72229e-07
-4.17086e-06
4.75878e-06
-4.97816e-07
9.27527e-06
1.49467e-05
5.23849e-06
-2.02115e-05
1.98682e-06
-2.13419e-05
6.3095e-07
-1.85833e-05
-1.28013e-06
-1.70975e-05
-4.14867e-06
-1.71398e-05
-6.55298e-06
-1.79171e-05
-8.363e-06
-1.85781e-05
-9.38324e-06
-1.54805e-05
-1.01168e-05
-1.29245e-05
-1.0191e-05
-1.06918e-05
-9.84345e-06
-1.0253e-05
-9.4949e-06
-8.55524e-06
-9.63409e-06
-6.49142e-06
-1.03452e-05
-5.36504e-06
-1.05333e-05
-2.80819e-06
-8.68024e-06
-8.8114e-07
-5.8457e-06
1.92388e-06
-2.43022e-06
5.85985e-06
1.25162e-05
1.10329e-05
-1.50211e-05
6.8117e-06
-1.71212e-05
4.67594e-06
-1.64481e-05
2.93321e-06
-1.53554e-05
1.25075e-06
-1.54578e-05
-3.57195e-07
-1.63096e-05
-2.02862e-06
-1.69071e-05
-2.64335e-06
-1.48662e-05
-3.02192e-06
-1.25464e-05
-3.74868e-06
-9.96544e-06
-5.2178e-06
-8.78426e-06
-6.41149e-06
-7.36192e-06
-7.03534e-06
-5.86791e-06
-7.86974e-06
-4.53098e-06
-7.62549e-06
-3.05276e-06
-6.50952e-06
-1.9974e-06
-5.541e-06
9.55217e-07
-3.83198e-06
4.15043e-06
8.68431e-06
1.4197e-05
-1.16431e-05
1.071e-05
-1.36346e-05
8.42562e-06
-1.41643e-05
7.13797e-06
-1.40682e-05
6.13595e-06
-1.44563e-05
4.83541e-06
-1.50095e-05
3.21093e-06
-1.52831e-05
2.50535e-06
-1.4161e-05
2.26617e-06
-1.23076e-05
2.15256e-06
-9.85221e-06
1.1987e-06
-7.83077e-06
-3.16508e-07
-5.84705e-06
-2.06059e-06
-4.12416e-06
-3.4517e-06
-3.14016e-06
-4.08042e-06
-2.42433e-06
-3.71887e-06
-2.35921e-06
-3.89536e-06
1.1314e-06
-3.8501e-06
4.10519e-06
4.83399e-06
1.43878e-05
-9.76365e-06
1.22698e-05
-1.15169e-05
1.06419e-05
-1.25369e-05
9.63424e-06
-1.3061e-05
8.7818e-06
-1.36043e-05
7.85205e-06
-1.40802e-05
6.76017e-06
-1.41916e-05
6.05339e-06
-1.34546e-05
5.66758e-06
-1.19221e-05
5.58771e-06
-9.77267e-06
5.2543e-06
-7.49768e-06
4.64776e-06
-5.24082e-06
3.7144e-06
-3.1911e-06
2.24213e-06
-1.66817e-06
6.04209e-07
-7.86663e-07
-7.99476e-07
-9.55775e-07
-1.63958e-06
1.97137e-06
-1.96201e-06
4.42725e-06
2.87202e-06
1.31297e-05
-8.72659e-06
1.1891e-05
-1.02786e-05
1.08145e-05
-1.14608e-05
1.00265e-05
-1.22735e-05
9.3337e-06
-1.29119e-05
8.61606e-06
-1.33629e-05
7.87031e-06
-1.34462e-05
7.31359e-06
-1.28982e-05
7.03442e-06
-1.16433e-05
7.03535e-06
-9.77391e-06
7.07534e-06
-7.53796e-06
6.9939e-06
-5.15967e-06
6.66191e-06
-2.85937e-06
5.90898e-06
-9.15488e-07
4.63123e-06
4.90854e-07
2.37982e-06
1.29541e-06
9.83263e-07
3.36766e-06
2.46627e-07
5.16392e-06
3.11843e-06
1.10801e-05
-8.12221e-06
1.03319e-05
-9.53069e-06
9.60712e-06
-1.07365e-05
9.00189e-06
-1.16686e-05
8.45903e-06
-1.23693e-05
7.91902e-06
-1.28232e-05
7.39018e-06
-1.29176e-05
6.98423e-06
-1.24926e-05
6.80994e-06
-1.14693e-05
6.90797e-06
-9.87221e-06
7.17714e-06
-7.80739e-06
7.44146e-06
-5.42423e-06
7.50455e-06
-2.92269e-06
7.16575e-06
-5.76909e-07
6.25423e-06
1.40217e-06
4.50431e-06
3.04514e-06
2.85414e-06
5.01774e-06
1.52269e-06
6.49502e-06
4.64117e-06
8.91153e-06
-7.71616e-06
8.41851e-06
-9.03799e-06
7.91976e-06
-1.02381e-05
7.47479e-06
-1.1224e-05
7.07949e-06
-1.19744e-05
6.70732e-06
-1.24513e-05
6.36538e-06
-1.2576e-05
6.11443e-06
-1.22419e-05
6.03672e-06
-1.13918e-05
6.17868e-06
-1.00144e-05
6.50854e-06
-8.13748e-06
6.89479e-06
-5.8107e-06
7.14633e-06
-3.17445e-06
7.04724e-06
-4.78015e-07
6.39257e-06
2.05665e-06
5.05416e-06
4.38338e-06
3.43269e-06
6.63898e-06
1.8551e-06
8.07266e-06
6.49607e-06
7.05774e-06
-7.40388e-06
6.70157e-06
-8.68209e-06
6.34925e-06
-9.88608e-06
6.04094e-06
-1.0916e-05
5.78077e-06
-1.17145e-05
5.55763e-06
-1.22284e-05
5.37004e-06
-1.23886e-05
5.24985e-06
-1.21219e-05
5.2427e-06
-1.13849e-05
5.38753e-06
-1.01595e-05
5.67476e-06
-8.42491e-06
6.02427e-06
-6.1604e-06
6.27933e-06
-3.42969e-06
6.25047e-06
-4.49318e-07
5.72225e-06
2.58471e-06
4.62196e-06
5.48352e-06
3.17879e-06
8.0821e-06
1.69716e-06
9.55398e-06
8.1933e-06
5.56917e-06
-7.13925e-06
5.29469e-06
-8.40787e-06
5.04514e-06
-9.63681e-06
4.83916e-06
-1.07103e-05
4.68024e-06
-1.15558e-05
4.56032e-06
-1.21087e-05
4.47406e-06
-1.23026e-05
4.433e-06
-1.20811e-05
4.46283e-06
-1.14149e-05
4.58767e-06
-1.02845e-05
4.80751e-06
-8.64492e-06
5.06541e-06
-6.41846e-06
5.23796e-06
-3.6024e-06
5.17582e-06
-3.87319e-07
4.69675e-06
3.06365e-06
3.76654e-06
6.41361e-06
2.55289e-06
9.29555e-06
1.35179e-06
1.07552e-05
9.5449e-06
4.35372e-06
-6.90035e-06
4.13084e-06
-8.18519e-06
3.94309e-06
-9.4493e-06
3.79819e-06
-1.05656e-05
3.69532e-06
-1.14531e-05
3.62654e-06
-1.20401e-05
3.58358e-06
-1.22598e-05
3.56905e-06
-1.20667e-05
3.59692e-06
-1.14429e-05
3.68667e-06
-1.03744e-05
3.84069e-06
-8.79907e-06
4.01175e-06
-6.58966e-06
4.0917e-06
-3.68247e-06
3.96589e-06
-2.61625e-07
3.50858e-06
3.52086e-06
2.7178e-06
7.20429e-06
1.76336e-06
1.025e-05
8.87191e-07
1.16311e-05
1.04322e-05
3.32929e-06
-6.67442e-06
3.13362e-06
-7.9897e-06
2.97345e-06
-9.28933e-06
2.84976e-06
-1.04421e-05
2.75891e-06
-1.13624e-05
2.69249e-06
-1.19739e-05
2.64184e-06
-1.22093e-05
2.60309e-06
-1.20281e-05
2.58642e-06
-1.14264e-05
2.614e-06
-1.0402e-05
2.69876e-06
-8.88393e-06
2.8033e-06
-6.69429e-06
2.81627e-06
-3.69553e-06
2.6372e-06
-8.26399e-08
2.21841e-06
3.93957e-06
1.59171e-06
7.83093e-06
9.11747e-07
1.09298e-05
3.48614e-07
1.21943e-05
1.07806e-05
2.45972e-06
-6.44969e-06
2.26818e-06
-7.79828e-06
2.10631e-06
-9.1276e-06
1.96908e-06
-1.0305e-05
1.85188e-06
-1.12453e-05
1.74763e-06
-1.18697e-05
1.64609e-06
-1.21078e-05
1.53947e-06
-1.19215e-05
1.43498e-06
-1.13219e-05
1.36574e-06
-1.03329e-05
1.36768e-06
-8.88593e-06
1.42616e-06
-6.75283e-06
1.41623e-06
-3.68565e-06
1.23494e-06
9.86084e-08
9.08629e-07
4.26585e-06
4.89514e-07
8.25002e-06
1.05616e-07
1.13138e-05
-1.44844e-07
1.24446e-05
1.06359e-05
1.72623e-06
-6.21819e-06
1.52299e-06
-7.59513e-06
1.33588e-06
-8.94059e-06
1.15877e-06
-1.0128e-05
9.87484e-07
-1.10741e-05
8.16928e-07
-1.16992e-05
6.36024e-07
-1.19269e-05
4.32012e-07
-1.17175e-05
2.0879e-07
-1.10987e-05
1.1573e-08
-1.01357e-05
-8.59646e-08
-8.78841e-06
-4.62741e-08
-6.79253e-06
4.82406e-09
-3.73676e-06
-1.02546e-07
2.0597e-07
-2.87527e-07
4.45083e-06
-4.74e-07
8.4365e-06
-5.72563e-07
1.14123e-05
-5.09284e-07
1.23815e-05
1.01265e-05
1.12469e-06
-5.97392e-06
8.97782e-07
-7.36825e-06
6.7139e-07
-8.71424e-06
4.39207e-07
-9.89582e-06
1.98694e-07
-1.08336e-05
-5.42243e-08
-1.14462e-05
-3.26024e-07
-1.16551e-05
-6.32521e-07
-1.1411e-05
-9.77209e-07
-1.0754e-05
-1.30131e-06
-9.81155e-06
-1.47143e-06
-8.61826e-06
-1.40161e-06
-6.86232e-06
-1.26906e-06
-3.86927e-06
-1.23638e-06
1.7332e-07
-1.21965e-06
4.43415e-06
-1.1567e-06
8.3736e-06
-9.81416e-07
1.12371e-05
-6.66861e-07
1.20668e-05
9.45984e-06
6.53685e-07
-5.71963e-06
4.01124e-07
-7.11567e-06
1.326e-07
-8.4457e-06
-1.58858e-07
-9.60433e-06
-4.74695e-07
-1.05177e-05
-8.08846e-07
-1.1112e-05
-1.1587e-06
-1.13052e-05
-1.53632e-06
-1.10333e-05
-1.95815e-06
-1.03321e-05
-2.38233e-06
-9.3873e-06
-2.60212e-06
-8.3984e-06
-2.45981e-06
-7.00456e-06
-2.18436e-06
-4.14466e-06
-1.91464e-06
-9.63241e-08
-1.67291e-06
4.1925e-06
-1.41134e-06
8.11211e-06
-1.04543e-06
1.08712e-05
-6.25831e-07
1.16475e-05
8.83389e-06
3.16639e-07
-5.46452e-06
4.705e-08
-6.84601e-06
-2.54657e-07
-8.14393e-06
-6.01106e-07
-9.2578e-06
-9.83156e-07
-1.01356e-05
-1.38105e-06
-1.0714e-05
-1.77723e-06
-1.09089e-05
-2.16808e-06
-1.06424e-05
-2.57704e-06
-9.92305e-06
-3.0211e-06
-8.94314e-06
-3.31168e-06
-8.10771e-06
-3.10062e-06
-7.21551e-06
-2.60455e-06
-4.64061e-06
-2.05949e-06
-6.41271e-07
-1.59489e-06
3.728e-06
-1.18147e-06
7.6988e-06
-7.6823e-07
1.04582e-05
-4.61418e-07
1.13405e-05
8.37268e-06
1.16588e-07
-5.22799e-06
-1.49168e-07
-6.58017e-06
-4.66377e-07
-7.82663e-06
-8.46962e-07
-8.87711e-06
-1.27522e-06
-9.7072e-06
-1.71809e-06
-1.0271e-05
-2.13561e-06
-1.04913e-05
-2.49636e-06
-1.02815e-05
-2.80582e-06
-9.61346e-06
-3.12653e-06
-8.6223e-06
-3.46064e-06
-7.77348e-06
-3.43237e-06
-7.24365e-06
-2.75724e-06
-5.31562e-06
-1.80283e-06
-1.59555e-06
-1.00942e-06
2.93472e-06
-5.29136e-07
7.21865e-06
-2.25301e-07
1.01543e-05
-1.90169e-07
1.13057e-05
8.1824e-06
5.17629e-08
-5.03854e-06
-1.80599e-07
-6.34768e-06
-4.85084e-07
-7.52203e-06
-8.71337e-07
-8.49074e-06
-1.32271e-06
-9.25569e-06
-1.79726e-06
-9.79635e-06
-2.23463e-06
-1.00537e-05
-2.57119e-06
-9.94477e-06
-2.77142e-06
-9.41307e-06
-2.87543e-06
-8.51815e-06
-3.07807e-06
-7.57069e-06
-3.32797e-06
-6.99362e-06
-2.83445e-06
-5.809e-06
-1.46752e-06
-2.96234e-06
-1.1964e-07
1.58697e-06
5.13127e-07
6.58601e-06
6.04221e-07
1.00635e-05
2.19103e-07
1.16907e-05
8.40171e-06
1.06526e-07
-4.92634e-06
-6.09153e-08
-6.18014e-06
-3.22513e-07
-7.26032e-06
-6.83633e-07
-8.1295e-06
-1.12954e-06
-8.80965e-06
-1.61776e-06
-9.308e-06
-2.0803e-06
-9.59107e-06
-2.43223e-06
-9.5927e-06
-2.59603e-06
-9.24914e-06
-2.55803e-06
-8.55602e-06
-2.48869e-06
-7.6399e-06
-2.67364e-06
-6.80853e-06
-2.48823e-06
-5.99428e-06
-1.18766e-06
-4.26278e-06
8.93377e-07
-4.93935e-07
1.92218e-06
5.55733e-06
1.74735e-06
1.02383e-05
8.59943e-07
1.25784e-05
9.26153e-06
2.48019e-07
-4.91156e-06
1.60542e-07
-6.09259e-06
-3.80759e-08
-7.06165e-06
-3.48678e-07
-7.81884e-06
-7.523e-07
-8.40597e-06
-1.21774e-06
-8.8425e-06
-1.68654e-06
-9.1222e-06
-2.07282e-06
-9.20635e-06
-2.27688e-06
-9.045e-06
-2.22448e-06
-8.60835e-06
-1.94064e-06
-7.92366e-06
-1.68175e-06
-7.06736e-06
-1.40558e-06
-6.27038e-06
-3.36574e-07
-5.33171e-06
2.04187e-06
-2.87231e-06
3.61794e-06
3.98132e-06
3.19209e-06
1.06643e-05
1.84291e-06
1.39274e-05
1.11046e-05
4.11996e-07
-4.98059e-06
3.82959e-07
-6.06343e-06
2.42604e-07
-6.92118e-06
2.53307e-09
-7.57865e-06
-3.2165e-07
-8.08167e-06
-7.08353e-07
-8.45567e-06
-1.1245e-06
-8.70593e-06
-1.50491e-06
-8.82582e-06
-1.75381e-06
-8.79598e-06
-1.76632e-06
-8.59573e-06
-1.46875e-06
-8.22112e-06
-8.51128e-07
-7.68487e-06
-6.32293e-08
-7.05817e-06
1.37984e-06
-6.77467e-06
3.88781e-06
-5.38017e-06
5.72663e-06
2.14261e-06
4.77733e-06
1.16136e-05
3.20651e-06
1.54985e-05
1.43111e-05
4.90828e-07
-5.06725e-06
4.74959e-07
-6.04738e-06
3.71922e-07
-6.81797e-06
2.07856e-07
-7.41442e-06
-6.71521e-09
-7.86693e-06
-2.64482e-07
-8.19775e-06
-5.51925e-07
-8.41834e-06
-8.36264e-07
-8.54133e-06
-1.05073e-06
-8.58137e-06
-1.09631e-06
-8.55002e-06
-8.57639e-07
-8.45965e-06
-1.97368e-07
-8.345e-06
9.96395e-07
-8.2518e-06
2.82438e-06
-8.60252e-06
5.88089e-06
-8.43657e-06
9.57241e-06
-1.54881e-06
6.83367e-06
1.43525e-05
5.18899e-06
1.71433e-05
1.95001e-05
3.70185e-07
3.45548e-07
2.80367e-07
1.94229e-07
9.36152e-08
-2.03e-08
-1.44418e-07
-2.68034e-07
-3.62801e-07
-3.73003e-07
-2.11844e-07
2.59861e-07
1.23109e-06
2.84511e-06
6.25708e-06
1.14477e-05
7.58659e-06
7.24896e-06
)
;

boundaryField
{
    leftWall
    {
        type            calculated;
        value           uniform 0;
    }
    rightWall
    {
        type            calculated;
        value           uniform 0;
    }
    lowerWall
    {
        type            calculated;
        value           uniform 0;
    }
    atmosphere
    {
        type            calculated;
        value           nonuniform List<scalar> 
46
(
1.96545e-05
2.10719e-05
1.76918e-05
7.10801e-06
1.69058e-06
9.7978e-07
5.02964e-07
3.88407e-07
3.40084e-07
3.25346e-07
3.2808e-07
3.39588e-07
3.57364e-07
3.8042e-07
4.09613e-07
4.4862e-07
5.05213e-07
5.87312e-07
6.90965e-07
7.40848e-07
5.22074e-07
-1.73544e-07
-1.29491e-06
-1.10454e-06
-1.38538e-06
-1.63952e-06
-1.86171e-06
-5.10805e-06
-6.02268e-06
-6.75273e-06
-7.32822e-06
-7.76626e-06
-8.08378e-06
-8.29416e-06
-8.41766e-06
-8.48655e-06
-8.53976e-06
-8.62076e-06
-8.81666e-06
-9.22299e-06
-1.02165e-05
-1.18485e-05
-6.73942e-06
1.82136e-05
1.74809e-05
2.67491e-05
)
;
    }
    defaultFaces
    {
        type            empty;
        value           nonuniform List<scalar> 0();
    }
}


// ************************************************************************* //
