/*--------------------------------*- C++ -*----------------------------------*\
| =========                 |                                                 |
| \\      /  F ield         | OpenFOAM: The Open Source CFD Toolbox           |
|  \\    /   O peration     | Version:  2312                                  |
|   \\  /    A nd           | Website:  www.openfoam.com                      |
|    \\/     M anipulation  |                                                 |
\*---------------------------------------------------------------------------*/
FoamFile
{
    version     2.0;
    format      ascii;
    arch        "LSB;label=32;scalar=64";
    class       surfaceScalarField;
    location    "5.35";
    object      phi;
}
// * * * * * * * * * * * * * * * * * * * * * * * * * * * * * * * * * * * * * //

dimensions      [0 3 -1 0 0 0 0];

oriented        oriented;

internalField   nonuniform List<scalar> 
4432
(
1.66399e-06
-1.66399e-06
2.77419e-06
-1.1102e-06
3.72059e-06
-9.464e-07
4.44643e-06
-7.25842e-07
4.91914e-06
-4.7271e-07
5.1213e-06
-2.02164e-07
5.11308e-06
8.22475e-09
4.95002e-06
1.63052e-07
4.62051e-06
3.29503e-07
4.14578e-06
4.74732e-07
3.56539e-06
5.80386e-07
2.93886e-06
6.26527e-07
2.30688e-06
6.31987e-07
1.70911e-06
5.97768e-07
1.19489e-06
5.14222e-07
7.63892e-07
4.30994e-07
4.06102e-07
3.57791e-07
1.1574e-07
2.90362e-07
-1.09694e-07
2.25434e-07
-2.82105e-07
1.72412e-07
-4.22791e-07
1.40686e-07
-4.84051e-07
6.12599e-08
-4.84051e-07
1.18002e-06
-2.84401e-06
2.31108e-06
-2.24127e-06
3.28438e-06
-1.9197e-06
4.04531e-06
-1.48678e-06
4.5453e-06
-9.727e-07
4.77298e-06
-4.29858e-07
4.77153e-06
9.6692e-09
4.63792e-06
2.96653e-07
4.33317e-06
6.34245e-07
3.86928e-06
9.38612e-07
3.3043e-06
1.14536e-06
2.68736e-06
1.24346e-06
2.06573e-06
1.25361e-06
1.4775e-06
1.186e-06
9.88407e-07
1.00331e-06
5.90286e-07
8.29116e-07
2.66782e-07
6.81297e-07
1.25553e-08
5.4459e-07
-1.54775e-07
3.92765e-07
-2.57516e-07
2.75153e-07
-3.15371e-07
1.9854e-07
-3.01945e-07
4.78342e-08
-7.85996e-07
1.03235e-06
-3.87636e-06
2.14709e-06
-3.35601e-06
3.11684e-06
-2.88944e-06
3.88063e-06
-2.25057e-06
4.37311e-06
-1.46519e-06
4.58519e-06
-6.41932e-07
4.56489e-06
2.99675e-08
4.44246e-06
4.1908e-07
4.147e-06
9.29705e-07
3.67386e-06
1.41175e-06
3.09729e-06
1.72192e-06
2.46969e-06
1.87106e-06
1.84085e-06
1.88245e-06
1.24856e-06
1.7783e-06
7.78276e-07
1.47359e-06
4.17825e-07
1.18957e-06
1.38927e-07
9.60196e-07
-6.60344e-08
7.49552e-07
-1.5623e-07
4.82961e-07
-1.69576e-07
2.885e-07
-1.58945e-07
1.87909e-07
-1.04898e-07
-6.21255e-09
-8.90893e-07
1.07549e-06
-4.95186e-06
2.20817e-06
-4.48869e-06
3.2016e-06
-3.88288e-06
3.98139e-06
-3.03037e-06
4.44504e-06
-1.92885e-06
4.5964e-06
-7.93292e-07
4.54012e-06
8.62367e-08
4.40142e-06
5.57776e-07
4.1277e-06
1.20342e-06
3.65057e-06
1.88887e-06
3.02661e-06
2.34588e-06
2.35801e-06
2.53965e-06
1.69005e-06
2.5504e-06
1.06342e-06
2.40492e-06
5.94712e-07
1.9423e-06
2.53752e-07
1.53053e-06
1.45351e-08
1.19941e-06
-1.13996e-07
8.78082e-07
-7.0427e-08
4.39391e-07
6.28772e-08
1.55195e-07
1.61872e-07
8.89141e-08
2.24068e-07
-6.8409e-08
-6.66826e-07
1.28369e-06
-6.23556e-06
2.51586e-06
-5.72086e-06
3.58912e-06
-4.95614e-06
4.42677e-06
-3.86802e-06
4.88997e-06
-2.39205e-06
4.95498e-06
-8.58298e-07
4.81012e-06
2.3109e-07
4.68952e-06
6.78382e-07
4.46876e-06
1.42417e-06
3.98296e-06
2.37468e-06
3.30165e-06
3.02719e-06
2.54351e-06
3.2978e-06
1.75178e-06
3.34213e-06
9.47577e-07
3.20913e-06
2.64946e-07
2.62493e-06
-1.96158e-07
1.99163e-06
-3.42999e-07
1.34625e-06
-2.15286e-07
7.5037e-07
6.11862e-08
1.62919e-07
3.347e-07
-1.18318e-07
5.8608e-07
-1.62465e-07
6.28366e-07
-1.10695e-07
-3.84595e-08
1.5346e-06
-7.77016e-06
2.93716e-06
-7.12342e-06
4.17275e-06
-6.19173e-06
5.18756e-06
-4.88284e-06
5.8189e-06
-3.02338e-06
5.97433e-06
-1.01373e-06
5.6919e-06
5.13514e-07
5.04715e-06
1.32312e-06
4.28099e-06
2.19034e-06
3.60115e-06
3.05451e-06
2.89993e-06
3.7284e-06
2.04768e-06
4.15004e-06
1.08364e-06
4.30616e-06
3.63046e-07
3.92971e-06
-2.77436e-07
3.2654e-06
-7.23581e-07
2.43776e-06
-7.74676e-07
1.39734e-06
-4.54041e-07
4.29727e-07
-8.42749e-08
-2.06853e-07
1.54665e-07
-3.57263e-07
3.22222e-07
-3.30027e-07
3.43202e-07
-1.31679e-07
3.04738e-07
1.67041e-06
-9.44056e-06
3.12382e-06
-8.57683e-06
4.20607e-06
-7.27399e-06
4.90829e-06
-5.58506e-06
5.39714e-06
-3.51224e-06
5.942e-06
-1.5586e-06
6.47118e-06
-1.56783e-08
6.42481e-06
1.36947e-06
6.213e-06
2.40212e-06
5.90462e-06
3.36287e-06
5.19534e-06
4.43764e-06
3.16711e-06
6.17825e-06
7.80333e-08
7.39519e-06
-1.89208e-06
5.89979e-06
-2.73163e-06
4.10492e-06
-3.02416e-06
2.73026e-06
-3.31066e-06
1.68382e-06
-3.46479e-06
5.83833e-07
-3.76853e-06
9.68706e-08
-3.88039e-06
-2.45414e-07
-3.59456e-06
-6.15865e-07
-2.33184e-06
-1.39441e-06
-2.0271e-06
1.67789e-06
-1.11185e-05
3.42325e-06
-1.03222e-05
5.1446e-06
-8.99533e-06
6.5535e-06
-6.99396e-06
7.5371e-06
-4.49585e-06
7.13292e-06
-1.15443e-06
4.18363e-06
2.9336e-06
-4.99554e-07
6.05263e-06
-3.05521e-06
4.95775e-06
-3.25375e-06
3.56138e-06
-2.89195e-06
4.07582e-06
-2.38862e-06
5.6749e-06
-1.76453e-06
6.77109e-06
-9.22476e-07
5.05771e-06
1.61769e-07
3.02066e-06
1.21069e-06
1.68133e-06
2.11539e-06
7.79105e-07
2.60771e-06
9.15057e-08
2.71065e-06
-6.07826e-09
2.35869e-06
1.06541e-07
1.54971e-06
1.93108e-07
8.99355e-07
-7.44064e-07
-1.12775e-06
7.13415e-07
-7.13415e-07
1.44065e-06
-7.27235e-07
1.80725e-06
-3.66599e-07
2.23139e-06
-4.24143e-07
2.66149e-06
-4.30093e-07
2.84449e-06
-1.83001e-07
2.6028e-06
2.4169e-07
2.00583e-06
5.96972e-07
8.95467e-07
1.11037e-06
-6.69441e-07
1.56491e-06
-2.34231e-06
1.67287e-06
-3.65157e-06
1.30927e-06
-4.28863e-06
6.37059e-07
-4.60316e-06
3.1453e-07
-3.93391e-06
-6.69241e-07
-3.30882e-06
-6.25091e-07
-2.53925e-06
-7.69565e-07
-1.3226e-06
-1.21665e-06
-1.32261e-06
1.43647e-06
-2.14989e-06
2.14856e-06
-1.43932e-06
2.48827e-06
-7.06319e-07
2.70663e-06
-6.42495e-07
2.74792e-06
-4.71384e-07
2.64967e-06
-8.47507e-08
2.34396e-06
5.47406e-07
1.80021e-06
1.14073e-06
1.10598e-06
1.8046e-06
-1.92388e-07
2.86329e-06
-1.84999e-06
3.33048e-06
-3.28503e-06
2.74432e-06
-4.08372e-06
1.43576e-06
-4.76776e-06
9.98582e-07
-4.3192e-06
-1.1178e-06
-3.64328e-06
-1.30101e-06
-2.62131e-06
-1.79154e-06
-1.33518e-06
-2.50278e-06
-2.65778e-06
2.29446e-08
-2.17284e-06
8.6544e-07
-2.28181e-06
2.25282e-06
-2.09369e-06
2.69732e-06
-1.08699e-06
2.27824e-06
-5.22995e-08
1.54161e-06
6.51893e-07
8.83956e-07
1.20507e-06
4.08995e-07
1.61571e-06
-3.06425e-07
2.52003e-06
-7.42668e-07
3.29954e-06
-1.75988e-06
4.3477e-06
-4.41449e-06
5.39893e-06
-6.46142e-06
3.48269e-06
-6.65712e-06
1.19427e-06
-5.33242e-06
-2.4425e-06
-3.02478e-06
-3.60864e-06
-9.13568e-07
-3.90276e-06
6.11403e-08
-3.47749e-06
-2.59665e-06
-9.73473e-06
7.56188e-06
-9.63057e-06
-2.38598e-06
-4.16492e-06
-7.55935e-06
-3.51786e-07
-4.9001e-06
1.44811e-06
-1.85218e-06
8.54986e-07
1.24505e-06
-1.40243e-07
2.20034e-06
-1.49975e-06
2.97526e-06
-3.25277e-06
4.27312e-06
-1.08421e-06
1.13105e-06
1.90344e-07
3.07321e-06
-3.25768e-06
8.84701e-06
-5.43207e-06
5.65711e-06
-4.76688e-06
5.29119e-07
-3.55566e-06
-3.65369e-06
-4.06285e-07
-6.75799e-06
2.23403e-06
-6.54305e-06
2.26023e-06
-3.50366e-06
-3.36385e-07
-6.29853e-06
1.38604e-05
-4.70187e-06
-3.98264e-06
-1.00512e-06
-1.12561e-05
2.53138e-06
-8.4366e-06
4.74788e-06
-4.06866e-06
3.87732e-06
2.11563e-06
4.76058e-07
5.60162e-06
-1.6422e-06
5.09353e-06
1.71365e-07
2.45956e-06
4.60912e-06
-3.3067e-06
9.43354e-06
-1.75121e-06
1.28274e-05
5.4531e-06
1.18837e-05
6.60086e-06
9.69075e-06
2.72205e-06
4.63798e-06
1.39906e-06
8.37447e-07
-2.95747e-06
3.00339e-06
-8.70901e-06
4.50911e-06
-5.00941e-06
4.17268e-06
-1.4559e-06
1.53163e-05
1.73924e-06
-7.17778e-06
2.39855e-06
-1.19154e-05
4.6583e-06
-1.06963e-05
7.01542e-06
-6.42576e-06
7.51476e-06
1.61631e-06
6.10025e-06
7.01615e-06
5.05728e-06
6.13654e-06
6.51476e-06
1.00213e-06
9.324e-06
-6.1159e-06
1.39618e-05
-6.38899e-06
1.81342e-05
1.28077e-06
2.00997e-05
4.63542e-06
1.94942e-05
3.32761e-06
1.54309e-05
5.46241e-06
7.08574e-06
5.38778e-06
5.0334e-06
-6.65663e-06
6.96188e-06
-6.93784e-06
1.11347e-05
3.22295e-06
1.20934e-05
6.172e-06
-1.01268e-05
5.89089e-06
-1.16343e-05
6.58735e-06
-1.13928e-05
8.57072e-06
-8.4091e-06
9.97842e-06
2.0863e-07
1.0237e-05
6.75758e-06
1.06173e-05
5.75626e-06
1.1476e-05
1.43519e-07
1.32542e-05
-7.89406e-06
1.6778e-05
-9.91278e-06
1.98618e-05
-1.80292e-06
2.04321e-05
4.0652e-06
1.85814e-05
5.17827e-06
1.33441e-05
1.06998e-05
8.46078e-06
1.02711e-05
5.79292e-06
-3.98872e-06
5.18972e-06
-6.33457e-06
1.63244e-05
1.07329e-05
1.36048e-06
1.03225e-05
-9.71644e-06
9.0018e-06
-1.03136e-05
7.94519e-06
-1.03362e-05
8.95231e-06
-9.4162e-06
1.07353e-05
-1.57439e-06
1.17993e-05
5.69367e-06
1.25452e-05
5.01037e-06
1.31504e-05
-4.61706e-07
1.4278e-05
-9.0216e-06
1.69448e-05
-1.25796e-05
1.92163e-05
-4.07437e-06
1.84485e-05
4.83293e-06
1.6055e-05
7.57181e-06
1.05846e-05
1.61703e-05
7.62943e-06
1.32263e-05
5.86869e-06
-2.22795e-06
4.00952e-06
-4.47541e-06
2.0334e-05
-1.05261e-06
-1.00658e-05
-2.76381e-06
-8.61098e-06
-4.88034e-06
-6.87879e-06
-6.44725e-06
-5.42705e-06
-6.92108e-06
-4.02202e-06
-6.83813e-06
-1.23739e-06
-6.59324e-06
2.68871e-06
-5.72258e-06
5.18196e-06
-5.40363e-06
4.6388e-06
-5.16328e-06
3.32103e-06
-4.46019e-06
3.37273e-06
-2.88842e-06
4.10312e-06
-6.71847e-07
4.55451e-06
1.20968e-06
3.17618e-06
2.74819e-06
1.48214e-06
4.02727e-06
4.02243e-07
5.4902e-06
-6.83827e-07
7.10457e-06
-1.52288e-06
8.45804e-06
-1.35955e-06
9.35409e-06
-7.89508e-07
9.65218e-06
-1.04987e-07
9.58834e-06
-6.80226e-07
-1.77279e-06
1.02334e-05
-6.85432e-07
-9.38038e-06
-1.69577e-06
-7.60063e-06
-2.66762e-06
-5.90692e-06
-3.64722e-06
-4.44745e-06
-4.78725e-06
-2.88197e-06
-6.04206e-06
1.74252e-08
-6.41115e-06
3.05781e-06
-5.91209e-06
4.68291e-06
-5.5573e-06
4.28402e-06
-3.99923e-06
1.76296e-06
-2.2706e-06
1.6441e-06
-3.23506e-07
2.15604e-06
1.25214e-06
2.97887e-06
1.24004e-06
3.18828e-06
1.04555e-06
1.67663e-06
8.49473e-07
5.98323e-07
1.48694e-06
-1.3213e-06
2.43224e-06
-2.46818e-06
3.69005e-06
-2.61736e-06
5.38509e-06
-2.48455e-06
7.10985e-06
-1.82976e-06
7.71351e-06
-1.28388e-06
-2.3711e-06
8.31182e-06
2.8893e-07
-9.66928e-06
1.15398e-06
-8.46566e-06
1.89979e-06
-6.6527e-06
1.75145e-06
-4.29908e-06
8.60513e-07
-1.99102e-06
-1.02253e-06
1.90048e-06
-1.48896e-06
3.52425e-06
1.42438e-07
3.05153e-06
1.55391e-06
2.87255e-06
1.59415e-06
1.72273e-06
-6.24566e-07
3.86283e-06
-2.88573e-06
4.41721e-06
-5.16929e-06
5.26243e-06
-7.51308e-06
5.53208e-06
-8.33466e-06
2.49822e-06
-8.28327e-06
5.4694e-07
-7.34531e-06
-2.25924e-06
-6.48174e-06
-3.33174e-06
-4.87162e-06
-4.22748e-06
-1.83623e-06
-5.51993e-06
3.01743e-06
-6.68342e-06
6.79262e-06
-5.05908e-06
-3.44896e-06
7.87049e-06
-1.00866e-06
-8.6606e-06
-7.96088e-07
-8.67821e-06
-3.6027e-07
-7.0885e-06
-6.85606e-07
-3.97373e-06
-1.00179e-06
-1.67483e-06
4.95622e-07
4.03084e-07
3.52408e-06
4.9581e-07
6.9227e-06
-3.47076e-07
8.22161e-06
1.57366e-06
4.23158e-06
5.71278e-06
-1.92098e-06
1.00154e-05
-6.86854e-06
9.36479e-06
-9.05312e-06
7.44703e-06
-8.87809e-06
5.35706e-06
-8.19214e-06
1.81229e-06
-7.49149e-06
-1.53696e-07
-7.42004e-06
-2.33068e-06
-6.93711e-06
-3.81466e-06
-5.38541e-06
-5.77918e-06
-2.84931e-06
-8.05603e-06
1.83048e-06
-1.13632e-05
7.29719e-06
-1.05258e-05
-5.05011e-06
8.89834e-06
-1.02217e-06
-7.63842e-06
-2.18846e-06
-7.5119e-06
-3.01144e-06
-6.26552e-06
-3.09081e-06
-3.89435e-06
-2.71341e-06
-2.05222e-06
-1.45658e-06
-8.53736e-07
-7.48571e-07
-2.12184e-07
-1.50045e-06
4.04815e-07
-3.08544e-06
3.15867e-06
-4.81169e-06
7.43904e-06
-5.2233e-06
1.0427e-05
-5.02012e-06
9.16163e-06
-3.41588e-06
5.8428e-06
-1.44257e-06
3.38377e-06
-5.89667e-07
9.59403e-07
-2.36008e-07
-5.07339e-07
-5.31849e-07
-2.03483e-06
-9.20311e-07
-3.42618e-06
-1.54873e-06
-5.15075e-06
-1.77168e-06
-7.83308e-06
-3.92045e-07
-1.27428e-05
1.94213e-06
-1.286e-05
-6.82201e-06
3.71403e-06
-1.12077e-06
-6.51764e-06
-2.49663e-06
-6.13604e-06
-3.49378e-06
-5.26837e-06
-3.53768e-06
-3.85045e-06
-3.17374e-06
-2.41616e-06
-3.12149e-06
-9.05977e-07
-3.7697e-06
4.36027e-07
-5.58025e-06
2.21537e-06
-6.60377e-06
4.18219e-06
-5.85788e-06
6.69317e-06
-4.00765e-06
8.57682e-06
-2.48261e-06
7.63659e-06
-1.6096e-06
4.9698e-06
-8.89641e-07
2.66383e-06
-4.9517e-07
5.64946e-07
3.78393e-08
-1.04034e-06
6.17465e-07
-2.61444e-06
1.45694e-06
-4.26565e-06
1.72365e-06
-5.41746e-06
1.13323e-06
-7.24266e-06
8.71457e-07
-1.24811e-05
1.02623e-06
-1.30147e-05
-8.20884e-06
2.41307e-06
-7.84857e-07
-5.73277e-06
-1.40252e-06
-5.51835e-06
-1.23388e-06
-5.43694e-06
-4.6623e-07
-4.61801e-06
1.0388e-07
-2.9862e-06
6.93882e-07
-1.49597e-06
5.99324e-07
5.3059e-07
-6.90768e-07
3.50547e-06
-2.25973e-06
5.75116e-06
-3.17452e-06
7.60797e-06
-3.0546e-06
8.4569e-06
-2.64327e-06
7.22527e-06
-2.28072e-06
4.60726e-06
-1.71954e-06
2.10266e-06
-9.30684e-07
-2.23909e-07
5.73161e-07
-2.54418e-06
2.61804e-06
-4.65932e-06
5.16532e-06
-6.81293e-06
7.52493e-06
-7.77706e-06
8.57743e-06
-8.29517e-06
7.83297e-06
-1.17366e-05
6.46774e-06
-1.16495e-05
-7.55999e-06
5.81887e-06
-8.94067e-07
-4.83864e-06
-3.56804e-06
-2.84432e-06
-1.05415e-05
1.53652e-06
-2.32969e-05
8.13759e-06
-4.54992e-05
1.92163e-05
-3.04971e-05
-1.6498e-05
-1.93127e-05
-1.06539e-05
-1.38403e-05
-1.96709e-06
-1.08401e-05
2.75072e-06
-8.49118e-06
5.25897e-06
-5.51295e-06
5.47866e-06
-3.42186e-06
5.13417e-06
-1.79755e-06
2.98295e-06
-4.63639e-07
7.68754e-07
1.28584e-06
-1.97338e-06
4.32224e-06
-5.58058e-06
7.85262e-06
-8.18969e-06
1.112e-05
-1.00803e-05
1.36737e-05
-1.03308e-05
1.6052e-05
-1.06734e-05
1.64436e-05
-1.21282e-05
1.53017e-05
-1.05076e-05
-4.7563e-06
1.2498e-05
1.27231e-06
-6.11088e-06
2.98791e-06
-4.55986e-06
3.70213e-06
8.22319e-07
5.70511e-06
6.13463e-06
1.53235e-05
9.59799e-06
5.40963e-06
-6.58404e-06
-8.88086e-06
3.63686e-06
-2.68282e-05
1.59803e-05
-3.73157e-05
1.32383e-05
-4.51909e-05
1.3134e-05
-4.28549e-05
3.1425e-06
-3.1214e-05
-6.50684e-06
-2.35256e-05
-4.70549e-06
-1.68937e-05
-5.86309e-06
-1.06107e-05
-8.25634e-06
-5.63594e-06
-1.05552e-05
-1.81029e-07
-1.36445e-05
5.58232e-06
-1.58436e-05
1.18544e-05
-1.66029e-05
1.91349e-05
-1.79539e-05
2.49235e-05
-1.79165e-05
3.1495e-05
-1.70789e-05
-5.95561e-06
3.26947e-05
-2.18118e-07
-5.89269e-06
2.78161e-07
-5.0561e-06
2.85243e-06
-1.75192e-06
8.14342e-06
8.43609e-07
1.55984e-05
2.14291e-06
9.68098e-06
-6.66667e-07
7.08407e-06
6.2338e-06
1.22939e-05
1.07707e-05
1.59943e-05
9.53812e-06
1.74494e-05
1.1679e-05
3.46609e-06
1.71257e-05
-1.07886e-05
7.74771e-06
-1.5499e-05
4.87738e-09
-4.68435e-06
-1.66778e-05
-8.60069e-06
-4.34005e-06
-2.47573e-05
5.60146e-06
-1.77739e-05
-2.06279e-05
-1.8992e-06
-3.17183e-05
7.29201e-06
-2.5794e-05
1.31183e-05
-2.37802e-05
1.56189e-05
-2.04171e-05
2.53129e-05
-2.67729e-05
-1.68586e-05
3.6216e-05
-3.55133e-07
-5.53757e-06
-8.11067e-08
-5.33014e-06
1.41397e-06
-3.24703e-06
3.72006e-06
-1.46253e-06
6.11253e-06
-2.49662e-07
5.67519e-06
-2.29447e-07
9.53712e-06
2.37174e-06
1.53436e-05
4.96424e-06
1.9285e-05
5.59673e-06
2.51897e-05
5.77432e-06
3.41349e-05
8.1804e-06
3.6023e-05
5.85972e-06
3.45335e-05
1.49431e-06
2.82071e-05
-1.03515e-05
2.60304e-05
-2.16337e-06
3.03899e-05
1.24174e-06
2.82309e-05
-1.8469e-05
2.47503e-05
-2.82378e-05
2.85831e-05
-2.96268e-05
3.33246e-05
-2.85217e-05
4.02401e-05
-2.73329e-05
4.62743e-05
-3.28073e-05
-2.67511e-05
5.61665e-05
-1.89111e-07
-5.34851e-06
3.13881e-08
-5.5507e-06
8.63717e-07
-4.07943e-06
2.12696e-06
-2.72586e-06
3.57943e-06
-1.70225e-06
4.46323e-06
-1.11339e-06
6.51144e-06
3.23351e-07
1.00846e-05
1.39089e-06
1.40461e-05
1.63509e-06
2.00432e-05
-2.2295e-07
2.82532e-05
-2.95227e-08
3.40245e-05
8.84159e-08
3.77277e-05
-2.209e-06
3.54928e-05
-8.11668e-06
4.06551e-05
-7.32579e-06
4.96551e-05
-7.7584e-06
4.82403e-05
-1.70542e-05
4.50413e-05
-2.50388e-05
4.41102e-05
-2.86958e-05
4.65228e-05
-3.09343e-05
5.19984e-05
-3.28085e-05
5.31131e-05
-3.3922e-05
-3.03402e-05
5.67021e-05
-1.3648e-07
-5.21212e-06
-7.63442e-08
-5.61093e-06
2.79033e-07
-4.4349e-06
9.00848e-07
-3.34778e-06
1.75543e-06
-2.55695e-06
2.69049e-06
-2.04858e-06
4.43112e-06
-1.41743e-06
6.93497e-06
-1.11313e-06
9.89445e-06
-1.32456e-06
1.27541e-05
-3.08282e-06
1.65771e-05
-3.85265e-06
2.00775e-05
-3.41215e-06
2.24704e-05
-4.60202e-06
2.38515e-05
-9.49781e-06
2.87851e-05
-1.22595e-05
3.48709e-05
-1.38443e-05
3.55798e-05
-1.77631e-05
3.29749e-05
-2.2434e-05
3.12648e-05
-2.69858e-05
3.19717e-05
-3.16411e-05
3.44964e-05
-3.53333e-05
3.64739e-05
-3.58996e-05
-3.29274e-05
3.9061e-05
-1.32867e-07
-5.07934e-06
-1.83844e-07
-5.56004e-06
-6.88046e-08
-4.55004e-06
2.80554e-07
-3.69723e-06
8.82708e-07
-3.15919e-06
1.71737e-06
-2.88334e-06
3.02996e-06
-2.73013e-06
4.79242e-06
-2.8757e-06
6.80553e-06
-3.33779e-06
8.19555e-06
-4.47297e-06
9.54868e-06
-5.20591e-06
1.15676e-05
-5.43117e-06
1.35488e-05
-6.58334e-06
1.42064e-05
-1.01555e-05
1.54198e-05
-1.3473e-05
1.66191e-05
-1.50437e-05
1.59544e-05
-1.70985e-05
1.35883e-05
-2.0068e-05
1.16989e-05
-2.50965e-05
1.17275e-05
-3.16697e-05
1.29826e-05
-3.65885e-05
1.48896e-05
-3.78067e-05
-3.51862e-05
1.71481e-05
-1.3576e-07
-4.94368e-06
-2.30679e-07
-5.46522e-06
-1.5775e-07
-4.62305e-06
1.29195e-07
-3.98426e-06
6.24201e-07
-3.65428e-06
1.31608e-06
-3.57529e-06
2.27234e-06
-3.68646e-06
3.40747e-06
-4.01091e-06
4.64889e-06
-4.57929e-06
5.58184e-06
-5.40601e-06
6.52221e-06
-6.14637e-06
7.89917e-06
-6.80823e-06
9.33524e-06
-8.01952e-06
9.45629e-06
-1.02767e-05
8.61034e-06
-1.26272e-05
7.11233e-06
-1.35458e-05
4.8784e-06
-1.48647e-05
2.59776e-06
-1.77875e-05
5.52222e-07
-2.30511e-05
-1.33891e-06
-2.97786e-05
-2.32329e-06
-3.56042e-05
-2.18011e-06
-3.79501e-05
-3.5068e-05
-2.29849e-06
-1.34967e-07
-4.8088e-06
-2.36172e-07
-5.3641e-06
-1.49832e-07
-4.70947e-06
1.35495e-07
-4.26965e-06
5.90027e-07
-4.10888e-06
1.19156e-06
-4.17689e-06
1.92389e-06
-4.41885e-06
2.73322e-06
-4.8203e-06
3.5236e-06
-5.36972e-06
4.17916e-06
-6.06162e-06
4.78851e-06
-6.75578e-06
5.48968e-06
-7.50947e-06
6.01222e-06
-8.54214e-06
5.70753e-06
-9.97208e-06
4.39899e-06
-1.13187e-05
2.77192e-06
-1.19188e-05
7.48673e-07
-1.28415e-05
-1.73716e-06
-1.53017e-05
-5.3068e-06
-1.94816e-05
-9.64417e-06
-2.54414e-05
-1.22124e-05
-3.30361e-05
-1.45986e-05
-3.55639e-05
-3.09298e-05
-1.8737e-05
-1.56791e-07
-4.65209e-06
-2.78186e-07
-5.24278e-06
-2.0141e-07
-4.78632e-06
6.72979e-08
-4.53843e-06
4.86398e-07
-4.52803e-06
1.0132e-06
-4.70374e-06
1.60998e-06
-5.01568e-06
2.21913e-06
-5.4295e-06
2.79091e-06
-5.94154e-06
3.25755e-06
-6.52831e-06
3.64685e-06
-7.14514e-06
3.96168e-06
-7.82435e-06
4.05588e-06
-8.6364e-06
3.65636e-06
-9.57263e-06
2.73038e-06
-1.03928e-05
1.65527e-06
-1.08438e-05
2.14228e-07
-1.14006e-05
-2.34234e-06
-1.27453e-05
-6.51492e-06
-1.53091e-05
-1.17076e-05
-2.02488e-05
-1.63071e-05
-2.84367e-05
-2.12432e-05
-3.06279e-05
-2.48249e-05
-2.73482e-05
-2.10206e-07
-4.44195e-06
-3.85756e-07
-5.06729e-06
-3.62096e-07
-4.81004e-06
-1.4988e-07
-4.7507e-06
2.06432e-07
-4.8844e-06
6.57228e-07
-5.15458e-06
1.15278e-06
-5.51127e-06
1.64701e-06
-5.92377e-06
2.08843e-06
-6.38299e-06
2.44257e-06
-6.88248e-06
2.70696e-06
-7.40956e-06
2.86411e-06
-7.98154e-06
2.84197e-06
-8.61431e-06
2.54288e-06
-9.27359e-06
1.991e-06
-9.84097e-06
1.37367e-06
-1.02265e-05
5.42644e-07
-1.05696e-05
-1.09906e-06
-1.11036e-05
-4.10489e-06
-1.23033e-05
-8.84186e-06
-1.55119e-05
-1.54644e-05
-2.18142e-05
-2.2447e-05
-2.36453e-05
-1.85989e-05
-2.86731e-05
-2.92707e-07
-4.14931e-06
-5.49152e-07
-4.81091e-06
-6.0781e-07
-4.75144e-06
-4.78508e-07
-4.88005e-06
-2.02279e-07
-5.16067e-06
1.71263e-07
-5.52816e-06
5.89592e-07
-5.92964e-06
1.00352e-06
-6.33773e-06
1.36582e-06
-6.74531e-06
1.64749e-06
-7.16418e-06
1.84107e-06
-7.60317e-06
1.9257e-06
-8.0662e-06
1.87272e-06
-8.56134e-06
1.65554e-06
-9.05643e-06
1.30695e-06
-9.49241e-06
9.0772e-07
-9.82727e-06
4.28762e-07
-1.00907e-05
-3.51572e-07
-1.03233e-05
-1.94293e-06
-1.0712e-05
-5.2323e-06
-1.22225e-05
-1.15931e-05
-1.54534e-05
-1.89003e-05
-1.63381e-05
-1.32557e-05
-2.42436e-05
-3.90594e-07
-3.75877e-06
-7.42055e-07
-4.45951e-06
-8.94896e-07
-4.59865e-06
-8.55383e-07
-4.91961e-06
-6.59286e-07
-5.35681e-06
-3.55348e-07
-5.83214e-06
1.13819e-09
-6.28615e-06
3.55833e-07
-6.69246e-06
6.69814e-07
-7.05931e-06
9.07711e-07
-7.4021e-06
1.05062e-06
-7.74609e-06
1.09303e-06
-8.10862e-06
1.02295e-06
-8.49127e-06
8.39619e-07
-8.87311e-06
5.73147e-07
-9.22594e-06
2.65351e-07
-9.51947e-06
-8.33807e-08
-9.74191e-06
-5.45625e-07
-9.86102e-06
-1.3756e-06
-9.88197e-06
-3.36581e-06
-1.02322e-05
-7.67988e-06
-1.11394e-05
-1.28679e-05
-1.115e-05
-9.45882e-06
-1.66648e-05
-4.95846e-07
-3.26298e-06
-9.45899e-07
-4.00951e-06
-1.19154e-06
-4.35306e-06
-1.23528e-06
-4.87592e-06
-1.10836e-06
-5.48377e-06
-8.59647e-07
-6.08088e-06
-5.4746e-07
-6.59837e-06
-2.28548e-07
-7.01139e-06
4.67921e-08
-7.33467e-06
2.47492e-07
-7.60281e-06
3.56221e-07
-7.85482e-06
3.6413e-07
-8.11653e-06
2.69445e-07
-8.39658e-06
8.67704e-08
-8.69043e-06
-1.67565e-07
-8.97159e-06
-4.64752e-07
-9.22226e-06
-7.93196e-07
-9.41344e-06
-1.16786e-06
-9.48632e-06
-1.67935e-06
-9.37044e-06
-2.73758e-06
-9.17396e-06
-4.98005e-06
-8.89681e-06
-8.02149e-06
-8.1086e-06
-6.89949e-06
-1.05808e-05
-6.00212e-07
-2.66282e-06
-1.14676e-06
-3.46302e-06
-1.4789e-06
-4.02096e-06
-1.59501e-06
-4.75986e-06
-1.52375e-06
-5.55506e-06
-1.3162e-06
-6.28847e-06
-1.03554e-06
-6.87904e-06
-7.43977e-07
-7.30297e-06
-4.93486e-07
-7.58517e-06
-3.18799e-07
-7.7775e-06
-2.39009e-07
-7.93461e-06
-2.6014e-07
-8.09539e-06
-3.78895e-07
-8.27781e-06
-5.87553e-07
-8.48175e-06
-8.65803e-07
-8.69331e-06
-1.19325e-06
-8.89478e-06
-1.55138e-06
-9.05527e-06
-1.92292e-06
-9.11474e-06
-2.30868e-06
-8.98463e-06
-2.88036e-06
-8.60221e-06
-3.81828e-06
-7.95885e-06
-5.03754e-06
-6.88924e-06
-5.55717e-06
-6.37984e-06
-7.01679e-07
-1.9612e-06
-1.33936e-06
-2.82539e-06
-1.74885e-06
-3.61153e-06
-1.92562e-06
-4.58313e-06
-1.89766e-06
-5.58305e-06
-1.72022e-06
-6.46595e-06
-1.46144e-06
-7.13784e-06
-1.18748e-06
-7.57694e-06
-9.53875e-07
-7.81878e-06
-7.98836e-07
-7.93253e-06
-7.42343e-07
-7.99109e-06
-7.89668e-07
-8.04805e-06
-9.36329e-07
-8.13112e-06
-1.17232e-06
-8.24573e-06
-1.48292e-06
-8.38267e-06
-1.8522e-06
-8.52544e-06
-2.25959e-06
-8.64783e-06
-2.67682e-06
-8.69745e-06
-3.06483e-06
-8.59656e-06
-3.41057e-06
-8.2564e-06
-3.76833e-06
-7.60101e-06
-4.02383e-06
-6.63372e-06
-5.32287e-06
-4.25809e-06
-7.97415e-07
-1.16384e-06
-1.51967e-06
-2.10318e-06
-1.99837e-06
-3.13288e-06
-2.22566e-06
-4.35587e-06
-2.23184e-06
-5.5769e-06
-2.07793e-06
-6.61988e-06
-1.83575e-06
-7.38004e-06
-1.57274e-06
-7.83996e-06
-1.34728e-06
-8.04424e-06
-1.20167e-06
-8.07812e-06
-1.15872e-06
-8.03402e-06
-1.22456e-06
-7.98218e-06
-1.39377e-06
-7.96188e-06
-1.65475e-06
-7.98469e-06
-1.99392e-06
-8.04345e-06
-2.39732e-06
-8.12199e-06
-2.84839e-06
-8.19669e-06
-3.31721e-06
-8.22856e-06
-3.75647e-06
-8.15724e-06
-4.10263e-06
-7.91016e-06
-4.28294e-06
-7.42064e-06
-4.26037e-06
-6.65621e-06
-5.60524e-06
-3.97794e-06
-8.89241e-07
-2.74658e-07
-1.68974e-06
-1.30274e-06
-2.22954e-06
-2.59312e-06
-2.49936e-06
-4.08608e-06
-2.53399e-06
-5.5423e-06
-2.40257e-06
-6.75133e-06
-2.17705e-06
-7.60557e-06
-1.92183e-06
-8.09518e-06
-1.6968e-06
-8.26926e-06
-1.54857e-06
-8.22634e-06
-1.50475e-06
-8.07781e-06
-1.57521e-06
-7.91168e-06
-1.75571e-06
-7.78134e-06
-2.03323e-06
-7.70712e-06
-2.39204e-06
-7.68458e-06
-2.81721e-06
-7.69676e-06
-3.29333e-06
-7.72051e-06
-3.79698e-06
-7.72483e-06
-4.28741e-06
-7.66675e-06
-4.70354e-06
-7.49395e-06
-4.96119e-06
-7.16291e-06
-4.98294e-06
-6.63442e-06
-5.87468e-06
-4.71344e-06
-9.78131e-07
7.03416e-07
-1.85317e-06
-4.27758e-07
-2.44855e-06
-1.99779e-06
-2.75529e-06
-3.77938e-06
-2.81586e-06
-5.48175e-06
-2.71077e-06
-6.85644e-06
-2.50612e-06
-7.81022e-06
-2.25917e-06
-8.34213e-06
-2.02981e-06
-8.4986e-06
-1.868e-06
-8.38813e-06
-1.80695e-06
-8.13884e-06
-1.8632e-06
-7.85539e-06
-2.03726e-06
-7.60724e-06
-2.31677e-06
-7.42756e-06
-2.68301e-06
-7.31828e-06
-3.1176e-06
-7.26211e-06
-3.60348e-06
-7.23456e-06
-4.12111e-06
-7.20713e-06
-4.64035e-06
-7.14744e-06
-5.11709e-06
-7.01714e-06
-5.48936e-06
-6.79057e-06
-5.68041e-06
-6.44331e-06
-5.91354e-06
-5.64147e-06
-1.06547e-06
1.76883e-06
-2.0187e-06
5.25418e-07
-2.66526e-06
-1.35127e-06
-3.00391e-06
-3.44077e-06
-3.0894e-06
-5.39629e-06
-3.01666e-06
-6.92921e-06
-2.83772e-06
-7.98917e-06
-2.60123e-06
-8.57862e-06
-2.36684e-06
-8.73298e-06
-2.18518e-06
-8.56977e-06
-2.09326e-06
-8.23072e-06
-2.11581e-06
-7.8328e-06
-2.26208e-06
-7.46092e-06
-2.52436e-06
-7.16522e-06
-2.88304e-06
-6.95953e-06
-3.31541e-06
-6.82967e-06
-3.80062e-06
-6.74928e-06
-4.3185e-06
-6.68918e-06
-4.84594e-06
-6.61993e-06
-5.35061e-06
-6.5124e-06
-5.79206e-06
-6.34904e-06
-6.12328e-06
-6.11204e-06
-5.74379e-06
-6.29297e-06
-1.16239e-06
2.93116e-06
-2.18447e-06
1.54745e-06
-2.88747e-06
-6.48318e-07
-3.25442e-06
-3.07384e-06
-3.36061e-06
-5.29013e-06
-3.32798e-06
-6.96185e-06
-3.17398e-06
-8.14318e-06
-2.94843e-06
-8.80416e-06
-2.712e-06
-8.96939e-06
-2.51146e-06
-8.77029e-06
-2.3829e-06
-8.35925e-06
-2.35718e-06
-7.85848e-06
-2.45488e-06
-7.36316e-06
-2.6783e-06
-6.94174e-06
-3.01124e-06
-6.62653e-06
-3.428e-06
-6.41285e-06
-3.90315e-06
-6.27406e-06
-4.41411e-06
-6.17814e-06
-4.93882e-06
-6.09515e-06
-5.45181e-06
-5.99935e-06
-5.92333e-06
-5.87745e-06
-6.3201e-06
-5.71522e-06
-5.4666e-06
-6.59721e-06
-1.2579e-06
4.18901e-06
-2.36184e-06
2.65134e-06
-3.11435e-06
1.04152e-07
-3.49883e-06
-2.6894e-06
-3.63794e-06
-5.15104e-06
-3.64283e-06
-6.95697e-06
-3.50009e-06
-8.28592e-06
-3.2818e-06
-9.02244e-06
-3.04889e-06
-9.20228e-06
-2.83834e-06
-8.98082e-06
-2.67846e-06
-8.51909e-06
-2.60063e-06
-7.93626e-06
-2.63554e-06
-7.3282e-06
-2.7997e-06
-6.77753e-06
-3.08702e-06
-6.33914e-06
-3.4728e-06
-6.02701e-06
-3.92757e-06
-5.81921e-06
-4.42474e-06
-5.68091e-06
-4.94086e-06
-5.57896e-06
-5.45158e-06
-5.48857e-06
-5.934e-06
-5.39498e-06
-6.35759e-06
-5.29157e-06
-5.14147e-06
-6.68265e-06
-1.34879e-06
5.53775e-06
-2.52359e-06
3.8261e-06
-3.30472e-06
8.85244e-07
-3.72185e-06
-2.2723e-06
-3.92201e-06
-4.9509e-06
-3.93441e-06
-6.94459e-06
-3.78109e-06
-8.43925e-06
-3.56519e-06
-9.23833e-06
-3.34378e-06
-9.42367e-06
-3.13857e-06
-9.18601e-06
-2.9639e-06
-8.69372e-06
-2.84392e-06
-8.0562e-06
-2.81362e-06
-7.35844e-06
-2.90468e-06
-6.68642e-06
-3.12714e-06
-6.11661e-06
-3.465e-06
-5.68908e-06
-3.88705e-06
-5.39711e-06
-4.3624e-06
-5.20549e-06
-4.86388e-06
-5.07743e-06
-5.36855e-06
-4.98383e-06
-5.85197e-06
-4.9115e-06
-6.28602e-06
-4.85749e-06
-4.7875e-06
-6.6399e-06
-1.40928e-06
6.94699e-06
-2.63547e-06
5.05225e-06
-3.42323e-06
1.67297e-06
-3.89935e-06
-1.7962e-06
-4.16242e-06
-4.68784e-06
-4.14566e-06
-6.96136e-06
-3.9666e-06
-8.61831e-06
-3.75364e-06
-9.45128e-06
-3.55471e-06
-9.62259e-06
-3.37386e-06
-9.36683e-06
-3.20856e-06
-8.85899e-06
-3.06932e-06
-8.1954e-06
-2.98654e-06
-7.44117e-06
-3.0017e-06
-6.67121e-06
-3.14512e-06
-5.97314e-06
-3.41771e-06
-5.41643e-06
-3.79308e-06
-5.02168e-06
-4.23614e-06
-4.76236e-06
-4.71661e-06
-4.5969e-06
-5.20808e-06
-4.49231e-06
-5.68671e-06
-4.43282e-06
-6.12738e-06
-4.41675e-06
-4.41548e-06
-6.49935e-06
-1.39378e-06
8.34072e-06
-2.65194e-06
6.31037e-06
-3.4636e-06
2.4846e-06
-3.99149e-06
-1.26833e-06
-4.27389e-06
-4.40546e-06
-4.2103e-06
-7.02496e-06
-4.00655e-06
-8.82206e-06
-3.80581e-06
-9.65201e-06
-3.64296e-06
-9.78542e-06
-3.50597e-06
-9.50379e-06
-3.37637e-06
-8.98856e-06
-3.24814e-06
-8.32359e-06
-3.13918e-06
-7.55009e-06
-3.09067e-06
-6.71968e-06
-3.14987e-06
-5.91388e-06
-3.34181e-06
-5.22443e-06
-3.65493e-06
-4.70852e-06
-4.05436e-06
-4.36288e-06
-4.50455e-06
-4.14666e-06
-4.97607e-06
-4.02074e-06
-5.44387e-06
-3.96497e-06
-5.88465e-06
-3.97596e-06
-4.03228e-06
-6.26778e-06
-1.30356e-06
9.64425e-06
-2.54122e-06
7.548e-06
-3.39451e-06
3.33786e-06
-3.94954e-06
-7.1331e-07
-4.19191e-06
-4.16311e-06
-4.07987e-06
-7.137e-06
-3.86549e-06
-9.03644e-06
-3.69261e-06
-9.82488e-06
-3.58125e-06
-9.89676e-06
-3.50612e-06
-9.5789e-06
-3.43578e-06
-9.05887e-06
-3.34923e-06
-8.41011e-06
-3.24792e-06
-7.65135e-06
-3.16225e-06
-6.80531e-06
-3.14555e-06
-5.93053e-06
-3.24736e-06
-5.12258e-06
-3.48221e-06
-4.47362e-06
-3.82432e-06
-4.02073e-06
-4.23408e-06
-3.73686e-06
-4.67738e-06
-3.57741e-06
-5.12748e-06
-3.51485e-06
-5.56075e-06
-3.54264e-06
-3.64299e-06
-5.95e-06
-1.16176e-06
1.0806e-05
-2.32271e-06
8.70892e-06
-3.18087e-06
4.196e-06
-3.72087e-06
-1.73333e-07
-3.8904e-06
-3.99358e-06
-3.73108e-06
-7.29633e-06
-3.52559e-06
-9.24192e-06
-3.40061e-06
-9.94985e-06
-3.35766e-06
-9.93969e-06
-3.35949e-06
-9.57705e-06
-3.36618e-06
-9.05215e-06
-3.34625e-06
-8.43001e-06
-3.28595e-06
-7.71161e-06
-3.19868e-06
-6.89254e-06
-3.12981e-06
-5.99936e-06
-3.14338e-06
-5.10897e-06
-3.28588e-06
-4.33108e-06
-3.55509e-06
-3.75148e-06
-3.913e-06
-3.37891e-06
-4.31988e-06
-3.17051e-06
-4.74439e-06
-3.0903e-06
-5.16255e-06
-3.12449e-06
-3.25807e-06
-5.54742e-06
-9.62054e-07
1.1768e-05
-1.99449e-06
9.74134e-06
-2.78678e-06
4.98826e-06
-3.27291e-06
3.12784e-07
-3.35302e-06
-3.91347e-06
-3.15633e-06
-7.49302e-06
-2.98813e-06
-9.41013e-06
-2.93665e-06
-1.00013e-05
-2.98014e-06
-9.8962e-06
-3.06979e-06
-9.48739e-06
-3.16247e-06
-8.95944e-06
-3.22364e-06
-8.36882e-06
-3.22972e-06
-7.70551e-06
-3.17694e-06
-6.94529e-06
-3.09171e-06
-6.08455e-06
-3.03549e-06
-5.16517e-06
-3.07949e-06
-4.28705e-06
-3.25922e-06
-3.57172e-06
-3.5513e-06
-3.08681e-06
-3.91088e-06
-2.81092e-06
-4.30174e-06
-2.69943e-06
-4.69644e-06
-2.72975e-06
-2.88275e-06
-5.07173e-06
-7.0618e-07
1.24742e-05
-1.56337e-06
1.05985e-05
-2.23327e-06
5.65815e-06
-2.6129e-06
6.92403e-07
-2.58181e-06
-3.94456e-06
-2.37513e-06
-7.6997e-06
-2.2841e-06
-9.50115e-06
-2.33555e-06
-9.94986e-06
-2.48083e-06
-9.7509e-06
-2.66179e-06
-9.30641e-06
-2.83826e-06
-8.78295e-06
-2.98074e-06
-8.22632e-06
-3.06415e-06
-7.62207e-06
-3.07246e-06
-6.93695e-06
-3.01081e-06
-6.14618e-06
-2.91988e-06
-5.25607e-06
-2.87597e-06
-4.33093e-06
-2.95264e-06
-3.49503e-06
-3.16296e-06
-2.87647e-06
-3.46501e-06
-2.50887e-06
-3.81338e-06
-2.35105e-06
-4.17645e-06
-2.3667e-06
-2.52964e-06
-4.52952e-06
-4.08026e-07
1.28822e-05
-1.05412e-06
1.12446e-05
-1.58524e-06
6.18926e-06
-1.78473e-06
8.91892e-07
-1.62197e-06
-4.10733e-06
-1.4529e-06
-7.86877e-06
-1.48527e-06
-9.46877e-06
-1.66423e-06
-9.77089e-06
-1.91581e-06
-9.49932e-06
-2.17956e-06
-9.04265e-06
-2.42453e-06
-8.53797e-06
-2.63324e-06
-8.01759e-06
-2.78738e-06
-7.46792e-06
-2.8671e-06
-6.85721e-06
-2.8601e-06
-6.15317e-06
-2.77908e-06
-5.33708e-06
-2.68012e-06
-4.42987e-06
-2.65423e-06
-3.5209e-06
-2.76538e-06
-2.76531e-06
-2.99614e-06
-2.27811e-06
-3.29331e-06
-2.05389e-06
-3.6168e-06
-2.04318e-06
-2.20741e-06
-3.93904e-06
-9.38479e-08
1.2976e-05
-5.09552e-07
1.16603e-05
-9.28074e-07
6.60777e-06
-8.74799e-07
8.38613e-07
-5.67327e-07
-4.4148e-06
-5.05836e-07
-7.93026e-06
-7.00233e-07
-9.27437e-06
-1.0129e-06
-9.45822e-06
-1.35643e-06
-9.15578e-06
-1.67877e-06
-8.7203e-06
-1.96418e-06
-8.25254e-06
-2.21057e-06
-7.77119e-06
-2.41173e-06
-7.26675e-06
-2.55235e-06
-6.71657e-06
-2.61251e-06
-6.093e-06
-2.58093e-06
-5.36864e-06
-2.47866e-06
-4.53213e-06
-2.37798e-06
-3.62157e-06
-2.38262e-06
-2.76067e-06
-2.52704e-06
-2.13369e-06
-2.76349e-06
-1.81742e-06
-3.0392e-06
-1.7675e-06
-1.92739e-06
-3.31921e-06
1.99184e-07
1.27768e-05
-1.1004e-08
1.18705e-05
-3.69493e-07
6.96625e-06
1.095e-08
4.58166e-07
4.09302e-07
-4.81316e-06
3.11696e-07
-7.83266e-06
-5.01243e-08
-8.91255e-06
-4.73279e-07
-9.03506e-06
-8.71425e-07
-8.75763e-06
-1.21381e-06
-8.37792e-06
-1.50292e-06
-7.96342e-06
-1.75071e-06
-7.52339e-06
-1.96375e-06
-7.0537e-06
-2.13655e-06
-6.54377e-06
-2.25206e-06
-5.97747e-06
-2.28786e-06
-5.33283e-06
-2.23345e-06
-4.58653e-06
-2.11861e-06
-3.7364e-06
-2.03795e-06
-2.84133e-06
-2.08619e-06
-2.08545e-06
-2.25272e-06
-1.65091e-06
-2.4722e-06
-1.548e-06
-1.70104e-06
-2.69855e-06
4.19213e-07
1.23576e-05
4.87377e-07
1.18023e-05
1.02116e-07
7.35151e-06
7.64836e-07
-2.04555e-07
1.0776e-06
-5.12592e-06
8.26305e-07
-7.58136e-06
3.63499e-07
-8.44974e-06
-1.12123e-07
-8.55943e-06
-5.09406e-07
-8.36035e-06
-8.25449e-07
-8.06187e-06
-1.07996e-06
-7.70891e-06
-1.29366e-06
-7.30968e-06
-1.48096e-06
-6.86639e-06
-1.64641e-06
-6.37832e-06
-1.78311e-06
-5.84076e-06
-1.87257e-06
-5.24338e-06
-1.89087e-06
-4.56823e-06
-1.82904e-06
-3.79823e-06
-1.72938e-06
-2.94099e-06
-1.69949e-06
-2.11535e-06
-1.78859e-06
-1.5618e-06
-1.94027e-06
-1.39635e-06
-1.54464e-06
-2.09666e-06
5.59414e-07
1.17982e-05
8.54083e-07
1.15076e-05
2.12608e-07
7.993e-06
1.01665e-06
-1.00859e-06
1.26649e-06
-5.37575e-06
9.44692e-07
-7.25955e-06
4.69576e-07
-7.97461e-06
4.12267e-08
-8.13108e-06
-2.86952e-07
-8.03216e-06
-5.30981e-07
-7.81784e-06
-7.19028e-07
-7.52086e-06
-8.72193e-07
-7.15651e-06
-1.00527e-06
-6.73331e-06
-1.12711e-06
-6.25648e-06
-1.24048e-06
-5.7274e-06
-1.3399e-06
-5.14396e-06
-1.40952e-06
-4.49862e-06
-1.42777e-06
-3.77999e-06
-1.39654e-06
-2.97222e-06
-1.37438e-06
-2.13752e-06
-1.42431e-06
-1.51189e-06
-1.51512e-06
-1.30555e-06
-1.50925e-06
-1.55051e-06
6.2618e-07
1.09761e-06
6.38488e-08
6.71209e-07
9.01349e-07
6.19138e-07
2.93769e-07
3.05296e-08
-1.58318e-07
-2.93019e-07
-3.94492e-07
-4.75201e-07
-5.43554e-07
-6.05487e-07
-6.65389e-07
-7.26368e-07
-7.88833e-07
-8.49839e-07
-8.98547e-07
-9.36017e-07
-9.73134e-07
-9.68463e-07
-8.68422e-07
1.14246e-05
-1.19123e-06
1.26881e-05
-1.26347e-06
1.4058e-05
-1.3699e-06
-2.27217e-06
1.63301e-05
9.35947e-06
-2.23888e-06
1.05898e-05
-2.49379e-06
1.17438e-05
-2.52388e-06
-4.10804e-06
1.35796e-05
8.0267e-06
-2.3951e-06
8.32148e-06
-2.78858e-06
7.58272e-06
-1.78513e-06
-2.84789e-06
6.32256e-06
8.0502e-06
-1.54696e-06
6.91903e-06
-1.6574e-06
5.39145e-06
-2.5758e-07
-3.29182e-07
2.87273e-06
4.04973e-06
-1.88266e-06
3.92098e-06
-1.52868e-06
4.7515e-06
-1.0881e-06
-7.96708e-07
5.219e-06
3.738e-06
-3.20761e-06
4.82382e-06
-2.61447e-06
5.85354e-06
-2.11785e-06
-1.87275e-06
6.92956e-06
5.53938e-06
-2.92812e-06
5.56097e-06
-2.6361e-06
5.96718e-06
-2.52408e-06
-2.4351e-06
6.52951e-06
1.05107e-05
-9.40814e-07
8.46177e-06
-5.87177e-07
6.87059e-06
-9.32898e-07
-1.78692e-06
6.22242e-06
3.09691e-05
7.84939e-07
2.77936e-05
2.58813e-06
1.88697e-05
7.99081e-06
6.65765e-06
1.04251e-05
4.10206e-05
-4.0196e-06
4.28266e-05
7.82263e-07
4.73665e-05
3.45112e-06
4.13421e-06
4.98901e-05
6.2369e-05
-1.02221e-05
6.93642e-05
-6.2125e-06
7.6315e-05
-3.49937e-06
-2.46023e-06
8.29097e-05
5.86825e-05
-1.22025e-05
6.23853e-05
-9.9154e-06
6.70135e-05
-8.12735e-06
-7.03767e-06
7.15911e-05
4.03556e-05
-1.34972e-05
4.20271e-05
-1.15868e-05
4.40063e-05
-1.01065e-05
-9.09216e-06
4.60608e-05
1.71288e-05
-1.34781e-05
1.69618e-05
-1.14199e-05
1.69666e-05
-1.01114e-05
-9.19929e-06
1.70737e-05
-3.93385e-06
-1.18429e-05
-5.72902e-06
-9.62484e-06
-7.55509e-06
-8.2854e-06
-7.24419e-06
-9.51032e-06
-2.11159e-05
-9.46409e-06
-2.32236e-05
-7.51716e-06
-2.52711e-05
-6.23804e-06
-5.39876e-06
-2.71166e-05
-2.82122e-05
-8.60022e-06
-2.85704e-05
-7.15915e-06
-2.93028e-05
-5.50557e-06
-4.62101e-06
-3.00807e-05
-2.93472e-05
-7.92617e-06
-2.92753e-05
-7.23097e-06
-2.89177e-05
-5.8633e-06
-4.95028e-06
-2.85885e-05
-2.61764e-05
-5.99343e-06
-2.73131e-05
-6.09445e-06
-2.72051e-05
-5.97117e-06
-5.29319e-06
-2.68623e-05
-1.86935e-05
-3.9648e-06
-2.06911e-05
-4.09664e-06
-2.21269e-05
-4.53551e-06
-4.52379e-06
-2.28962e-05
-1.16601e-05
-2.88543e-06
-1.28008e-05
-2.95608e-06
-1.42201e-05
-3.11615e-06
-3.39812e-06
-1.53457e-05
-7.00788e-06
-2.25735e-06
-7.63988e-06
-2.32395e-06
-8.27061e-06
-2.48541e-06
-2.75475e-06
-8.91395e-06
-4.49915e-06
-2.01627e-06
-4.80688e-06
-2.01625e-06
-5.18319e-06
-2.10903e-06
-2.2947e-06
-5.64321e-06
-3.87242e-06
-2.12175e-06
-3.83777e-06
-2.05081e-06
-3.90099e-06
-2.04578e-06
-2.13819e-06
-4.05747e-06
-4.51927e-06
-2.31589e-06
-4.35415e-06
-2.21591e-06
-4.22881e-06
-2.17106e-06
-2.19812e-06
-4.16884e-06
-5.5206e-06
-2.43671e-06
-5.39138e-06
-2.34507e-06
-5.26942e-06
-2.29296e-06
-2.29691e-06
-5.1706e-06
-6.2777e-06
-2.45192e-06
-6.23643e-06
-2.38629e-06
-6.18133e-06
-2.34802e-06
-2.35108e-06
-6.12713e-06
-6.65138e-06
-2.39771e-06
-6.67786e-06
-2.35978e-06
-6.68537e-06
-2.34046e-06
-2.35297e-06
-6.68346e-06
-6.77367e-06
-2.30665e-06
-6.83979e-06
-2.29359e-06
-6.88794e-06
-2.2923e-06
-2.3169e-06
-6.92399e-06
-6.75306e-06
-2.19344e-06
-6.84614e-06
-2.2005e-06
-6.92142e-06
-2.21697e-06
-2.25366e-06
-6.98464e-06
-6.62946e-06
-2.06328e-06
-6.74074e-06
-2.08913e-06
-6.83692e-06
-2.12078e-06
-2.17064e-06
-6.91993e-06
-6.41066e-06
-1.92036e-06
-6.53695e-06
-1.96286e-06
-6.64888e-06
-2.00881e-06
-2.07063e-06
-6.7489e-06
-6.10176e-06
-1.76858e-06
-6.23903e-06
-1.82552e-06
-6.36333e-06
-1.88453e-06
-1.95654e-06
-6.47742e-06
-5.70471e-06
-1.61128e-06
-5.84925e-06
-1.68101e-06
-5.98276e-06
-1.75101e-06
-1.8311e-06
-6.1082e-06
-5.22906e-06
-1.45393e-06
-5.37569e-06
-1.53433e-06
-5.51319e-06
-1.61353e-06
-1.6993e-06
-5.64499e-06
-4.68157e-06
-1.30188e-06
-4.82496e-06
-1.39099e-06
-4.96048e-06
-1.47801e-06
-1.56757e-06
-5.09223e-06
-4.07924e-06
-1.16167e-06
-4.21139e-06
-1.25882e-06
-4.33621e-06
-1.35323e-06
-1.44544e-06
-4.45835e-06
-3.43998e-06
-1.0409e-06
-3.55319e-06
-1.14565e-06
-3.6574e-06
-1.24902e-06
-1.34537e-06
-3.75749e-06
-2.79033e-06
-9.49119e-07
-2.87125e-06
-1.0647e-06
-2.94013e-06
-1.18016e-06
-1.2834e-06
-3.00211e-06
-2.14994e-06
-8.95846e-07
-2.18608e-06
-1.02859e-06
-2.20269e-06
-1.16355e-06
-1.27844e-06
-2.20766e-06
-1.51896e-06
-9.27403e-07
-1.46766e-06
-1.07988e-06
-1.40414e-06
-1.22709e-06
-1.34116e-06
-1.34143e-06
-7.84219e-07
-6.92805e-07
-6.0474e-07
-5.29502e-07
2.51943e-05
-7.50364e-06
2.43777e-05
-8.89986e-06
2.16372e-05
-7.5731e-06
1.69991e-05
-5.69802e-06
1.60468e-05
-8.46388e-06
1.84135e-05
-3.94107e-06
2.17559e-05
2.35125e-06
2.48854e-05
1.88087e-06
2.69127e-05
-2.48896e-06
2.93719e-05
-1.14808e-05
3.13725e-05
-1.45801e-05
3.31902e-05
-5.89208e-06
2.89341e-05
9.08903e-06
2.20613e-05
1.44446e-05
1.42168e-05
2.40148e-05
1.4751e-05
1.26921e-05
1.213e-05
3.93038e-07
4.75422e-06
2.90041e-06
2.50882e-05
1.70842e-05
-1.10082e-05
1.79533e-05
-9.76898e-06
1.64557e-05
-6.07545e-06
9.99207e-06
7.65562e-07
7.06365e-06
-5.53546e-06
7.95262e-06
-4.83003e-06
1.16343e-05
-1.33042e-06
1.78528e-05
-4.33763e-06
2.30647e-05
-7.7008e-06
2.07875e-05
-9.20373e-06
1.41369e-05
-7.9295e-06
1.57952e-05
-7.55038e-06
1.70475e-05
7.83674e-06
1.43061e-05
1.71861e-05
1.44974e-05
2.38234e-05
1.49132e-05
1.22763e-05
7.17089e-06
8.13532e-06
-1.33228e-06
1.14035e-05
2.37559e-05
3.42224e-06
-8.1079e-06
6.62031e-06
-1.29671e-05
7.17205e-06
-6.6272e-06
5.03949e-06
2.89812e-06
2.93776e-06
-3.43373e-06
3.3106e-06
-5.20287e-06
7.62608e-06
-5.6459e-06
1.42309e-05
-1.09425e-05
1.83634e-05
-1.18332e-05
1.46181e-05
-5.45848e-06
9.51451e-06
-2.82586e-06
8.01276e-06
-6.04863e-06
1.09361e-05
4.91334e-06
1.23797e-05
1.57425e-05
1.71305e-05
1.90726e-05
1.28796e-05
1.65271e-05
1.24256e-06
1.97723e-05
-5.3201e-06
1.79661e-05
1.84357e-05
-7.31912e-07
-4.50328e-06
1.95097e-06
-1.565e-05
8.75556e-06
-1.34318e-05
1.51912e-05
-3.53756e-06
1.36248e-05
-1.8673e-06
1.25378e-05
-4.11584e-06
1.37282e-05
-6.83637e-06
1.4072e-05
-1.12862e-05
1.23624e-05
-1.01236e-05
1.31168e-05
-6.21288e-06
1.76836e-05
-7.39265e-06
1.59887e-05
-4.35375e-06
1.52417e-05
5.66029e-06
1.47901e-05
1.6194e-05
1.73329e-05
1.65297e-05
1.09648e-05
2.28951e-05
2.2041e-06
2.8533e-05
-3.42385e-06
2.3594e-05
1.50118e-05
4.93598e-06
-4.22028e-06
2.17715e-06
-1.28912e-05
6.30924e-06
-1.75639e-05
1.48253e-05
-1.20537e-05
1.99513e-05
-6.99323e-06
2.23037e-05
-6.46829e-06
2.31637e-05
-7.69639e-06
2.14337e-05
-9.5563e-06
2.02147e-05
-8.90463e-06
2.24027e-05
-8.40097e-06
2.5659e-05
-1.0649e-05
2.61889e-05
-4.88373e-06
2.35105e-05
8.33861e-06
2.05854e-05
1.9119e-05
1.61986e-05
2.09165e-05
1.0904e-05
2.81896e-05
7.50148e-06
3.19354e-05
2.38303e-06
2.87122e-05
1.73947e-05
7.62718e-06
-4.91793e-06
5.09708e-06
-1.03611e-05
4.38524e-06
-1.68521e-05
8.90898e-06
-1.65774e-05
1.57892e-05
-1.38735e-05
2.16233e-05
-1.23024e-05
2.60929e-05
-1.2166e-05
2.89297e-05
-1.23932e-05
3.24131e-05
-1.2388e-05
3.58667e-05
-1.18547e-05
3.51113e-05
-9.89373e-06
3.2399e-05
-2.17155e-06
3.01789e-05
1.05587e-05
2.83517e-05
2.0946e-05
2.36548e-05
2.56133e-05
2.03452e-05
3.14991e-05
1.66686e-05
3.56119e-05
9.88992e-06
3.54909e-05
2.72846e-05
8.20962e-06
-6.59805e-06
8.50894e-06
-1.06604e-05
7.67345e-06
-1.60166e-05
1.02718e-05
-1.91758e-05
1.56607e-05
-1.92624e-05
2.19299e-05
-1.85716e-05
2.74646e-05
-1.77008e-05
3.18955e-05
-1.68241e-05
3.5662e-05
-1.61546e-05
3.87432e-05
-1.49359e-05
3.93727e-05
-1.05232e-05
3.82684e-05
-1.06735e-06
3.78889e-05
1.09381e-05
3.71113e-05
2.17236e-05
3.39549e-05
2.87697e-05
2.97985e-05
3.56556e-05
2.40858e-05
4.13246e-05
1.52141e-05
4.43625e-05
4.24987e-05
8.11756e-06
-8.49318e-06
1.10343e-05
-1.35772e-05
1.16809e-05
-1.66631e-05
1.41055e-05
-2.16003e-05
1.90223e-05
-2.4179e-05
2.59693e-05
-2.55184e-05
3.2964e-05
-2.46954e-05
3.898e-05
-2.284e-05
4.3829e-05
-2.10036e-05
4.697e-05
-1.80769e-05
4.77321e-05
-1.12853e-05
4.74121e-05
-7.47398e-07
4.75549e-05
1.07952e-05
4.67479e-05
2.25306e-05
4.26238e-05
3.28938e-05
3.51902e-05
4.30893e-05
2.59641e-05
5.05508e-05
1.53636e-05
5.49631e-05
5.78624e-05
6.97352e-06
-5.04143e-06
1.28504e-05
-1.94538e-05
1.54797e-05
-1.92921e-05
1.35397e-05
-1.966e-05
1.73413e-05
-2.79804e-05
2.7117e-05
-3.52937e-05
3.78576e-05
-3.54347e-05
4.70794e-05
-3.20609e-05
5.58278e-05
-2.9751e-05
6.30674e-05
-2.53158e-05
6.63062e-05
-1.45235e-05
6.65015e-05
-9.42684e-07
6.4884e-05
1.24127e-05
6.11961e-05
2.62186e-05
5.3041e-05
4.10489e-05
3.96491e-05
5.64812e-05
2.48929e-05
6.5307e-05
9.5319e-06
7.03241e-05
6.73943e-05
4.94684e-05
-4.61921e-06
4.74173e-05
-1.74022e-05
5.25531e-05
-2.44275e-05
5.97678e-05
-2.68745e-05
5.94131e-05
-2.76256e-05
5.78421e-05
-3.37229e-05
5.82117e-05
-3.58045e-05
6.31536e-05
-3.7003e-05
6.53295e-05
-3.1927e-05
7.43103e-05
-3.42965e-05
8.03672e-05
-2.05796e-05
8.71296e-05
-7.70436e-06
8.86482e-05
1.08945e-05
8.6271e-05
2.85959e-05
7.26339e-05
5.46857e-05
4.83095e-05
8.08044e-05
2.29046e-05
9.07114e-05
1.12798e-06
9.21018e-05
6.85223e-05
8.98796e-05
-1.15887e-05
9.11719e-05
-1.86943e-05
9.07944e-05
-2.40499e-05
9.18257e-05
-2.79056e-05
9.49779e-05
-3.07778e-05
9.6676e-05
-3.54214e-05
9.95486e-05
-3.86785e-05
0.000101433
-3.88888e-05
0.000103071
-3.35661e-05
9.26374e-05
-2.38641e-05
8.54585e-05
-1.34015e-05
8.46815e-05
-6.92723e-06
9.45554e-05
1.02116e-06
0.000101674
2.14783e-05
8.55156e-05
7.08444e-05
5.68359e-05
0.000109484
2.30649e-05
0.000124484
3.99078e-06
0.000111176
7.25134e-05
7.81195e-05
-1.8117e-05
8.03047e-05
-2.08794e-05
7.99238e-05
-2.3669e-05
7.74838e-05
-2.54656e-05
7.48681e-05
-2.8162e-05
7.14166e-05
-3.19698e-05
6.82614e-05
-3.55231e-05
6.75552e-05
-3.81827e-05
6.98544e-05
-3.58655e-05
7.31234e-05
-2.71334e-05
7.01536e-05
-1.04323e-05
6.22626e-05
9.63564e-07
4.93598e-05
1.39246e-05
2.72974e-05
4.35416e-05
1.3449e-06
9.6796e-05
-5.05206e-06
0.000115883
3.7774e-06
0.000115658
1.06346e-05
0.000104321
8.31476e-05
4.90493e-05
-2.11055e-05
4.90502e-05
-2.08805e-05
4.64908e-05
-2.11097e-05
4.1198e-05
-2.0173e-05
3.45452e-05
-2.15091e-05
2.8372e-05
-2.57965e-05
2.37757e-05
-3.09268e-05
2.07483e-05
-3.51551e-05
1.74456e-05
-3.25627e-05
1.03169e-05
-2.00045e-05
-1.86651e-06
1.75123e-06
-1.66876e-05
1.57846e-05
-3.41348e-05
3.13716e-05
-4.77668e-05
5.7173e-05
-4.31006e-05
9.21294e-05
-3.15136e-05
0.000104297
-9.60631e-06
9.37528e-05
4.01457e-06
9.07037e-05
8.71618e-05
1.63566e-05
-2.03886e-05
1.28876e-05
-1.74117e-05
5.9851e-06
-1.42075e-05
-1.74773e-06
-1.24404e-05
-6.02246e-06
-1.72346e-05
-5.96552e-06
-2.58536e-05
-6.32731e-06
-3.05651e-05
-1.12649e-05
-3.02176e-05
-1.91607e-05
-2.46668e-05
-2.90752e-05
-1.009e-05
-3.80322e-05
1.0708e-05
-4.93897e-05
2.71417e-05
-6.08117e-05
4.27928e-05
-6.47492e-05
6.11098e-05
-5.18282e-05
7.92088e-05
-3.2079e-05
8.45465e-05
-1.31015e-05
7.4774e-05
-2.43527e-06
8.00357e-05
8.47262e-05
-1.51677e-05
-1.47314e-05
-2.11219e-05
-1.14577e-05
-2.45478e-05
-1.07818e-05
-2.38467e-05
-1.31418e-05
-2.24368e-05
-1.86448e-05
-2.34275e-05
-2.48631e-05
-2.66111e-05
-2.73817e-05
-3.21804e-05
-2.46485e-05
-4.02215e-05
-1.66258e-05
-4.84041e-05
-1.90763e-06
-5.42628e-05
1.65664e-05
-6.02851e-05
3.31634e-05
-6.46926e-05
4.71995e-05
-6.28873e-05
5.93034e-05
-5.11225e-05
6.74427e-05
-3.15353e-05
6.49577e-05
-1.55009e-05
5.87378e-05
-2.84285e-06
6.73758e-05
8.18825e-05
-3.01874e-05
-1.16607e-05
-3.1831e-05
-9.81423e-06
-3.16813e-05
-1.09318e-05
-3.10444e-05
-1.3779e-05
-3.19247e-05
-1.77648e-05
-3.50048e-05
-2.17832e-05
-3.95362e-05
-2.28505e-05
-4.50138e-05
-1.91712e-05
-5.08846e-05
-1.07553e-05
-5.57153e-05
2.92279e-06
-5.81343e-05
1.8985e-05
-5.95267e-05
3.45552e-05
-5.91076e-05
4.67797e-05
-5.43184e-05
5.45133e-05
-4.24778e-05
5.56011e-05
-2.65386e-05
4.90172e-05
-1.56397e-05
4.78373e-05
-5.28562e-06
5.70201e-05
7.6596e-05
-3.1985e-05
-9.75649e-06
-3.29978e-05
-8.80159e-06
-3.28245e-05
-1.11053e-05
-3.34565e-05
-1.31472e-05
-3.61081e-05
-1.51135e-05
-4.03959e-05
-1.74956e-05
-4.53416e-05
-1.7905e-05
-5.01007e-05
-1.44122e-05
-5.38685e-05
-6.98777e-06
-5.55395e-05
4.5935e-06
-5.49804e-05
1.84256e-05
-5.25996e-05
3.21739e-05
-4.85541e-05
4.27338e-05
-4.22116e-05
4.81702e-05
-3.24383e-05
4.58272e-05
-2.21685e-05
3.87467e-05
-1.5e-05
4.06678e-05
-7.03733e-06
4.90561e-05
6.95583e-05
-2.90472e-05
-9.29789e-06
-2.9591e-05
-8.2579e-06
-2.99709e-05
-1.07255e-05
-3.21321e-05
-1.09861e-05
-3.59913e-05
-1.12544e-05
-4.07447e-05
-1.27424e-05
-4.55442e-05
-1.31057e-05
-4.94112e-05
-1.05454e-05
-5.1641e-05
-4.75817e-06
-5.15394e-05
4.49157e-06
-4.92284e-05
1.61143e-05
-4.45456e-05
2.74908e-05
-3.83216e-05
3.65095e-05
-3.15723e-05
4.14207e-05
-2.43214e-05
3.8576e-05
-1.92649e-05
3.36898e-05
-1.49035e-05
3.63059e-05
-8.52609e-06
4.26782e-05
6.10318e-05
-2.58708e-05
-1.02894e-05
-2.46454e-05
-9.48339e-06
-2.52812e-05
-1.00897e-05
-2.8149e-05
-8.11844e-06
-3.25986e-05
-6.80491e-06
-3.71371e-05
-8.20405e-06
-4.12486e-05
-8.99432e-06
-4.43803e-05
-7.41385e-06
-4.59106e-05
-3.22809e-06
-4.55863e-05
4.1671e-06
-4.29751e-05
1.35029e-05
-3.80438e-05
2.25594e-05
-3.14676e-05
2.99332e-05
-2.48025e-05
3.47554e-05
-1.93533e-05
3.31266e-05
-1.69539e-05
3.12904e-05
-1.44851e-05
3.3837e-05
-9.46333e-06
3.7656e-05
5.15685e-05
-2.2443e-05
-1.07426e-05
-2.09168e-05
-1.10095e-05
-2.14888e-05
-9.51775e-06
-2.39776e-05
-5.62967e-06
-2.7526e-05
-3.25656e-06
-3.08739e-05
-4.85631e-06
-3.38005e-05
-6.06779e-06
-3.60966e-05
-5.11783e-06
-3.743e-05
-1.89488e-06
-3.7617e-05
4.35403e-06
-3.56949e-05
1.15806e-05
-3.18605e-05
1.87249e-05
-2.65677e-05
2.46403e-05
-2.05978e-05
2.87855e-05
-1.62024e-05
2.87312e-05
-1.41094e-05
2.91975e-05
-1.23993e-05
3.21268e-05
-8.85883e-06
3.41156e-05
4.27095e-05
-1.69149e-05
-9.17343e-06
-1.77972e-05
-1.01272e-05
-1.89428e-05
-8.37217e-06
-2.02978e-05
-4.27468e-06
-2.17536e-05
-1.80075e-06
-2.36809e-05
-2.9291e-06
-2.52745e-05
-4.47431e-06
-2.64029e-05
-3.98944e-06
-2.72676e-05
-1.03028e-06
-2.73826e-05
4.46891e-06
-2.6276e-05
1.04739e-05
-2.38332e-05
1.6282e-05
-2.03209e-05
2.11279e-05
-1.6052e-05
2.45166e-05
-1.27271e-05
2.54063e-05
-1.04213e-05
2.68917e-05
-8.90147e-06
3.06072e-05
-6.65225e-06
3.18663e-05
3.60574e-05
-1.0814e-05
-7.27338e-06
-1.327e-05
-7.67118e-06
-1.51109e-05
-6.53122e-06
-1.54614e-05
-3.92412e-06
-1.51497e-05
-2.11246e-06
-1.56423e-05
-2.43661e-06
-1.631e-05
-3.80661e-06
-1.69792e-05
-3.32033e-06
-1.74013e-05
-6.08254e-07
-1.72057e-05
4.27331e-06
-1.63056e-05
9.57369e-06
-1.46307e-05
1.46071e-05
-1.23313e-05
1.88284e-05
-9.84687e-06
2.20322e-05
-7.96648e-06
2.3526e-05
-6.50323e-06
2.54285e-05
-5.29115e-06
2.93951e-05
-3.9731e-06
3.05485e-05
3.20843e-05
-6.90242e-06
-6.01412e-06
-8.51032e-06
-6.06322e-06
-9.63797e-06
-5.40353e-06
-9.55883e-06
-4.00324e-06
-8.77875e-06
-2.89254e-06
-8.35808e-06
-2.85729e-06
-8.49803e-06
-3.66669e-06
-8.98083e-06
-2.83757e-06
-9.37884e-06
-2.10276e-07
-9.17951e-06
4.07395e-06
-8.33696e-06
8.73111e-06
-7.00421e-06
1.32743e-05
-5.41928e-06
1.72435e-05
-3.93622e-06
2.05492e-05
-3.1761e-06
2.27659e-05
-2.89033e-06
2.51428e-05
-2.32342e-06
2.88283e-05
-1.80024e-06
3.00253e-05
3.02842e-05
-4.61194e-06
-5.45959e-06
-5.25279e-06
-5.4223e-06
-5.60189e-06
-5.05437e-06
-5.29089e-06
-4.31421e-06
-4.51896e-06
-3.66445e-06
-3.94431e-06
-3.43194e-06
-4.05426e-06
-3.55675e-06
-4.55362e-06
-2.33822e-06
-4.96012e-06
1.96212e-07
-4.71682e-06
3.83063e-06
-3.87543e-06
7.88972e-06
-2.65428e-06
1.20532e-05
-1.37482e-06
1.5964e-05
-3.68893e-07
1.95433e-05
-6.4392e-08
2.24614e-05
-3.17968e-07
2.53964e-05
-3.05795e-07
2.88162e-05
-4.23448e-07
3.01432e-05
2.98608e-05
-4.19454e-06
-5.43383e-06
-4.28254e-06
-5.33423e-06
-4.23583e-06
-5.10103e-06
-3.90829e-06
-4.6417e-06
-3.40923e-06
-4.16349e-06
-3.10522e-06
-3.73594e-06
-3.3678e-06
-3.29418e-06
-3.77611e-06
-1.92991e-06
-3.91673e-06
3.36825e-07
-3.47565e-06
3.38955e-06
-2.53074e-06
6.94481e-06
-1.28745e-06
1.08099e-05
-7.02951e-08
1.47469e-05
8.18855e-07
1.86541e-05
1.05463e-06
2.22257e-05
7.60269e-07
2.56908e-05
5.23649e-07
2.90529e-05
1.81088e-07
3.04857e-05
3.0042e-05
-5.03469e-06
-5.56969e-06
-4.93886e-06
-5.42999e-06
-4.82337e-06
-5.21646e-06
-4.6036e-06
-4.86142e-06
-4.3465e-06
-4.42057e-06
-4.21378e-06
-3.86864e-06
-4.37045e-06
-3.1375e-06
-4.48757e-06
-1.81278e-06
-4.32682e-06
1.76089e-07
-3.73256e-06
2.7953e-06
-2.74969e-06
5.96195e-06
-1.53924e-06
9.59947e-06
-3.67342e-07
1.3575e-05
5.2393e-07
1.77629e-05
8.68628e-07
2.1881e-05
7.33513e-07
2.5826e-05
5.18212e-07
2.92682e-05
1.83551e-07
3.08205e-05
3.02255e-05
-6.03964e-06
-5.65714e-06
-5.95207e-06
-5.5175e-06
-5.84714e-06
-5.32133e-06
-5.68776e-06
-5.02076e-06
-5.50724e-06
-4.60106e-06
-5.35751e-06
-4.01834e-06
-5.30166e-06
-3.19333e-06
-5.17517e-06
-1.93926e-06
-4.84676e-06
-1.52307e-07
-4.23139e-06
2.17994e-06
-3.33075e-06
5.06134e-06
-2.26246e-06
8.5312e-06
-1.23031e-06
1.25429e-05
-4.09038e-07
1.69417e-05
1.55039e-08
2.14565e-05
4.32871e-08
2.57982e-05
-1.62255e-08
2.93278e-05
-1.66885e-07
3.09712e-05
3.00587e-05
-6.6841e-06
-5.65645e-06
-6.64282e-06
-5.55871e-06
-6.54774e-06
-5.41634e-06
-6.39338e-06
-5.17507e-06
-6.20042e-06
-4.79399e-06
-5.99421e-06
-4.22452e-06
-5.79727e-06
-3.39026e-06
-5.55521e-06
-2.1813e-06
-5.17767e-06
-5.29835e-07
-4.61674e-06
1.61903e-06
-3.86593e-06
4.31056e-06
-2.99732e-06
7.66261e-06
-2.17047e-06
1.17161e-05
-1.51445e-06
1.62857e-05
-1.13146e-06
2.10736e-05
-9.79892e-07
2.56467e-05
-8.62277e-07
2.92102e-05
-6.61798e-07
3.07708e-05
2.93969e-05
-6.99587e-06
-5.58453e-06
-6.99128e-06
-5.56324e-06
-6.91514e-06
-5.49243e-06
-6.76702e-06
-5.32315e-06
-6.56151e-06
-4.99947e-06
-6.32416e-06
-4.46185e-06
-6.07393e-06
-3.64047e-06
-5.789e-06
-2.46622e-06
-5.42996e-06
-8.8885e-07
-4.9607e-06
1.14979e-06
-4.36826e-06
3.71815e-06
-3.7085e-06
7.00288e-06
-3.09742e-06
1.11051e-05
-2.62658e-06
1.58149e-05
-2.316e-06
2.0763e-05
-2.06304e-06
2.53938e-05
-1.70757e-06
2.88548e-05
-1.13935e-06
3.02026e-05
2.82576e-05
-7.10942e-06
-5.45971e-06
-7.14384e-06
-5.52878e-06
-7.09512e-06
-5.54111e-06
-6.96851e-06
-5.44972e-06
-6.77755e-06
-5.19039e-06
-6.54865e-06
-4.69072e-06
-6.29684e-06
-3.89226e-06
-6.02908e-06
-2.73395e-06
-5.73047e-06
-1.18744e-06
-5.37664e-06
7.95979e-07
-4.9522e-06
3.29373e-06
-4.4849e-06
6.53562e-06
-4.04866e-06
1.06689e-05
-3.71037e-06
1.54766e-05
-3.43251e-06
2.04852e-05
-3.05172e-06
2.5013e-05
-2.42251e-06
2.82256e-05
-1.46686e-06
2.92471e-05
2.67908e-05
-7.08768e-06
-5.29194e-06
-7.16709e-06
-5.44933e-06
-7.15852e-06
-5.54964e-06
-7.07494e-06
-5.53327e-06
-6.93152e-06
-5.33379e-06
-6.74651e-06
-4.87571e-06
-6.54477e-06
-4.09398e-06
-6.33724e-06
-2.94146e-06
-6.13632e-06
-1.38834e-06
-5.92126e-06
5.80935e-07
-5.67478e-06
3.04728e-06
-5.37052e-06
6.23139e-06
-5.02831e-06
1.03267e-05
-4.71137e-06
1.51597e-05
-4.3682e-06
2.01421e-05
-3.80322e-06
2.44481e-05
-2.88687e-06
2.73093e-05
-1.61601e-06
2.79762e-05
2.51748e-05
-6.95756e-06
-5.08326e-06
-7.08155e-06
-5.32531e-06
-7.12894e-06
-5.50221e-06
-7.10918e-06
-5.553e-06
-7.04019e-06
-5.40276e-06
-6.93709e-06
-4.9788e-06
-6.82241e-06
-4.20864e-06
-6.72167e-06
-3.04219e-06
-6.65131e-06
-1.45868e-06
-6.59759e-06
5.27239e-07
-6.50882e-06
2.95853e-06
-6.30064e-06
6.02324e-06
-5.94228e-06
9.96837e-06
-5.50947e-06
1.47269e-05
-4.99537e-06
1.9628e-05
-4.20333e-06
2.36561e-05
-3.04814e-06
2.61542e-05
-1.61751e-06
2.65457e-05
2.35573e-05
-6.72144e-06
-4.83924e-06
-6.89707e-06
-5.14966e-06
-7.01047e-06
-5.38878e-06
-7.07466e-06
-5.48879e-06
-7.10051e-06
-5.37689e-06
-7.10295e-06
-4.97635e-06
-7.10211e-06
-4.20946e-06
-7.12503e-06
-3.01926e-06
-7.19644e-06
-1.38725e-06
-7.2897e-06
6.20525e-07
-7.31441e-06
2.98326e-06
-7.12242e-06
5.83129e-06
-6.64138e-06
9.48736e-06
-5.97743e-06
1.4063e-05
-5.21906e-06
1.88697e-05
-4.21647e-06
2.26535e-05
-2.94102e-06
2.48788e-05
-1.53078e-06
2.51355e-05
2.20266e-05
-6.38503e-06
-4.56241e-06
-6.6109e-06
-4.92378e-06
-6.79521e-06
-5.20445e-06
-6.9483e-06
-5.33569e-06
-7.07674e-06
-5.24842e-06
-7.18867e-06
-4.86441e-06
-7.2963e-06
-4.10181e-06
-7.4254e-06
-2.89014e-06
-7.59889e-06
-1.21374e-06
-7.79964e-06
8.21302e-07
-7.91003e-06
3.09368e-06
-7.69698e-06
5.61826e-06
-7.02348e-06
8.8139e-06
-6.06616e-06
1.31057e-05
-5.03719e-06
1.78407e-05
-3.90004e-06
2.15164e-05
-2.64184e-06
2.36206e-05
-1.41077e-06
2.39045e-05
2.06158e-05
-5.94397e-06
-4.26344e-06
-6.2129e-06
-4.65485e-06
-6.46152e-06
-4.95581e-06
-6.69851e-06
-5.09868e-06
-6.92404e-06
-5.02288e-06
-7.13221e-06
-4.65623e-06
-7.32042e-06
-3.91358e-06
-7.50015e-06
-2.71039e-06
-7.69224e-06
-1.02163e-06
-7.91497e-06
1.04405e-06
-8.08703e-06
3.26578e-06
-7.90723e-06
5.43849e-06
-7.07628e-06
7.98299e-06
-5.86141e-06
1.18909e-05
-4.56622e-06
1.65456e-05
-3.3399e-06
2.02901e-05
-2.22399e-06
2.25047e-05
-1.28929e-06
2.29698e-05
1.93265e-05
-5.39798e-06
-3.9577e-06
-5.69266e-06
-4.36016e-06
-5.99047e-06
-4.658e-06
-6.29711e-06
-4.79203e-06
-6.60568e-06
-4.7143e-06
-6.8936e-06
-4.3683e-06
-7.13663e-06
-3.67053e-06
-7.31605e-06
-2.53095e-06
-7.44483e-06
-8.92831e-07
-7.56657e-06
1.16582e-06
-7.69004e-06
3.38927e-06
-7.61493e-06
5.36341e-06
-6.92292e-06
7.29101e-06
-5.56997e-06
1.0538e-05
-4.01547e-06
1.49911e-05
-2.66901e-06
1.89437e-05
-1.72968e-06
2.15654e-05
-1.14889e-06
2.2389e-05
1.81777e-05
-4.74745e-06
-3.66861e-06
-5.0431e-06
-4.06452e-06
-5.36293e-06
-4.33816e-06
-5.71593e-06
-4.43902e-06
-6.08964e-06
-4.34058e-06
-6.45013e-06
-4.0078e-06
-6.74697e-06
-3.37368e-06
-6.93225e-06
-2.34565e-06
-6.98314e-06
-8.41923e-07
-6.93487e-06
1.11757e-06
-6.86738e-06
3.3218e-06
-6.83251e-06
5.32858e-06
-6.52423e-06
6.98276e-06
-5.36144e-06
9.37521e-06
-3.59582e-06
1.32255e-05
-2.07655e-06
1.74245e-05
-1.20855e-06
2.06975e-05
-9.32227e-07
2.21127e-05
1.72455e-05
-3.99732e-06
-3.42879e-06
-4.25553e-06
-3.80632e-06
-4.55893e-06
-4.03475e-06
-4.92348e-06
-4.07446e-06
-5.33758e-06
-3.92647e-06
-5.76098e-06
-3.5844e-06
-6.13004e-06
-3.0046e-06
-6.36873e-06
-2.10694e-06
-6.41147e-06
-7.99169e-07
-6.24995e-06
9.5608e-07
-5.97768e-06
3.04956e-06
-5.79912e-06
5.15004e-06
-5.71464e-06
6.89831e-06
-5.03278e-06
8.69338e-06
-3.41461e-06
1.16074e-05
-1.72225e-06
1.57321e-05
-7.70219e-07
1.97455e-05
-6.46595e-07
2.19891e-05
1.65989e-05
-3.15265e-06
-3.27827e-06
-3.32964e-06
-3.62933e-06
-3.57237e-06
-3.79202e-06
-3.90326e-06
-3.74357e-06
-4.31641e-06
-3.51332e-06
-4.7774e-06
-3.1234e-06
-5.22188e-06
-2.56012e-06
-5.56044e-06
-1.76837e-06
-5.69389e-06
-6.65705e-07
-5.55816e-06
8.20357e-07
-5.19138e-06
2.6828e-06
-4.78757e-06
4.74624e-06
-4.58216e-06
6.69292e-06
-4.28501e-06
8.39625e-06
-3.21227e-06
1.05347e-05
-1.59137e-06
1.41112e-05
-5.25107e-07
1.86792e-05
-3.76131e-07
2.18401e-05
1.62227e-05
-2.22417e-06
-3.26177e-06
-2.28681e-06
-3.5667e-06
-2.43936e-06
-3.63948e-06
-2.69657e-06
-3.48636e-06
-3.05456e-06
-3.15532e-06
-3.49353e-06
-2.68443e-06
-3.97002e-06
-2.08362e-06
-4.40845e-06
-1.32993e-06
-4.69318e-06
-3.80958e-07
-4.71879e-06
8.45981e-07
-4.43556e-06
2.39959e-06
-3.93866e-06
4.24936e-06
-3.46016e-06
6.21444e-06
-3.13828e-06
8.07439e-06
-2.53595e-06
9.93238e-06
-1.34184e-06
1.29171e-05
-4.50689e-07
1.77881e-05
-2.84295e-07
2.16738e-05
1.59385e-05
-1.23376e-06
-3.36944e-06
-1.20858e-06
-3.59188e-06
-1.28366e-06
-3.56441e-06
-1.45052e-06
-3.3195e-06
-1.70341e-06
-2.90243e-06
-2.03829e-06
-2.34955e-06
-2.44524e-06
-1.67665e-06
-2.89389e-06
-8.81271e-07
-3.3008e-06
2.59629e-08
-3.53154e-06
1.07673e-06
-3.48461e-06
2.35267e-06
-3.11726e-06
3.88204e-06
-2.54215e-06
5.63934e-06
-1.94656e-06
7.47882e-06
-1.27255e-06
9.25839e-06
-4.6292e-07
1.21075e-05
-3.94193e-07
1.77194e-05
-7.2076e-07
2.20004e-05
1.52177e-05
-3.96959e-07
-3.45541e-07
-3.68342e-07
-4.45791e-07
-5.72451e-07
-7.56668e-07
-1.00628e-06
-1.31299e-06
-1.66085e-06
-1.98001e-06
-2.15001e-06
-2.06676e-06
-1.67464e-06
-9.43335e-07
4.39135e-07
1.48323e-06
-1.22564e-07
-1.99888e-06
)
;

boundaryField
{
    leftWall
    {
        type            calculated;
        value           uniform 0;
    }
    rightWall
    {
        type            calculated;
        value           uniform 0;
    }
    lowerWall
    {
        type            calculated;
        value           uniform 0;
    }
    atmosphere
    {
        type            calculated;
        value           nonuniform List<scalar> 
46
(
1.1172e-05
1.10362e-05
9.02677e-06
-1.61595e-06
-5.60589e-06
-6.97734e-06
-7.64924e-06
-7.86784e-06
-7.84332e-06
-7.68314e-06
-7.41939e-06
-7.07581e-06
-6.66496e-06
-6.19455e-06
-5.6675e-06
-5.08299e-06
-4.43616e-06
-3.71898e-06
-2.92352e-06
-2.10006e-06
-1.47478e-06
-1.31023e-06
-1.6093e-06
-1.01162e-06
-1.17131e-06
-1.31516e-06
-1.41641e-06
-3.50199e-06
-3.6433e-06
-3.54161e-06
-3.24205e-06
-2.77576e-06
-2.16533e-06
-1.42704e-06
-5.74558e-07
3.73828e-07
1.39589e-06
2.52267e-06
3.79879e-06
5.24723e-06
6.74752e-06
7.87592e-06
1.10634e-05
1.93252e-05
2.38767e-05
1.32188e-05
)
;
    }
    defaultFaces
    {
        type            empty;
        value           nonuniform List<scalar> 0();
    }
}


// ************************************************************************* //
