/*--------------------------------*- C++ -*----------------------------------*\
| =========                 |                                                 |
| \\      /  F ield         | OpenFOAM: The Open Source CFD Toolbox           |
|  \\    /   O peration     | Version:  2312                                  |
|   \\  /    A nd           | Website:  www.openfoam.com                      |
|    \\/     M anipulation  |                                                 |
\*---------------------------------------------------------------------------*/
FoamFile
{
    version     2.0;
    format      ascii;
    arch        "LSB;label=32;scalar=64";
    class       surfaceScalarField;
    location    "4.15";
    object      phi;
}
// * * * * * * * * * * * * * * * * * * * * * * * * * * * * * * * * * * * * * //

dimensions      [0 3 -1 0 0 0 0];

oriented        oriented;

internalField   nonuniform List<scalar> 
4432
(
-5.77854e-07
5.77858e-07
-1.74806e-06
1.17021e-06
-2.81833e-06
1.07028e-06
-3.62985e-06
8.11526e-07
-4.1368e-06
5.06962e-07
-4.36784e-06
2.31043e-07
-4.38837e-06
2.0534e-08
-4.25854e-06
-1.29818e-07
-4.01994e-06
-2.38603e-07
-3.69059e-06
-3.29348e-07
-3.29128e-06
-3.99312e-07
-2.85181e-06
-4.39477e-07
-2.40705e-06
-4.44768e-07
-1.99578e-06
-4.11284e-07
-1.64387e-06
-3.51917e-07
-1.35173e-06
-2.92152e-07
-1.13623e-06
-2.15502e-07
-9.92353e-07
-1.43885e-07
-8.78001e-07
-1.14356e-07
-7.55315e-07
-1.2269e-07
-6.31034e-07
-1.24284e-07
-5.604e-07
-7.06368e-08
-5.60402e-07
-1.33081e-06
1.90866e-06
-2.56333e-06
2.40273e-06
-3.5952e-06
2.10214e-06
-4.32748e-06
1.54382e-06
-4.74676e-06
9.26251e-07
-4.89686e-06
3.81155e-07
-4.83691e-06
-3.94068e-08
-4.65176e-06
-3.14959e-07
-4.36993e-06
-5.20425e-07
-4.00358e-06
-6.95691e-07
-3.57078e-06
-8.32118e-07
-3.10015e-06
-9.10118e-07
-2.62434e-06
-9.20597e-07
-2.18356e-06
-8.52088e-07
-1.80832e-06
-7.27177e-07
-1.48934e-06
-6.11146e-07
-1.24485e-06
-4.60008e-07
-1.07373e-06
-3.15017e-07
-9.27983e-07
-2.60112e-07
-7.63241e-07
-2.87437e-07
-5.52431e-07
-3.35098e-07
-4.21482e-07
-2.01589e-07
-9.81886e-07
-1.74647e-06
3.65514e-06
-3.14902e-06
3.80528e-06
-4.22872e-06
3.18185e-06
-4.94222e-06
2.25731e-06
-5.3079e-06
1.29194e-06
-5.38871e-06
4.61966e-07
-5.26988e-06
-1.58233e-07
-5.0358e-06
-5.49029e-07
-4.71934e-06
-8.36881e-07
-4.32419e-06
-1.09084e-06
-3.8641e-06
-1.29222e-06
-3.3648e-06
-1.40942e-06
-2.85263e-06
-1.43279e-06
-2.37153e-06
-1.33319e-06
-1.96324e-06
-1.13548e-06
-1.59752e-06
-9.76875e-07
-1.30259e-06
-7.5495e-07
-1.09011e-06
-5.27499e-07
-9.04555e-07
-4.4567e-07
-6.93881e-07
-4.98115e-07
-3.95725e-07
-6.33257e-07
-1.99365e-07
-3.97952e-07
-1.18126e-06
-2.01454e-06
5.66967e-06
-3.59491e-06
5.38564e-06
-4.75756e-06
4.34449e-06
-5.47985e-06
2.97961e-06
-5.8078e-06
1.6199e-06
-5.82869e-06
4.82857e-07
-5.63905e-06
-3.47866e-07
-5.36183e-06
-8.26243e-07
-5.0324e-06
-1.1663e-06
-4.63431e-06
-1.48893e-06
-4.17374e-06
-1.75279e-06
-3.66926e-06
-1.91391e-06
-3.12914e-06
-1.97291e-06
-2.59523e-06
-1.8671e-06
-2.13581e-06
-1.59491e-06
-1.68539e-06
-1.4273e-06
-1.28669e-06
-1.15366e-06
-9.84047e-07
-8.30141e-07
-7.3367e-07
-6.96049e-07
-4.87919e-07
-7.43868e-07
-1.55465e-07
-9.65711e-07
1.03689e-07
-6.57107e-07
-1.07756e-06
-2.11073e-06
7.7804e-06
-3.79608e-06
7.07098e-06
-5.02423e-06
5.57265e-06
-5.7501e-06
3.70548e-06
-6.03199e-06
1.9018e-06
-5.98005e-06
4.30918e-07
-5.69894e-06
-6.28981e-07
-5.3921e-06
-1.13308e-06
-5.08092e-06
-1.47748e-06
-4.72609e-06
-1.84376e-06
-4.32545e-06
-2.15342e-06
-3.87594e-06
-2.36342e-06
-3.34632e-06
-2.50253e-06
-2.77766e-06
-2.43576e-06
-2.281e-06
-2.09156e-06
-1.77776e-06
-1.93054e-06
-1.24666e-06
-1.68476e-06
-7.62573e-07
-1.31423e-06
-3.71374e-07
-1.08725e-06
-8.71163e-08
-1.02813e-06
2.48442e-08
-1.07767e-06
2.47217e-07
-8.79483e-07
-8.30355e-07
-2.09413e-06
9.87453e-06
-3.80054e-06
8.77741e-06
-5.02284e-06
6.79495e-06
-5.64102e-06
4.32368e-06
-5.73148e-06
1.99226e-06
-5.48805e-06
1.87485e-07
-5.15522e-06
-9.618e-07
-4.98421e-06
-1.30408e-06
-4.86256e-06
-1.59912e-06
-4.6374e-06
-2.06891e-06
-4.31652e-06
-2.47427e-06
-3.91257e-06
-2.76734e-06
-3.46789e-06
-2.94717e-06
-2.98026e-06
-2.92336e-06
-2.41261e-06
-2.65919e-06
-1.65545e-06
-2.68768e-06
-9.91374e-07
-2.34881e-06
-2.18246e-07
-2.08734e-06
4.80537e-07
-1.78602e-06
8.62958e-07
-1.41054e-06
4.07882e-07
-6.22591e-07
1.59846e-07
-6.31455e-07
-6.70508e-07
-1.93327e-06
1.18078e-05
-3.60292e-06
1.04471e-05
-4.87193e-06
8.06397e-06
-5.67127e-06
5.12304e-06
-5.89721e-06
2.21822e-06
-5.3543e-06
-3.55413e-07
-4.43676e-06
-1.87931e-06
-3.67972e-06
-2.06109e-06
-2.80213e-06
-2.47666e-06
-1.8683e-06
-3.00269e-06
-9.03128e-07
-3.43938e-06
9.04512e-08
-3.76085e-06
7.06589e-07
-3.56324e-06
7.55844e-07
-2.97254e-06
1.0418e-06
-2.94509e-06
1.79795e-06
-3.44377e-06
2.22321e-06
-2.77403e-06
2.9738e-06
-2.8379e-06
3.76141e-06
-2.5736e-06
4.16865e-06
-1.81777e-06
3.14784e-06
3.98215e-07
1.65093e-06
8.65448e-07
9.80444e-07
-1.30581e-06
1.31137e-05
-2.37792e-06
1.15192e-05
-2.79489e-06
8.48094e-06
-2.3957e-06
4.72384e-06
-7.99818e-07
6.22334e-07
1.15064e-06
-2.30586e-06
1.88585e-06
-2.6145e-06
1.99165e-06
-2.16686e-06
2.28855e-06
-2.77354e-06
2.48901e-06
-3.20312e-06
2.64675e-06
-3.59709e-06
2.87654e-06
-3.99061e-06
3.36199e-06
-4.04866e-06
3.68593e-06
-3.29645e-06
4.28101e-06
-3.54013e-06
4.84997e-06
-4.01271e-06
5.97594e-06
-3.89998e-06
6.86856e-06
-3.73052e-06
7.65251e-06
-3.35754e-06
8.27053e-06
-2.43579e-06
8.49417e-06
1.74564e-07
6.59453e-06
2.76509e-06
7.57496e-06
-1.57167e-07
1.57158e-07
-1.43828e-06
1.2811e-06
-3.86825e-06
2.42996e-06
-6.26883e-06
2.40057e-06
-7.77131e-06
1.50249e-06
-8.29837e-06
5.27056e-07
-7.68523e-06
-6.13145e-07
-6.50866e-06
-1.17657e-06
-5.56971e-06
-9.38944e-07
-5.77792e-06
2.08218e-07
-6.82151e-06
1.0436e-06
-7.30716e-06
4.85652e-07
-6.1396e-06
-1.16755e-06
-4.0387e-06
-2.10091e-06
-2.03246e-06
-2.00623e-06
-5.77361e-07
-1.4551e-06
1.9248e-07
-7.69836e-07
5.16116e-07
-3.23628e-07
5.16123e-07
2.86753e-07
-1.29614e-07
-9.92215e-07
2.56006e-06
-3.2478e-06
4.68553e-06
-5.40014e-06
4.55288e-06
-6.68775e-06
2.79007e-06
-6.76449e-06
6.03782e-07
-6.04822e-06
-1.32943e-06
-5.14773e-06
-2.07706e-06
-4.32514e-06
-1.76154e-06
-4.22135e-06
1.04424e-07
-5.20547e-06
2.02772e-06
-5.96733e-06
1.24752e-06
-5.28822e-06
-1.84666e-06
-3.72223e-06
-3.66689e-06
-2.30693e-06
-3.42153e-06
-1.02359e-06
-2.73843e-06
-1.60439e-07
-1.63298e-06
1.67968e-07
-6.52024e-07
6.84105e-07
-4.64492e-06
4.51523e-06
-7.17728e-06
5.09234e-06
-7.45255e-06
4.96074e-06
-7.63457e-06
4.73487e-06
-6.1414e-06
1.29687e-06
-4.23419e-06
-1.30345e-06
-3.7929e-06
-1.77074e-06
-4.58717e-06
-1.28279e-06
-5.61935e-06
-7.29338e-07
-6.52009e-06
1.00518e-06
-7.2676e-06
2.77524e-06
-7.22211e-06
1.20204e-06
-6.75773e-06
-2.31103e-06
-5.77952e-06
-4.64509e-06
-4.14451e-06
-5.05653e-06
-2.20307e-06
-4.67987e-06
-1.19079e-06
-2.64524e-06
-7.60916e-07
-1.08189e-06
-7.68067e-08
-1.55299e-05
2.00449e-05
-1.72782e-05
6.84053e-06
-1.09004e-05
-1.4172e-06
-3.40251e-06
-2.76321e-06
4.25839e-06
-6.36416e-06
1.07862e-05
-7.83138e-06
1.46166e-05
-5.60124e-06
1.0854e-05
2.47968e-06
1.89386e-06
8.23081e-06
-5.81174e-06
8.71075e-06
-7.59808e-06
4.56154e-06
-7.19998e-06
8.03925e-07
-8.11015e-06
-1.40086e-06
-7.52315e-06
-5.23208e-06
-5.61105e-06
-6.96859e-06
-3.65174e-06
-6.63914e-06
-2.57353e-06
-3.72341e-06
-1.6178e-06
-2.03758e-06
-1.69455e-06
-9.01865e-06
2.90635e-05
-7.30248e-06
5.12432e-06
-2.05277e-06
-6.66695e-06
1.52882e-06
-6.34483e-06
5.78457e-06
-1.06199e-05
1.1464e-05
-1.35108e-05
1.746e-05
-1.15972e-05
1.88527e-05
1.08703e-06
1.53298e-05
1.17537e-05
1.1739e-05
1.23016e-05
1.04198e-05
5.88072e-06
8.60262e-06
2.62114e-06
4.73305e-07
6.72849e-06
-4.47966e-06
-2.7908e-07
-4.52324e-06
-6.92497e-06
-4.29852e-06
-6.86381e-06
-1.10984e-06
-6.91205e-06
2.72358e-06
-5.87098e-06
1.02903e-06
-1.2298e-06
3.02932e-05
4.71999e-06
-8.25625e-07
6.1856e-06
-8.13269e-06
7.97094e-06
-8.13028e-06
8.67167e-06
-1.13207e-05
1.0911e-05
-1.57502e-05
1.44825e-05
-1.51688e-05
1.70007e-05
-1.43131e-06
1.67841e-05
1.19703e-05
1.63419e-05
1.27437e-05
1.49102e-05
7.31246e-06
1.2348e-05
5.18332e-06
8.28931e-06
1.07872e-05
3.10881e-06
4.90143e-06
2.42706e-06
-6.2432e-06
3.78415e-06
-8.22086e-06
5.20431e-06
-8.33218e-06
5.48845e-06
-6.15509e-06
6.51753e-06
4.01403e-06
2.6279e-05
1.04902e-05
-7.30193e-06
1.31309e-05
-1.07736e-05
1.40992e-05
-9.09865e-06
1.17513e-05
-8.97291e-06
1.0073e-05
-1.4072e-05
1.08936e-05
-1.59894e-05
1.27414e-05
-3.27916e-06
1.47028e-05
1.00088e-05
1.61605e-05
1.12859e-05
1.56499e-05
7.82302e-06
1.25949e-05
8.23833e-06
8.75637e-06
1.46257e-05
4.9192e-06
8.73862e-06
6.00953e-06
-7.3335e-06
6.47413e-06
-8.68545e-06
6.10834e-06
-7.96635e-06
5.99581e-06
-6.04252e-06
1.25133e-05
1.36978e-05
1.25811e-05
1.67359e-05
-1.03401e-05
1.76512e-05
-1.1689e-05
1.7038e-05
-8.48543e-06
1.26197e-05
-4.55472e-06
7.93619e-06
-9.38855e-06
6.87445e-06
-1.49277e-05
8.04614e-06
-4.45086e-06
1.15616e-05
6.49339e-06
1.41781e-05
8.66939e-06
1.45793e-05
7.42183e-06
1.15913e-05
1.12262e-05
7.39041e-06
1.88267e-05
4.40235e-06
1.17267e-05
5.61579e-06
-8.54692e-06
4.19225e-06
-7.26189e-06
2.33732e-06
-6.11139e-06
3.55289e-06
-7.25809e-06
1.60663e-05
3.03825e-06
1.00753e-05
5.28951e-06
9.26786e-06
6.95197e-06
6.81842e-06
8.61362e-06
3.06217e-06
1.02833e-05
-1.04736e-06
1.1271e-05
-3.29356e-06
1.25628e-05
-3.90632e-06
1.40033e-05
-3.6073e-06
1.44936e-05
-3.26381e-06
1.43848e-05
-3.09436e-06
1.40996e-05
-3.31189e-06
1.39296e-05
-3.82058e-06
1.38803e-05
-3.99937e-06
1.4004e-05
-3.42011e-06
1.54118e-05
-4.94788e-06
1.70797e-05
-5.68062e-06
1.89366e-05
-5.75688e-06
2.02899e-05
-5.08379e-06
2.16095e-05
-4.6772e-06
2.29255e-05
-3.75182e-06
2.51893e-05
-2.08918e-06
2.79575e-05
-3.22538e-09
1.44681e-06
3.40857e-05
3.97712e-06
6.09813e-06
7.09068e-06
6.15424e-06
9.64193e-06
4.26715e-06
1.18424e-05
8.61694e-07
1.31736e-05
-2.37855e-06
1.38113e-05
-3.93132e-06
1.44846e-05
-4.57963e-06
1.51022e-05
-4.22482e-06
1.53614e-05
-3.52308e-06
1.5281e-05
-3.01396e-06
1.51292e-05
-3.16001e-06
1.52493e-05
-3.9407e-06
1.54686e-05
-4.21873e-06
1.56263e-05
-3.57772e-06
1.56968e-05
-5.01842e-06
1.58719e-05
-5.85571e-06
1.66396e-05
-6.52457e-06
1.80212e-05
-6.46547e-06
1.95075e-05
-6.16347e-06
2.05059e-05
-4.75026e-06
2.1528e-05
-3.11133e-06
2.28477e-05
-1.32297e-06
-2.08688e-06
2.63814e-05
2.83578e-06
3.26234e-06
5.73281e-06
3.25721e-06
8.60543e-06
1.39453e-06
1.12075e-05
-1.74035e-06
1.302e-05
-4.19107e-06
1.35422e-05
-4.4536e-06
1.35285e-05
-4.56595e-06
1.35027e-05
-4.19903e-06
1.3801e-05
-3.82139e-06
1.38927e-05
-3.10562e-06
1.36973e-05
-2.9646e-06
1.32463e-05
-3.48978e-06
1.30572e-05
-4.02959e-06
1.31849e-05
-3.70548e-06
1.13331e-05
-3.16659e-06
8.66802e-06
-3.19068e-06
6.03693e-06
-3.8935e-06
5.87224e-06
-6.30081e-06
7.47154e-06
-7.76281e-06
7.51148e-06
-4.79025e-06
7.65125e-06
-3.25114e-06
8.99597e-06
-2.66777e-06
-3.79489e-06
1.0704e-05
2.03322e-06
1.22909e-06
4.3366e-06
9.53811e-07
6.8298e-06
-1.0987e-06
8.85349e-06
-3.76406e-06
1.00451e-05
-5.3827e-06
1.03027e-05
-4.7112e-06
1.03523e-05
-4.61559e-06
9.02327e-06
-2.87001e-06
7.2642e-06
-2.06234e-06
4.5863e-06
-4.27751e-07
1.74307e-06
-1.21397e-07
-1.13414e-07
-1.63333e-06
-3.97387e-07
-3.74566e-06
2.5293e-07
-4.35585e-06
-8.99735e-08
-2.82374e-06
-4.88653e-06
1.60582e-06
-9.08304e-06
3.02955e-07
-9.11254e-06
-6.27136e-06
-7.93321e-06
-8.94219e-06
-8.01723e-06
-4.70628e-06
-7.5986e-06
-3.66983e-06
-7.08326e-06
-3.18312e-06
-9.66163e-07
-9.91201e-06
-2.08567e-07
1.43764e-06
1.34977e-06
-6.04535e-07
2.42897e-06
-2.17792e-06
2.01214e-06
-3.34724e-06
7.29943e-07
-4.10052e-06
-4.60773e-07
-3.5205e-06
-1.96052e-06
-3.11586e-06
-5.08375e-06
2.53195e-07
-8.94005e-06
1.79393e-06
-1.16715e-05
2.3037e-06
-1.2633e-05
8.40039e-07
-1.11878e-05
-3.07861e-06
-9.0611e-06
-5.8724e-06
-7.62252e-06
-5.79448e-06
-5.96584e-06
-4.48048e-06
-5.60504e-06
1.24496e-06
-4.82063e-06
-4.81503e-07
-4.7371e-06
-6.35494e-06
-6.83159e-06
-6.84775e-06
-8.34163e-06
-3.19628e-06
-9.59235e-06
-2.41913e-06
-1.11773e-05
-1.59819e-06
2.3174e-06
-1.44609e-05
4.92657e-07
9.44987e-07
1.25091e-06
-1.36279e-06
3.79689e-07
-1.3067e-06
-1.71353e-06
-1.25402e-06
-4.49912e-06
-1.31493e-06
-6.44947e-06
-1.57016e-06
-7.99487e-06
-1.57047e-06
-7.56229e-06
-1.79402e-07
-5.94299e-06
1.74603e-07
-3.06881e-06
-5.70514e-07
-7.33813e-07
-1.49499e-06
-5.96013e-07
-3.21645e-06
-1.85499e-06
-4.61347e-06
-2.76853e-06
-4.881e-06
-2.41485e-06
-4.8342e-06
1.6438e-06
-2.81374e-06
4.77419e-06
-3.61194e-06
3.53647e-06
-5.11725e-06
9.30482e-07
-4.24179e-06
-4.00431e-07
-1.86539e-06
-1.74115e-06
-1.07843e-06
-3.58778e-06
2.48446e-07
4.02703e-06
-5.2974e-06
6.6749e-06
-5.72985e-06
7.24175e-06
-1.92961e-06
5.93225e-06
2.79706e-09
3.1567e-06
1.5215e-06
-9.10469e-07
2.75224e-06
-4.04859e-06
1.56797e-06
-5.19539e-06
-4.23672e-07
-3.92512e-06
-1.44968e-06
-1.87067e-06
-1.87985e-06
2.11166e-07
-2.65235e-06
1.68763e-06
-2.97147e-06
2.10559e-06
-3.63441e-06
1.81388e-06
-4.32176e-06
2.04641e-06
-5.11352e-06
3.21714e-06
-6.0049e-06
6.61807e-06
-6.21465e-06
9.36641e-06
-6.36027e-06
9.85712e-06
-5.60796e-06
9.18703e-06
-3.57171e-06
9.73474e-06
-2.4131e-06
1.02232e-05
-1.56685e-06
1.00362e-05
4.35411e-07
5.29911e-06
8.76411e-06
-3.4734e-05
2.90047e-05
-2.50275e-05
-1.1636e-05
-2.30067e-05
-2.01795e-06
-3.29196e-05
1.14343e-05
-4.68577e-05
1.66901e-05
-5.825e-05
1.29603e-05
-5.53768e-05
-3.297e-06
-4.50169e-05
-1.18095e-05
-3.5843e-05
-1.10532e-05
-2.62606e-05
-1.22342e-05
-1.86612e-05
-1.05705e-05
-1.16508e-05
-1.06444e-05
-5.84451e-06
-1.01278e-05
-2.47327e-07
-1.07105e-05
5.00498e-06
-1.12572e-05
1.0904e-05
-1.21136e-05
1.50158e-05
-1.04719e-05
1.59393e-05
-6.53099e-06
1.47709e-05
-2.40311e-06
1.40807e-05
-1.72287e-06
1.60051e-05
-3.49122e-06
1.94557e-05
-3.01514e-06
3.69557e-06
2.10595e-05
3.63855e-06
2.53664e-05
-6.31303e-06
-1.68391e-06
-1.86407e-05
1.03101e-05
-2.02694e-05
1.30632e-05
-1.26364e-05
9.05705e-06
-5.16492e-07
8.40261e-07
-2.75214e-06
-1.06152e-06
-1.77122e-05
3.15023e-06
-3.58536e-05
7.088e-06
-4.70767e-05
-1.01109e-06
-3.66054e-05
-2.10418e-05
-2.13178e-05
-2.5932e-05
-1.06676e-05
-2.07779e-05
-7.17415e-06
-1.42039e-05
9.73752e-08
-1.85286e-05
1.02145e-05
-2.22305e-05
2.16653e-05
-2.19225e-05
1.63809e-05
-1.2464e-06
1.3343e-05
6.34534e-07
4.61818e-06
7.00175e-06
3.09977e-06
-1.97325e-06
1.42992e-05
-1.42146e-05
-1.17059e-05
2.97008e-05
1.08753e-05
1.44913e-05
7.5356e-06
1.65625e-06
1.15137e-05
6.33249e-06
1.63536e-05
8.22366e-06
1.97529e-05
5.65806e-06
2.37317e-05
-3.13824e-06
2.79582e-05
-5.28775e-06
3.26452e-05
-1.53666e-06
4.0164e-05
-4.31111e-07
4.43604e-05
-5.20787e-06
3.89771e-05
-1.56587e-05
3.4687e-05
-2.16422e-05
3.57034e-05
-2.17944e-05
4.04565e-05
-1.8957e-05
3.9944e-05
-1.80161e-05
3.63948e-05
-1.86814e-05
2.98838e-05
-1.54117e-05
3.13169e-05
-2.68009e-06
3.02704e-05
1.68062e-06
3.42869e-05
2.9848e-06
3.18359e-05
4.77369e-07
1.98052e-05
-2.18427e-06
-1.46886e-06
9.56694e-06
8.43395e-06
6.0577e-06
8.77258e-06
1.31799e-06
1.21753e-05
2.93017e-06
1.6544e-05
3.85522e-06
1.97171e-05
2.48546e-06
1.74137e-05
-8.34464e-07
1.656e-05
-4.43361e-06
2.24685e-05
-7.44465e-06
3.09285e-05
-8.89084e-06
3.66232e-05
-1.09022e-05
3.57753e-05
-1.48104e-05
3.31966e-05
-1.90633e-05
3.21554e-05
-2.0753e-05
3.26488e-05
-1.94504e-05
3.27366e-05
-1.81039e-05
3.15924e-05
-1.75374e-05
3.13981e-05
-1.52176e-05
3.83647e-05
-9.64691e-06
4.60811e-05
-6.03583e-06
5.26527e-05
-3.58691e-06
5.44159e-05
-1.28609e-06
4.96923e-05
2.53892e-06
1.03598e-05
3.78634e-05
5.02231e-06
1.03583e-06
6.61398e-06
-2.73315e-07
8.74925e-06
7.95217e-07
1.103e-05
1.57478e-06
1.20924e-05
1.42337e-06
1.15039e-05
-2.45551e-07
1.30642e-05
-5.99353e-06
1.64673e-05
-1.08473e-05
2.00342e-05
-1.24573e-05
2.16913e-05
-1.25589e-05
2.14011e-05
-1.45198e-05
2.11958e-05
-1.88576e-05
2.15314e-05
-2.10883e-05
2.13878e-05
-1.93066e-05
2.06155e-05
-1.73314e-05
1.91076e-05
-1.60293e-05
1.87284e-05
-1.48383e-05
2.27004e-05
-1.36188e-05
2.89145e-05
-1.22498e-05
3.46006e-05
-9.27318e-06
3.75885e-05
-4.27423e-06
3.84816e-05
1.64601e-06
1.03177e-05
3.85232e-05
2.77872e-06
-1.7426e-06
4.49464e-06
-1.98893e-06
6.04862e-06
-7.58477e-07
7.52409e-06
9.95852e-08
8.54342e-06
4.04327e-07
9.08223e-06
-7.84056e-07
1.02802e-05
-7.19116e-06
1.07903e-05
-1.13571e-05
1.10134e-05
-1.26801e-05
1.12722e-05
-1.28174e-05
1.18253e-05
-1.50726e-05
1.24355e-05
-1.94676e-05
1.25648e-05
-2.12174e-05
1.1696e-05
-1.84377e-05
1.03248e-05
-1.596e-05
8.48482e-06
-1.41892e-05
8.08311e-06
-1.44365e-05
1.11762e-05
-1.67118e-05
1.57288e-05
-1.68026e-05
1.94604e-05
-1.30049e-05
2.06727e-05
-5.48649e-06
2.0737e-05
1.58115e-06
9.87606e-06
2.11789e-05
1.58815e-06
-3.33042e-06
2.89002e-06
-3.29053e-06
4.16969e-06
-2.0379e-06
5.57423e-06
-1.3047e-06
7.12283e-06
-1.14403e-06
8.8168e-06
-2.47778e-06
8.62869e-06
-7.00281e-06
7.72558e-06
-1.04537e-05
6.5233e-06
-1.14776e-05
6.14323e-06
-1.24372e-05
6.27659e-06
-1.52058e-05
5.89133e-06
-1.90822e-05
4.77711e-06
-2.01031e-05
3.80479e-06
-1.74652e-05
2.52985e-06
-1.4685e-05
1.08939e-06
-1.27487e-05
6.90592e-07
-1.40377e-05
1.81355e-06
-1.78348e-05
3.23408e-06
-1.82231e-05
4.39475e-06
-1.41657e-05
4.41459e-06
-5.50654e-06
2.19335e-06
3.8026e-06
1.38248e-05
-1.75557e-06
8.4865e-07
-4.17891e-06
1.6847e-06
-4.12638e-06
2.67355e-06
-3.02654e-06
3.8981e-06
-2.52905e-06
5.48469e-06
-2.73043e-06
7.03977e-06
-4.03267e-06
6.99631e-06
-6.95916e-06
5.97918e-06
-9.43644e-06
5.0133e-06
-1.05116e-05
4.35648e-06
-1.17802e-05
3.43597e-06
-1.42852e-05
1.81164e-06
-1.74577e-05
-2.47875e-07
-1.80435e-05
-1.53361e-06
-1.61794e-05
-2.61368e-06
-1.36049e-05
-3.51436e-06
-1.1848e-05
-4.56246e-06
-1.29896e-05
-6.25717e-06
-1.61401e-05
-7.98226e-06
-1.64981e-05
-1.00206e-05
-1.21275e-05
-1.2423e-05
-3.10407e-06
-1.62944e-05
7.67368e-06
1.7786e-05
-2.02554e-05
3.30267e-07
-4.50898e-06
7.54357e-07
-4.5503e-06
1.39566e-06
-3.66767e-06
2.28114e-06
-3.41436e-06
3.38237e-06
-3.8315e-06
4.35601e-06
-5.00616e-06
4.42593e-06
-7.02895e-06
3.81394e-06
-8.82432e-06
3.30473e-06
-1.00023e-05
2.77353e-06
-1.12489e-05
1.64907e-06
-1.31606e-05
-5.76818e-07
-1.52318e-05
-2.86163e-06
-1.57586e-05
-4.55513e-06
-1.44859e-05
-5.56064e-06
-1.25993e-05
-6.28285e-06
-1.11257e-05
-7.78635e-06
-1.1486e-05
-1.07825e-05
-1.31439e-05
-1.43769e-05
-1.29037e-05
-1.71204e-05
-9.38399e-06
-1.81877e-05
-2.03682e-06
-1.90639e-05
8.55021e-06
1.92237e-05
-2.05016e-05
-4.91833e-08
-4.45972e-06
3.05111e-08
-4.62988e-06
3.34039e-07
-3.97108e-06
8.62071e-07
-3.94227e-06
1.48337e-06
-4.45268e-06
1.97159e-06
-5.49426e-06
1.93675e-06
-6.99399e-06
1.51193e-06
-8.3994e-06
1.07331e-06
-9.56359e-06
5.65105e-07
-1.07406e-05
-4.8932e-07
-1.21061e-05
-2.30191e-06
-1.34191e-05
-4.33819e-06
-1.37223e-05
-5.86879e-06
-1.29552e-05
-6.7322e-06
-1.17359e-05
-7.14545e-06
-1.07124e-05
-8.17752e-06
-1.04539e-05
-1.07097e-05
-1.06117e-05
-1.3973e-05
-9.64038e-06
-1.62796e-05
-7.07742e-06
-1.64254e-05
-1.89076e-06
-1.51457e-05
7.27039e-06
1.7756e-05
-1.36778e-05
-3.31838e-07
-4.12777e-06
-5.57633e-07
-4.404e-06
-5.05429e-07
-4.02319e-06
-2.84731e-07
-4.16287e-06
-1.11522e-09
-4.7362e-06
1.84297e-07
-5.67957e-06
7.89408e-08
-6.88854e-06
-2.41975e-07
-8.0784e-06
-6.65878e-07
-9.13961e-06
-1.23842e-06
-1.0168e-05
-2.16538e-06
-1.11791e-05
-3.59778e-06
-1.19867e-05
-5.13686e-06
-1.21832e-05
-6.33385e-06
-1.17582e-05
-7.05767e-06
-1.1012e-05
-7.48135e-06
-1.02887e-05
-8.13475e-06
-9.80049e-06
-9.52995e-06
-9.21644e-06
-1.13351e-05
-7.83518e-06
-1.30248e-05
-5.38763e-06
-1.33045e-05
-1.61104e-06
-1.11141e-05
5.08032e-06
1.38138e-05
-7.17187e-06
-5.70015e-07
-3.55774e-06
-1.017e-06
-3.95697e-06
-1.19689e-06
-3.84324e-06
-1.19612e-06
-4.16358e-06
-1.11259e-06
-4.81965e-06
-1.05846e-06
-5.73363e-06
-1.15606e-06
-6.79087e-06
-1.40283e-06
-7.83156e-06
-1.76488e-06
-8.77749e-06
-2.2978e-06
-9.63502e-06
-3.09689e-06
-1.03799e-05
-4.1871e-06
-1.08964e-05
-5.35194e-06
-1.10183e-05
-6.3565e-06
-1.07536e-05
-7.11417e-06
-1.02543e-05
-7.70831e-06
-9.69452e-06
-8.3686e-06
-9.14015e-06
-9.2105e-06
-8.37448e-06
-1.00052e-05
-7.04045e-06
-1.04636e-05
-4.92913e-06
-1.03679e-05
-1.7065e-06
-8.13215e-06
2.84453e-06
9.18748e-06
-3.50564e-06
-7.79253e-07
-2.77843e-06
-1.42752e-06
-3.30866e-06
-1.8077e-06
-3.46302e-06
-1.98542e-06
-3.9858e-06
-2.04204e-06
-4.76298e-06
-2.06505e-06
-5.71056e-06
-2.13451e-06
-6.72136e-06
-2.28402e-06
-7.68199e-06
-2.53699e-06
-8.52446e-06
-2.94436e-06
-9.22759e-06
-3.55626e-06
-9.76795e-06
-4.36334e-06
-1.00892e-05
-5.25088e-06
-1.01306e-05
-6.09713e-06
-9.90725e-06
-6.85065e-06
-9.50068e-06
-7.54397e-06
-9.00113e-06
-8.2579e-06
-8.42615e-06
-8.97631e-06
-7.656e-06
-9.50971e-06
-6.50697e-06
-9.61379e-06
-4.82495e-06
-8.8716e-06
-2.44859e-06
-6.75548e-06
7.28707e-07
4.84594e-06
-2.41381e-06
-9.79247e-07
-1.7992e-06
-1.823e-06
-2.46489e-06
-2.39249e-06
-2.89351e-06
-2.73542e-06
-3.64284e-06
-2.91223e-06
-4.58613e-06
-2.98948e-06
-5.63326e-06
-3.03292e-06
-6.67788e-06
-3.09701e-06
-7.61784e-06
-3.23373e-06
-8.38768e-06
-3.49609e-06
-8.96518e-06
-3.91846e-06
-9.34553e-06
-4.48984e-06
-9.51781e-06
-5.14761e-06
-9.47282e-06
-5.82424e-06
-9.23056e-06
-6.48641e-06
-8.83844e-06
-7.14299e-06
-8.34448e-06
-7.81208e-06
-7.757e-06
-8.44782e-06
-7.02018e-06
-8.90671e-06
-6.048e-06
-8.97545e-06
-4.75609e-06
-8.35252e-06
-3.07133e-06
-6.6678e-06
-9.55935e-07
1.63151e-06
-3.45316e-06
-1.17525e-06
-6.23927e-07
-2.20893e-06
-1.4312e-06
-2.95762e-06
-2.14481e-06
-3.45146e-06
-3.14898e-06
-3.73072e-06
-4.30684e-06
-3.84668e-06
-5.51727e-06
-3.86233e-06
-6.6622e-06
-3.8485e-06
-7.63164e-06
-3.87665e-06
-8.35949e-06
-4.00655e-06
-8.83523e-06
-4.27027e-06
-9.08176e-06
-4.66138e-06
-9.12665e-06
-5.14132e-06
-8.99283e-06
-5.66573e-06
-8.70608e-06
-6.20717e-06
-8.29694e-06
-6.75971e-06
-7.79187e-06
-7.31898e-06
-7.19765e-06
-7.84461e-06
-6.49446e-06
-8.24271e-06
-5.6498e-06
-8.36577e-06
-4.63291e-06
-8.02236e-06
-3.41461e-06
-7.00904e-06
-1.969e-06
-2.49048e-07
-5.12836e-06
-1.36638e-06
7.42422e-07
-2.57665e-06
-2.20935e-07
-3.48375e-06
-1.23771e-06
-4.10248e-06
-2.53024e-06
-4.45621e-06
-3.9531e-06
-4.58716e-06
-5.38629e-06
-4.56244e-06
-6.68689e-06
-4.46881e-06
-7.72524e-06
-4.39401e-06
-8.43425e-06
-4.40674e-06
-8.82247e-06
-4.54278e-06
-8.94567e-06
-4.80152e-06
-8.86787e-06
-5.1553e-06
-8.639e-06
-5.56757e-06
-8.29375e-06
-6.00879e-06
-7.85565e-06
-6.46154e-06
-7.33905e-06
-6.9105e-06
-6.74862e-06
-7.32498e-06
-6.07989e-06
-7.64688e-06
-5.32782e-06
-7.78971e-06
-4.48995e-06
-7.64444e-06
-3.55972e-06
-7.10661e-06
-2.50674e-06
-1.259e-06
-6.09652e-06
-1.53908e-06
2.28151e-06
-2.91251e-06
1.15249e-06
-3.95083e-06
-1.99384e-07
-4.66197e-06
-1.81909e-06
-5.05795e-06
-3.55711e-06
-5.17789e-06
-5.26633e-06
-5.09788e-06
-6.76688e-06
-4.92098e-06
-7.90212e-06
-4.74824e-06
-8.60695e-06
-4.65601e-06
-8.91467e-06
-4.68541e-06
-8.91624e-06
-4.84198e-06
-8.71126e-06
-5.10479e-06
-8.37614e-06
-5.4398e-06
-7.95869e-06
-5.81291e-06
-7.48248e-06
-6.1969e-06
-6.95499e-06
-6.56902e-06
-6.37644e-06
-6.9022e-06
-5.74663e-06
-7.15882e-06
-5.07111e-06
-7.28735e-06
-4.36131e-06
-7.22622e-06
-3.62072e-06
-6.91905e-06
-2.81373e-06
-1.86304e-06
-6.3149e-06
-1.6949e-06
3.97637e-06
-3.20543e-06
2.663e-06
-4.34942e-06
9.44607e-07
-5.12014e-06
-1.04838e-06
-5.52875e-06
-3.14848e-06
-5.61588e-06
-5.17919e-06
-5.47035e-06
-6.9124e-06
-5.21187e-06
-8.16058e-06
-4.95012e-06
-8.86868e-06
-4.76526e-06
-9.0995e-06
-4.70259e-06
-8.97887e-06
-4.77364e-06
-8.64017e-06
-4.96395e-06
-8.18578e-06
-5.24217e-06
-7.68042e-06
-5.5707e-06
-7.15389e-06
-5.9147e-06
-6.61093e-06
-6.24509e-06
-6.04598e-06
-6.53526e-06
-5.45639e-06
-6.75693e-06
-4.84935e-06
-6.87678e-06
-4.24134e-06
-6.85734e-06
-3.64002e-06
-6.66022e-06
-3.01074e-06
-2.26866e-06
-6.25449e-06
-1.8301e-06
5.80647e-06
-3.45312e-06
4.28601e-06
-4.6749e-06
2.16638e-06
-5.47795e-06
-2.45326e-07
-5.8755e-06
-2.75093e-06
-5.91416e-06
-5.14052e-06
-5.69918e-06
-7.12737e-06
-5.36733e-06
-8.49241e-06
-5.03035e-06
-9.20565e-06
-4.76717e-06
-9.36265e-06
-4.62506e-06
-9.12095e-06
-4.6206e-06
-8.64459e-06
-4.74659e-06
-8.05974e-06
-4.97672e-06
-7.45024e-06
-5.27281e-06
-6.85775e-06
-5.59499e-06
-6.28869e-06
-5.90889e-06
-5.73201e-06
-6.18707e-06
-5.17813e-06
-6.40545e-06
-4.63089e-06
-6.53978e-06
-4.1069e-06
-6.56311e-06
-3.61657e-06
-6.4463e-06
-3.12741e-06
-2.55367e-06
-6.16118e-06
-1.94392e-06
7.75034e-06
-3.65412e-06
5.99619e-06
-4.92741e-06
3.43965e-06
-5.74173e-06
5.68986e-07
-6.11101e-06
-2.38165e-06
-6.09132e-06
-5.16021e-06
-5.80861e-06
-7.41007e-06
-5.4177e-06
-8.88331e-06
-5.02302e-06
-9.60031e-06
-4.69773e-06
-9.68792e-06
-4.48891e-06
-9.32975e-06
-4.41666e-06
-8.71681e-06
-4.4814e-06
-7.99497e-06
-4.66482e-06
-7.26677e-06
-4.93193e-06
-6.59059e-06
-5.24048e-06
-5.98008e-06
-5.55182e-06
-5.42061e-06
-5.83604e-06
-4.89384e-06
-6.07118e-06
-4.39568e-06
-6.2381e-06
-3.93988e-06
-6.31559e-06
-3.53896e-06
-6.27847e-06
-3.16441e-06
-2.7266e-06
-6.10546e-06
-2.03429e-06
9.78463e-06
-3.80662e-06
7.7685e-06
-5.10881e-06
4.74183e-06
-5.91802e-06
1.37819e-06
-6.24871e-06
-2.05097e-06
-6.16535e-06
-5.24356e-06
-5.82128e-06
-7.75413e-06
-5.39072e-06
-9.31385e-06
-4.95873e-06
-1.00323e-05
-4.58966e-06
-1.0057e-05
-4.32854e-06
-9.59084e-06
-4.19651e-06
-8.8488e-06
-4.20081e-06
-7.99064e-06
-4.33394e-06
-7.1336e-06
-4.56893e-06
-6.35555e-06
-4.86447e-06
-5.6845e-06
-5.17826e-06
-5.10676e-06
-5.47726e-06
-4.59478e-06
-5.73938e-06
-4.13349e-06
-5.94817e-06
-3.73099e-06
-6.08596e-06
-3.40105e-06
-6.12976e-06
-3.12053e-06
-2.80037e-06
-6.0559e-06
-2.09943e-06
1.1884e-05
-3.90603e-06
9.57507e-06
-5.21702e-06
6.05281e-06
-6.00581e-06
2.16698e-06
-6.29618e-06
-1.7606e-06
-6.14641e-06
-5.39333e-06
-5.75118e-06
-8.14936e-06
-5.30369e-06
-9.76133e-06
-4.85709e-06
-1.04789e-05
-4.46596e-06
-1.04481e-05
-4.17088e-06
-9.8859e-06
-3.99061e-06
-9.02905e-06
-3.93645e-06
-8.04477e-06
-4.01296e-06
-7.05706e-06
-4.20682e-06
-6.16165e-06
-4.48303e-06
-5.40824e-06
-4.79725e-06
-4.79249e-06
-5.11191e-06
-4.28006e-06
-5.40249e-06
-3.84286e-06
-5.65448e-06
-3.4789e-06
-5.85274e-06
-3.20271e-06
-5.97579e-06
-2.99736e-06
-2.77423e-06
-6.00188e-06
-2.07221e-06
1.39562e-05
-3.90338e-06
1.14062e-05
-5.21278e-06
7.3622e-06
-5.98512e-06
2.93931e-06
-6.23809e-06
-1.50764e-06
-6.03234e-06
-5.59908e-06
-5.59811e-06
-8.58359e-06
-5.15732e-06
-1.02021e-05
-4.71918e-06
-1.0917e-05
-4.33247e-06
-1.08348e-05
-4.02853e-06
-1.01898e-05
-3.81885e-06
-9.23871e-06
-3.71414e-06
-8.14944e-06
-3.72921e-06
-7.04196e-06
-3.86894e-06
-6.02189e-06
-4.11277e-06
-5.16436e-06
-4.41884e-06
-4.48638e-06
-4.74448e-06
-3.95437e-06
-5.06084e-06
-3.52645e-06
-5.35205e-06
-3.18761e-06
-5.60574e-06
-2.94893e-06
-5.80182e-06
-2.80122e-06
-2.66166e-06
-5.91432e-06
-1.88784e-06
1.5844e-05
-3.67814e-06
1.31965e-05
-4.99697e-06
8.68101e-06
-5.76255e-06
3.70488e-06
-5.99556e-06
-1.27463e-06
-5.78664e-06
-5.808e-06
-5.35079e-06
-9.01944e-06
-4.92554e-06
-1.06274e-05
-4.52053e-06
-1.1322e-05
-4.17264e-06
-1.11827e-05
-3.8946e-06
-1.04678e-05
-3.68473e-06
-9.44856e-06
-3.54789e-06
-8.28626e-06
-3.50426e-06
-7.08557e-06
-3.57766e-06
-5.94845e-06
-3.77065e-06
-4.97134e-06
-4.05301e-06
-4.20398e-06
-4.37912e-06
-3.62821e-06
-4.71291e-06
-3.1926e-06
-5.03524e-06
-2.86522e-06
-5.33474e-06
-2.64936e-06
-5.59309e-06
-2.54275e-06
-2.46967e-06
-5.78505e-06
-1.57728e-06
1.74213e-05
-3.20657e-06
1.48258e-05
-4.48052e-06
9.95493e-06
-5.23577e-06
4.46012e-06
-5.47309e-06
-1.03733e-06
-5.29431e-06
-5.98678e-06
-4.93338e-06
-9.38036e-06
-4.54343e-06
-1.10173e-05
-4.21245e-06
-1.1653e-05
-3.95085e-06
-1.14442e-05
-3.74412e-06
-1.06746e-05
-3.57383e-06
-9.61882e-06
-3.43554e-06
-8.42453e-06
-3.34851e-06
-7.17258e-06
-3.35096e-06
-5.94598e-06
-3.47349e-06
-4.84878e-06
-3.71011e-06
-3.96733e-06
-4.02026e-06
-3.31803e-06
-4.35981e-06
-2.85302e-06
-4.70242e-06
-2.52255e-06
-5.03552e-06
-2.31618e-06
-5.34236e-06
-2.2359e-06
-2.21763e-06
-5.59435e-06
-1.17196e-06
1.85932e-05
-2.53023e-06
1.6184e-05
-3.65252e-06
1.10772e-05
-4.35603e-06
5.16361e-06
-4.60485e-06
-7.88519e-07
-4.47403e-06
-6.11762e-06
-4.21633e-06
-9.63806e-06
-3.93709e-06
-1.12966e-05
-3.74629e-06
-1.18438e-05
-3.62912e-06
-1.15614e-05
-3.54448e-06
-1.07592e-05
-3.45888e-06
-9.70442e-06
-3.35854e-06
-8.52486e-06
-3.2571e-06
-7.274e-06
-3.19788e-06
-6.00517e-06
-3.23644e-06
-4.8102e-06
-3.40168e-06
-3.80207e-06
-3.67247e-06
-3.04721e-06
-4.00075e-06
-2.5247e-06
-4.34984e-06
-2.17342e-06
-4.70232e-06
-1.96367e-06
-5.04251e-06
-1.8956e-06
-1.91708e-06
-5.34307e-06
-6.84079e-07
1.92773e-05
-1.67583e-06
1.71758e-05
-2.54311e-06
1.19445e-05
-3.14233e-06
5.76281e-06
-3.36366e-06
-5.67201e-07
-3.29049e-06
-6.19079e-06
-3.16525e-06
-9.76332e-06
-3.09072e-06
-1.13711e-05
-3.10961e-06
-1.18249e-05
-3.18874e-06
-1.14823e-05
-3.26945e-06
-1.06785e-05
-3.3087e-06
-9.66517e-06
-3.28642e-06
-8.54713e-06
-3.20838e-06
-7.35203e-06
-3.1133e-06
-6.10024e-06
-3.0689e-06
-4.85459e-06
-3.14043e-06
-3.73052e-06
-3.34365e-06
-2.84397e-06
-3.63945e-06
-2.22888e-06
-3.97921e-06
-1.83361e-06
-4.33672e-06
-1.60612e-06
-4.69527e-06
-1.53708e-06
-1.58757e-06
-5.02475e-06
-1.65725e-07
1.9443e-05
-7.11392e-07
1.77214e-05
-1.2598e-06
1.24929e-05
-1.67446e-06
6.17745e-06
-1.77983e-06
-4.61854e-07
-1.77853e-06
-6.1921e-06
-1.87756e-06
-9.6643e-06
-2.06859e-06
-1.11801e-05
-2.33872e-06
-1.15548e-05
-2.64047e-06
-1.11805e-05
-2.90827e-06
-1.04107e-05
-3.09643e-06
-9.477e-06
-3.18309e-06
-8.46047e-06
-3.16675e-06
-7.36836e-06
-3.07402e-06
-6.19297e-06
-2.96836e-06
-4.96024e-06
-2.93757e-06
-3.76131e-06
-3.0444e-06
-2.73714e-06
-3.28039e-06
-1.99287e-06
-3.5925e-06
-1.52149e-06
-3.93982e-06
-1.2588e-06
-4.30113e-06
-1.17567e-06
-1.24124e-06
-4.64749e-06
3.38601e-07
1.91044e-05
2.37597e-07
1.78224e-05
1.53763e-08
1.27151e-05
-6.94713e-08
6.26228e-06
2.26238e-08
-5.53968e-07
-9.24651e-08
-6.07703e-06
-4.96056e-07
-9.26073e-06
-9.78009e-07
-1.06981e-05
-1.50259e-06
-1.10302e-05
-2.02036e-06
-1.06628e-05
-2.46798e-06
-9.96309e-06
-2.80529e-06
-9.1397e-06
-3.01382e-06
-8.25195e-06
-3.08801e-06
-7.29417e-06
-3.03976e-06
-6.24123e-06
-2.91359e-06
-5.08641e-06
-2.796e-06
-3.8789e-06
-2.78768e-06
-2.74546e-06
-2.93385e-06
-1.8467e-06
-3.19679e-06
-1.25853e-06
-3.51945e-06
-9.3611e-07
-3.8698e-06
-8.25395e-07
-8.95959e-07
-4.21507e-06
7.2631e-07
1.8378e-05
1.05051e-06
1.74982e-05
1.23607e-06
1.25295e-05
1.47777e-06
6.02056e-06
1.64696e-06
-7.2317e-07
1.37614e-06
-5.80623e-06
8.08405e-07
-8.69301e-06
7.79299e-08
-9.96767e-06
-6.84281e-07
-1.0268e-05
-1.38305e-06
-9.96401e-06
-1.97351e-06
-9.37264e-06
-2.43291e-06
-8.68031e-06
-2.75254e-06
-7.93233e-06
-2.92762e-06
-7.11909e-06
-2.95759e-06
-6.21126e-06
-2.86151e-06
-5.1825e-06
-2.7005e-06
-4.03991e-06
-2.58301e-06
-2.86296e-06
-2.61148e-06
-1.81823e-06
-2.79869e-06
-1.07132e-06
-3.08079e-06
-6.5404e-07
-3.40788e-06
-4.98229e-07
-5.60096e-07
-3.74381e-06
9.64539e-07
1.74135e-05
1.59011e-06
1.68726e-05
2.09833e-06
1.20212e-05
2.66832e-06
5.45055e-06
2.89225e-06
-9.47121e-07
2.55366e-06
-5.46766e-06
1.84252e-06
-7.98189e-06
9.42443e-07
-9.06761e-06
1.60289e-08
-9.3416e-06
-7.97659e-07
-9.15034e-06
-1.46692e-06
-8.70339e-06
-1.99554e-06
-8.1517e-06
-2.39e-06
-7.53787e-06
-2.65133e-06
-6.85778e-06
-2.77288e-06
-6.08972e-06
-2.75091e-06
-5.20447e-06
-2.60878e-06
-4.18205e-06
-2.42573e-06
-3.04602e-06
-2.33101e-06
-1.91295e-06
-2.41239e-06
-9.89934e-07
-2.63664e-06
-4.29767e-07
-2.93081e-06
-2.04142e-07
-2.45517e-07
-3.24537e-06
1.04951e-06
1.63639e-05
1.84219e-06
1.60799e-05
2.58712e-06
1.12763e-05
3.37999e-06
4.65767e-06
3.64839e-06
-1.21554e-06
3.25125e-06
-5.07052e-06
2.4347e-06
-7.16535e-06
1.45626e-06
-8.08918e-06
4.94789e-07
-8.38014e-06
-3.33391e-07
-8.32217e-06
-1.001e-06
-8.03579e-06
-1.52929e-06
-7.62342e-06
-1.9417e-06
-7.12546e-06
-2.2484e-06
-6.55109e-06
-2.44463e-06
-5.8935e-06
-2.51499e-06
-5.13411e-06
-2.44997e-06
-4.24708e-06
-2.27779e-06
-3.2182e-06
-2.10017e-06
-2.09057e-06
-2.06097e-06
-1.02913e-06
-2.20713e-06
-2.83635e-07
-2.45799e-06
4.6817e-08
4.11894e-08
-2.74473e-06
9.93421e-07
1.53705e-05
1.80525e-06
1.5268e-05
2.64539e-06
1.04361e-05
3.58016e-06
3.72289e-06
3.80679e-06
-1.44218e-06
3.32759e-06
-4.59133e-06
2.47097e-06
-6.30874e-06
1.53011e-06
-7.14832e-06
6.67689e-07
-7.51772e-06
-5.35199e-08
-7.60097e-06
-6.28647e-07
-7.46067e-06
-1.08442e-06
-7.16765e-06
-1.45012e-06
-6.75977e-06
-1.74309e-06
-6.25813e-06
-1.96614e-06
-5.67046e-06
-2.1065e-06
-4.99376e-06
-2.14075e-06
-4.21284e-06
-2.05446e-06
-3.30449e-06
-1.88538e-06
-2.25965e-06
-1.76309e-06
-1.15142e-06
-1.81929e-06
-2.27408e-07
-2.01674e-06
2.44182e-07
2.86582e-07
-2.26214e-06
8.24933e-07
1.45456e-05
1.49351e-06
1.45994e-05
2.22889e-06
9.70073e-06
3.14281e-06
2.80896e-06
3.2211e-06
-1.5205e-06
2.69824e-06
-4.06848e-06
1.94089e-06
-5.55141e-06
1.19688e-06
-6.40433e-06
5.59691e-07
-6.88055e-06
4.01115e-08
-7.0814e-06
-3.73242e-07
-7.04733e-06
-7.01876e-07
-6.83904e-06
-9.69074e-07
-6.49259e-06
-1.19192e-06
-6.0353e-06
-1.3795e-06
-5.4829e-06
-1.53018e-06
-4.8431e-06
-1.62884e-06
-4.1142e-06
-1.6502e-06
-3.28314e-06
-1.58138e-06
-2.32849e-06
-1.4772e-06
-1.25562e-06
-1.48995e-06
-2.14722e-07
-1.66506e-06
4.1931e-07
4.98754e-07
-1.87728e-06
6.21449e-07
1.01267e-06
1.337e-06
1.82863e-06
1.81745e-06
1.45224e-06
1.01024e-06
6.14428e-07
2.87185e-07
2.00621e-08
-1.94902e-07
-3.67242e-07
-5.0892e-07
-6.29456e-07
-7.36166e-07
-8.33443e-07
-9.21154e-07
-9.93117e-07
-1.04207e-06
-1.08165e-06
-1.17471e-06
-1.3259e-06
-1.45588e-06
3.44139e-05
-3.28158e-07
3.53845e-05
-9.70711e-07
3.61816e-05
-7.97126e-07
-7.66221e-07
3.69478e-05
2.76845e-05
-1.63131e-06
2.84303e-05
-1.71651e-06
2.87552e-05
-1.12202e-06
-1.86691e-06
2.98558e-05
1.0094e-05
-1.02137e-06
7.49291e-06
8.8446e-07
4.72258e-06
1.64831e-06
1.1429e-08
2.8442e-06
-1.36305e-05
2.69713e-06
-1.79116e-05
5.16556e-06
-2.09018e-05
4.63851e-06
1.11911e-06
-2.20095e-05
-1.53976e-05
3.63391e-06
-1.54003e-05
5.16816e-06
-1.58553e-05
5.09353e-06
3.38948e-06
-1.81256e-05
-4.85273e-06
3.18925e-06
-3.89929e-06
4.21484e-06
-3.66753e-06
4.86181e-06
5.26872e-06
-5.54672e-06
7.84775e-06
4.10563e-06
7.02552e-06
5.03705e-06
6.0514e-06
5.83595e-06
7.08982e-06
4.23035e-06
2.01316e-05
5.03351e-06
1.78662e-05
7.30217e-06
1.42973e-05
9.40474e-06
1.12805e-05
1.01063e-05
3.55368e-05
-8.02308e-07
3.15314e-05
1.13083e-05
1.79247e-05
2.30106e-05
1.67599e-05
1.24452e-05
6.1727e-06
2.59242e-06
4.74314e-06
1.2736e-05
1.00105e-05
1.77448e-05
1.58814e-05
1.08906e-05
3.23513e-05
8.10426e-06
3.28905e-05
1.21973e-05
3.7654e-05
1.29818e-05
1.27974e-05
4.07388e-05
3.91567e-05
7.4707e-06
4.14328e-05
9.92068e-06
4.28732e-05
1.15408e-05
1.20929e-05
4.35774e-05
2.10103e-05
7.63898e-06
2.08722e-05
1.00577e-05
2.087e-05
1.15423e-05
1.19006e-05
2.10612e-05
-4.66071e-06
1.05438e-05
-7.11746e-06
1.25146e-05
-8.644e-06
1.30678e-05
1.1673e-05
-8.417e-06
-2.22301e-05
1.25183e-05
-2.34092e-05
1.36928e-05
-2.37358e-05
1.33941e-05
1.06371e-05
-2.27003e-05
-2.10374e-05
1.3054e-05
-2.13213e-05
1.39771e-05
-2.13981e-05
1.34705e-05
1.08606e-05
-2.16216e-05
-1.27934e-05
1.21696e-05
-1.17521e-05
1.29354e-05
-1.10256e-05
1.27444e-05
1.1261e-05
-1.14261e-05
-5.29332e-06
1.02912e-05
-3.33801e-06
1.09806e-05
-1.64251e-06
1.10489e-05
1.03696e-05
-7.50942e-07
-8.48785e-07
7.6344e-06
1.6876e-06
8.44407e-06
3.94538e-06
8.79143e-06
8.651e-06
5.66418e-06
4.84022e-07
4.73674e-06
3.31913e-06
5.6094e-06
5.89508e-06
6.21561e-06
6.47431e-06
8.072e-06
-1.10524e-06
2.38901e-06
1.44109e-06
3.06307e-06
4.0107e-06
3.64635e-06
4.05241e-06
6.43281e-06
-3.67948e-06
9.40325e-07
-1.99932e-06
1.3833e-06
-1.18024e-07
1.76525e-06
2.0423e-06
1.89232e-06
-5.29645e-06
1.40385e-07
-4.33287e-06
4.19766e-07
-3.21002e-06
6.42698e-07
7.83863e-07
-1.95138e-06
-5.84825e-06
-3.26114e-07
-5.2878e-06
-1.40406e-07
-4.63663e-06
-8.26443e-09
5.79785e-08
-3.91054e-06
-5.94653e-06
-6.33939e-07
-5.5844e-06
-5.02422e-07
-5.17331e-06
-4.19096e-07
-3.91975e-07
-4.72316e-06
-5.94241e-06
-8.52573e-07
-5.68941e-06
-7.55217e-07
-5.40589e-06
-7.02386e-07
-7.00126e-07
-5.09756e-06
-5.95421e-06
-1.00371e-06
-5.77489e-06
-9.3439e-07
-5.57232e-06
-9.04753e-07
-9.21292e-07
-5.35097e-06
-5.96269e-06
-1.09681e-06
-5.84665e-06
-1.05031e-06
-5.71034e-06
-1.04086e-06
-1.07504e-06
-5.55644e-06
-5.962e-06
-1.13659e-06
-5.90038e-06
-1.11176e-06
-5.8203e-06
-1.12079e-06
-1.1713e-06
-5.72388e-06
-5.92148e-06
-1.12933e-06
-5.91024e-06
-1.12293e-06
-5.88197e-06
-1.14887e-06
-1.21527e-06
-5.83788e-06
-5.83397e-06
-1.08031e-06
-5.86548e-06
-1.09124e-06
-5.88187e-06
-1.13236e-06
-1.21306e-06
-5.88395e-06
-5.67778e-06
-9.96818e-07
-5.74666e-06
-1.02236e-06
-5.80211e-06
-1.07674e-06
-1.17056e-06
-5.84454e-06
-5.45363e-06
-8.8623e-07
-5.55048e-06
-9.25346e-07
-5.63613e-06
-9.91057e-07
-1.09577e-06
-5.71083e-06
-5.15363e-06
-7.57316e-07
-5.27105e-06
-8.07971e-07
-5.37894e-06
-8.83047e-07
-9.96639e-07
-5.47802e-06
-4.78743e-06
-6.17336e-07
-4.91596e-06
-6.79295e-07
-5.03661e-06
-7.62402e-07
-8.82435e-07
-5.15075e-06
-4.35877e-06
-4.7365e-07
-4.49186e-06
-5.46327e-07
-4.61733e-06
-6.36848e-07
-7.61575e-07
-4.73818e-06
-3.88609e-06
-3.31408e-07
-4.01634e-06
-4.15954e-07
-4.13869e-06
-5.14567e-07
-6.42717e-07
-4.25751e-06
-3.38102e-06
-1.95774e-07
-3.50464e-06
-2.92478e-07
-3.6179e-06
-4.01233e-07
-5.33072e-07
-3.72755e-06
-2.87009e-06
-7.0393e-08
-2.98167e-06
-1.80741e-07
-3.08035e-06
-3.02613e-07
-4.39938e-07
-3.17346e-06
-2.37145e-06
3.88936e-08
-2.46893e-06
-8.34259e-08
-2.54946e-06
-2.22023e-07
-3.68789e-07
-2.62062e-06
-1.95724e-06
1.1882e-07
-2.01908e-06
-2.14723e-08
-2.05569e-06
-1.85471e-07
-3.48652e-07
-2.07584e-06
-1.47725e-06
-1.47081e-06
-1.4402e-06
-1.39848e-06
5.11364e-05
-1.60754e-06
4.72479e-05
-6.45172e-06
4.12388e-05
-5.6799e-06
3.29361e-05
-1.82681e-07
1.81381e-05
1.02432e-05
1.16156e-05
-2.86604e-06
8.63719e-06
-1.19493e-05
1.01258e-05
-5.93948e-06
1.68529e-05
-2.33643e-07
2.35509e-05
1.97135e-06
2.01866e-05
1.07861e-05
1.40585e-05
1.73544e-05
8.76977e-06
2.41154e-05
4.04761e-06
1.64489e-05
-4.99306e-07
-3.99998e-06
-6.93747e-06
-8.23691e-07
-8.18361e-06
-4.86523e-06
-4.01796e-06
-1.14237e-05
1.20483e-05
3.51107e-05
-6.86247e-06
3.38261e-05
-5.16715e-06
1.91077e-05
9.0385e-06
8.48356e-07
1.80767e-05
-6.94716e-06
1.80387e-05
-3.40709e-06
-6.40609e-06
-2.72319e-07
-1.5084e-05
6.2064e-06
-1.24182e-05
1.33793e-05
-7.40647e-06
1.45081e-05
8.42554e-07
9.18176e-06
1.61125e-05
4.12863e-06
2.24076e-05
6.23601e-07
2.76205e-05
-6.13122e-06
2.32037e-05
-1.35086e-05
3.37741e-06
-1.21757e-05
-2.15652e-06
-9.45261e-06
-7.58828e-06
-1.20159e-05
-8.86035e-06
3.25038e-08
-7.348e-07
-3.28348e-06
-5.10626e-06
-7.95698e-07
-1.57645e-05
1.96967e-05
-2.34245e-05
2.57368e-05
-1.29784e-05
7.5926e-06
-7.74182e-06
-1.16426e-05
-9.92766e-06
-1.28981e-05
-4.35207e-06
-1.79937e-05
3.4724e-06
-1.52309e-05
1.53602e-07
4.16144e-06
2.22393e-07
1.60438e-05
-1.98163e-06
2.46117e-05
-2.20905e-06
2.7848e-05
-3.2952e-06
2.42899e-05
-9.23155e-06
9.31382e-06
-8.13354e-06
-3.25449e-06
-6.49028e-06
-9.23148e-06
-9.076e-06
-6.27448e-06
-9.04348e-06
-2.27032e-05
-2.58975e-06
-2.24237e-05
-1.07516e-06
-1.92842e-05
1.65572e-05
-1.75712e-05
2.40238e-05
-1.23068e-05
2.32821e-06
-1.25743e-05
-1.1375e-05
-1.41567e-05
-1.13157e-05
-1.52597e-05
-1.68906e-05
-9.14761e-06
-2.13429e-05
-8.05959e-06
3.07348e-06
-6.439e-06
1.44233e-05
-5.73687e-06
2.39096e-05
-2.27122e-06
2.43824e-05
9.28548e-07
2.10902e-05
-1.39444e-06
1.16369e-05
-5.07873e-06
4.29858e-07
-7.76706e-06
-6.54307e-06
-4.57822e-06
-9.46331e-06
-1.36216e-05
-2.35886e-05
2.8733e-06
-2.32975e-05
-1.36617e-06
-1.5744e-05
9.00372e-06
-7.71502e-06
1.59949e-05
-7.38791e-06
2.00118e-06
-9.6086e-06
-9.15423e-06
-9.36974e-06
-1.15545e-05
-1.53972e-05
-1.08631e-05
-1.75122e-05
-1.92279e-05
-1.30472e-05
-1.39147e-06
-1.32e-05
1.45762e-05
-9.14478e-06
1.98543e-05
-3.5039e-06
1.87415e-05
1.20072e-06
1.63856e-05
2.86393e-06
9.97367e-06
-1.48112e-07
3.4419e-06
-4.29013e-06
-2.40107e-06
-2.6212e-06
-1.11322e-05
-1.62429e-05
-1.35668e-05
1.08935e-05
-1.99412e-05
5.00827e-06
-1.65222e-05
5.58477e-06
-8.3479e-06
7.82072e-06
-6.61937e-06
2.72695e-07
-9.78783e-06
-5.98573e-06
-1.22524e-05
-9.08995e-06
-1.46789e-05
-8.43651e-06
-2.0668e-05
-1.32389e-05
-1.8726e-05
-3.33341e-06
-1.6011e-05
1.18611e-05
-8.33507e-06
1.21784e-05
-1.14978e-06
1.15562e-05
4.44453e-06
1.07913e-05
6.32433e-06
8.09381e-06
5.04502e-06
4.72112e-06
1.37895e-06
1.26491e-06
5.29037e-07
-1.02824e-05
-1.57139e-05
-4.17362e-06
1.92975e-05
-1.40936e-05
1.49283e-05
-1.84907e-05
9.98194e-06
-1.58978e-05
5.22787e-06
-1.42823e-05
-1.34278e-06
-1.49152e-05
-5.3529e-06
-1.63102e-05
-7.69487e-06
-1.47622e-05
-9.98459e-06
-1.72845e-05
-1.07167e-05
-1.78187e-05
-2.79931e-06
-1.08459e-05
4.88833e-06
-2.17052e-06
3.5029e-06
4.8321e-06
4.55349e-06
9.62423e-06
5.99903e-06
1.10195e-05
6.69837e-06
9.28049e-06
6.45997e-06
6.90642e-06
3.63877e-06
4.09113e-06
-7.46733e-06
-1.1623e-05
5.59779e-07
2.88436e-05
-9.46958e-06
2.49568e-05
-1.90334e-05
1.95456e-05
-1.96817e-05
5.87628e-06
-1.72786e-05
-3.74583e-06
-1.56631e-05
-6.9683e-06
-1.59362e-05
-7.42178e-06
-1.32676e-05
-1.26531e-05
-9.80378e-06
-1.41805e-05
-5.95469e-06
-6.64846e-06
1.3577e-06
-2.42414e-06
7.73844e-06
-2.87795e-06
1.35483e-05
-1.25646e-06
1.68977e-05
2.64945e-06
1.73569e-05
6.23893e-06
1.56974e-05
8.1193e-06
1.31231e-05
6.21284e-06
7.41028e-06
-1.75471e-06
-4.21279e-06
2.2102e-06
3.90768e-05
-3.04429e-05
5.76077e-05
-4.54929e-05
3.4595e-05
-5.05643e-05
1.09469e-05
-4.09399e-05
-1.33708e-05
-2.69718e-05
-2.09349e-05
-1.33045e-05
-2.10887e-05
-1.48976e-06
-2.44678e-05
5.16935e-06
-2.08396e-05
7.51274e-06
-8.99181e-06
1.38761e-05
-8.78724e-06
1.95747e-05
-8.57657e-06
2.31151e-05
-4.79695e-06
2.44005e-05
1.36395e-06
2.39444e-05
6.69487e-06
2.26895e-05
9.37405e-06
1.92502e-05
9.65204e-06
9.95728e-06
7.53814e-06
5.74446e-06
1.82002e-05
3.17688e-05
3.772e-05
3.80892e-05
4.11379e-05
3.11768e-05
3.17801e-05
2.03044e-05
2.72102e-06
1.5687e-05
-2.66891e-05
8.47448e-06
-2.4796e-05
-2.29816e-05
-4.41909e-06
-4.48438e-05
3.55715e-06
-2.88143e-05
1.19768e-05
-1.74108e-05
2.52108e-05
-2.20202e-05
3.3793e-05
-1.71578e-05
3.54848e-05
-6.488e-06
3.36259e-05
3.22288e-06
3.0791e-05
9.52969e-06
2.85847e-05
1.15803e-05
2.25954e-05
1.56413e-05
1.10991e-05
1.90345e-05
1.68436e-05
4.51272e-05
2.73832e-05
5.53332e-05
2.78858e-05
6.38794e-05
2.26314e-05
7.51477e-05
9.03702e-06
8.50526e-05
5.78227e-06
8.95289e-05
3.99617e-06
7.6738e-05
-1.01916e-05
5.16464e-05
-1.97532e-05
3.01585e-05
-7.32734e-06
2.1707e-05
-8.96e-06
2.17422e-05
-2.20562e-05
2.88449e-05
-2.42589e-05
3.26467e-05
-1.02884e-05
3.25402e-05
3.3302e-06
2.97068e-05
1.23636e-05
2.66877e-05
1.45994e-05
1.98062e-05
2.25228e-05
9.92107e-06
2.89195e-05
2.67647e-05
4.37234e-05
2.72363e-05
4.89259e-05
2.26829e-05
5.66333e-05
1.4924e-05
5.93258e-05
6.34434e-06
6.55938e-05
-4.85818e-07
7.33545e-05
-3.76451e-06
7.03542e-05
-7.19116e-06
6.084e-05
-1.024e-05
6.19518e-05
-8.44128e-06
6.33745e-05
-1.03842e-05
5.11965e-05
-9.87954e-06
3.40698e-05
-7.13261e-06
2.7365e-05
-3.58321e-06
3.1611e-05
-9.15636e-07
1.76524e-05
2.63223e-05
8.33183e-06
2.39192e-05
4.49777e-06
2.63563e-05
3.53835e-06
2.98785e-05
3.03028e-05
2.27698e-05
2.55266e-05
2.95763e-05
1.58754e-05
3.41868e-05
1.03127e-05
3.57274e-05
4.80329e-06
3.58694e-05
-6.27835e-07
3.4426e-05
-2.32082e-06
2.8385e-05
-1.14955e-06
1.76769e-05
4.68777e-07
7.53311e-06
1.70303e-06
-3.46325e-06
6.12451e-07
-1.46214e-05
1.2788e-06
-2.19531e-05
1.98045e-07
-2.33723e-05
-2.16343e-06
-2.40155e-05
-2.70568e-07
-1.4648e-05
1.69556e-05
-3.07492e-05
4.00182e-05
-1.1251e-05
6.85814e-06
1.52555e-06
1.71025e-05
3.18293e-05
-4.3295e-06
2.14383e-05
4.02637e-06
7.51877e-06
9.09656e-06
5.24194e-06
8.17638e-06
5.7231e-06
3.33571e-06
4.2128e-06
-5.28142e-06
6.29659e-06
-1.60566e-05
9.62617e-06
-2.41277e-05
8.54047e-06
-2.73959e-05
4.97177e-06
-2.94306e-05
2.64765e-06
-3.03225e-05
2.1711e-06
-3.28247e-05
2.70035e-06
-3.79701e-05
2.98194e-06
-3.89505e-05
7.12002e-07
-2.18796e-05
-1.11471e-07
-7.26755e-07
1.88684e-05
-7.89285e-06
1.40247e-05
-1.01081e-05
1.93181e-05
2.17198e-05
-1.79217e-05
1.66595e-05
-1.4096e-05
3.69278e-06
-1.36661e-05
4.81172e-06
-1.67659e-05
8.8228e-06
-2.27742e-05
1.02211e-05
-2.96552e-05
1.31778e-05
-3.54374e-05
1.54087e-05
-3.74229e-05
1.05263e-05
-3.59908e-05
3.53998e-06
-3.33966e-05
5.38156e-08
-3.14725e-05
2.47321e-07
-3.02109e-05
1.43886e-06
-3.16276e-05
4.39881e-06
-3.6666e-05
5.75029e-06
-4.19124e-05
5.13623e-06
-2.38324e-05
7.91549e-07
-1.79712e-05
8.16493e-06
-7.26523e-06
8.61437e-06
1.4454e-05
-2.19918e-05
1.70296e-05
-2.29893e-05
4.69032e-06
-2.34521e-05
5.27444e-06
-2.39773e-05
9.34803e-06
-2.6925e-05
1.31689e-05
-3.08235e-05
1.70763e-05
-3.4322e-05
1.89073e-05
-3.65662e-05
1.27706e-05
-3.70856e-05
4.05951e-06
-3.65824e-05
-4.49201e-07
-3.60074e-05
-3.27465e-07
-3.51888e-05
6.20158e-07
-3.31912e-05
2.40073e-06
-3.1687e-05
4.24541e-06
-3.07911e-05
4.23921e-06
-3.60186e-05
6.0182e-06
-3.01958e-05
2.34321e-06
-1.48645e-05
-6.71522e-06
-4.08683e-07
-1.45186e-05
2.01223e-05
-2.00036e-05
1.01756e-05
-2.23487e-05
7.61968e-06
-2.16218e-05
8.62116e-06
-2.11303e-05
1.26775e-05
-2.22731e-05
1.82191e-05
-2.37725e-05
2.04068e-05
-2.68898e-05
1.58879e-05
-3.01829e-05
7.35265e-06
-3.24033e-05
1.77136e-06
-3.26248e-05
-1.0593e-07
-3.11264e-05
-8.78396e-07
-2.87299e-05
3.7924e-09
-2.7156e-05
2.67069e-06
-2.69349e-05
4.01673e-06
-2.37642e-05
2.84575e-06
-1.84429e-05
-2.98007e-06
-6.74284e-06
-1.84173e-05
-7.15252e-06
-1.11518e-06
2.04867e-05
-6.21522e-06
1.52759e-05
-1.14435e-05
1.28482e-05
-1.34243e-05
1.06021e-05
-1.22754e-05
1.15288e-05
-1.11012e-05
1.70451e-05
-1.11934e-05
2.0499e-05
-1.29897e-05
1.76841e-05
-1.67845e-05
1.11475e-05
-2.06052e-05
5.59219e-06
-2.0993e-05
2.81897e-07
-1.84413e-05
-3.43006e-06
-1.43711e-05
-4.06663e-06
-1.13036e-05
-3.97332e-07
-1.23792e-05
5.09146e-06
-1.31398e-05
3.605e-06
-7.82354e-06
-8.29784e-06
8.05215e-07
-2.70476e-05
-6.34832e-06
7.89917e-06
1.8252e-05
6.43504e-06
1.67403e-05
3.50478e-06
1.57787e-05
6.69412e-08
1.40402e-05
-1.3417e-06
1.29376e-05
1.0839e-07
1.55951e-05
1.1031e-06
1.95044e-05
4.16722e-07
1.83706e-05
-2.09025e-06
1.36545e-05
-5.10883e-06
8.61086e-06
-6.64505e-06
1.81823e-06
-6.12606e-06
-3.94897e-06
-1.89979e-06
-8.29291e-06
2.8682e-06
-5.16549e-06
2.8534e-06
5.10586e-06
9.62068e-07
5.49574e-06
2.79737e-06
-1.01339e-05
1.65309e-06
-2.59045e-05
-4.69553e-06
1.18814e-05
1.44429e-05
1.33096e-05
1.53123e-05
1.34818e-05
1.56069e-05
1.2273e-05
1.52492e-05
1.06162e-05
1.45946e-05
1.08121e-05
1.53994e-05
1.28629e-05
1.74538e-05
1.38014e-05
1.74322e-05
1.30232e-05
1.44328e-05
1.12297e-05
1.04045e-05
9.11518e-06
3.93293e-06
6.55318e-06
-1.3868e-06
6.0198e-06
-7.7594e-06
8.94097e-06
-8.08657e-06
1.15467e-05
2.50021e-06
9.80712e-06
7.23521e-06
9.6813e-06
-1.00084e-05
2.31523e-06
-1.85386e-05
-2.38049e-06
1.12752e-05
9.60083e-06
1.4834e-05
1.17538e-05
1.73886e-05
1.30525e-05
1.89124e-05
1.37256e-05
1.93738e-05
1.41333e-05
1.98848e-05
1.48885e-05
2.15987e-05
1.57401e-05
2.3497e-05
1.5534e-05
2.43508e-05
1.35791e-05
2.39363e-05
1.08192e-05
2.18308e-05
6.03865e-06
1.85992e-05
1.84497e-06
1.39283e-05
-3.08835e-06
1.21537e-05
-6.31169e-06
1.26689e-05
1.98521e-06
1.15703e-05
8.33394e-06
9.87329e-06
-8.31111e-06
2.38521e-06
-1.10506e-05
4.91401e-09
6.61746e-06
4.87596e-06
1.1408e-05
6.96355e-06
1.55066e-05
8.95423e-06
1.88627e-05
1.03698e-05
2.14997e-05
1.14966e-05
2.37067e-05
1.26817e-05
2.58567e-05
1.35904e-05
2.79781e-05
1.34128e-05
2.93117e-05
1.22456e-05
2.97467e-05
1.03844e-05
2.8262e-05
7.52351e-06
2.53149e-05
4.79223e-06
2.0054e-05
2.17277e-06
1.46402e-05
-8.97669e-07
1.16193e-05
5.00638e-06
9.84166e-06
1.01118e-05
6.60569e-06
-5.0749e-06
1.59292e-06
-6.03747e-06
1.59799e-06
1.08384e-06
1.84102e-06
5.11546e-06
2.9322e-06
9.53001e-06
4.53995e-06
1.37116e-05
6.18838e-06
1.75489e-05
7.65951e-06
2.10823e-05
9.14846e-06
2.42982e-05
1.03747e-05
2.68668e-05
1.08444e-05
2.85958e-05
1.05168e-05
2.93842e-05
9.59619e-06
2.87173e-05
8.19059e-06
2.6538e-05
6.97169e-06
2.25101e-05
6.20092e-06
1.60323e-05
5.58028e-06
1.11403e-05
9.8987e-06
8.28898e-06
1.29633e-05
3.42055e-06
-2.0613e-07
3.36891e-07
-2.95354e-06
1.93511e-06
-2.1379e-06
6.86466e-08
1.18075e-07
6.76484e-07
3.17883e-06
1.47945e-06
6.81625e-06
2.5512e-06
1.06654e-05
3.81055e-06
1.45822e-05
5.2319e-06
1.83184e-05
6.63864e-06
2.14651e-05
7.6979e-06
2.37444e-05
8.2377e-06
2.49842e-05
8.35658e-06
2.49373e-05
8.23769e-06
2.35631e-05
8.346e-06
2.0832e-05
8.93222e-06
1.60084e-05
1.04041e-05
1.10622e-05
1.48451e-05
7.68872e-06
1.6337e-05
2.78142e-06
4.7014e-06
-5.53826e-07
3.82067e-07
1.38146e-06
-3.62733e-06
-1.02693e-06
-2.30815e-06
-6.42448e-07
-5.9935e-07
-2.29106e-07
1.66985e-06
2.82238e-07
4.46814e-06
1.01248e-06
7.68987e-06
2.01039e-06
1.11277e-05
3.20101e-06
1.43817e-05
4.44413e-06
1.70382e-05
5.58139e-06
1.87812e-05
6.61367e-06
1.94037e-05
7.61541e-06
1.88443e-05
8.90552e-06
1.70609e-05
1.07159e-05
1.40094e-05
1.34557e-05
1.06197e-05
1.82349e-05
7.88018e-06
1.90767e-05
3.45048e-06
9.13134e-06
1.15862e-07
3.71694e-06
1.49747e-06
-4.33935e-06
-1.7849e-06
-3.43541e-06
-1.54615e-06
-2.3506e-06
-1.31369e-06
-1.01415e-06
-1.054e-06
6.95308e-07
-6.96765e-07
2.82223e-06
-1.16332e-07
5.31948e-06
7.03959e-07
8.00304e-06
1.76075e-06
1.05444e-05
3.04023e-06
1.25586e-05
4.59966e-06
1.37197e-05
6.45437e-06
1.3866e-05
8.75939e-06
1.29569e-05
1.16252e-05
1.10726e-05
1.53402e-05
9.09928e-06
2.02084e-05
7.71338e-06
2.04628e-05
4.45402e-06
1.23909e-05
1.40029e-06
6.77089e-06
2.89789e-06
-4.79905e-06
-2.33661e-06
-4.12649e-06
-2.21849e-06
-3.32784e-06
-2.11214e-06
-2.39673e-06
-1.9849e-06
-1.30413e-06
-1.78917e-06
3.75531e-08
-1.45783e-06
1.65357e-06
-9.11879e-07
3.50794e-06
-9.3451e-08
5.47653e-06
1.07181e-06
7.3056e-06
2.77074e-06
8.68264e-06
5.07749e-06
9.33656e-06
8.10562e-06
9.1547e-06
1.18072e-05
8.25274e-06
1.62423e-05
7.40543e-06
2.10558e-05
7.06872e-06
2.07996e-05
5.02587e-06
1.44338e-05
2.35533e-06
9.44163e-06
5.25329e-06
-5.16236e-06
-2.73049e-06
-4.65672e-06
-2.72394e-06
-4.04456e-06
-2.7241e-06
-3.33231e-06
-2.69697e-06
-2.5225e-06
-2.59881e-06
-1.6094e-06
-2.37077e-06
-5.61619e-07
-1.9595e-06
6.28869e-07
-1.28378e-06
1.92391e-06
-2.23082e-07
3.311e-06
1.3838e-06
4.5774e-06
3.81123e-06
5.5049e-06
7.17825e-06
5.93278e-06
1.13794e-05
5.89615e-06
1.6279e-05
5.97198e-06
2.09801e-05
6.27565e-06
2.0496e-05
4.97471e-06
1.57349e-05
2.64801e-06
1.17684e-05
7.90141e-06
-5.46426e-06
-2.98994e-06
-5.09797e-06
-3.09006e-06
-4.63002e-06
-3.19189e-06
-4.07315e-06
-3.25369e-06
-3.44585e-06
-3.22596e-06
-2.76248e-06
-3.05398e-06
-2.03612e-06
-2.68572e-06
-1.26448e-06
-2.05528e-06
-4.32235e-07
-1.0552e-06
4.62104e-07
4.89588e-07
1.43539e-06
2.83807e-06
2.4138e-06
6.19996e-06
3.27452e-06
1.05188e-05
3.99405e-06
1.55596e-05
4.79257e-06
2.01817e-05
5.42567e-06
1.9863e-05
4.56499e-06
1.65957e-05
2.51382e-06
1.38198e-05
1.04153e-05
-5.70063e-06
-3.12703e-06
-5.4599e-06
-3.33064e-06
-5.12022e-06
-3.53143e-06
-4.69267e-06
-3.68111e-06
-4.19972e-06
-3.71877e-06
-3.66897e-06
-3.58461e-06
-3.13179e-06
-3.22278e-06
-2.61135e-06
-2.57561e-06
-2.09933e-06
-1.5671e-06
-1.54691e-06
-6.27208e-08
-8.70177e-07
2.16145e-06
-2.09905e-09
5.33199e-06
1.0583e-06
9.45856e-06
2.3264e-06
1.42916e-05
3.704e-06
1.88042e-05
4.52938e-06
1.90378e-05
3.95695e-06
1.71682e-05
2.156e-06
1.56208e-05
1.25713e-05
-5.85618e-06
-3.15468e-06
-5.7312e-06
-3.4555e-06
-5.50985e-06
-3.75266e-06
-5.20212e-06
-3.98873e-06
-4.82619e-06
-4.0946e-06
-4.41158e-06
-3.99913e-06
-3.99673e-06
-3.63753e-06
-3.61942e-06
-2.95283e-06
-3.29391e-06
-1.89253e-06
-2.97707e-06
-3.7947e-07
-2.55278e-06
1.73725e-06
-1.86771e-06
4.647e-06
-8.09051e-07
8.39999e-06
7.3239e-07
1.27502e-05
2.5365e-06
1.70001e-05
3.56484e-06
1.80095e-05
3.23445e-06
1.74986e-05
1.68293e-06
1.71724e-05
1.42543e-05
-5.91316e-06
-3.08595e-06
-5.89293e-06
-3.47562e-06
-5.78265e-06
-3.86285e-06
-5.58895e-06
-4.18234e-06
-5.32558e-06
-4.35788e-06
-5.01547e-06
-4.30915e-06
-4.69306e-06
-3.95987e-06
-4.39964e-06
-3.24617e-06
-4.16788e-06
-2.12422e-06
-3.98498e-06
-5.62303e-07
-3.75184e-06
1.50418e-06
-3.28368e-06
4.17891e-06
-2.37325e-06
7.48962e-06
-8.56762e-07
1.12338e-05
1.19169e-06
1.49518e-05
2.50722e-06
1.6694e-05
2.45233e-06
1.75536e-05
1.21081e-06
1.84139e-05
1.54652e-05
-5.85858e-06
-2.93812e-06
-5.92883e-06
-3.40529e-06
-5.91977e-06
-3.87183e-06
-5.83486e-06
-4.26719e-06
-5.68244e-06
-4.51025e-06
-5.47628e-06
-4.51525e-06
-5.23808e-06
-4.19802e-06
-5.00228e-06
-3.48192e-06
-4.80658e-06
-2.31986e-06
-4.67001e-06
-6.9883e-07
-4.5411e-06
1.37532e-06
-4.26398e-06
3.90183e-06
-3.59248e-06
6.81818e-06
-2.22857e-06
9.86996e-06
-1.68193e-07
1.28914e-05
1.35103e-06
1.51748e-05
1.64331e-06
1.72613e-05
8.08193e-07
1.92491e-05
1.62733e-05
-5.68638e-06
-2.72969e-06
-5.83019e-06
-3.26142e-06
-5.90875e-06
-3.79323e-06
-5.92436e-06
-4.25153e-06
-5.88066e-06
-4.5539e-06
-5.78051e-06
-4.61537e-06
-5.63115e-06
-4.34734e-06
-5.44694e-06
-3.6661e-06
-5.25829e-06
-2.50848e-06
-5.09813e-06
-8.58957e-07
-4.96696e-06
1.24418e-06
-4.77872e-06
3.71363e-06
-4.33393e-06
6.37341e-06
-3.2493e-06
8.78536e-06
-1.43634e-06
1.10785e-05
1.28404e-07
1.36101e-05
7.70815e-07
1.6619e-05
4.98476e-07
1.95214e-05
1.67719e-05
-5.39873e-06
-2.48167e-06
-5.59628e-06
-3.06384e-06
-5.74574e-06
-3.64374e-06
-5.85071e-06
-4.14653e-06
-5.91066e-06
-4.49393e-06
-5.91906e-06
-4.60695e-06
-5.86593e-06
-4.40046e-06
-5.74448e-06
-3.78753e-06
-5.5622e-06
-2.69074e-06
-5.34558e-06
-1.07557e-06
-5.12335e-06
1.02197e-06
-4.8833e-06
3.47359e-06
-4.52338e-06
6.0135e-06
-3.80593e-06
8.06793e-06
-2.51674e-06
9.78932e-06
-1.0776e-06
1.2171e-05
-1.44905e-07
1.56863e-05
2.29772e-07
1.91468e-05
1.70016e-05
-5.00552e-06
-2.2143e-06
-5.23594e-06
-2.83339e-06
-5.43679e-06
-3.44288e-06
-5.61515e-06
-3.96816e-06
-5.76974e-06
-4.33933e-06
-5.88619e-06
-4.4905e-06
-5.9394e-06
-4.34724e-06
-5.90057e-06
-3.82636e-06
-5.75091e-06
-2.8404e-06
-5.49341e-06
-1.33307e-06
-5.15793e-06
6.86485e-07
-4.77871e-06
3.09438e-06
-4.35906e-06
5.59385e-06
-3.93302e-06
7.6419e-06
-3.24954e-06
9.10585e-06
-2.1749e-06
1.10964e-05
-1.02505e-06
1.45364e-05
-8.56953e-08
1.82074e-05
1.69159e-05
-4.5239e-06
-1.9479e-06
-4.76507e-06
-2.59221e-06
-4.99633e-06
-3.2116e-06
-5.22987e-06
-3.73462e-06
-5.46513e-06
-4.10407e-06
-5.68374e-06
-4.2719e-06
-5.84891e-06
-4.18207e-06
-5.91406e-06
-3.76121e-06
-5.83484e-06
-2.91963e-06
-5.58864e-06
-1.57928e-06
-5.18614e-06
2.83976e-07
-4.6799e-06
2.58814e-06
-4.15758e-06
5.07153e-06
-3.78628e-06
7.27059e-06
-3.52413e-06
8.8437e-06
-2.90409e-06
1.04763e-05
-1.79644e-06
1.34288e-05
-5.0143e-07
1.69125e-05
1.64145e-05
-3.97542e-06
-1.70002e-06
-4.20795e-06
-2.35967e-06
-4.44766e-06
-2.97189e-06
-4.71453e-06
-3.46775e-06
-5.01134e-06
-3.80726e-06
-5.31881e-06
-3.96443e-06
-5.59333e-06
-3.90756e-06
-5.77576e-06
-3.5788e-06
-5.80304e-06
-2.89236e-06
-5.62623e-06
-1.7561e-06
-5.2333e-06
-1.08959e-07
-4.66832e-06
2.02315e-06
-4.05238e-06
4.45558e-06
-3.58167e-06
6.79988e-06
-3.40261e-06
8.66463e-06
-3.16303e-06
1.02367e-05
-2.35661e-06
1.26224e-05
-1.01385e-06
1.55696e-05
1.54007e-05
-3.38415e-06
-1.48933e-06
-3.5872e-06
-2.15661e-06
-3.81252e-06
-2.74656e-06
-4.08797e-06
-3.19229e-06
-4.41982e-06
-3.47541e-06
-4.79128e-06
-3.59297e-06
-5.16071e-06
-3.53812e-06
-5.46215e-06
-3.27736e-06
-5.62037e-06
-2.73414e-06
-5.56415e-06
-1.81232e-06
-5.25501e-06
-4.18101e-07
-4.71066e-06
1.4788e-06
-4.04465e-06
3.78957e-06
-3.46974e-06
6.22498e-06
-3.18496e-06
8.37985e-06
-3.10564e-06
1.01574e-05
-2.62983e-06
1.21465e-05
-1.44046e-06
1.43804e-05
1.39602e-05
-2.77085e-06
-1.3391e-06
-2.91473e-06
-2.01275e-06
-3.09478e-06
-2.56653e-06
-3.34217e-06
-2.94491e-06
-3.66992e-06
-3.14768e-06
-4.0668e-06
-3.1961e-06
-4.49771e-06
-3.10724e-06
-4.90496e-06
-2.87012e-06
-5.20749e-06
-2.43162e-06
-5.31383e-06
-1.70599e-06
-5.15954e-06
-5.72413e-07
-4.71384e-06
1.03309e-06
-4.06595e-06
3.14167e-06
-3.41353e-06
5.57254e-06
-3.01186e-06
7.97817e-06
-2.89699e-06
1.00425e-05
-2.60353e-06
1.18531e-05
-1.60216e-06
1.33789e-05
1.2358e-05
-2.11004e-06
-1.30494e-06
-2.14763e-06
-1.97519e-06
-2.24e-06
-2.4742e-06
-2.41773e-06
-2.76722e-06
-2.6858e-06
-2.87964e-06
-3.04501e-06
-2.83693e-06
-3.47893e-06
-2.67335e-06
-3.94628e-06
-2.4028e-06
-4.38926e-06
-1.98868e-06
-4.69625e-06
-1.39903e-06
-4.78706e-06
-4.8163e-07
-4.52687e-06
7.72867e-07
-3.98648e-06
2.60125e-06
-3.31548e-06
4.90152e-06
-2.79327e-06
7.45593e-06
-2.59138e-06
9.84062e-06
-2.33696e-06
1.15986e-05
-1.53059e-06
1.25725e-05
1.08274e-05
-1.29567e-06
-1.22027e-06
-1.21478e-06
-1.29599e-06
-1.47201e-06
-1.73925e-06
-2.0959e-06
-2.53599e-06
-3.0124e-06
-3.46975e-06
-3.77961e-06
-3.85576e-06
-3.58215e-06
-3.02831e-06
-2.48267e-06
-2.26276e-06
-1.98027e-06
-1.30246e-06
)
;

boundaryField
{
    leftWall
    {
        type            calculated;
        value           uniform 0;
    }
    rightWall
    {
        type            calculated;
        value           uniform 0;
    }
    lowerWall
    {
        type            calculated;
        value           uniform 0;
    }
    atmosphere
    {
        type            calculated;
        value           nonuniform List<scalar> 
46
(
1.39241e-05
1.42082e-05
9.37639e-06
2.31732e-06
-1.50933e-06
-3.70327e-06
-5.10942e-06
-6.00853e-06
-6.55332e-06
-6.81429e-06
-6.83238e-06
-6.66671e-06
-6.35092e-06
-5.91477e-06
-5.3762e-06
-4.74584e-06
-4.0265e-06
-3.2112e-06
-2.27956e-06
-1.21606e-06
-1.21668e-07
5.70468e-07
6.2869e-07
1.40141e-07
-2.80397e-08
-2.16135e-07
-3.90391e-07
-1.40776e-06
-2.0506e-06
-2.4797e-06
-2.68603e-06
-2.70363e-06
-2.5697e-06
-2.31671e-06
-1.96272e-06
-1.51229e-06
-9.4169e-07
-1.71781e-07
8.49007e-07
2.32763e-06
4.34767e-06
6.91028e-06
9.62069e-06
1.13161e-05
1.18947e-05
9.52495e-06
)
;
    }
    defaultFaces
    {
        type            empty;
        value           nonuniform List<scalar> 0();
    }
}


// ************************************************************************* //
