/*--------------------------------*- C++ -*----------------------------------*\
| =========                 |                                                 |
| \\      /  F ield         | OpenFOAM: The Open Source CFD Toolbox           |
|  \\    /   O peration     | Version:  2312                                  |
|   \\  /    A nd           | Website:  www.openfoam.com                      |
|    \\/     M anipulation  |                                                 |
\*---------------------------------------------------------------------------*/
FoamFile
{
    version     2.0;
    format      ascii;
    arch        "LSB;label=32;scalar=64";
    class       volVectorField;
    location    "3.2";
    object      U;
}
// * * * * * * * * * * * * * * * * * * * * * * * * * * * * * * * * * * * * * //

dimensions      [0 1 -1 0 0 0 0];

internalField   nonuniform List<vector> 
2268
(
(0.0182617 -0.00977223 0)
(0.0357186 -0.00390373 0)
(0.0454591 -0.00193425 0)
(0.0521913 -0.000872643 0)
(0.0561318 -0.000219179 0)
(0.0573101 0.000378099 0)
(0.0555939 0.000841297 0)
(0.0519938 0.00115475 0)
(0.0472787 0.00136515 0)
(0.0414929 0.00161343 0)
(0.0348973 0.00168516 0)
(0.0280528 0.00166561 0)
(0.0213384 0.00150653 0)
(0.0154087 0.00123737 0)
(0.0109329 0.000787919 0)
(0.00850637 0.00030592 0)
(0.00804213 -5.75523e-06 0)
(0.00805257 -3.89034e-05 0)
(0.00768919 2.11376e-05 0)
(0.00693639 0.000138466 0)
(0.00524748 0.000348237 0)
(0.00301543 0.000675547 0)
(-0.0021228 -0.000584978 0)
(0.00718718 -0.0173526 0)
(0.024209 -0.0089776 0)
(0.0344069 -0.00640976 0)
(0.0434688 -0.00411635 0)
(0.0493266 -0.00203158 0)
(0.0518435 0.000105769 0)
(0.0509352 0.00191169 0)
(0.0478981 0.00289799 0)
(0.0437029 0.00356376 0)
(0.0382924 0.00431538 0)
(0.0319183 0.00473626 0)
(0.0252449 0.00487623 0)
(0.0186441 0.00460415 0)
(0.012784 0.00384398 0)
(0.00839247 0.00256802 0)
(0.00620439 0.00105303 0)
(0.00620341 0.000148017 0)
(0.00667036 8.0138e-05 0)
(0.00670091 0.000271342 0)
(0.00642677 0.000831979 0)
(0.00535936 0.00170382 0)
(0.00345853 0.00311859 0)
(-0.000946179 0.00107087 0)
(0.00232584 -0.0244094 0)
(0.0171716 -0.0156083 0)
(0.0270424 -0.0117274 0)
(0.0370625 -0.00795425 0)
(0.0439508 -0.00413733 0)
(0.0473319 0.000105232 0)
(0.0468214 0.00305436 0)
(0.0440618 0.00463305 0)
(0.0403443 0.00603187 0)
(0.0353088 0.00745696 0)
(0.0291121 0.00816303 0)
(0.0225129 0.00819814 0)
(0.0159024 0.00760983 0)
(0.0100661 0.00603168 0)
(0.00583113 0.00376937 0)
(0.00415301 0.00130715 0)
(0.00513881 -0.000164047 0)
(0.00655526 -0.000227123 0)
(0.0074982 0.000112688 0)
(0.00820435 0.000653001 0)
(0.00822975 0.00148182 0)
(0.00670773 0.00323123 0)
(0.0030296 -0.000124849 0)
(-0.000654949 -0.0273667 0)
(0.0123376 -0.0206579 0)
(0.0218734 -0.0168135 0)
(0.0326307 -0.0123239 0)
(0.0403817 -0.00736771 0)
(0.0439695 -0.00117688 0)
(0.0432044 0.00353635 0)
(0.0407245 0.00564365 0)
(0.0376007 0.0070957 0)
(0.0327349 0.00868523 0)
(0.0261951 0.00993527 0)
(0.0190784 0.0109082 0)
(0.0118696 0.0109738 0)
(0.00573871 0.00939585 0)
(0.00187277 0.00618474 0)
(0.000962873 0.00188283 0)
(0.00323283 -0.000808416 0)
(0.00647711 -0.00151709 0)
(0.00896672 -0.00105496 0)
(0.0109262 0.000238964 0)
(0.0118737 0.00285071 0)
(0.00948823 0.0072017 0)
(0.00564666 0.00687412 0)
(-0.00128901 -0.0298325 0)
(0.0110196 -0.0255105 0)
(0.0202787 -0.0218302 0)
(0.03125 -0.0158825 0)
(0.0395155 -0.00864447 0)
(0.0432987 2.61276e-05 0)
(0.0419558 0.00528778 0)
(0.0390627 0.00746821 0)
(0.0362145 0.010991 0)
(0.0314468 0.0148525 0)
(0.02439 0.0164933 0)
(0.0154731 0.0157344 0)
(0.00552187 0.0126554 0)
(-0.0023852 0.0085718 0)
(-0.00640342 0.00423892 0)
(-0.00683588 -0.000266029 0)
(-0.00479032 -0.00302073 0)
(3.61478e-05 -0.00284078 0)
(0.00482937 -0.00181169 0)
(0.00896208 -0.000933089 0)
(0.0115266 0.000998983 0)
(0.00965905 0.00545525 0)
(0.00628213 0.0041454 0)
(9.50338e-05 -0.0315111 0)
(0.0134891 -0.0301552 0)
(0.0239807 -0.0281156 0)
(0.036073 -0.0231393 0)
(0.0450411 -0.015288 0)
(0.0494125 -0.00178382 0)
(0.044978 0.00684045 0)
(0.0354868 0.00801094 0)
(0.0262869 0.00812097 0)
(0.0188142 0.0100685 0)
(0.0092808 0.0117255 0)
(-0.000479557 0.0145666 0)
(-0.00862176 0.0159373 0)
(-0.0156615 0.012971 0)
(-0.0190163 0.00718733 0)
(-0.0215211 -0.000382015 0)
(-0.0251505 -0.00691075 0)
(-0.0254351 -0.00879193 0)
(-0.0253752 -0.00660153 0)
(-0.0273724 -0.00228904 0)
(-0.0294756 0.0039022 0)
(-0.00358495 0.0128942 0)
(0.00842452 0.0199383 0)
(0.00254599 -0.0413872 0)
(0.0184802 -0.0399309 0)
(0.030245 -0.0333715 0)
(0.038026 -0.0214608 0)
(0.038566 -0.0113115 0)
(0.0421896 0.000375188 0)
(0.0455408 0.00716105 0)
(0.046011 0.0113345 0)
(0.0432405 0.016683 0)
(0.0271535 0.0262739 0)
(-0.0227254 0.0366152 0)
(-0.0776428 0.0355592 0)
(-0.0984315 0.0289081 0)
(-0.101557 0.0196428 0)
(-0.107933 0.0114564 0)
(-0.143801 0.0071579 0)
(-0.202694 0.00536498 0)
(-0.254834 0.00303641 0)
(-0.291296 0.00448309 0)
(-0.288322 0.000984798 0)
(-0.230438 -0.0128197 0)
(-0.138508 -0.0169144 0)
(-0.104664 0.0109847 0)
(0.003795 -0.0274031 0)
(0.0213666 -0.0299487 0)
(0.0374596 -0.0296367 0)
(0.057978 -0.0257523 0)
(0.0769551 -0.0195837 0)
(0.079475 -0.00180155 0)
(0.0340464 0.0183474 0)
(-0.0567576 0.0199958 0)
(-0.0925657 0.0261636 0)
(-0.109746 0.0412407 0)
(-0.110707 0.0510352 0)
(-0.112111 0.0387092 0)
(-0.115013 0.0229927 0)
(-0.130931 0.0199913 0)
(-0.154029 0.024224 0)
(-0.1904 0.0342551 0)
(-0.230975 0.0335617 0)
(-0.272023 0.0236781 0)
(-0.303513 0.0101331 0)
(-0.301258 -0.0179506 0)
(-0.257954 -0.0561356 0)
(-0.207715 -0.0814706 0)
(-0.232184 -0.107267 0)
(-0.0130034 0.00679554 0)
(0.00642394 0.00262341 0)
(-0.020915 0.00632198 0)
(-0.0477726 0.00527282 0)
(-0.0695106 0.00436054 0)
(-0.0856894 0.00298142 0)
(-0.0916364 -5.64451e-05 0)
(-0.083403 -0.00349161 0)
(-0.0641963 -0.00712753 0)
(-0.0378868 -0.00853805 0)
(-0.0125347 -0.00803849 0)
(0.00579105 -0.00732731 0)
(0.0168855 -0.00521865 0)
(0.0171743 -0.00243981 0)
(0.0119633 -0.00195735 0)
(0.0093757 -0.00174089 0)
(0.00456013 -0.000850286 0)
(0.00678183 0.00134477 0)
(-0.000561226 -0.00251166 0)
(0.00696259 -0.00523062 0)
(0.0390862 0.00132214 0)
(0.0120029 0.0181862 0)
(-0.0219553 0.0172148 0)
(-0.0442263 0.0132857 0)
(-0.056092 0.0085033 0)
(-0.0563824 -0.000570573 0)
(-0.0440477 -0.00854276 0)
(-0.0220855 -0.0138862 0)
(0.00533721 -0.0148769 0)
(0.031188 -0.00930403 0)
(0.0395964 -0.00414865 0)
(0.0383114 -0.000195134 0)
(0.0290221 0.00540915 0)
(0.0076485 0.00529114 0)
(-0.00919711 0.00430787 0)
(-0.0140788 0.00263115 0)
(-0.0114032 0.000842187 0)
(-0.0032292 0.00462275 0)
(0.0106621 -0.0202476 0)
(0.0309963 0.00371355 0)
(0.0142632 0.0287215 0)
(-0.0215465 0.0241389 0)
(-0.0495108 0.013661 0)
(-0.0628156 0.00474292 0)
(-0.0660067 -0.00697228 0)
(-0.058927 -0.016694 0)
(-0.035257 -0.0275461 0)
(-0.0021616 -0.0332434 0)
(0.0304046 -0.0254992 0)
(0.0613053 -0.011363 0)
(0.0446066 -0.00226578 0)
(0.0227882 0.0100563 0)
(-0.000840954 0.0128689 0)
(-0.0233667 0.00546274 0)
(-0.0313911 -0.0022323 0)
(-0.0289953 -0.00344876 0)
(-0.0170364 -0.00953828 0)
(0.00366118 -0.0170405 0)
(0.0216833 0.00531307 0)
(-0.0223782 0.0375081 0)
(-0.0356818 0.0473793 0)
(-0.0456654 0.0354556 0)
(-0.0461517 0.0228995 0)
(-0.0572355 0.00286121 0)
(-0.0640396 -0.0206983 0)
(-0.050814 -0.0388742 0)
(-0.0425618 -0.0400764 0)
(-0.041843 -0.0292535 0)
(-0.0103706 -0.0084314 0)
(0.0364398 0.0130518 0)
(0.0424045 0.0290005 0)
(0.0591599 0.028148 0)
(0.0740119 0.023453 0)
(0.0500446 0.00615992 0)
(-0.0294047 -0.000982112 0)
(-0.00946518 -0.0190988 0)
(0.00255447 -0.0350891 0)
(-0.0118852 0.0216446 0)
(-0.175887 0.0788834 0)
(-0.216893 0.0437217 0)
(-0.173128 0.0135775 0)
(-0.113753 0.00570443 0)
(-0.0519157 -0.00505083 0)
(0.0096877 -0.0232592 0)
(0.0168733 -0.0357549 0)
(-0.103933 -0.0313595 0)
(-0.144945 -0.0363923 0)
(-0.117202 -0.0426476 0)
(-0.070893 -0.0202939 0)
(-0.0196186 -0.000314971 0)
(0.0114445 -0.00361531 0)
(0.0408323 0.0122298 0)
(0.0568561 0.0300604 0)
(0.0383027 0.0220238 0)
(0.00790988 -0.0174024 0)
(-0.0335224 -0.0239072 0)
(-0.137189 0.079795 0)
(-0.24212 0.109507 0)
(-0.254154 0.0329896 0)
(-0.228626 -0.010432 0)
(-0.169741 -0.0229433 0)
(-0.103733 -0.0408455 0)
(-0.0427568 -0.0413089 0)
(0.0186375 -0.00488794 0)
(-0.0330815 0.0173295 0)
(-0.078898 -0.0270701 0)
(-0.0712528 -0.0532703 0)
(-0.0737824 -0.0283166 0)
(-0.0732153 -0.00859297 0)
(-0.0795963 -0.00481964 0)
(-0.0682158 0.00990845 0)
(-0.0402959 0.0159378 0)
(0.00638658 0.0175133 0)
(0.00316305 -0.00731513 0)
(-0.0744464 0.0252842 0)
(-0.150647 0.122194 0)
(-0.23506 0.130581 0)
(-0.265982 0.0397388 0)
(-0.251256 -0.0270762 0)
(-0.196227 -0.052255 0)
(-0.140504 -0.0684972 0)
(-0.0864523 -0.0668904 0)
(-0.0174454 -0.0441467 0)
(0.0592539 0.0316874 0)
(0.00696159 -0.0114521 0)
(-0.0339738 -0.0439247 0)
(-0.093519 -0.0173882 0)
(-0.139897 0.0020592 0)
(-0.165443 0.00138977 0)
(-0.158262 0.00101576 0)
(-0.129118 0.00174113 0)
(-0.0820549 0.0044445 0)
(-0.038385 -0.00996226 0)
(-0.0776005 0.0806953 0)
(-0.131614 0.147258 0)
(-0.208767 0.153544 0)
(-0.247803 0.0439416 0)
(-0.226628 -0.0442838 0)
(-0.178655 -0.075692 0)
(-0.141871 -0.0887371 0)
(-0.105924 -0.0899632 0)
(-0.0614738 -0.0848163 0)
(0.0422588 0.000907877 0)
(0.0783661 0.00891374 0)
(-0.0170078 -0.0134335 0)
(-0.124663 0.0162577 0)
(-0.186474 0.0211447 0)
(-0.205835 0.000357136 0)
(-0.192706 -0.0140631 0)
(-0.1687 -0.0135848 0)
(-0.13168 -0.0207832 0)
(-0.0733953 -0.0635391 0)
(0.0169678 -0.0852164 0)
(0.0490957 -0.0870879 0)
(0.0583397 -0.0711245 0)
(0.0335996 -0.0371558 0)
(-0.0153486 -0.0100412 0)
(-0.0425098 0.0268362 0)
(-0.0441037 0.0595759 0)
(-0.0488782 0.0545641 0)
(-0.054997 0.0430335 0)
(-0.0648427 0.0443998 0)
(-0.06545 0.0477522 0)
(-0.0591452 0.0428489 0)
(-0.0612976 0.0396619 0)
(-0.0804733 0.0422598 0)
(-0.0911381 0.0422071 0)
(-0.139311 0.0701972 0)
(-0.185783 0.062954 0)
(-0.227712 0.0466627 0)
(-0.263934 0.0252452 0)
(-0.28012 -0.0184601 0)
(-0.279958 -0.0613237 0)
(-0.278405 -0.0887092 0)
(-0.289772 -0.0987021 0)
(-0.0101631 -0.0882427 0)
(-0.0162143 -0.0688379 0)
(-0.0207815 -0.0130629 0)
(-0.0182266 0.039153 0)
(-0.0140721 0.0334011 0)
(-0.0100646 0.0322896 0)
(-0.00973701 0.0390337 0)
(-0.0119524 0.041912 0)
(-0.019894 0.0463941 0)
(-0.0294902 0.0464942 0)
(-0.0294977 0.0386975 0)
(-0.0256953 0.0339316 0)
(-0.0305406 0.0413432 0)
(-0.0452192 0.0530579 0)
(-0.0625832 0.0618097 0)
(-0.105365 0.111173 0)
(-0.144526 0.108106 0)
(-0.199989 0.0985505 0)
(-0.268425 0.0758406 0)
(-0.332175 0.0188242 0)
(-0.385463 -0.0460363 0)
(-0.424288 -0.0911446 0)
(-0.445391 -0.106422 0)
(0.000480609 -0.066161 0)
(0.00942734 -0.0645855 0)
(0.0140369 -0.046207 0)
(0.0300414 -0.0255021 0)
(0.0469046 -0.00655669 0)
(0.046077 0.0184254 0)
(0.0250932 0.0394896 0)
(-0.00525962 0.0522423 0)
(-0.0329485 0.0599249 0)
(-0.0391174 0.0504087 0)
(-0.0382669 0.0364801 0)
(-0.0414886 0.0366729 0)
(-0.0472493 0.0479952 0)
(-0.0647041 0.0741283 0)
(-0.107902 0.103167 0)
(-0.141922 0.147139 0)
(-0.180674 0.1551 0)
(-0.229839 0.159688 0)
(-0.292169 0.144689 0)
(-0.367654 0.0841566 0)
(-0.439254 0.00762789 0)
(-0.488109 -0.0532139 0)
(-0.505722 -0.089007 0)
(0.0074143 -0.0776314 0)
(0.0123254 -0.0686962 0)
(0.0153298 -0.0488336 0)
(0.0166449 -0.0185189 0)
(0.00760928 0.00787128 0)
(-0.0177191 0.0574716 0)
(-0.0440047 0.0858486 0)
(-0.0808477 0.0950241 0)
(-0.101277 0.0744738 0)
(-0.107429 0.0545457 0)
(-0.129178 0.0456984 0)
(-0.146626 0.0508244 0)
(-0.167655 0.0719524 0)
(-0.191399 0.110812 0)
(-0.219154 0.146764 0)
(-0.231802 0.178875 0)
(-0.244223 0.192261 0)
(-0.260669 0.205894 0)
(-0.28011 0.204225 0)
(-0.312284 0.155212 0)
(-0.359776 0.0714801 0)
(-0.417465 -0.0197936 0)
(-0.451208 -0.0909371 0)
(-0.0213912 -0.0873428 0)
(-0.0501579 -0.0714518 0)
(-0.0829962 -0.0443333 0)
(-0.112257 -0.00223905 0)
(-0.142034 0.0380397 0)
(-0.144644 0.0744423 0)
(-0.150691 0.109563 0)
(-0.180868 0.118762 0)
(-0.208514 0.10104 0)
(-0.231666 0.0895225 0)
(-0.261753 0.0754535 0)
(-0.289773 0.0770883 0)
(-0.31401 0.0951855 0)
(-0.329715 0.129075 0)
(-0.330507 0.157112 0)
(-0.317844 0.178361 0)
(-0.302462 0.193417 0)
(-0.281764 0.205895 0)
(-0.256096 0.206449 0)
(-0.237623 0.176044 0)
(-0.234884 0.115714 0)
(-0.250105 0.0424344 0)
(-0.28472 -0.041498 0)
(-0.0489813 -0.031188 0)
(-0.0930514 -0.0199717 0)
(-0.128642 -0.00440341 0)
(-0.148041 0.0221008 0)
(-0.173915 0.0460315 0)
(-0.18982 0.0767545 0)
(-0.194438 0.114983 0)
(-0.218302 0.131071 0)
(-0.24559 0.114995 0)
(-0.271194 0.109385 0)
(-0.300976 0.101846 0)
(-0.329004 0.102301 0)
(-0.348697 0.112545 0)
(-0.355489 0.129161 0)
(-0.348936 0.143334 0)
(-0.331166 0.154534 0)
(-0.305189 0.16275 0)
(-0.270598 0.166266 0)
(-0.229034 0.161442 0)
(-0.189076 0.14018 0)
(-0.161783 0.101106 0)
(-0.15538 0.049877 0)
(-0.168585 -0.000987947 0)
(-0.040085 0.0721346 0)
(-0.115216 0.0405552 0)
(-0.277485 0.0411049 0)
(-0.268908 0.0322306 0)
(-0.257863 0.0662187 0)
(-0.261326 0.0942344 0)
(-0.247909 0.125467 0)
(-0.240993 0.145823 0)
(-0.266048 0.136945 0)
(-0.293885 0.13036 0)
(-0.314639 0.123702 0)
(-0.327298 0.117426 0)
(-0.331743 0.117471 0)
(-0.328468 0.121624 0)
(-0.316765 0.125411 0)
(-0.297005 0.127935 0)
(-0.269702 0.127895 0)
(-0.234967 0.12386 0)
(-0.194495 0.114445 0)
(-0.153679 0.09697 0)
(-0.120011 0.0715584 0)
(-0.100549 0.0431717 0)
(-0.0969109 0.012805 0)
(0.0238815 0.106567 0)
(0.106286 0.113225 0)
(0.165191 0.165243 0)
(0.25571 -0.00822665 0)
(0.158582 0.0365912 0)
(0.015348 0.16922 0)
(-0.211123 0.183912 0)
(-0.357848 0.179031 0)
(-0.353178 0.168524 0)
(-0.369951 0.151303 0)
(-0.378532 0.138244 0)
(-0.363985 0.12511 0)
(-0.338591 0.119446 0)
(-0.313795 0.116659 0)
(-0.290002 0.113228 0)
(-0.263489 0.107337 0)
(-0.23265 0.0991675 0)
(-0.197564 0.0876518 0)
(-0.15923 0.0732471 0)
(-0.120859 0.0559762 0)
(-0.0856729 0.0352557 0)
(-0.0576339 0.0150768 0)
(-0.0393286 -0.00389529 0)
(0.041934 -0.04552 0)
(0.0660697 -0.0582249 0)
(0.109729 -0.0124123 0)
(0.104606 0.0757951 0)
(0.0856597 0.195129 0)
(0.0787321 0.288513 0)
(0.0673295 0.326675 0)
(0.0357846 0.333613 0)
(-0.0429978 0.246086 0)
(-0.186234 0.209572 0)
(-0.275581 0.164409 0)
(-0.421033 0.100372 0)
(-0.437505 0.0831053 0)
(-0.393138 0.0863727 0)
(-0.339101 0.0898021 0)
(-0.287594 0.0867873 0)
(-0.240682 0.0798021 0)
(-0.197321 0.0685524 0)
(-0.156219 0.0553142 0)
(-0.117839 0.0413683 0)
(-0.0806461 0.0260868 0)
(-0.0460034 0.0103988 0)
(-0.0195867 -0.00441308 0)
(0.0308727 -0.032741 0)
(0.0574491 0.00108462 0)
(0.0766618 0.0417553 0)
(0.0925448 0.0864184 0)
(0.117609 0.16368 0)
(0.155597 0.235395 0)
(0.191206 0.279021 0)
(0.219948 0.316093 0)
(0.201111 0.327489 0)
(0.184502 0.306048 0)
(0.128316 0.264283 0)
(0.0540681 0.222134 0)
(-0.0425088 0.154508 0)
(-0.116376 0.0244608 0)
(-0.22541 0.0101241 0)
(-0.318412 0.0039899 0)
(-0.293798 0.00335816 0)
(-0.243518 -0.00416766 0)
(-0.193889 -0.0161131 0)
(-0.153019 -0.0323439 0)
(-0.122213 -0.0510885 0)
(-0.0981243 -0.0615952 0)
(-0.0982242 -0.0540245 0)
(0.014437 -0.0942649 0)
(0.0403606 -0.0629529 0)
(0.06542 -0.01839 0)
(0.0952653 0.042754 0)
(0.136444 0.11952 0)
(0.191792 0.201899 0)
(0.244562 0.265594 0)
(0.290415 0.305973 0)
(0.327697 0.29496 0)
(0.358834 0.301931 0)
(0.374565 0.297149 0)
(0.356977 0.281877 0)
(0.320548 0.235652 0)
(0.311241 0.124596 0)
(0.290163 0.113493 0)
(0.269234 0.096877 0)
(0.243762 0.00965085 0)
(0.212447 -0.0521893 0)
(0.178179 -0.061838 0)
(0.141173 -0.0496604 0)
(0.0798915 -0.0247103 0)
(-0.00530028 -0.00215582 0)
(-0.165181 0.0649017 0)
(0.00700856 -0.113897 0)
(0.0277098 -0.0803955 0)
(0.0455375 -0.0344632 0)
(0.0706645 0.0141527 0)
(0.107902 0.0700148 0)
(0.162176 0.133967 0)
(0.223981 0.194757 0)
(0.286568 0.247534 0)
(0.33861 0.280652 0)
(0.378102 0.293949 0)
(0.409215 0.298803 0)
(0.431906 0.279425 0)
(0.455249 0.217063 0)
(0.464437 0.166956 0)
(0.458838 0.135094 0)
(0.451345 0.112157 0)
(0.450481 0.071915 0)
(0.447027 0.0415773 0)
(0.429751 0.0398436 0)
(0.397952 0.0517394 0)
(0.357479 0.0771308 0)
(0.318341 0.122659 0)
(0.269216 0.188965 0)
(0.00114424 -0.125766 0)
(0.0124136 -0.0937644 0)
(0.019312 -0.0510645 0)
(0.035956 -0.0137649 0)
(0.0596282 0.0260365 0)
(0.0970947 0.0774863 0)
(0.14595 0.131509 0)
(0.202714 0.182043 0)
(0.259787 0.21374 0)
(0.312542 0.234097 0)
(0.362082 0.245777 0)
(0.408784 0.246207 0)
(0.443718 0.220821 0)
(0.461628 0.172803 0)
(0.471729 0.128911 0)
(0.485434 0.0876234 0)
(0.503708 0.0525564 0)
(0.51534 0.0277648 0)
(0.515908 0.0245106 0)
(0.508064 0.0442144 0)
(0.491135 0.0827658 0)
(0.468887 0.134915 0)
(0.435922 0.204763 0)
(-0.00427741 -0.126564 0)
(-0.00330295 -0.0951772 0)
(-0.00627113 -0.0559206 0)
(-0.00174027 -0.0269698 0)
(0.00476061 0.00557715 0)
(0.0180468 0.0470417 0)
(0.0398913 0.089117 0)
(0.0809058 0.134366 0)
(0.135731 0.160365 0)
(0.196351 0.180725 0)
(0.252049 0.196251 0)
(0.302923 0.198268 0)
(0.342859 0.176411 0)
(0.370196 0.13889 0)
(0.391849 0.0985866 0)
(0.414242 0.0616344 0)
(0.439473 0.0305164 0)
(0.464341 0.0149199 0)
(0.484594 0.0224336 0)
(0.495215 0.0513574 0)
(0.495244 0.0974743 0)
(0.490127 0.152566 0)
(0.484439 0.21863 0)
(-0.00955906 -0.117261 0)
(-0.0176433 -0.0864873 0)
(-0.0295797 -0.0506828 0)
(-0.0380903 -0.0227222 0)
(-0.0486153 0.00807949 0)
(-0.0552726 0.044779 0)
(-0.0522665 0.074959 0)
(-0.0288386 0.094345 0)
(0.007979 0.100702 0)
(0.0594147 0.11767 0)
(0.110193 0.143453 0)
(0.155101 0.152226 0)
(0.191241 0.14004 0)
(0.219679 0.1102 0)
(0.244397 0.0740753 0)
(0.266222 0.0356081 0)
(0.288117 0.00214977 0)
(0.312222 -0.0132921 0)
(0.348275 0.000932014 0)
(0.381073 0.0405036 0)
(0.403409 0.0936014 0)
(0.422581 0.149112 0)
(0.446238 0.210994 0)
(-0.0135726 -0.100165 0)
(-0.027974 -0.0703974 0)
(-0.0469622 -0.0365877 0)
(-0.0634939 -0.00740341 0)
(-0.0800598 0.0214954 0)
(-0.0889989 0.0496253 0)
(-0.0874785 0.0667983 0)
(-0.0766827 0.0651836 0)
(-0.0580918 0.0619919 0)
(-0.0337282 0.074939 0)
(0.000256274 0.105266 0)
(0.0315467 0.116081 0)
(0.0604997 0.111358 0)
(0.081359 0.0820561 0)
(0.101941 0.0465314 0)
(0.117662 0.00970765 0)
(0.126794 -0.0242707 0)
(0.136557 -0.0496635 0)
(0.159574 -0.0426216 0)
(0.213607 0.00335189 0)
(0.263823 0.0614158 0)
(0.306325 0.11765 0)
(0.352643 0.175456 0)
(-0.0152597 -0.0787386 0)
(-0.0315901 -0.0508987 0)
(-0.0515762 -0.0196755 0)
(-0.0663726 0.00752701 0)
(-0.0773272 0.0315534 0)
(-0.0807588 0.051101 0)
(-0.0771833 0.0618946 0)
(-0.0721843 0.0581567 0)
(-0.0697351 0.0536044 0)
(-0.0651675 0.0604204 0)
(-0.0491779 0.079433 0)
(-0.0254396 0.0878822 0)
(0.000944768 0.0858794 0)
(0.0241362 0.0601806 0)
(0.0440913 0.0294932 0)
(0.0558131 0.0033871 0)
(0.0621797 -0.0211421 0)
(0.060133 -0.0490981 0)
(0.056319 -0.0624534 0)
(0.0641972 -0.0483301 0)
(0.121414 0.00672924 0)
(0.177107 0.0676931 0)
(0.237167 0.124957 0)
(-0.0149978 -0.0568664 0)
(-0.0300278 -0.0323034 0)
(-0.0473963 -0.00535307 0)
(-0.0575769 0.0174505 0)
(-0.0632263 0.0360088 0)
(-0.0634296 0.0497414 0)
(-0.0595684 0.0568028 0)
(-0.0553098 0.0558146 0)
(-0.0532294 0.0527881 0)
(-0.0504763 0.0545434 0)
(-0.0414162 0.0620196 0)
(-0.0246417 0.0661131 0)
(-0.0033239 0.06235 0)
(0.0166074 0.0430761 0)
(0.0283686 0.0194755 0)
(0.0321824 -0.00271484 0)
(0.0328698 -0.0225236 0)
(0.0280172 -0.0430785 0)
(0.0187376 -0.0564193 0)
(0.010787 -0.0591766 0)
(0.0154286 -0.0430978 0)
(0.05825 0.00711984 0)
(0.121225 0.0668496 0)
(-0.0139193 -0.0366526 0)
(-0.0268093 -0.0160914 0)
(-0.0413511 0.00575575 0)
(-0.0479833 0.0235357 0)
(-0.050277 0.0373609 0)
(-0.0481614 0.0469376 0)
(-0.0431355 0.0516042 0)
(-0.0374661 0.0515808 0)
(-0.0326068 0.0498766 0)
(-0.0274109 0.0496261 0)
(-0.0192073 0.0509896 0)
(-0.00674538 0.0503392 0)
(0.00846717 0.0444668 0)
(0.0221956 0.0309095 0)
(0.0301909 0.0144737 0)
(0.0326722 -0.00189465 0)
(0.0307222 -0.0180335 0)
(0.0238359 -0.0334797 0)
(0.012569 -0.0452175 0)
(-9.37474e-05 -0.0503288 0)
(-0.00890365 -0.0456173 0)
(-0.00593334 -0.0303699 0)
(0.0264298 0.0085878 0)
(-0.0128414 -0.018448 0)
(-0.0240664 -0.00195786 0)
(-0.0368891 0.0146072 0)
(-0.0418014 0.0272028 0)
(-0.0425266 0.0365529 0)
(-0.0393335 0.0426621 0)
(-0.0336384 0.0454574 0)
(-0.0268717 0.0453965 0)
(-0.020031 0.0440372 0)
(-0.0128932 0.042779 0)
(-0.00442603 0.0415468 0)
(0.00584691 0.0385607 0)
(0.0169208 0.0322649 0)
(0.0262603 0.0221358 0)
(0.0320187 0.0101396 0)
(0.0339418 -0.00197738 0)
(0.0320247 -0.0137247 0)
(0.026222 -0.0245944 0)
(0.0168087 -0.0330705 0)
(0.00523244 -0.0379629 0)
(-0.00588265 -0.0375552 0)
(-0.0131688 -0.0307929 0)
(-0.0111298 -0.016927 0)
(-0.0120697 -0.00182346 0)
(-0.0223791 0.0109628 0)
(-0.0345031 0.0224358 0)
(-0.0390191 0.0301357 0)
(-0.039703 0.0352646 0)
(-0.0366956 0.0381291 0)
(-0.031201 0.0389902 0)
(-0.0243288 0.038248 0)
(-0.0168533 0.0366375 0)
(-0.00895298 0.0347527 0)
(-0.000509002 0.0324677 0)
(0.00846089 0.0288999 0)
(0.0171905 0.0232955 0)
(0.0242767 0.0155959 0)
(0.0288761 0.00680295 0)
(0.0307218 -0.00217177 0)
(0.0295948 -0.0107924 0)
(0.0256331 -0.018347 0)
(0.0191587 -0.0240626 0)
(0.0108733 -0.0272983 0)
(0.00183929 -0.0276498 0)
(-0.00609738 -0.0246087 0)
(-0.0110622 -0.0175854 0)
(-0.0116239 0.0140312 0)
(-0.0216019 0.0233622 0)
(-0.0336417 0.0301342 0)
(-0.0384796 0.0332895 0)
(-0.0397902 0.0344839 0)
(-0.0376207 0.0343263 0)
(-0.0329741 0.0331409 0)
(-0.0267049 0.0312544 0)
(-0.01949 0.0290277 0)
(-0.0117149 0.0266543 0)
(-0.003629 0.0239651 0)
(0.00443329 0.0205429 0)
(0.0119002 0.0159309 0)
(0.0179554 0.0101445 0)
(0.0221576 0.00371208 0)
(0.0241797 -0.00287886 0)
(0.0240335 -0.00907386 0)
(0.0217575 -0.0142554 0)
(0.0176717 -0.0180527 0)
(0.012354 -0.0200669 0)
(0.00632977 -0.0201814 0)
(0.000508243 -0.0183237 0)
(-0.00424129 -0.0141041 0)
(-0.0114419 0.0295165 0)
(-0.0214665 0.0357278 0)
(-0.0337097 0.0381423 0)
(-0.0391287 0.0371152 0)
(-0.0412586 0.0346448 0)
(-0.0400441 0.0315302 0)
(-0.0363251 0.0281867 0)
(-0.0308024 0.0248834 0)
(-0.0241116 0.0217969 0)
(-0.01676 0.0189454 0)
(-0.00917823 0.0161314 0)
(-0.00180346 0.0130418 0)
(0.00489643 0.00939789 0)
(0.010401 0.0051256 0)
(0.0143682 0.000527938 0)
(0.0166988 -0.00416458 0)
(0.0173373 -0.00844701 0)
(0.0163049 -0.0120199 0)
(0.0139758 -0.0144259 0)
(0.010842 -0.0156331 0)
(0.00727285 -0.0155228 0)
(0.00377095 -0.0141701 0)
(0.00061248 -0.011276 0)
(-0.0113564 0.0449293 0)
(-0.0216705 0.0482744 0)
(-0.0343205 0.0466082 0)
(-0.0403706 0.0416393 0)
(-0.0432673 0.0356523 0)
(-0.0428599 0.0296046 0)
(-0.0398626 0.0239932 0)
(-0.0349009 0.01909 0)
(-0.0286141 0.0150015 0)
(-0.021599 0.0116684 0)
(-0.0144053 0.00884597 0)
(-0.00751848 0.00620344 0)
(-0.00137434 0.00345372 0)
(0.00372557 0.00047138 0)
(0.00755045 -0.00266351 0)
(0.00996077 -0.00581278 0)
(0.01101 -0.00865444 0)
(0.0108269 -0.0109991 0)
(0.00970633 -0.0124677 0)
(0.0080166 -0.013099 0)
(0.00606057 -0.0128941 0)
(0.00418516 -0.0118656 0)
(0.0025032 -0.00992279 0)
(-0.0113783 0.0605687 0)
(-0.0220783 0.061167 0)
(-0.0351892 0.0556068 0)
(-0.0418786 0.046834 0)
(-0.0454438 0.0373747 0)
(-0.0456477 0.0283321 0)
(-0.0431186 0.020307 0)
(-0.0384554 0.0136306 0)
(-0.0323281 0.00843741 0)
(-0.025427 0.00462007 0)
(-0.0184006 0.00187583 0)
(-0.0117814 -0.000210859 0)
(-0.00595448 -0.00203624 0)
(-0.00118443 -0.00384035 0)
(0.00238062 -0.00574358 0)
(0.00478152 -0.00764339 0)
(0.006021 -0.00935056 0)
(0.0062658 -0.0107147 0)
(0.00583894 -0.0115365 0)
(0.00497383 -0.0117979 0)
(0.00399418 -0.0115268 0)
(0.00311476 -0.0107698 0)
(0.00225267 -0.00947334 0)
(-0.0113876 0.0765177 0)
(-0.0224964 0.0744923 0)
(-0.0360757 0.0651469 0)
(-0.0433485 0.0526219 0)
(-0.0474657 0.0396466 0)
(-0.0480929 0.027483 0)
(-0.0458086 0.0168706 0)
(-0.0412059 0.00825791 0)
(-0.0350248 0.00185017 0)
(-0.0280538 -0.00242472 0)
(-0.0210129 -0.00497888 0)
(-0.0144785 -0.00639741 0)
(-0.00884218 -0.00723927 0)
(-0.00432119 -0.00792642 0)
(-0.00097672 -0.00865257 0)
(0.00127691 -0.00943466 0)
(0.00253091 -0.0102271 0)
(0.00296128 -0.0108241 0)
(0.00284163 -0.0111496 0)
(0.00240956 -0.0111443 0)
(0.00188498 -0.0108503 0)
(0.00145924 -0.0103165 0)
(0.00103279 -0.00951317 0)
(-0.0113175 0.0926195 0)
(-0.022705 0.0881403 0)
(-0.0366338 0.0751555 0)
(-0.0443534 0.0588931 0)
(-0.0488596 0.0422978 0)
(-0.0496998 0.0268445 0)
(-0.0474438 0.0134648 0)
(-0.0427282 0.0027678 0)
(-0.0363903 -0.00488126 0)
(-0.0293033 -0.00957709 0)
(-0.0222184 -0.0118733 0)
(-0.0157212 -0.0125292 0)
(-0.0102062 -0.0123061 0)
(-0.00587218 -0.0118061 0)
(-0.00273708 -0.0113781 0)
(-0.000685509 -0.0111365 0)
(0.000451263 -0.0110699 0)
(0.000878548 -0.0110369 0)
(0.000828038 -0.01095 0)
(0.000502472 -0.0107435 0)
(0.00011895 -0.0104473 0)
(-0.000182662 -0.0100586 0)
(-0.000539344 -0.00960259 0)
(-0.0109857 0.108629 0)
(-0.0223575 0.101934 0)
(-0.0364335 0.0854655 0)
(-0.0443873 0.0654633 0)
(-0.0490588 0.0451236 0)
(-0.0498701 0.0262108 0)
(-0.0474333 0.00992041 0)
(-0.0424826 -0.0029291 0)
(-0.0360049 -0.0117798 0)
(-0.0288893 -0.016821 0)
(-0.0218778 -0.0187686 0)
(-0.0155193 -0.018581 0)
(-0.0101836 -0.0172195 0)
(-0.00606454 -0.0154823 0)
(-0.00317186 -0.0138857 0)
(-0.00136834 -0.0126477 0)
(-0.000443998 -0.0117797 0)
(-0.000170021 -0.011179 0)
(-0.000323461 -0.0107384 0)
(-0.000708392 -0.0103704 0)
(-0.00116627 -0.0100408 0)
(-0.00157077 -0.00976928 0)
(-0.00204105 -0.00953455 0)
(-0.0102864 0.124115 0)
(-0.0211893 0.115522 0)
(-0.0350718 0.0958081 0)
(-0.042961 0.072103 0)
(-0.0475495 0.0478913 0)
(-0.0480909 0.0253895 0)
(-0.0452921 0.00613034 0)
(-0.0400719 -0.00881608 0)
(-0.0335505 -0.0187315 0)
(-0.0265994 -0.0239683 0)
(-0.0199041 -0.0254709 0)
(-0.0139108 -0.0244011 0)
(-0.00892105 -0.0218848 0)
(-0.00511973 -0.018893 0)
(-0.00253688 -0.0161135 0)
(-0.0010454 -0.0138806 0)
(-0.000417802 -0.0122542 0)
(-0.00040705 -0.011124 0)
(-0.000788662 -0.010363 0)
(-0.00137806 -0.00984474 0)
(-0.00203547 -0.00948917 0)
(-0.00265985 -0.00928816 0)
(-0.00334185 -0.00918306 0)
(-0.00918792 0.138434 0)
(-0.0189962 0.128414 0)
(-0.0322046 0.105844 0)
(-0.0396733 0.0785563 0)
(-0.0440033 0.0504091 0)
(-0.0441558 0.0242428 0)
(-0.040869 0.00196994 0)
(-0.0354184 -0.0148335 0)
(-0.0290064 -0.025545 0)
(-0.0224761 -0.0307481 0)
(-0.0164013 -0.0316902 0)
(-0.0110657 -0.0297419 0)
(-0.00665073 -0.02613 0)
(-0.00331042 -0.0219329 0)
(-0.00111156 -0.0179915 0)
(1.48443e-05 -0.0147623 0)
(0.000286258 -0.0124089 0)
(-4.08491e-05 -0.01077 0)
(-0.000738553 -0.00971994 0)
(-0.00161493 -0.00906611 0)
(-0.00255677 -0.00868061 0)
(-0.00346568 -0.00850593 0)
(-0.00439068 -0.00847303 0)
(-0.00770062 0.150868 0)
(-0.0156832 0.140021 0)
(-0.0276546 0.115141 0)
(-0.0343026 0.0845723 0)
(-0.0382449 0.0526141 0)
(-0.0380157 0.0227359 0)
(-0.0343304 -0.00258997 0)
(-0.0287846 -0.0208786 0)
(-0.0226998 -0.0319872 0)
(-0.0168685 -0.0368586 0)
(-0.0117172 -0.0371052 0)
(-0.00733089 -0.0343186 0)
(-0.00373013 -0.029751 0)
(-0.0010024 -0.0244843 0)
(0.000765649 -0.0194362 0)
(0.00151187 -0.0152706 0)
(0.00142013 -0.0121895 0)
(0.000734623 -0.0100825 0)
(-0.000332366 -0.00874627 0)
(-0.00154656 -0.00797541 0)
(-0.00280984 -0.00756653 0)
(-0.00403304 -0.00740767 0)
(-0.00523248 -0.00740717 0)
(-0.00590969 0.160684 0)
(-0.0113208 0.149694 0)
(-0.0214472 0.12319 0)
(-0.0268383 0.0899071 0)
(-0.0302837 0.0544485 0)
(-0.0296802 0.0209326 0)
(-0.0258915 -0.00729721 0)
(-0.0206082 -0.0267306 0)
(-0.0152151 -0.0377635 0)
(-0.0103855 -0.0420057 0)
(-0.00641405 -0.0414276 0)
(-0.00320655 -0.0378679 0)
(-0.000615598 -0.0325492 0)
(0.00139188 -0.0264419 0)
(0.00266279 -0.0204723 0)
(0.00306857 -0.0154276 0)
(0.00269768 -0.0116076 0)
(0.00170826 -0.00904253 0)
(0.0003066 -0.007434 0)
(-0.00126228 -0.00654944 0)
(-0.00286005 -0.00612851 0)
(-0.00439886 -0.00599056 0)
(-0.00584786 -0.00600497 0)
(-0.00397127 0.167276 0)
(-0.00615578 0.156779 0)
(-0.0138285 0.129427 0)
(-0.0173572 0.094275 0)
(-0.020144 0.0558472 0)
(-0.019255 0.0190815 0)
(-0.0158019 -0.0117893 0)
(-0.0113823 -0.0319451 0)
(-0.00726376 -0.0424676 0)
(-0.00378448 -0.0459247 0)
(-0.00118261 -0.0444496 0)
(0.000724108 -0.0401959 0)
(0.00219543 -0.0343653 0)
(0.00336935 -0.0277568 0)
(0.00414548 -0.0211697 0)
(0.00433357 -0.0153252 0)
(0.00381413 -0.0107873 0)
(0.00264128 -0.00768926 0)
(0.00100838 -0.0058124 0)
(-0.000856097 -0.00479728 0)
(-0.0027586 -0.00437781 0)
(-0.00458755 -0.00427364 0)
(-0.00627055 -0.00430865 0)
(-0.00213254 0.170357 0)
(-0.00067909 0.160755 0)
(-0.00538109 0.133351 0)
(-0.00615677 0.0972346 0)
(-0.00765207 0.0567288 0)
(-0.00631313 0.0174101 0)
(-0.00421596 -0.0154637 0)
(-0.00169768 -0.0358306 0)
(0.000428062 -0.0456217 0)
(0.00221444 -0.0483575 0)
(0.00331673 -0.04604 0)
(0.0038967 -0.0412454 0)
(0.00420716 -0.0351638 0)
(0.00452144 -0.0284018 0)
(0.00483878 -0.0215135 0)
(0.00491207 -0.0151313 0)
(0.00444827 -0.00991323 0)
(0.00331138 -0.00620829 0)
(0.0016158 -0.00395767 0)
(-0.000408015 -0.00278742 0)
(-0.00256637 -0.00235782 0)
(-0.00463736 -0.00229614 0)
(-0.00648796 -0.00236607 0)
(-0.000637956 0.169938 0)
(0.00441507 0.16111 0)
(0.00304936 0.134329 0)
(0.0057663 0.0978309 0)
(0.00681024 0.0566081 0)
(0.00902122 0.0166969 0)
(0.0088824 -0.0163842 0)
(0.00825175 -0.0369135 0)
(0.00753413 -0.0465305 0)
(0.00721795 -0.0489593 0)
(0.006618 -0.0461243 0)
(0.00587928 -0.041048 0)
(0.0050977 -0.0349734 0)
(0.00461687 -0.0283662 0)
(0.00447859 -0.0215523 0)
(0.00450013 -0.014974 0)
(0.00429481 -0.00920537 0)
(0.00347455 -0.00483954 0)
(0.00196077 -0.00205667 0)
(-5.25771e-05 -0.000642473 0)
(-0.00232094 -0.000150943 0)
(-0.00455876 -0.000134129 0)
(-0.00654381 -0.00025944 0)
(0.000531491 0.166407 0)
(0.00866246 0.157756 0)
(0.0107041 0.131436 0)
(0.0167841 0.094747 0)
(0.0208085 0.054478 0)
(0.0234707 0.0169675 0)
(0.0217836 -0.0139836 0)
(0.0180475 -0.0341801 0)
(0.0141776 -0.044556 0)
(0.0112382 -0.0473371 0)
(0.00862803 -0.0445659 0)
(0.00651584 -0.0395984 0)
(0.00472411 -0.0338474 0)
(0.00355875 -0.0277084 0)
(0.00302534 -0.0213519 0)
(0.00301361 -0.0149378 0)
(0.0031601 -0.00888433 0)
(0.00290609 -0.00386121 0)
(0.00187828 -0.00038172 0)
(0.000109112 0.00146358 0)
(-0.00211175 0.00212858 0)
(-0.00441902 0.00213467 0)
(-0.00644827 0.00192736 0)
(0.00151453 0.160424 0)
(0.0119509 0.151315 0)
(0.017099 0.125186 0)
(0.0257197 0.0887386 0)
(0.0316667 0.0506166 0)
(0.0342521 0.0168655 0)
(0.0316084 -0.0104309 0)
(0.0259426 -0.0291278 0)
(0.0196237 -0.0398586 0)
(0.0140862 -0.0432745 0)
(0.00937682 -0.041234 0)
(0.00590363 -0.0369366 0)
(0.00322846 -0.0319093 0)
(0.0015067 -0.0265451 0)
(0.000661749 -0.02094 0)
(0.000614374 -0.0150486 0)
(0.00107164 -0.00906378 0)
(0.00148117 -0.00353605 0)
(0.00121018 0.00075508 0)
(-1.60491e-05 0.00329851 0)
(-0.0019732 0.00434875 0)
(-0.00422803 0.00444065 0)
(-0.00625183 0.00414416 0)
(0.00247303 0.152574 0)
(0.0142825 0.142502 0)
(0.0220073 0.116416 0)
(0.0319179 0.081146 0)
(0.0382553 0.0462834 0)
(0.0401083 0.0172434 0)
(0.0368069 -0.00568448 0)
(0.030217 -0.0225437 0)
(0.0224919 -0.033074 0)
(0.0151754 -0.0371567 0)
(0.00891188 -0.036328 0)
(0.00437677 -0.0332644 0)
(0.00106204 -0.0293588 0)
(-0.00104813 -0.025035 0)
(-0.00213317 -0.0203672 0)
(-0.00228028 -0.0152527 0)
(-0.00167087 -0.0096907 0)
(-0.000716905 -0.00398429 0)
(-0.000117465 0.00109684 0)
(-0.000518328 0.00459551 0)
(-0.0019707 0.00631374 0)
(-0.0040189 0.00667154 0)
(-0.00594221 0.00631763 0)
(0.00339129 0.143348 0)
(0.015493 0.132101 0)
(0.0248933 0.106251 0)
(0.0346192 0.0733531 0)
(0.0399106 0.0426419 0)
(0.0404606 0.0183449 0)
(0.0367486 -0.000529457 0)
(0.0300288 -0.0153143 0)
(0.0220151 -0.0252612 0)
(0.0141935 -0.0299306 0)
(0.00743584 -0.0305111 0)
(0.00249888 -0.0290026 0)
(-0.0010536 -0.0264536 0)
(-0.00336489 -0.0232932 0)
(-0.00465399 -0.0196369 0)
(-0.00500195 -0.015425 0)
(-0.00448962 -0.0105446 0)
(-0.00332931 -0.00506028 0)
(-0.00204484 0.000539853 0)
(-0.00150085 0.00510081 0)
(-0.00219958 0.00780633 0)
(-0.0038835 0.00868669 0)
(-0.00565402 0.00837029 0)
(0.00382039 0.13353 0)
(0.0149477 0.121039 0)
(0.0246916 0.0959544 0)
(0.0328895 0.066508 0)
(0.0362405 0.0403823 0)
(0.0353658 0.0203277 0)
(0.0314807 0.00466533 0)
(0.0254481 -0.00830091 0)
(0.0183445 -0.0175916 0)
(0.0114174 -0.0227566 0)
(0.00540219 -0.0246785 0)
(0.000892628 -0.0246739 0)
(-0.00240664 -0.0234277 0)
(-0.00468999 -0.021352 0)
(-0.00611602 -0.0186492 0)
(-0.00675294 -0.0153297 0)
(-0.0066032 -0.0112701 0)
(-0.00568705 -0.0063648 0)
(-0.00424497 -0.000744399 0)
(-0.00294981 0.00471149 0)
(-0.00277435 0.00865757 0)
(-0.00393417 0.0103973 0)
(-0.00549078 0.0102533 0)
(0.00300869 0.124944 0)
(0.0117985 0.110884 0)
(0.0205894 0.0871256 0)
(0.0264832 0.0617603 0)
(0.0277477 0.0399588 0)
(0.0258835 0.0230611 0)
(0.0223214 0.00931828 0)
(0.0176996 -0.00242433 0)
(0.0125109 -0.0111515 0)
(0.00758035 -0.016729 0)
(0.00327149 -0.0197002 0)
(-9.69579e-05 -0.0208337 0)
(-0.00266897 -0.0205793 0)
(-0.00458662 -0.0193377 0)
(-0.00594966 -0.0173605 0)
(-0.00681484 -0.0147438 0)
(-0.00715395 -0.0114379 0)
(-0.0068699 -0.0072978 0)
(-0.00592795 -0.00218986 0)
(-0.00455512 0.0036135 0)
(-0.00368865 0.00871961 0)
(-0.00428284 0.0115227 0)
(-0.0056615 0.0117352 0)
(0.000304968 0.119445 0)
(0.00525114 0.100123 0)
(0.0124562 0.078206 0)
(0.0159662 0.0587215 0)
(0.0156908 0.0414691 0)
(0.0136957 0.0266462 0)
(0.0112458 0.0135165 0)
(0.00864561 0.00201698 0)
(0.00597692 -0.00684045 0)
(0.00346978 -0.0129007 0)
(0.001282 -0.016567 0)
(-0.000503499 -0.0183616 0)
(-0.00193478 -0.0186772 0)
(-0.00307748 -0.0178893 0)
(-0.00399224 -0.0162649 0)
(-0.00473115 -0.0139588 0)
(-0.00530166 -0.0110183 0)
(-0.00564234 -0.00738625 0)
(-0.00562937 -0.0029264 0)
(-0.00532192 0.00255287 0)
(-0.00486262 0.00851306 0)
(-0.00530338 0.012899 0)
(-0.00648907 0.0138463 0)
(-0.265726 -0.0186313 0)
(-0.24835 0.00610739 0)
(-0.245517 0.0351458 0)
(-0.249908 0.0682232 0)
(-0.438572 -0.07749 0)
(-0.426348 -0.0556437 0)
(-0.411158 -0.0241855 0)
(-0.387909 0.0144854 0)
(-0.498867 -0.0876636 0)
(-0.490722 -0.0697273 0)
(-0.47868 -0.049453 0)
(-0.456186 -0.0269629 0)
(-0.452484 -0.106648 0)
(-0.448763 -0.0930352 0)
(-0.441319 -0.0823253 0)
(-0.426125 -0.0741782 0)
(-0.321411 -0.0990784 0)
(-0.332875 -0.0972038 0)
(-0.338737 -0.0939611 0)
(-0.337603 -0.0931873 0)
(-0.19051 -0.0500554 0)
(-0.201037 -0.0666922 0)
(-0.205946 -0.0752977 0)
(-0.205969 -0.0811911 0)
(-0.100804 -0.0265879 0)
(-0.112602 -0.0490647 0)
(-0.12658 -0.0674126 0)
(-0.139421 -0.0807559 0)
(-0.0313322 -0.0201187 0)
(-0.0375371 -0.0248098 0)
(-0.0478031 -0.0272952 0)
(-0.0665858 -0.0352562 0)
(-0.00972648 -0.00912215 0)
(-0.0125814 -0.00731269 0)
(-0.0186366 -0.00436721 0)
(-0.0264049 -0.00150745 0)
(-0.128515 -0.0333974 0)
(-0.157789 -0.01845 0)
(-0.183305 0.00664036 0)
(-0.192791 0.0342383 0)
(-0.278678 0.125283 0)
(-0.310114 0.0664766 0)
(-0.306888 0.0502373 0)
(-0.319861 0.0619427 0)
(0.229251 0.238555 0)
(0.179977 0.216766 0)
(0.132634 0.13958 0)
(0.0748159 0.107873 0)
(0.418391 0.236705 0)
(0.396692 0.260012 0)
(0.371533 0.268701 0)
(0.346519 0.282575 0)
(0.485622 0.254828 0)
(0.485951 0.289962 0)
(0.485313 0.318484 0)
(0.487286 0.346745 0)
(0.462134 0.2418 0)
(0.478422 0.274396 0)
(0.4952 0.303389 0)
(0.515689 0.328652 0)
(0.378167 0.201295 0)
(0.404504 0.227818 0)
(0.430251 0.250805 0)
(0.457494 0.270443 0)
(0.267539 0.147504 0)
(0.297755 0.168898 0)
(0.326915 0.186704 0)
(0.355453 0.202147 0)
(0.153418 0.0890911 0)
(0.183577 0.107741 0)
(0.210994 0.122837 0)
(0.236574 0.136347 0)
(0.0584846 0.037621 0)
(0.079724 0.0536903 0)
(0.10077 0.0672863 0)
(0.120841 0.0808544 0)
(0.00407654 0.0051518 0)
(0.0139191 0.0170665 0)
(0.0260908 0.029303 0)
(0.0393265 0.0420235 0)
(-0.00920128 -0.00518296 0)
(-0.00623491 0.00213856 0)
(-0.00166166 0.0102604 0)
(0.0055447 0.0193265 0)
(-0.00519749 -0.00601637 0)
(-0.00468842 -0.00158208 0)
(-0.00309636 0.0034478 0)
(0.000769946 0.00894177 0)
(2.79628e-05 -0.00563498 0)
(0.00031541 -0.00280882 0)
(0.00119876 0.000254667 0)
(0.00381667 0.00344128 0)
(0.00264824 -0.00591971 0)
(0.0030086 -0.00417268 0)
(0.0037951 -0.00240297 0)
(0.00588707 -0.000693205 0)
(0.00279686 -0.00667887 0)
(0.00325992 -0.00572074 0)
(0.00403007 -0.00482678 0)
(0.00571739 -0.00410716 0)
(0.00159872 -0.00755362 0)
(0.00198536 -0.00713751 0)
(0.00264363 -0.00687054 0)
(0.00399895 -0.00683715 0)
(-0.000100427 -0.00827621 0)
(0.000144788 -0.00825366 0)
(0.000598701 -0.00842302 0)
(0.00162798 -0.00885606 0)
(-0.00191266 -0.008654 0)
(-0.00184399 -0.00893225 0)
(-0.00159339 -0.00943339 0)
(-0.000907618 -0.0102277 0)
(-0.00353219 -0.00862365 0)
(-0.00366466 -0.00912848 0)
(-0.00367305 -0.00988279 0)
(-0.00331793 -0.0109579 0)
(-0.00495664 -0.00813832 0)
(-0.00528371 -0.00882033 0)
(-0.00551561 -0.00978257 0)
(-0.00549778 -0.0110811 0)
(-0.00611025 -0.00721282 0)
(-0.00662047 -0.00802995 0)
(-0.00708396 -0.00916233 0)
(-0.00735439 -0.0106502 0)
(-0.00704233 -0.00589707 0)
(-0.0077069 -0.00681919 0)
(-0.00834461 -0.00809431 0)
(-0.00887166 -0.0097452 0)
(-0.00768809 -0.00425626 0)
(-0.00847764 -0.00526284 0)
(-0.00927795 -0.00666128 0)
(-0.00999527 -0.00845846 0)
(-0.00809834 -0.00235869 0)
(-0.00897984 -0.00343691 0)
(-0.00987476 -0.00494863 0)
(-0.010742 -0.00688698 0)
(-0.00825423 -0.000293381 0)
(-0.00918637 -0.0014343 0)
(-0.0101524 -0.00305041 0)
(-0.0110996 -0.00513227 0)
(-0.00821584 0.00184442 0)
(-0.00915677 0.000648847 0)
(-0.0101305 -0.00106772 0)
(-0.0111202 -0.00329489 0)
(-0.00798772 0.00397418 0)
(-0.00890287 0.00271845 0)
(-0.00986245 0.00090763 0)
(-0.0108253 -0.0014622 0)
(-0.00764424 0.00602492 0)
(-0.00849449 0.00470217 0)
(-0.00937804 0.00279368 0)
(-0.0102934 0.000275402 0)
(-0.0072259 0.00794035 0)
(-0.00799133 0.00652931 0)
(-0.00878659 0.00451799 0)
(-0.00958952 0.00184379 0)
(-0.0068942 0.00966228 0)
(-0.00753965 0.00813721 0)
(-0.00819138 0.00601014 0)
(-0.00886021 0.00318811 0)
(-0.00683721 0.0109898 0)
(-0.00735967 0.00935149 0)
(-0.0078599 0.00711726 0)
(-0.00834045 0.00418983 0)
(-0.00745017 0.0127219 0)
(-0.0078639 0.0108221 0)
(-0.00823307 0.00832472 0)
(-0.00856652 0.0051777 0)
(-0.233483 0.10147 0)
(-0.202907 0.165109 0)
(-0.199621 0.173195 0)
(-0.196084 0.055223 0)
(-0.165546 -0.0591444 0)
(-0.13677 -0.0967058 0)
(-0.116756 -0.103251 0)
(-0.103078 -0.105786 0)
(-0.0906134 -0.110189 0)
(-0.0496007 -0.0442304 0)
(-0.0275867 0.0224287 0)
(-0.10106 0.053388 0)
(-0.150077 0.0624431 0)
(-0.174555 0.0442251 0)
(-0.18773 0.00670874 0)
(-0.187605 -0.0209763 0)
(-0.17341 -0.028113 0)
(-0.13953 -0.0512345 0)
(-0.0727269 -0.146463 0)
(-0.360815 0.0565999 0)
(-0.285897 0.12434 0)
(-0.214144 0.130243 0)
(-0.151378 0.0307919 0)
(-0.102082 -0.0805133 0)
(-0.0892271 -0.111499 0)
(-0.0941501 -0.104168 0)
(-0.113159 -0.10634 0)
(-0.138129 -0.110641 0)
(-0.146005 -0.0396137 0)
(-0.140494 0.058092 0)
(-0.154489 0.0732035 0)
(-0.160897 0.0644392 0)
(-0.153762 0.0404433 0)
(-0.138613 0.0129291 0)
(-0.104673 -0.0257941 0)
(-0.087919 -0.0476595 0)
(-0.0835153 -0.0976101 0)
(-0.0225879 -0.240135 0)
(-0.423407 -0.00454781 0)
(-0.332659 0.0404144 0)
(-0.234091 0.0376176 0)
(-0.150399 -0.0380451 0)
(-0.11211 -0.10438 0)
(-0.113548 -0.106715 0)
(-0.12697 -0.0832679 0)
(-0.157998 -0.0812966 0)
(-0.195602 -0.0838417 0)
(-0.209629 -0.0378071 0)
(-0.179756 0.0467938 0)
(-0.1465 0.0669043 0)
(-0.131442 0.0630731 0)
(-0.125657 0.0395017 0)
(-0.0862179 -0.0216686 0)
(0.00893204 -0.0869928 0)
(0.0669211 -0.0338579 0)
(0.0135277 -0.0700553 0)
(0.0273273 -0.248994 0)
(-0.402249 -0.0683371 0)
(-0.336903 -0.0614018 0)
(-0.261268 -0.0683651 0)
(-0.206074 -0.090843 0)
(-0.193991 -0.107316 0)
(-0.205191 -0.091886 0)
(-0.210417 -0.0659411 0)
(-0.211482 -0.0647884 0)
(-0.22354 -0.0600707 0)
(-0.231214 -0.0436241 0)
(-0.201698 -0.0061611 0)
(-0.159325 0.0242131 0)
(-0.132893 0.0452893 0)
(-0.101617 0.0141234 0)
(-0.0184636 -0.114893 0)
(0.0695926 -0.190727 0)
(0.131452 -0.0587203 0)
(0.0990583 -0.0232028 0)
(0.0622684 -0.194411 0)
(-0.329399 -0.0945191 0)
(-0.306279 -0.0979621 0)
(-0.281535 -0.100728 0)
(-0.270476 -0.100162 0)
(-0.276889 -0.0993851 0)
(-0.274387 -0.0907967 0)
(-0.249433 -0.08234 0)
(-0.216745 -0.081371 0)
(-0.187839 -0.0591855 0)
(-0.176846 -0.0442832 0)
(-0.166101 -0.0324869 0)
(-0.132001 -0.00632195 0)
(-0.0831898 0.0105095 0)
(-0.0220119 -0.0466389 0)
(0.086407 -0.198932 0)
(0.101027 -0.221062 0)
(0.112047 -0.0877387 0)
(0.115368 0.0107679 0)
(0.0804619 -0.118076 0)
(-0.206561 -0.0861172 0)
(-0.220665 -0.0910219 0)
(-0.245935 -0.0959768 0)
(-0.262099 -0.0985231 0)
(-0.263371 -0.102335 0)
(-0.25145 -0.111085 0)
(-0.227916 -0.115388 0)
(-0.197108 -0.113832 0)
(-0.158627 -0.0921346 0)
(-0.112306 -0.0659462 0)
(-0.0757682 -0.0564797 0)
(-0.0347762 -0.0571392 0)
(0.0344859 -0.0626755 0)
(0.126617 -0.119123 0)
(0.181639 -0.229365 0)
(0.154505 -0.191686 0)
(0.0790116 -0.0910783 0)
(0.0931513 0.0394345 0)
(0.0876042 -0.0307487 0)
(-0.147788 -0.0864254 0)
(-0.160394 -0.0794909 0)
(-0.171938 -0.0676646 0)
(-0.187746 -0.0846011 0)
(-0.191984 -0.104578 0)
(-0.182313 -0.125765 0)
(-0.161786 -0.14175 0)
(-0.132105 -0.146199 0)
(-0.0929213 -0.138761 0)
(-0.0443026 -0.116594 0)
(0.0158918 -0.101101 0)
(0.0826463 -0.112354 0)
(0.155816 -0.136123 0)
(0.234069 -0.182204 0)
(0.264681 -0.22962 0)
(0.245348 -0.119205 0)
(0.11432 -0.0621529 0)
(0.0893426 0.00157065 0)
(0.0919138 0.0157374 0)
(-0.0983875 -0.0544829 0)
(-0.141468 -0.0607082 0)
(-0.1648 -0.0609049 0)
(-0.16962 -0.0838636 0)
(-0.165987 -0.110447 0)
(-0.151483 -0.13963 0)
(-0.124446 -0.163661 0)
(-0.0885299 -0.176979 0)
(-0.0463635 -0.178445 0)
(0.00148282 -0.171133 0)
(0.0615748 -0.167603 0)
(0.127005 -0.179518 0)
(0.20215 -0.203068 0)
(0.268823 -0.232148 0)
(0.317173 -0.23537 0)
(0.316772 -0.0931699 0)
(0.255315 0.0127188 0)
(0.107017 0.0538067 0)
(0.0964443 0.113754 0)
(-0.079416 -0.0029861 0)
(-0.156808 -0.0138081 0)
(-0.184219 -0.0343042 0)
(-0.190987 -0.0770098 0)
(-0.182812 -0.120089 0)
(-0.161359 -0.159834 0)
(-0.128585 -0.191685 0)
(-0.0903652 -0.208132 0)
(-0.0491644 -0.21116 0)
(-0.00612504 -0.206981 0)
(0.0468664 -0.207626 0)
(0.110358 -0.224609 0)
(0.194949 -0.258276 0)
(0.295922 -0.288448 0)
(0.382654 -0.237275 0)
(0.35003 -0.0703782 0)
(0.252572 0.146063 0)
(0.170722 0.222552 0)
(0.105091 0.250745 0)
(-0.23366 0.0565596 0)
(-0.305979 0.0356529 0)
(-0.314633 -0.0321191 0)
(-0.294181 -0.0820871 0)
(-0.263318 -0.125275 0)
(-0.223359 -0.173297 0)
(-0.172738 -0.209563 0)
(-0.120549 -0.231274 0)
(-0.0696776 -0.238837 0)
(-0.0237173 -0.243221 0)
(0.0271174 -0.253912 0)
(0.0942592 -0.29471 0)
(0.17203 -0.374228 0)
(0.122307 -0.397691 0)
(-0.0172367 -0.165773 0)
(-0.252717 0.125396 0)
(-0.138423 0.171299 0)
(-0.120563 0.220709 0)
(0.0102139 0.299334 0)
(-0.384987 0.0954305 0)
(-0.489823 0.059075 0)
(-0.499511 -0.0510189 0)
(-0.456592 -0.139923 0)
(-0.392483 -0.199908 0)
(-0.31501 -0.254907 0)
(-0.238311 -0.288899 0)
(-0.16882 -0.300476 0)
(-0.116356 -0.307031 0)
(-0.0837526 -0.27353 0)
(-0.167406 -0.284671 0)
(-0.328135 -0.337967 0)
(-0.528703 -0.311807 0)
(-0.638677 -0.140292 0)
(-0.602132 0.0135091 0)
(-0.438639 0.00334768 0)
(-0.23905 0.00973575 0)
(-0.104053 0.0863896 0)
(-0.0476458 0.18611 0)
(-0.108164 0.307116 0)
(-0.441075 0.198317 0)
(-0.533877 -0.0791958 0)
(-0.493743 -0.206531 0)
(-0.420112 -0.272735 0)
(-0.346264 -0.317528 0)
(-0.272657 -0.345206 0)
(-0.230748 -0.317824 0)
(-0.373108 -0.307422 0)
(-0.46976 -0.198895 0)
(-0.4936 -0.159676 0)
(-0.530307 -0.156758 0)
(-0.552567 -0.189293 0)
(-0.508111 -0.232022 0)
(-0.409833 -0.244544 0)
(-0.282306 -0.224654 0)
(-0.156349 -0.172978 0)
(-0.0627743 0.0279432 0)
(-0.026728 0.130967 0)
(0.278607 0.399981 0)
(0.220389 0.470005 0)
(0.0526143 0.126609 0)
(-0.211308 -0.203253 0)
(-0.261208 -0.316151 0)
(-0.271558 -0.40237 0)
(-0.353626 -0.370045 0)
(-0.375741 -0.25149 0)
(-0.392077 -0.201981 0)
(-0.379661 -0.179269 0)
(-0.355303 -0.173025 0)
(-0.332525 -0.192924 0)
(-0.326537 -0.227066 0)
(-0.306037 -0.26794 0)
(-0.246304 -0.293108 0)
(-0.188394 -0.286469 0)
(-0.124243 -0.240808 0)
(-0.0830747 -0.0356766 0)
(-0.00860266 0.103462 0)
(0.48838 0.407842 0)
(0.526122 0.41119 0)
(0.517902 0.283372 0)
(0.470938 0.0361312 0)
(0.268263 -0.248595 0)
(0.0411087 -0.328881 0)
(-0.103224 -0.307798 0)
(-0.122416 -0.276158 0)
(-0.134081 -0.23224 0)
(-0.129463 -0.220783 0)
(-0.122045 -0.214272 0)
(-0.111902 -0.21772 0)
(-0.114604 -0.229882 0)
(-0.118983 -0.273996 0)
(-0.106414 -0.321614 0)
(-0.103698 -0.313404 0)
(-0.0958743 -0.2583 0)
(-0.103104 -0.0792529 0)
(-0.0242457 0.0627943 0)
(0.553052 0.38588 0)
(0.608795 0.372889 0)
(0.64438 0.272982 0)
(0.630041 0.126675 0)
(0.563257 0.00764362 0)
(0.441771 -0.0854412 0)
(0.324963 -0.159061 0)
(0.237899 -0.205149 0)
(0.182201 -0.206246 0)
(0.15718 -0.197663 0)
(0.135113 -0.192438 0)
(0.104652 -0.197264 0)
(0.0698217 -0.210869 0)
(0.0434248 -0.249919 0)
(0.0237467 -0.303252 0)
(-0.0167562 -0.294936 0)
(-0.0676011 -0.230007 0)
(-0.10521 -0.0953786 0)
(-0.0342478 -0.00359616 0)
(0.516744 0.313966 0)
(0.580283 0.308756 0)
(0.629664 0.24506 0)
(0.639856 0.143018 0)
(0.612628 0.0348775 0)
(0.560865 -0.0527608 0)
(0.494704 -0.109796 0)
(0.428839 -0.142627 0)
(0.370351 -0.156295 0)
(0.325862 -0.159945 0)
(0.289443 -0.155717 0)
(0.250679 -0.152749 0)
(0.202726 -0.164374 0)
(0.157194 -0.209652 0)
(0.110548 -0.254917 0)
(0.0429172 -0.241393 0)
(-0.0428534 -0.17317 0)
(-0.0957283 -0.0997497 0)
(-0.0242387 -0.0696698 0)
(0.418423 0.241735 0)
(0.48248 0.244812 0)
(0.53828 0.207156 0)
(0.566371 0.139205 0)
(0.562894 0.0614258 0)
(0.536725 -0.00883303 0)
(0.495633 -0.0637282 0)
(0.447307 -0.0993941 0)
(0.39995 -0.120894 0)
(0.360948 -0.132306 0)
(0.32572 -0.130486 0)
(0.287697 -0.123835 0)
(0.245275 -0.128861 0)
(0.202574 -0.167052 0)
(0.14153 -0.194241 0)
(0.0577975 -0.171394 0)
(-0.0347482 -0.108501 0)
(-0.0817746 -0.10559 0)
(-0.00364319 -0.124197 0)
(0.295415 0.175016 0)
(0.354549 0.18637 0)
(0.409456 0.166213 0)
(0.445048 0.122693 0)
(0.455491 0.0678278 0)
(0.444737 0.0132213 0)
(0.421038 -0.0330492 0)
(0.38871 -0.0635771 0)
(0.356532 -0.0838636 0)
(0.327522 -0.0944903 0)
(0.297905 -0.0915343 0)
(0.267325 -0.0837611 0)
(0.236588 -0.0890598 0)
(0.195427 -0.114447 0)
(0.12301 -0.122417 0)
(0.0347328 -0.101331 0)
(-0.0336419 -0.0525672 0)
(-0.0389006 -0.132114 0)
(0.023102 -0.147696 0)
(0.168945 0.115104 0)
(0.222517 0.131573 0)
(0.273798 0.124124 0)
(0.312015 0.0995453 0)
(0.332178 0.0635866 0)
(0.334107 0.022664 0)
(0.323401 -0.0143538 0)
(0.30664 -0.0433061 0)
(0.286592 -0.0656968 0)
(0.26349 -0.0767245 0)
(0.239614 -0.0731706 0)
(0.216518 -0.0645822 0)
(0.190698 -0.0642941 0)
(0.147485 -0.0664156 0)
(0.0668217 -0.0451174 0)
(-0.00142105 -0.0530464 0)
(-0.0138217 -0.0302919 0)
(0.0187268 -0.160727 0)
(0.0390086 -0.134285 0)
(0.0692141 0.0649372 0)
(0.116763 0.0838486 0)
(0.160957 0.0843242 0)
(0.197827 0.0725067 0)
(0.222476 0.0504143 0)
(0.233608 0.0216584 0)
(0.23377 -0.00737935 0)
(0.227707 -0.0321088 0)
(0.217326 -0.0501086 0)
(0.20269 -0.0564331 0)
(0.183324 -0.0531545 0)
(0.160164 -0.044443 0)
(0.130086 -0.0335287 0)
(0.0847948 -0.00945536 0)
(0.0251418 0.018065 0)
(-0.0137203 -0.0372756 0)
(0.0268407 -0.0707878 0)
(0.048148 -0.163469 0)
(0.0478391 -0.103391 0)
(0.0187102 0.0310396 0)
(0.0533355 0.0464866 0)
(0.0857604 0.0501967 0)
(0.116722 0.0457423 0)
(0.140987 0.0328618 0)
(0.156572 0.0133338 0)
(0.163268 -0.00873027 0)
(0.163445 -0.0287787 0)
(0.158838 -0.0413662 0)
(0.150324 -0.0429079 0)
(0.138276 -0.0348596 0)
(0.122699 -0.0198737 0)
(0.101391 0.00225022 0)
(0.0726734 0.0331336 0)
(0.0408219 0.0503643 0)
(0.0198644 -0.0384916 0)
(0.0495044 -0.107123 0)
(0.0391622 -0.154794 0)
(0.0349236 -0.0662666 0)
(0.00641877 0.0142089 0)
(0.0265993 0.0228876 0)
(0.0475724 0.0260021 0)
(0.0700419 0.0238834 0)
(0.090008 0.0156784 0)
(0.105461 0.00261006 0)
(0.114242 -0.0135021 0)
(0.117062 -0.0283069 0)
(0.115479 -0.0368083 0)
(0.11093 -0.0359693 0)
(0.104539 -0.0257679 0)
(0.0971813 -0.00749609 0)
(0.0881161 0.0167592 0)
(0.0809268 0.0434729 0)
(0.0781801 0.0603027 0)
(0.065625 -0.0210541 0)
(0.05751 -0.106348 0)
(0.000758571 -0.127661 0)
(-0.0109579 -0.0433033 0)
(0.00719667 0.00552405 0)
(0.0190356 0.00960649 0)
(0.032235 0.0107157 0)
(0.0472569 0.00839006 0)
(0.0619344 0.00216031 0)
(0.0741116 -0.00741964 0)
(0.0820415 -0.0190691 0)
(0.0855642 -0.0293202 0)
(0.0856584 -0.0344568 0)
(0.083911 -0.0319709 0)
(0.0818982 -0.0211756 0)
(0.0811344 -0.0029955 0)
(0.0823056 0.0186307 0)
(0.0872837 0.0402074 0)
(0.098518 0.0524229 0)
(0.0951066 0.00250638 0)
(0.0599358 -0.0686357 0)
(-0.0358055 -0.076677 0)
(-0.0501252 -0.0732276 0)
(0.00839667 -0.000321978 0)
(0.0163166 0.00119371 0)
(0.0251049 0.000737882 0)
(0.035289 -0.0021742 0)
(0.0452769 -0.00773385 0)
(0.0537818 -0.0154576 0)
(0.0599256 -0.0239035 0)
(0.0631049 -0.0309961 0)
(0.0640451 -0.0340828 0)
(0.0640981 -0.0312512 0)
(0.0648645 -0.0215526 0)
(0.0681093 -0.00557333 0)
(0.0742539 0.0129243 0)
(0.0827014 0.0296157 0)
(0.0940833 0.0401133 0)
(0.0914283 0.022802 0)
(0.0615769 -0.00512968 0)
(-0.0392434 -0.030603 0)
(-0.0468957 -0.130081 0)
(0.00756537 -0.00471119 0)
(0.0133346 -0.00475403 0)
(0.0194728 -0.00624466 0)
(0.0264045 -0.0095724 0)
(0.0331929 -0.0147506 0)
(0.0390627 -0.0210353 0)
(0.0433494 -0.0274546 0)
(0.0457678 -0.0325719 0)
(0.0468379 -0.0346091 0)
(0.0476557 -0.0321093 0)
(0.0496435 -0.0240511 0)
(0.0543161 -0.0106456 0)
(0.0621817 0.00520813 0)
(0.0706493 0.0199715 0)
(0.0795163 0.0327546 0)
(0.0780183 0.0368881 0)
(0.0669215 0.0459706 0)
(-0.00100114 0.0286671 0)
(-0.0165705 -0.157906 0)
(0.0053498 -0.00801525 0)
(0.00956768 -0.00905436 0)
(0.0138891 -0.0112176 0)
(0.0187028 -0.0147397 0)
(0.0233662 -0.0194393 0)
(0.0273657 -0.0247759 0)
(0.0303106 -0.0299418 0)
(0.0320479 -0.0338623 0)
(0.0328973 -0.0353341 0)
(0.0337008 -0.0332889 0)
(0.0355563 -0.0269368 0)
(0.0397603 -0.0160582 0)
(0.0468393 -0.00236338 0)
(0.0547348 0.0119623 0)
(0.0627295 0.0278907 0)
(0.0648702 0.0425291 0)
(0.0659727 0.0585517 0)
(0.0363416 0.0625977 0)
(0.019212 -0.144577 0)
(0.00250714 -0.0103998 0)
(0.00549317 -0.0121172 0)
(0.00850663 -0.0147035 0)
(0.0118603 -0.0182909 0)
(0.0151044 -0.0226583 0)
(0.0179096 -0.0273221 0)
(0.0199826 -0.0316047 0)
(0.0212477 -0.0347357 0)
(0.0219052 -0.0358075 0)
(0.0224251 -0.034089 0)
(0.0235657 -0.0290825 0)
(0.0263166 -0.0203916 0)
(0.0316135 -0.00861576 0)
(0.0381253 0.00489613 0)
(0.0462027 0.0220832 0)
(0.0522699 0.0409354 0)
(0.0603969 0.0619896 0)
(0.0554844 0.0722944 0)
(0.0424733 -0.102388 0)
(-0.000429289 -0.0119963 0)
(0.00149154 -0.0142019 0)
(0.00350233 -0.0171001 0)
(0.00578837 -0.0207655 0)
(0.00803705 -0.0249373 0)
(0.0100688 -0.0291541 0)
(0.0116531 -0.0328744 0)
(0.0127024 -0.0354081 0)
(0.0133201 -0.0361074 0)
(0.0136748 -0.0344749 0)
(0.014173 -0.0302021 0)
(0.0154325 -0.0230689 0)
(0.0185617 -0.0131295 0)
(0.0227289 -0.00122216 0)
(0.0300667 0.0151085 0)
(0.0384001 0.0337836 0)
(0.0501584 0.0568794 0)
(0.0605967 0.070617 0)
(0.0508566 -0.0534147 0)
(-0.00321915 -0.0129008 0)
(-0.00222127 -0.0154796 0)
(-0.00105154 -0.0186377 0)
(0.0003943 -0.022436 0)
(0.00193553 -0.0265498 0)
(0.00340966 -0.030547 0)
(0.00467539 -0.0339365 0)
(0.00569652 -0.0360629 0)
(0.00641773 -0.0364269 0)
(0.00683438 -0.0346333 0)
(0.00707745 -0.030506 0)
(0.00737246 -0.0240784 0)
(0.00847451 -0.0154651 0)
(0.0100584 -0.00521745 0)
(0.0147957 0.00840214 0)
(0.0226877 0.0239385 0)
(0.0338339 0.0466703 0)
(0.0501316 0.0632634 0)
(0.0408796 -0.0030757 0)
(-0.00572554 -0.0131649 0)
(-0.00553349 -0.0160484 0)
(-0.00507463 -0.0195097 0)
(-0.00434575 -0.0234608 0)
(-0.00340573 -0.0276204 0)
(-0.00235833 -0.0316249 0)
(-0.0013159 -0.034899 0)
(-0.000324833 -0.036853 0)
(0.000566165 -0.0369566 0)
(0.00125764 -0.0348853 0)
(0.00163524 -0.0305144 0)
(0.00160535 -0.0240436 0)
(0.00143371 -0.0158377 0)
(0.000879219 -0.00650433 0)
(0.00190344 0.00391704 0)
(0.00700857 0.0150821 0)
(0.0146165 0.0358608 0)
(0.0317349 0.0560647 0)
(0.0230841 0.0313001 0)
(-0.00787538 -0.0128517 0)
(-0.00837029 -0.0160127 0)
(-0.00852112 -0.019749 0)
(-0.00837226 -0.0239493 0)
(-0.00796932 -0.0283026 0)
(-0.00736241 -0.0324143 0)
(-0.00659293 -0.0357212 0)
(-0.00565211 -0.037693 0)
(-0.00463281 -0.0377427 0)
(-0.00366544 -0.0354884 0)
(-0.00288303 -0.0307572 0)
(-0.00260986 -0.0237962 0)
(-0.00298218 -0.0150991 0)
(-0.00433935 -0.00560027 0)
(-0.00589741 0.00294235 0)
(-0.00467679 0.0105387 0)
(-0.002449 0.0268834 0)
(0.0124446 0.0502465 0)
(0.0100155 0.0487023 0)
(-0.00962067 -0.012058 0)
(-0.0106682 -0.0154789 0)
(-0.0113099 -0.0194857 0)
(-0.0116527 -0.0239492 0)
(-0.0117072 -0.0285582 0)
(-0.0114921 -0.0328799 0)
(-0.011037 -0.0363835 0)
(-0.0103316 -0.038489 0)
(-0.00938497 -0.0386668 0)
(-0.00825669 -0.036401 0)
(-0.00707167 -0.0314616 0)
(-0.00614498 -0.0239591 0)
(-0.00585395 -0.0144308 0)
(-0.00657838 -0.00412682 0)
(-0.00862175 0.00446302 0)
(-0.0110089 0.010643 0)
(-0.012593 0.0223842 0)
(-0.00242639 0.0434525 0)
(0.000799811 0.0541765 0)
(-0.0109298 -0.010887 0)
(-0.0123939 -0.0145603 0)
(-0.0133989 -0.0188415 0)
(-0.0141131 -0.0235754 0)
(-0.0145455 -0.0284376 0)
(-0.0147118 -0.0330062 0)
(-0.0146138 -0.0367678 0)
(-0.0142301 -0.039144 0)
(-0.0135198 -0.0395717 0)
(-0.0124536 -0.0375065 0)
(-0.011073 -0.032596 0)
(-0.00956779 -0.0248114 0)
(-0.00829349 -0.0146804 0)
(-0.00775354 -0.00342175 0)
(-0.00876928 0.00655341 0)
(-0.0121079 0.0129751 0)
(-0.0156835 0.0213527 0)
(-0.0104523 0.0371124 0)
(-0.00551486 0.0493933 0)
(-0.0117918 -0.00944523 0)
(-0.013533 -0.0133719 0)
(-0.0147716 -0.0179194 0)
(-0.0157361 -0.022913 0)
(-0.0164537 -0.02801 0)
(-0.0169552 -0.032805 0)
(-0.0172446 -0.0368072 0)
(-0.0172778 -0.039484 0)
(-0.0169612 -0.0402637 0)
(-0.0161811 -0.0385888 0)
(-0.0148555 -0.0339996 0)
(-0.0130471 -0.026328 0)
(-0.0110066 -0.0159189 0)
(-0.00920972 -0.00389476 0)
(-0.0086028 0.00769862 0)
(-0.0105 0.0159122 0)
(-0.014261 0.022398 0)
(-0.0128784 0.0324634 0)
(-0.00852051 0.0399427 0)
(-0.0122171 -0.0078403 0)
(-0.0140957 -0.0120247 0)
(-0.0154416 -0.0168287 0)
(-0.0165361 -0.0220449 0)
(-0.0174432 -0.0273284 0)
(-0.0182277 -0.0322854 0)
(-0.0189001 -0.0364727 0)
(-0.0194038 -0.0394112 0)
(-0.0196012 -0.0405751 0)
(-0.0192987 -0.0394071 0)
(-0.018314 -0.0353884 0)
(-0.0165421 -0.0282069 0)
(-0.0141014 -0.0179754 0)
(-0.011375 -0.00558193 0)
(-0.00927545 0.00726572 0)
(-0.00901927 0.0176578 0)
(-0.0113064 0.0243182 0)
(-0.0114909 0.0301153 0)
(-0.00793406 0.0300166 0)
(-0.0122338 -0.00617802 0)
(-0.0141207 -0.0106321 0)
(-0.0154525 -0.0156809 0)
(-0.0165695 -0.0210761 0)
(-0.0175778 -0.0264689 0)
(-0.0185762 -0.0314839 0)
(-0.019597 -0.0357466 0)
(-0.0205786 -0.0388612 0)
(-0.0213527 -0.0403746 0)
(-0.021666 -0.0397633 0)
(-0.0212354 -0.0364793 0)
(-0.0198289 -0.0300772 0)
(-0.0173986 -0.0204723 0)
(-0.014159 -0.00820563 0)
(-0.0108492 0.00534245 0)
(-0.00866539 0.0174513 0)
(-0.00866511 0.025432 0)
(-0.00863661 0.0289545 0)
(-0.00558426 0.0221521 0)
(-0.011894 -0.00455288 0)
(-0.0136701 -0.00929795 0)
(-0.0148869 -0.0145782 0)
(-0.0159331 -0.0201004 0)
(-0.0169594 -0.0255029 0)
(-0.0181018 -0.0304549 0)
(-0.0194123 -0.0346601 0)
(-0.0208291 -0.0378298 0)
(-0.0221699 -0.0396061 0)
(-0.0231458 -0.0395272 0)
(-0.0234062 -0.0370441 0)
(-0.0226076 -0.0316331 0)
(-0.0205339 -0.0230044 0)
(-0.0172383 -0.0113835 0)
(-0.0131748 0.0022224 0)
(-0.00942384 0.0154057 0)
(-0.00713605 0.0248443 0)
(-0.00614726 0.0277625 0)
(-0.00333054 0.0168849 0)
(-0.0112673 -0.0030535 0)
(-0.0128306 -0.0081063 0)
(-0.0138498 -0.0135975 0)
(-0.01476 -0.0191797 0)
(-0.0157531 -0.0244891 0)
(-0.0169804 -0.0292553 0)
(-0.0185043 -0.0332755 0)
(-0.0202683 -0.0363699 0)
(-0.0220924 -0.0382903 0)
(-0.0236836 -0.0386593 0)
(-0.0246589 -0.036964 0)
(-0.0246017 -0.0326385 0)
(-0.0231558 -0.0252367 0)
(-0.0201767 -0.0147132 0)
(-0.015867 -0.0016962 0)
(-0.0111093 0.0118798 0)
(-0.00693947 0.0225497 0)
(-0.00464849 0.0260284 0)
(-0.00178029 0.0134402 0)
(-0.0104332 -0.00175705 0)
(-0.01171 -0.00712018 0)
(-0.012488 -0.012789 0)
(-0.0132414 -0.0183529 0)
(-0.0141855 -0.0234676 0)
(-0.0154649 -0.0279404 0)
(-0.0171263 -0.0316691 0)
(-0.0191153 -0.0345736 0)
(-0.0212743 -0.0365131 0)
(-0.0233397 -0.0372077 0)
(-0.0249396 -0.0362143 0)
(-0.0256172 -0.0329688 0)
(-0.0249287 -0.0269394 0)
(-0.0225621 -0.0178385 0)
(-0.0184789 -0.00595235 0)
(-0.0132434 0.00738426 0)
(-0.00783799 0.018821 0)
(-0.00417912 0.0234632 0)
(-0.000858453 0.0109907 0)
(-0.00952882 -0.000716602 0)
(-0.010481 -0.00637362 0)
(-0.0110257 -0.0121536 0)
(-0.0116514 -0.01761 0)
(-0.0125671 -0.0224541 0)
(-0.0138756 -0.0265787 0)
(-0.0155947 -0.0299668 0)
(-0.01767 -0.0326204 0)
(-0.0199755 -0.0344809 0)
(-0.0223034 -0.0353716 0)
(-0.024329 -0.0349386 0)
(-0.0256219 -0.0326709 0)
(-0.0256793 -0.0280156 0)
(-0.0240439 -0.0205271 0)
(-0.0204975 -0.0102103 0)
(-0.0153399 0.00215066 0)
(-0.00931804 0.0139857 0)
(-0.00454371 0.0199379 0)
(-0.000509878 0.00878289 0)
(-0.00881136 4.8134e-06 0)
(-0.00943953 -0.00591195 0)
(-0.00980451 -0.0117619 0)
(-0.0103584 -0.0170839 0)
(-0.0112412 -0.0216475 0)
(-0.0125 -0.0254378 0)
(-0.0141305 -0.0285051 0)
(-0.0160817 -0.0308919 0)
(-0.018272 -0.0325966 0)
(-0.0205602 -0.0335182 0)
(-0.0227054 -0.0334085 0)
(-0.0243592 -0.0318625 0)
(-0.025047 -0.0283319 0)
(-0.0242679 -0.0222943 0)
(-0.0216318 -0.013438 0)
(-0.0168799 -0.0020988 0)
(-0.0106998 0.00959006 0)
(-0.00543222 0.0164164 0)
(-0.00061586 0.00726651 0)
(-0.00887125 0.000649649 0)
(-0.0091349 -0.0055768 0)
(-0.00910879 -0.0113799 0)
(-0.00925313 -0.0163373 0)
(-0.00968024 -0.0204326 0)
(-0.0104216 -0.0237638 0)
(-0.0114367 -0.0264305 0)
(-0.0126954 -0.0284974 0)
(-0.0141523 -0.029983 0)
(-0.0157436 -0.0308387 0)
(-0.0173775 -0.0309211 0)
(-0.0188758 -0.0299633 0)
(-0.0199553 -0.0275997 0)
(-0.020201 -0.0234297 0)
(-0.0191252 -0.0171203 0)
(-0.016415 -0.00854026 0)
(-0.0117903 0.0018098 0)
(-0.00661306 0.00886412 0)
(-0.00120334 0.00131095 0)
)
;

boundaryField
{
    leftWall
    {
        type            noSlip;
    }
    rightWall
    {
        type            noSlip;
    }
    lowerWall
    {
        type            noSlip;
    }
    atmosphere
    {
        type            pressureInletOutletVelocity;
        value           nonuniform List<vector> 
46
(
(0.000304968 0.119445 0)
(0.00525114 0.100123 0)
(0.0124562 0.078206 0)
(0.0159662 0.0587215 0)
(0.0156908 0.0414691 0)
(0.0136957 0.0266462 0)
(0.0112458 0.0135165 0)
(0.00864561 0.00201698 0)
(0 -0.00684045 0)
(0 -0.0129007 0)
(0 -0.016567 0)
(0 -0.0183616 0)
(0 -0.0186772 0)
(0 -0.0178893 0)
(0 -0.0162649 0)
(0 -0.0139588 0)
(0 -0.0110183 0)
(0 -0.00738625 0)
(0 -0.0029264 0)
(-0.00532192 0.00255287 0)
(-0.00486262 0.00851306 0)
(-0.00530338 0.012899 0)
(-0.00648907 0.0138463 0)
(-0.00745017 0.0127219 0)
(-0.0078639 0.0108221 0)
(-0.00823307 0.00832472 0)
(-0.00856652 0.0051777 0)
(-0.00887125 0.000649649 0)
(0 -0.0055768 0)
(0 -0.0113799 0)
(0 -0.0163373 0)
(0 -0.0204326 0)
(0 -0.0237638 0)
(0 -0.0264305 0)
(0 -0.0284974 0)
(0 -0.029983 0)
(0 -0.0308387 0)
(0 -0.0309211 0)
(0 -0.0299633 0)
(0 -0.0275997 0)
(0 -0.0234297 0)
(0 -0.0171203 0)
(0 -0.00854026 0)
(-0.0117903 0.0018098 0)
(-0.00661306 0.00886412 0)
(-0.00120334 0.00131095 0)
)
;
    }
    defaultFaces
    {
        type            empty;
    }
}


// ************************************************************************* //
