/*--------------------------------*- C++ -*----------------------------------*\
| =========                 |                                                 |
| \\      /  F ield         | OpenFOAM: The Open Source CFD Toolbox           |
|  \\    /   O peration     | Version:  2312                                  |
|   \\  /    A nd           | Website:  www.openfoam.com                      |
|    \\/     M anipulation  |                                                 |
\*---------------------------------------------------------------------------*/
FoamFile
{
    version     2.0;
    format      ascii;
    arch        "LSB;label=32;scalar=64";
    class       surfaceScalarField;
    location    "5.75";
    object      phi;
}
// * * * * * * * * * * * * * * * * * * * * * * * * * * * * * * * * * * * * * //

dimensions      [0 3 -1 0 0 0 0];

oriented        oriented;

internalField   nonuniform List<scalar> 
4432
(
6.41549e-07
-6.41577e-07
9.71368e-07
-3.2984e-07
1.26112e-06
-2.89764e-07
1.52632e-06
-2.65201e-07
1.77109e-06
-2.44759e-07
2.00292e-06
-2.31828e-07
2.22876e-06
-2.25832e-07
2.45248e-06
-2.23706e-07
2.66848e-06
-2.15992e-07
2.86375e-06
-1.95254e-07
3.02175e-06
-1.57989e-07
3.1272e-06
-1.05436e-07
3.16935e-06
-4.21455e-08
3.14024e-06
2.91259e-08
3.03733e-06
1.02927e-07
2.87689e-06
1.60451e-07
2.66802e-06
2.08872e-07
2.35814e-06
3.09895e-07
1.91249e-06
4.45655e-07
1.36366e-06
5.48842e-07
7.53184e-07
6.10479e-07
1.31661e-07
6.21527e-07
1.31648e-07
2.74917e-07
-9.16537e-07
6.09893e-07
-6.64843e-07
9.13324e-07
-5.93213e-07
1.18555e-06
-5.37436e-07
1.43473e-06
-4.93945e-07
1.67169e-06
-4.68774e-07
1.90409e-06
-4.58221e-07
2.139e-06
-4.58601e-07
2.36894e-06
-4.45911e-07
2.58043e-06
-4.06714e-07
2.7559e-06
-3.33431e-07
2.87777e-06
-2.27281e-07
2.93558e-06
-9.99248e-08
2.92197e-06
4.27686e-08
2.83296e-06
1.91965e-07
2.69198e-06
3.01474e-07
2.51995e-06
3.80943e-07
2.24543e-06
5.84466e-07
1.82841e-06
8.62713e-07
1.322e-06
1.05529e-06
7.77806e-07
1.15471e-06
2.41832e-07
1.15753e-06
3.73528e-07
2.20105e-07
-1.13664e-06
5.42664e-07
-9.87398e-07
8.353e-07
-8.85837e-07
1.09241e-06
-7.94525e-07
1.32285e-06
-7.24373e-07
1.54446e-06
-6.90354e-07
1.76741e-06
-6.81144e-07
1.99604e-06
-6.872e-07
2.22023e-06
-6.70069e-07
2.42856e-06
-6.15015e-07
2.60248e-06
-5.07321e-07
2.7212e-06
-3.45973e-07
2.77531e-06
-1.54019e-07
2.75864e-06
5.94555e-08
2.66255e-06
2.88075e-07
2.52379e-06
4.40249e-07
2.40127e-06
5.03466e-07
2.16952e-06
8.16213e-07
1.7811e-06
1.25113e-06
1.32176e-06
1.51463e-06
8.36661e-07
1.6398e-06
3.38349e-07
1.65583e-06
7.11847e-07
2.89194e-07
-1.42585e-06
6.26476e-07
-1.32469e-06
9.28534e-07
-1.1879e-06
1.18333e-06
-1.04933e-06
1.4081e-06
-9.4914e-07
1.63194e-06
-9.14183e-07
1.86206e-06
-9.1125e-07
2.0851e-06
-9.10223e-07
2.29027e-06
-8.75206e-07
2.47653e-06
-8.01253e-07
2.62843e-06
-6.59206e-07
2.72437e-06
-4.41899e-07
2.75644e-06
-1.86078e-07
2.72032e-06
9.55992e-08
2.58724e-06
4.21192e-07
2.42754e-06
5.99992e-07
2.35942e-06
5.71645e-07
2.16313e-06
1.01254e-06
1.78535e-06
1.62894e-06
1.37927e-06
1.92071e-06
9.6662e-07
2.05241e-06
4.73576e-07
2.14884e-06
1.18541e-06
3.75123e-07
-1.80096e-06
7.4218e-07
-1.69173e-06
1.07189e-06
-1.51759e-06
1.36219e-06
-1.33961e-06
1.63141e-06
-1.21834e-06
1.90706e-06
-1.18981e-06
2.1818e-06
-1.18597e-06
2.40802e-06
-1.13643e-06
2.57206e-06
-1.03923e-06
2.69889e-06
-9.28085e-07
2.78669e-06
-7.46995e-07
2.81074e-06
-4.65954e-07
2.78721e-06
-1.62549e-07
2.72704e-06
1.55765e-07
2.53869e-06
6.0955e-07
2.28139e-06
8.57291e-07
2.25385e-06
5.99176e-07
2.07398e-06
1.1924e-06
1.70016e-06
2.00274e-06
1.37945e-06
2.24138e-06
1.07803e-06
2.35378e-06
6.17076e-07
2.60973e-06
1.80242e-06
4.80469e-07
-2.28152e-06
9.22006e-07
-2.13331e-06
1.31953e-06
-1.91513e-06
1.70539e-06
-1.72546e-06
2.07643e-06
-1.58938e-06
2.40526e-06
-1.51861e-06
2.6969e-06
-1.47758e-06
2.93881e-06
-1.37831e-06
3.1012e-06
-1.20158e-06
3.15323e-06
-9.80059e-07
3.1429e-06
-7.36643e-07
3.09471e-06
-4.17747e-07
2.94102e-06
-8.82692e-09
2.67346e-06
4.23365e-07
2.25729e-06
1.02577e-06
1.76439e-06
1.35026e-06
1.36001e-06
1.00362e-06
1.18906e-06
1.3634e-06
1.18224e-06
2.00958e-06
1.1602e-06
2.26342e-06
1.02655e-06
2.48738e-06
6.79175e-07
2.95706e-06
2.48158e-06
1.00519e-06
-3.28679e-06
1.91077e-06
-3.039e-06
2.62313e-06
-2.62758e-06
3.35435e-06
-2.45675e-06
3.94446e-06
-2.17952e-06
3.8809e-06
-1.45507e-06
3.24982e-06
-8.46494e-07
2.66926e-06
-7.97708e-07
2.07863e-06
-6.1089e-07
1.10659e-06
-7.95246e-09
1.48348e-07
2.2168e-07
-1.69771e-07
-9.95103e-08
-8.58169e-08
-9.26353e-08
2.6896e-07
6.8762e-08
7.17692e-07
5.77235e-07
7.83418e-07
1.28475e-06
3.0764e-07
1.47957e-06
3.4352e-07
1.32764e-06
5.6958e-07
1.78358e-06
5.40434e-07
2.29259e-06
4.34004e-07
2.59383e-06
4.5372e-07
2.93735e-06
2.93532e-06
3.30486e-07
-3.61738e-06
7.22415e-07
-3.431e-06
1.01609e-06
-2.92131e-06
1.48459e-06
-2.92528e-06
2.09709e-06
-2.79204e-06
2.36378e-06
-1.72176e-06
2.06232e-06
-5.45034e-07
1.14847e-06
1.16167e-07
4.28352e-08
4.94773e-07
-9.79016e-07
1.01397e-06
-2.07968e-06
1.32245e-06
-3.33317e-06
1.15411e-06
-4.30223e-06
8.76576e-07
-4.65851e-06
4.2522e-07
-4.7387e-06
6.57627e-07
-5.19212e-06
1.73834e-06
-5.90816e-06
2.19576e-06
-5.623e-06
1.04256e-06
-4.28818e-06
4.48791e-07
-2.90068e-06
9.05092e-07
-1.85068e-06
1.54381e-06
-7.08066e-07
1.79474e-06
2.22732e-06
-4.53477e-06
4.5347e-06
-6.88827e-06
2.35346e-06
-7.79659e-06
9.08302e-07
-7.70832e-06
-8.82487e-08
-6.89686e-06
-8.1144e-07
-5.81379e-06
-1.08306e-06
-4.72721e-06
-1.08658e-06
-3.82019e-06
-9.07027e-07
-3.09262e-06
-7.27573e-07
-2.74725e-06
-3.45376e-07
-2.70384e-06
-4.34094e-08
-2.67196e-06
-3.18811e-08
-2.36384e-06
-3.08129e-07
-1.83806e-06
-5.25781e-07
-1.40247e-06
-4.35594e-07
-7.96395e-07
-6.06073e-07
-2.05466e-07
-5.9093e-07
1.22773e-07
-3.28237e-07
1.22776e-07
-3.80156e-06
8.33615e-06
-6.51387e-06
5.06573e-06
-7.60905e-06
2.00346e-06
-7.58802e-06
-1.09284e-07
-6.94178e-06
-1.45766e-06
-5.99156e-06
-2.03328e-06
-4.96402e-06
-2.11412e-06
-4.09245e-06
-1.77861e-06
-3.34063e-06
-1.4794e-06
-2.88453e-06
-8.01489e-07
-2.66342e-06
-2.64536e-07
-2.50487e-06
-1.9044e-07
-2.19032e-06
-6.22686e-07
-1.80191e-06
-9.14195e-07
-1.43439e-06
-8.03117e-07
-9.24351e-07
-1.11612e-06
-5.69255e-07
-9.46038e-07
-3.99638e-07
-4.97864e-07
-2.76872e-07
-4.86203e-06
1.31982e-05
-8.2095e-06
8.4132e-06
-9.08295e-06
2.87692e-06
-8.70458e-06
-4.87621e-07
-7.88845e-06
-2.27375e-06
-6.99915e-06
-2.92253e-06
-6.21492e-06
-2.89832e-06
-5.6848e-06
-2.30871e-06
-5.2733e-06
-1.89089e-06
-4.71383e-06
-1.36097e-06
-3.65478e-06
-1.32357e-06
-3.03844e-06
-8.06779e-07
-2.32579e-06
-1.33534e-06
-1.58624e-06
-1.65373e-06
-8.3262e-07
-1.55673e-06
-6.95824e-07
-1.25291e-06
-1.40134e-06
-2.40511e-07
-1.2614e-06
-6.37795e-07
-1.53825e-06
-6.88888e-06
2.00868e-05
-1.1127e-05
1.26511e-05
-1.20729e-05
3.82275e-06
-1.0966e-05
-1.59455e-06
-9.09791e-06
-4.14191e-06
-8.09222e-06
-3.92825e-06
-7.79993e-06
-3.19065e-06
-7.86918e-06
-2.23951e-06
-7.43924e-06
-2.32089e-06
-4.26636e-06
-4.53393e-06
1.5955e-06
-7.18554e-06
2.57759e-06
-1.7889e-06
9.85616e-07
2.5659e-07
1.42692e-06
-2.09508e-06
2.13384e-06
-2.26371e-06
-1.53009e-06
2.41097e-06
-2.06796e-06
2.97282e-07
1.2314e-06
-3.93722e-06
-3.06968e-07
-6.39982e-06
2.64862e-05
-7.69139e-06
1.39425e-05
-7.39355e-06
3.52492e-06
-6.09937e-06
-2.88874e-06
-6.42623e-06
-3.81508e-06
-1.00959e-05
-2.5861e-07
-1.1945e-05
-1.34154e-06
-1.13087e-05
-2.87579e-06
-8.55521e-06
-5.07441e-06
-2.59358e-06
-1.04956e-05
7.19652e-06
-1.69757e-05
9.8539e-06
-4.44629e-06
6.19887e-06
3.91164e-06
4.85641e-06
-7.52612e-07
5.88904e-06
-3.29633e-06
-1.61453e-06
9.91456e-06
-2.65498e-07
-1.05172e-06
6.56151e-06
-1.07642e-05
6.25462e-06
-6.22849e-06
3.27147e-05
-7.43423e-06
1.51483e-05
-7.24782e-06
3.3384e-06
-5.71519e-06
-4.42151e-06
-4.03472e-06
-5.49571e-06
-6.28671e-06
1.99324e-06
-8.31148e-06
6.83096e-07
-8.02304e-06
-3.16435e-06
-6.2159e-06
-6.88154e-06
-1.63767e-06
-1.50739e-05
4.62288e-06
-2.32363e-05
7.66724e-06
-7.49074e-06
6.53909e-06
5.0397e-06
5.08778e-06
6.98628e-07
3.95284e-06
-2.16149e-06
1.7568e-06
1.21105e-05
4.02884e-06
-3.32384e-06
5.34219e-06
-1.20776e-05
1.15967e-05
-6.42336e-06
3.91385e-05
-7.59263e-06
1.63177e-05
-7.66828e-06
3.41402e-06
-6.70218e-06
-5.38771e-06
-4.33632e-06
-7.86166e-06
-3.67558e-06
1.33238e-06
-5.04499e-06
2.0524e-06
-5.1742e-06
-3.03517e-06
-4.20654e-06
-7.84931e-06
-1.1788e-06
-1.81017e-05
-8.20276e-08
-2.43331e-05
3.6392e-06
-1.1212e-05
5.32309e-06
3.3557e-06
3.66104e-06
2.36059e-06
1.19963e-06
2.99835e-07
1.39694e-06
1.19131e-05
4.08902e-06
-6.01597e-06
4.66243e-06
-1.26511e-05
1.62591e-05
-6.98058e-06
4.61191e-05
-7.22883e-06
1.6566e-05
-6.93817e-06
3.12335e-06
-6.96602e-06
-5.35988e-06
-5.72046e-06
-9.10725e-06
-3.39919e-06
-9.88903e-07
-3.11217e-06
1.76532e-06
-3.02649e-06
-3.12094e-06
-2.47903e-06
-8.39676e-06
-2.17168e-06
-1.84091e-05
-3.90688e-06
-2.25979e-05
-1.52349e-06
-1.35955e-05
9.04369e-07
9.27801e-07
-1.15347e-06
4.41839e-06
-2.76856e-06
1.91489e-06
5.80418e-07
8.56409e-06
3.01051e-06
-8.4461e-06
3.09536e-06
-1.27359e-05
1.93545e-05
-9.25672e-07
-2.69173e-06
-1.20197e-06
-3.15472e-06
-1.15856e-06
-2.96472e-06
-8.077e-07
-3.2761e-06
-1.04749e-06
-2.5522e-06
-1.76968e-06
-9.99516e-07
-2.64008e-06
3.25428e-07
-2.94669e-06
4.22845e-07
-3.40865e-06
9.56831e-07
-5.3165e-06
2.92194e-06
-8.30242e-06
4.30852e-06
-1.14119e-05
4.26371e-06
-1.37217e-05
3.18656e-06
-1.53782e-05
2.08196e-06
-1.67796e-05
2.05924e-06
-1.76738e-05
2.63267e-06
-1.8453e-05
2.97516e-06
-1.98937e-05
2.48342e-06
-2.12913e-05
1.84651e-06
-2.21697e-05
1.78358e-06
-2.27608e-05
2.13501e-06
-2.28009e-05
1.83502e-06
1.68202e-06
-2.22554e-05
2.56831e-07
-2.94858e-06
4.09136e-07
-3.307e-06
4.89878e-07
-3.04541e-06
-9.01761e-08
-2.69598e-06
-1.30568e-06
-1.33661e-06
-1.89287e-06
-4.12247e-07
-1.38548e-06
-1.8187e-07
-1.36775e-06
4.0521e-07
-2.19035e-06
1.77955e-06
-3.86986e-06
4.6016e-06
-6.77943e-06
7.21825e-06
-1.029e-05
7.77445e-06
-1.34206e-05
6.31737e-06
-1.66812e-05
5.34272e-06
-1.95865e-05
4.96462e-06
-2.14615e-05
4.50784e-06
-2.30354e-05
4.54921e-06
-2.4561e-05
4.00922e-06
-2.62858e-05
3.57149e-06
-2.8442e-05
3.94005e-06
-3.16438e-05
5.33714e-06
-3.64315e-05
6.62288e-06
6.34476e-06
-4.10939e-05
3.58195e-06
-6.53045e-06
6.22762e-06
-5.95258e-06
7.44126e-06
-4.25894e-06
6.14419e-06
-1.39879e-06
5.15467e-06
-3.46971e-07
5.47558e-06
-7.33038e-07
6.07944e-06
-7.856e-07
4.37646e-06
2.1083e-06
-5.22435e-07
6.67857e-06
-6.50127e-06
1.05806e-05
-1.22378e-05
1.29549e-05
-1.70025e-05
1.25393e-05
-2.17768e-05
1.10918e-05
-2.54312e-05
8.99729e-06
-2.79188e-05
7.45223e-06
-2.93701e-05
5.9593e-06
-3.0184e-05
5.36317e-06
-3.0815e-05
4.64037e-06
-3.18502e-05
4.60677e-06
-3.38073e-05
5.89727e-06
-3.67938e-05
8.32368e-06
-4.06598e-05
1.04891e-05
9.95022e-06
-4.4265e-05
2.71406e-06
-9.24421e-06
5.60177e-06
-8.84003e-06
7.55457e-06
-6.21153e-06
8.49038e-06
-2.33444e-06
9.40133e-06
-1.2578e-06
1.03918e-05
-1.72337e-06
7.89134e-06
1.71492e-06
7.73258e-07
9.22646e-06
-7.36812e-06
1.482e-05
-1.44805e-05
1.7693e-05
-1.85487e-05
1.7023e-05
-2.116e-05
1.51505e-05
-2.42847e-05
1.42164e-05
-2.77498e-05
1.24622e-05
-3.13985e-05
1.11008e-05
-3.48225e-05
9.3832e-06
-3.70865e-05
7.62723e-06
-3.88395e-05
6.3934e-06
-4.01477e-05
5.91503e-06
-4.07241e-05
6.47375e-06
-4.04246e-05
8.02429e-06
-3.95911e-05
9.65566e-06
9.47937e-06
-3.91203e-05
2.7227e-06
-1.19665e-05
4.48316e-06
-1.06001e-05
5.87395e-06
-7.60207e-06
7.42914e-06
-3.88947e-06
8.12105e-06
-1.94961e-06
6.78799e-06
-3.90238e-07
3.23249e-06
5.27048e-06
-3.09428e-06
1.55532e-05
-7.58419e-06
1.93099e-05
-1.08705e-05
2.09791e-05
-1.36695e-05
1.98216e-05
-1.72832e-05
1.87637e-05
-2.10049e-05
1.79376e-05
-2.52501e-05
1.67069e-05
-2.93097e-05
1.51601e-05
-3.30436e-05
1.31167e-05
-3.62493e-05
1.08327e-05
-3.86512e-05
8.79529e-06
-4.00146e-05
7.27847e-06
-3.97828e-05
6.24195e-06
-3.74005e-05
5.64216e-06
-3.34218e-05
5.67719e-06
5.46596e-06
-2.94082e-05
2.3557e-06
-1.43217e-05
4.27305e-06
-1.25172e-05
5.59675e-06
-8.92572e-06
6.09716e-06
-4.38995e-06
4.94573e-06
-7.9827e-07
2.86042e-06
1.69505e-06
1.32559e-06
6.80539e-06
-1.26275e-07
1.70052e-05
-2.55535e-06
2.17391e-05
-5.17773e-06
2.36016e-05
-9.32326e-06
2.3967e-05
-1.42802e-05
2.37203e-05
-1.92235e-05
2.28805e-05
-2.37284e-05
2.12112e-05
-2.7502e-05
1.89334e-05
-3.05645e-05
1.61789e-05
-3.29944e-05
1.32627e-05
-3.47616e-05
1.05625e-05
-3.60083e-05
8.52537e-06
-3.65941e-05
6.82796e-06
-3.58563e-05
4.9046e-06
-3.31454e-05
2.96647e-06
1.35055e-06
-2.90297e-05
2.77201e-06
-1.70932e-05
5.72917e-06
-1.5474e-05
8.50526e-06
-1.17018e-05
1.0301e-05
-6.18581e-06
9.72329e-06
-2.20689e-07
7.12832e-06
4.29009e-06
4.6333e-06
9.30071e-06
3.86063e-06
1.77786e-05
1.70152e-06
2.3899e-05
-2.08649e-06
2.73901e-05
-7.26128e-06
2.91421e-05
-1.31648e-05
2.96239e-05
-1.83315e-05
2.80472e-05
-2.25443e-05
2.5424e-05
-2.5671e-05
2.206e-05
-2.77629e-05
1.82708e-05
-2.91013e-05
1.46012e-05
-2.96479e-05
1.11093e-05
-2.97218e-05
8.59951e-06
-2.98256e-05
6.93195e-06
-3.02234e-05
5.30251e-06
-3.01432e-05
2.88648e-06
5.01968e-07
-2.92944e-05
3.4501e-06
-2.0544e-05
6.37075e-06
-1.83937e-05
8.83597e-06
-1.41657e-05
1.09469e-05
-8.29613e-06
1.31321e-05
-2.40577e-06
1.43422e-05
3.08018e-06
1.37841e-05
9.85935e-06
1.30787e-05
1.84847e-05
1.02488e-05
2.67295e-05
4.06908e-06
3.35708e-05
-4.27595e-06
3.7488e-05
-1.2889e-05
3.82375e-05
-2.00874e-05
3.52453e-05
-2.69561e-05
3.2289e-05
-3.2102e-05
2.72e-05
-3.5024e-05
2.11881e-05
-3.58375e-05
1.54116e-05
-3.43687e-05
9.63892e-06
-3.09476e-05
5.17776e-06
-2.73121e-05
3.29594e-06
-2.49967e-05
2.98706e-06
-2.41697e-05
2.05935e-06
1.97565e-06
-2.56433e-05
5.68907e-06
-2.62374e-05
1.06339e-05
-2.33437e-05
1.61671e-05
-1.97013e-05
2.38675e-05
-1.59976e-05
3.23251e-05
-1.08635e-05
3.68644e-05
-1.45798e-06
3.66406e-05
1.00844e-05
3.54054e-05
1.97198e-05
2.94208e-05
3.27146e-05
1.69015e-05
4.60879e-05
8.3935e-06
4.59902e-05
4.45185e-06
4.21707e-05
-4.98971e-06
4.46788e-05
-2.00594e-05
4.73371e-05
-3.08742e-05
3.79943e-05
-4.40358e-05
3.43423e-05
-6.01343e-05
3.15058e-05
-7.04162e-05
1.99195e-05
-7.02517e-05
5.01337e-06
-6.16429e-05
-5.31242e-06
-5.25011e-05
-6.1543e-06
-4.59988e-05
-4.44192e-06
-2.22302e-06
-4.18009e-05
4.91305e-06
-3.11554e-05
1.11293e-05
-2.95661e-05
1.15444e-05
-2.01239e-05
5.39588e-06
-9.85377e-06
-2.26473e-06
-3.20191e-06
5.25251e-06
-8.97279e-06
2.19957e-05
-6.65802e-06
3.15943e-05
1.01227e-05
3.07223e-05
3.35842e-05
1.87302e-05
5.8057e-05
1.34072e-05
5.13015e-05
7.2775e-06
4.82944e-05
-2.2051e-06
5.41582e-05
8.58129e-06
3.6556e-05
1.67405e-05
2.9844e-05
1.4277e-05
3.68114e-05
8.04558e-06
3.77407e-05
2.51865e-06
2.54467e-05
-4.61243e-06
1.21454e-05
-1.06404e-05
7.18048e-07
-1.12695e-05
-5.52089e-06
-1.24993e-05
-3.20879e-06
9.59205e-06
-2.43132e-05
-2.6627e-06
-2.84892e-05
-9.80301e-06
-2.24224e-05
-1.63696e-05
-1.35562e-05
-2.05187e-05
-5.70593e-06
-2.13093e-05
-2.41195e-06
-2.79096e-05
-2.37209e-06
-3.46756e-05
1.06547e-07
-3.52369e-05
1.06833e-05
-2.37216e-05
2.207e-05
-3.99512e-08
3.43809e-05
4.84493e-06
4.64224e-05
4.53092e-06
4.86173e-05
1.08617e-05
4.78383e-05
1.96796e-05
2.77631e-05
2.16015e-05
2.79452e-05
2.24998e-05
3.59222e-05
2.7012e-05
3.32333e-05
2.72386e-05
2.52216e-05
2.36804e-05
1.5703e-05
2.08311e-05
3.56692e-06
2.25891e-05
-7.27862e-06
2.5913e-05
-6.53115e-06
4.93623e-06
3.05709e-05
-8.04354e-06
-2.04418e-05
-1.45564e-05
-1.59058e-05
-1.72087e-05
-1.09007e-05
-1.78679e-05
-5.04447e-06
-1.89178e-05
-1.3608e-06
-2.34664e-05
2.17691e-06
-2.90245e-05
5.66498e-06
-3.10443e-05
1.27045e-05
-2.61726e-05
1.72061e-05
-8.84492e-06
1.70783e-05
-2.86419e-07
3.78756e-05
5.61153e-06
4.2726e-05
1.47571e-05
3.86987e-05
1.16821e-05
3.08408e-05
9.92632e-06
2.97026e-05
1.54873e-05
3.03626e-05
2.12046e-05
2.75175e-05
2.22577e-05
2.41695e-05
2.1601e-05
1.63596e-05
2.41619e-05
1.00465e-06
2.84111e-05
-1.15288e-05
3.43622e-05
-1.24834e-05
-4.51105e-06
4.381e-05
-7.65732e-06
-1.27826e-05
-1.30833e-05
-1.04777e-05
-1.63213e-05
-7.66077e-06
-1.70562e-05
-4.30813e-06
-1.74274e-05
-9.88702e-07
-1.85702e-05
3.32001e-06
-2.01815e-05
7.27577e-06
-1.8972e-05
1.14944e-05
-1.70347e-05
1.52689e-05
-1.92881e-05
1.93323e-05
-1.05299e-05
2.91177e-05
-9.13381e-07
3.31095e-05
5.94089e-06
3.18442e-05
8.32785e-06
2.84538e-05
1.03811e-05
2.76492e-05
1.38226e-05
2.69206e-05
1.58672e-05
2.54722e-05
1.60838e-05
2.3952e-05
1.93597e-05
1.30827e-05
2.35228e-05
-3.15945e-06
2.61432e-05
-1.41501e-05
2.88799e-05
-1.52203e-05
-9.90706e-06
3.42751e-05
-4.60913e-06
-8.17238e-06
-8.34306e-06
-6.74282e-06
-1.09983e-05
-5.00472e-06
-1.32047e-05
-2.10108e-06
-1.49666e-05
7.73494e-07
-1.59598e-05
4.31328e-06
-1.64347e-05
7.75034e-06
-1.59875e-05
1.10464e-05
-1.51017e-05
1.43822e-05
-1.38712e-05
1.8101e-05
-8.27523e-06
2.35209e-05
-1.71091e-06
2.65444e-05
3.53389e-06
2.65987e-05
6.40283e-06
2.55842e-05
8.83446e-06
2.5217e-05
1.09358e-05
2.48187e-05
1.21796e-05
2.42278e-05
1.44931e-05
2.16378e-05
1.79845e-05
9.59067e-06
1.9167e-05
-4.34247e-06
1.81749e-05
-1.31584e-05
1.66202e-05
-1.36661e-05
-9.46679e-06
1.61797e-05
-3.3816e-06
-4.79081e-06
-6.23259e-06
-3.89172e-06
-8.79642e-06
-2.44076e-06
-1.06654e-05
-2.32012e-07
-1.21116e-05
2.21962e-06
-1.28808e-05
5.08241e-06
-1.3041e-05
7.9103e-06
-1.25992e-05
1.06042e-05
-1.1585e-05
1.33673e-05
-9.80535e-06
1.63205e-05
-5.99431e-06
1.97091e-05
-1.4928e-06
2.20422e-05
2.32981e-06
2.27755e-05
5.10543e-06
2.28082e-05
7.50047e-06
2.28216e-05
9.46957e-06
2.28492e-05
1.14345e-05
2.22625e-05
1.43827e-05
1.86892e-05
1.47466e-05
9.22645e-06
1.20067e-05
-1.60287e-06
8.19459e-06
-9.34659e-06
4.77087e-06
-1.02421e-05
-6.52893e-06
1.83291e-06
-2.58376e-06
-2.20719e-06
-4.8381e-06
-1.63757e-06
-6.85506e-06
-4.23989e-07
-8.46556e-06
1.37832e-06
-9.66792e-06
3.42183e-06
-1.02192e-05
5.63356e-06
-1.01816e-05
7.87249e-06
-9.65324e-06
1.00756e-05
-8.62991e-06
1.23436e-05
-6.97318e-06
1.46634e-05
-4.27121e-06
1.70067e-05
-1.05225e-06
1.88229e-05
1.96715e-06
1.97559e-05
4.57378e-06
2.02014e-05
6.91645e-06
2.04788e-05
9.05365e-06
2.07119e-05
1.11277e-05
2.01884e-05
1.23875e-05
1.74292e-05
1.04872e-05
1.11267e-05
5.83335e-06
3.05088e-06
1.51589e-06
-5.02911e-06
-9.3604e-07
-7.7905e-06
-2.8919e-06
-4.57288e-06
-2.09945e-06
-1.08167e-07
-3.98122e-06
2.43867e-07
-5.63713e-06
1.23166e-06
-6.92329e-06
2.66427e-06
-7.73816e-06
4.23655e-06
-8.05042e-06
5.94569e-06
-7.88473e-06
7.7067e-06
-7.30055e-06
9.49129e-06
-6.28599e-06
1.13289e-05
-4.79509e-06
1.31724e-05
-2.71698e-06
1.49284e-05
-2.46125e-07
1.6352e-05
2.22828e-06
1.72815e-05
4.57522e-06
1.78545e-05
6.80678e-06
1.82473e-05
8.95319e-06
1.85655e-05
1.07599e-05
1.83817e-05
1.12944e-05
1.68948e-05
8.94066e-06
1.34804e-05
3.73708e-06
8.25443e-06
-7.28095e-07
-5.64144e-07
-2.7602e-06
-5.75815e-06
-1.2183e-06
-4.43375e-06
-1.71743e-06
1.6091e-06
-3.26949e-06
1.7957e-06
-4.61823e-06
2.58019e-06
-5.58693e-06
3.6328e-06
-6.15917e-06
4.80869e-06
-6.30196e-06
6.08842e-06
-6.04835e-06
7.45307e-06
-5.43002e-06
8.87296e-06
-4.45449e-06
1.03534e-05
-3.11259e-06
1.18305e-05
-1.3958e-06
1.32117e-05
6.06626e-07
1.43496e-05
2.71815e-06
1.51701e-05
4.82626e-06
1.57466e-05
6.91657e-06
1.61572e-05
9.00347e-06
1.64788e-05
1.08696e-05
1.65157e-05
1.17826e-05
1.59818e-05
1.07627e-05
1.45004e-05
7.1598e-06
1.18573e-05
1.10661e-06
5.48906e-06
-2.74321e-06
-1.90862e-06
-1.93371e-06
-2.02756e-06
-1.43642e-06
3.04527e-06
-2.74117e-06
3.10032e-06
-3.81685e-06
3.65577e-06
-4.56277e-06
4.37867e-06
-4.95047e-06
5.19635e-06
-4.96811e-06
6.10608e-06
-4.64319e-06
7.12819e-06
-4.00558e-06
8.23541e-06
-3.07542e-06
9.42335e-06
-1.85796e-06
1.06131e-05
-3.59299e-07
1.17132e-05
1.35001e-06
1.26405e-05
3.18838e-06
1.3332e-05
5.09512e-06
1.38401e-05
7.05139e-06
1.42012e-05
9.08184e-06
1.44486e-05
1.10647e-05
1.45329e-05
1.2666e-05
1.43807e-05
1.3415e-05
1.37514e-05
1.30872e-05
1.21851e-05
9.03505e-06
9.54106e-06
3.27004e-06
3.85657e-06
-7.67939e-08
1.41339e-06
-1.22638e-06
4.27184e-06
-2.34856e-06
4.2226e-06
-3.23333e-06
4.54059e-06
-3.8117e-06
4.95708e-06
-4.05711e-06
5.44181e-06
-3.98513e-06
6.03417e-06
-3.60151e-06
6.74466e-06
-2.9503e-06
7.58432e-06
-2.05883e-06
8.53202e-06
-9.3815e-07
9.49264e-06
3.92922e-07
1.03823e-05
1.90158e-06
1.11321e-05
3.52914e-06
1.17047e-05
5.25075e-06
1.21188e-05
7.06863e-06
1.23836e-05
8.99952e-06
1.25179e-05
1.10158e-05
1.25168e-05
1.30095e-05
1.23872e-05
1.47766e-05
1.19844e-05
1.6119e-05
1.08426e-05
1.67732e-05
8.8868e-06
1.44926e-05
6.13687e-06
3.4369e-06
1.09793e-05
-1.07539e-06
5.34732e-06
-2.06558e-06
5.21294e-06
-2.81783e-06
5.293e-06
-3.27324e-06
5.41263e-06
-3.41756e-06
5.58626e-06
-3.25557e-06
5.87231e-06
-2.82512e-06
6.31435e-06
-2.16809e-06
6.92746e-06
-1.30831e-06
7.67242e-06
-2.68575e-07
8.45311e-06
9.32314e-07
9.18167e-06
2.27169e-06
9.793e-06
3.71575e-06
1.02609e-05
5.25948e-06
1.05753e-05
6.90876e-06
1.07346e-05
8.68279e-06
1.07441e-05
1.05897e-05
1.06101e-05
1.26285e-05
1.03486e-05
1.47108e-05
9.90214e-06
1.66002e-05
8.95322e-06
1.80619e-05
7.42486e-06
1.88403e-05
5.35858e-06
3.01709e-06
1.92604e-05
-9.72912e-07
6.32072e-06
-1.86992e-06
6.11026e-06
-2.52324e-06
5.94657e-06
-2.8839e-06
5.7735e-06
-2.94209e-06
5.64464e-06
-2.71452e-06
5.64492e-06
-2.24476e-06
5.84478e-06
-1.58102e-06
6.26392e-06
-7.50164e-07
6.84179e-06
2.24415e-07
7.47877e-06
1.3038e-06
8.10255e-06
2.48977e-06
8.60732e-06
3.76521e-06
8.98579e-06
5.12664e-06
9.21418e-06
6.58206e-06
9.27949e-06
8.14666e-06
9.17981e-06
9.83855e-06
8.91845e-06
1.1678e-05
8.50933e-06
1.36385e-05
7.9418e-06
1.55017e-05
7.08987e-06
1.71084e-05
5.81818e-06
1.83027e-05
4.16411e-06
2.31993e-06
1.90004e-05
-9.07452e-07
7.22835e-06
-1.73354e-06
6.93668e-06
-2.31529e-06
6.52863e-06
-2.60186e-06
6.06035e-06
-2.59427e-06
5.63731e-06
-2.31527e-06
5.36617e-06
-1.81864e-06
5.34838e-06
-1.15187e-06
5.59739e-06
-3.53562e-07
6.04374e-06
5.43768e-07
6.58171e-06
1.53323e-06
7.11338e-06
2.58597e-06
7.55487e-06
3.70132e-06
7.87074e-06
4.88188e-06
8.03393e-06
6.13347e-06
8.02819e-06
7.4649e-06
7.84866e-06
8.88811e-06
7.49549e-06
1.04185e-05
6.97913e-06
1.2056e-05
6.30442e-06
1.37017e-05
5.44414e-06
1.51693e-05
4.35053e-06
1.63558e-05
2.97784e-06
1.52495e-06
1.71512e-05
-8.64777e-07
8.09386e-06
-1.64999e-06
7.72242e-06
-2.17378e-06
7.05284e-06
-2.40195e-06
6.28888e-06
-2.34059e-06
5.57626e-06
-2.02915e-06
5.05503e-06
-1.51971e-06
4.83922e-06
-8.57456e-07
4.93542e-06
-8.57189e-08
5.27229e-06
7.55062e-07
5.74123e-06
1.65097e-06
6.21777e-06
2.585e-06
6.62115e-06
3.55382e-06
6.90223e-06
4.56373e-06
7.02432e-06
5.61764e-06
6.97458e-06
6.7201e-06
6.74647e-06
7.87424e-06
6.34161e-06
9.08423e-06
5.76935e-06
1.03524e-05
5.03635e-06
1.16472e-05
4.14932e-06
1.28847e-05
3.11315e-06
1.39185e-05
1.94387e-06
7.34553e-07
1.47095e-05
-8.46415e-07
8.94064e-06
-1.60426e-06
8.48074e-06
-2.0883e-06
7.53734e-06
-2.27218e-06
6.47315e-06
-2.17462e-06
5.47906e-06
-1.84889e-06
4.72963e-06
-1.34033e-06
4.33098e-06
-6.90794e-07
4.2862e-06
5.51571e-08
4.52666e-06
8.5009e-07
4.94662e-06
1.67142e-06
5.39676e-06
2.50431e-06
5.78857e-06
3.34735e-06
6.05951e-06
4.2036e-06
6.16838e-06
5.07846e-06
6.10001e-06
5.9725e-06
5.85271e-06
6.8824e-06
5.43195e-06
7.81298e-06
4.83901e-06
8.75626e-06
4.09321e-06
9.69644e-06
3.20912e-06
1.05941e-05
2.21545e-06
1.14018e-05
1.13642e-06
7.55567e-08
1.20612e-05
-8.46452e-07
9.78798e-06
-1.59399e-06
9.22889e-06
-2.05586e-06
7.99971e-06
-2.21147e-06
6.62921e-06
-2.09253e-06
5.36052e-06
-1.76382e-06
4.40129e-06
-1.27736e-06
3.84487e-06
-6.51646e-07
3.66084e-06
6.56871e-08
3.80967e-06
8.24762e-07
4.18788e-06
1.5912e-06
4.63066e-06
2.34878e-06
5.03131e-06
3.09124e-06
5.31737e-06
3.82015e-06
5.43977e-06
4.54153e-06
5.37892e-06
5.25902e-06
5.1355e-06
5.97207e-06
4.71916e-06
6.67366e-06
4.13763e-06
7.35561e-06
3.41141e-06
8.006e-06
2.5587e-06
8.61347e-06
1.60807e-06
9.15047e-06
5.99273e-07
-3.90277e-07
9.61704e-06
-8.64579e-07
1.06528e-05
-1.61872e-06
9.98354e-06
-2.07194e-06
8.45343e-06
-2.21102e-06
6.76877e-06
-2.0844e-06
5.23433e-06
-1.78298e-06
4.10028e-06
-1.32187e-06
3.38414e-06
-7.32684e-07
3.07202e-06
-5.23688e-08
3.12971e-06
6.77812e-07
3.45804e-06
1.40959e-06
3.89921e-06
2.11716e-06
4.32407e-06
2.7885e-06
4.64633e-06
3.42056e-06
4.80801e-06
4.01992e-06
4.77984e-06
4.59404e-06
4.56164e-06
5.14382e-06
4.16961e-06
5.66878e-06
3.61289e-06
6.15785e-06
2.92247e-06
6.60364e-06
2.11289e-06
6.99716e-06
1.21453e-06
7.32956e-06
2.6727e-07
-6.8913e-07
7.62891e-06
-9.01395e-07
1.15552e-05
-1.67812e-06
1.0761e-05
-2.14072e-06
8.9166e-06
-2.26756e-06
6.8961e-06
-2.1418e-06
5.10901e-06
-1.891e-06
3.84989e-06
-1.4674e-06
2.96093e-06
-9.11655e-07
2.51664e-06
-2.73917e-07
2.49232e-06
4.23487e-07
2.76098e-06
1.12873e-06
3.1943e-06
1.80813e-06
3.64498e-06
2.43674e-06
4.01802e-06
3.00507e-06
4.23996e-06
3.51479e-06
4.27039e-06
3.97753e-06
4.09915e-06
4.40304e-06
3.74433e-06
4.78837e-06
3.22775e-06
5.1344e-06
2.57658e-06
5.43344e-06
1.81386e-06
5.687e-06
9.6111e-07
5.89869e-06
5.53663e-08
-8.77031e-07
6.08734e-06
-9.5463e-07
1.25102e-05
-1.77154e-06
1.15784e-05
-2.25509e-06
9.40067e-06
-2.36226e-06
7.00375e-06
-2.28212e-06
5.02931e-06
-2.07591e-06
3.64407e-06
-1.67967e-06
2.56508e-06
-1.1602e-06
1.99752e-06
-5.60779e-07
1.89325e-06
8.57569e-08
2.11477e-06
7.65653e-07
2.51471e-06
1.42688e-06
2.98405e-06
2.03665e-06
3.40853e-06
2.57126e-06
3.70561e-06
3.02655e-06
3.81534e-06
3.41104e-06
3.71488e-06
3.74007e-06
3.41551e-06
4.02003e-06
2.94799e-06
4.25622e-06
2.34051e-06
4.44929e-06
1.62079e-06
4.60271e-06
8.07641e-07
4.72606e-06
-6.74988e-08
-9.94031e-07
4.84345e-06
-1.01331e-06
1.35244e-05
-1.87103e-06
1.24367e-05
-2.36709e-06
9.89721e-06
-2.51415e-06
7.15124e-06
-2.5101e-06
5.02567e-06
-2.30977e-06
3.44412e-06
-1.91952e-06
2.17518e-06
-1.4254e-06
1.50373e-06
-8.73698e-07
1.34186e-06
-2.7564e-07
1.51701e-06
3.57448e-07
1.8819e-06
9.98499e-07
2.34326e-06
1.59945e-06
2.80782e-06
2.12238e-06
3.1829e-06
2.55056e-06
3.38737e-06
2.88809e-06
3.37755e-06
3.14971e-06
3.15406e-06
3.35225e-06
2.74561e-06
3.50486e-06
2.18803e-06
3.6148e-06
1.51085e-06
3.68938e-06
7.33256e-07
3.74697e-06
-1.25293e-07
-1.05657e-06
3.81035e-06
-1.06254e-06
1.4587e-05
-1.95035e-06
1.33249e-05
-2.45399e-06
1.04012e-05
-2.69574e-06
7.39336e-06
-2.7673e-06
5.09757e-06
-2.53037e-06
3.2075e-06
-2.12849e-06
1.7736e-06
-1.65822e-06
1.03373e-06
-1.15504e-06
8.38936e-07
-6.19078e-07
9.81286e-07
-4.74364e-08
1.31048e-06
5.51914e-07
1.74411e-06
1.13757e-06
2.22235e-06
1.66181e-06
2.65884e-06
2.08726e-06
2.96208e-06
2.40436e-06
3.0606e-06
2.62625e-06
2.93231e-06
2.77488e-06
2.59711e-06
2.86756e-06
2.09544e-06
2.91618e-06
1.46223e-06
2.93468e-06
7.14742e-07
2.93995e-06
-1.29964e-07
-1.06291e-06
2.94675e-06
-1.08974e-06
1.56774e-05
-2.00339e-06
1.42389e-05
-2.5257e-06
1.09239e-05
-2.85586e-06
7.72381e-06
-2.93753e-06
5.17949e-06
-2.66599e-06
2.9362e-06
-2.25286e-06
1.36069e-06
-1.80884e-06
5.89912e-07
-1.3624e-06
3.92676e-07
-8.99973e-07
5.19028e-07
-4.04964e-07
8.15618e-07
1.25666e-07
1.21361e-06
6.78534e-07
1.6696e-06
1.19902e-06
2.13845e-06
1.6346e-06
2.52659e-06
1.95466e-06
2.74063e-06
2.16254e-06
2.72451e-06
2.27996e-06
2.47977e-06
2.33113e-06
2.04433e-06
2.33597e-06
1.45737e-06
2.31043e-06
7.40451e-07
2.26854e-06
-8.84231e-08
-1.02598e-06
2.23232e-06
-1.07981e-06
1.67572e-05
-2.00434e-06
1.51636e-05
-2.56222e-06
1.14819e-05
-2.93411e-06
8.09586e-06
-2.96868e-06
5.21422e-06
-2.66775e-06
2.63541e-06
-2.25011e-06
9.43161e-07
-1.8426e-06
1.82507e-07
-1.46291e-06
1.30666e-08
-1.08608e-06
1.42272e-07
-6.83787e-07
4.13374e-07
-2.36623e-07
7.66485e-07
2.51431e-07
1.18157e-06
7.47906e-07
1.64199e-06
1.19312e-06
2.08139e-06
1.53314e-06
2.40063e-06
1.74875e-06
2.50891e-06
1.8563e-06
2.37224e-06
1.88481e-06
2.01581e-06
1.86041e-06
1.48169e-06
1.80137e-06
7.99298e-07
1.72669e-06
-1.3256e-08
-9.50956e-07
1.65181e-06
-1.02389e-06
1.77815e-05
-1.93745e-06
1.60773e-05
-2.52925e-06
1.20738e-05
-2.87885e-06
8.4455e-06
-2.85855e-06
5.19394e-06
-2.5155e-06
2.29237e-06
-2.10126e-06
5.28924e-07
-1.74353e-06
-1.75244e-07
-1.44165e-06
-2.88841e-07
-1.15851e-06
-1.40909e-07
-8.59792e-07
1.14607e-07
-5.1482e-07
4.21451e-07
-1.15427e-07
7.82108e-07
3.28315e-07
1.19818e-06
7.66722e-07
1.6429e-06
1.13136e-06
2.03591e-06
1.37446e-06
2.26575e-06
1.49314e-06
2.25349e-06
1.51668e-06
1.99219e-06
1.47622e-06
1.52199e-06
1.39493e-06
8.80636e-07
1.29683e-06
8.43574e-08
-8.4839e-07
1.19479e-06
-9.18972e-07
1.87e-05
-1.79068e-06
1.69488e-05
-2.36852e-06
1.26515e-05
-2.67855e-06
8.75544e-06
-2.58561e-06
5.1009e-06
-2.20093e-06
1.90759e-06
-1.80748e-06
1.35366e-07
-1.51739e-06
-4.65464e-07
-1.305e-06
-5.01363e-07
-1.12253e-06
-3.23528e-07
-9.26553e-07
-8.15246e-08
-6.91783e-07
1.86519e-07
-3.97352e-07
4.87513e-07
-3.53566e-08
8.36015e-07
3.65814e-07
1.24157e-06
7.43782e-07
1.65779e-06
1.02513e-06
1.98426e-06
1.1754e-06
2.1031e-06
1.21194e-06
1.95551e-06
1.16941e-06
1.56431e-06
1.08259e-06
9.67181e-07
9.69271e-07
1.98082e-07
-7.25735e-07
8.46646e-07
-7.6548e-07
1.94657e-05
-1.55902e-06
1.77423e-05
-2.07907e-06
1.31714e-05
-2.31202e-06
8.98821e-06
-2.13215e-06
4.92084e-06
-1.71399e-06
1.48922e-06
-1.3883e-06
-1.90532e-07
-1.19033e-06
-6.63652e-07
-1.07765e-06
-6.14276e-07
-9.93669e-07
-4.07736e-07
-9.00416e-07
-1.75016e-07
-7.70545e-07
5.64076e-08
-5.80568e-07
2.97295e-07
-3.19774e-07
5.74983e-07
9.86825e-09
9.11698e-07
3.71132e-07
1.2963e-06
6.86074e-07
1.66912e-06
8.84488e-07
1.90449e-06
9.51352e-07
1.88845e-06
9.24603e-07
1.59082e-06
8.39791e-07
1.05194e-06
7.22427e-07
3.14774e-07
-5.96121e-07
5.93056e-07
-5.72167e-07
2.00373e-05
-1.25551e-06
1.84254e-05
-1.69558e-06
1.36112e-05
-1.78636e-06
9.07874e-06
-1.49698e-06
4.63121e-06
-1.10109e-06
1.09306e-06
-8.90056e-07
-4.01836e-07
-8.11151e-07
-7.42834e-07
-8.01905e-07
-6.23802e-07
-8.07583e-07
-4.02343e-07
-7.99433e-07
-1.83452e-07
-7.59109e-07
1.57962e-08
-6.70247e-07
2.08149e-07
-5.13942e-07
4.184e-07
-2.76688e-07
6.74174e-07
2.87783e-08
9.90583e-07
3.50285e-07
1.34737e-06
5.98747e-07
1.65582e-06
7.15676e-07
1.77129e-06
7.1484e-07
1.59139e-06
6.41679e-07
1.12467e-06
5.36295e-07
4.20418e-07
-4.72177e-07
4.12082e-07
-3.55714e-07
2.03932e-05
-9.02181e-07
1.89717e-05
-1.27929e-06
1.39881e-05
-1.17033e-06
8.9695e-06
-7.21528e-07
4.18211e-06
-4.35147e-07
8.06383e-07
-3.94515e-07
-4.42766e-07
-4.44323e-07
-6.93327e-07
-5.29057e-07
-5.39371e-07
-6.05768e-07
-3.25935e-07
-6.59471e-07
-1.30052e-07
-6.84889e-07
4.0913e-08
-6.72938e-07
1.959e-07
-6.09007e-07
3.54179e-07
-4.73421e-07
5.3831e-07
-2.5563e-07
7.72529e-07
2.49396e-08
1.06656e-06
2.99674e-07
1.38085e-06
4.74543e-07
1.5962e-06
5.17503e-07
1.54815e-06
4.71751e-07
1.17035e-06
3.80021e-07
5.11459e-07
-3.69972e-07
2.77988e-07
-1.31157e-07
2.05239e-05
-5.28728e-07
1.9369e-05
-9.19039e-07
1.43782e-05
-5.12608e-07
8.56289e-06
5.3368e-08
3.61596e-06
1.41133e-07
7.18433e-07
2.56728e-08
-3.27491e-07
-1.48265e-07
-5.19577e-07
-3.04585e-07
-3.83237e-07
-4.26527e-07
-2.04182e-07
-5.15546e-07
-4.12184e-08
-5.76545e-07
1.01725e-07
-6.11885e-07
2.31059e-07
-6.15668e-07
3.57784e-07
-5.68544e-07
4.91021e-07
-4.52057e-07
6.55887e-07
-2.56386e-07
8.70753e-07
-1.01371e-08
1.13448e-06
2.01959e-07
1.38397e-06
2.97791e-07
1.45216e-06
2.85783e-07
1.18209e-06
2.28112e-07
5.69544e-07
-3.03044e-07
1.61079e-07
9.51104e-08
2.04287e-05
-1.81361e-07
1.96453e-05
-6.95774e-07
1.48924e-05
-4.62484e-08
7.91315e-06
5.62198e-07
3.0073e-06
5.25996e-07
7.54428e-07
2.90847e-07
-9.25511e-08
3.87709e-08
-2.67706e-07
-1.55836e-07
-1.88836e-07
-2.94203e-07
-6.60194e-08
-3.9416e-07
5.85341e-08
-4.63896e-07
1.71262e-07
-5.1872e-07
2.85685e-07
-5.52665e-07
3.91541e-07
-5.68317e-07
5.06492e-07
-5.39436e-07
6.26838e-07
-4.48927e-07
7.80089e-07
-2.89321e-07
9.7473e-07
-1.00744e-07
1.19525e-06
2.6385e-08
1.32487e-06
5.72231e-08
1.15129e-06
3.84246e-08
5.87723e-07
-3.00404e-07
3.5794e-08
3.39977e-07
2.00883e-05
1.5106e-07
1.98338e-05
-7.90517e-07
1.58336e-05
-5.49415e-08
7.17717e-06
6.85943e-07
2.26601e-06
6.34297e-07
8.05669e-07
3.60164e-07
1.8118e-07
9.93814e-08
-7.3205e-09
-8.48479e-08
-4.99871e-09
-2.15507e-07
6.42535e-08
-3.00299e-07
1.42947e-07
-3.63821e-07
2.34412e-07
-4.09215e-07
3.30718e-07
-4.53865e-07
4.35842e-07
-4.86931e-07
5.39222e-07
-5.12907e-07
6.52493e-07
-5.11222e-07
7.781e-07
-4.66455e-07
9.29676e-07
-3.77905e-07
1.10642e-06
-2.91573e-07
1.23827e-06
-2.52817e-07
1.1121e-06
-2.15609e-07
5.50535e-07
-4.29407e-07
-8.67825e-08
7.04174e-07
5.37778e-07
-1.28907e-06
-5.95193e-07
2.57735e-07
2.86178e-07
1.86701e-07
4.69066e-08
-6.40349e-08
-1.3934e-07
-1.94179e-07
-2.37351e-07
-2.77079e-07
-3.12217e-07
-3.50391e-07
-3.88468e-07
-4.27011e-07
-4.59356e-07
-4.77122e-07
-4.73054e-07
-4.38746e-07
-3.30615e-07
-1.16145e-07
-2.45707e-05
2.31543e-06
-2.88986e-05
4.32786e-06
-3.56313e-05
6.73266e-06
9.14134e-06
-4.47727e-05
-4.16983e-05
2.91987e-06
-4.12792e-05
3.90883e-06
-4.01025e-05
5.55601e-06
7.11472e-06
-3.80759e-05
-4.40685e-05
2.72346e-06
-4.22448e-05
2.08512e-06
-3.94265e-05
2.73779e-06
3.5894e-06
-3.59012e-05
-3.87046e-05
2.30769e-06
-3.79407e-05
1.32129e-06
-3.68556e-05
1.65265e-06
1.86723e-06
-3.51334e-05
-2.94378e-05
2.33737e-06
-3.09683e-05
2.85186e-06
-3.24921e-05
3.17624e-06
2.44826e-06
-3.30731e-05
-2.79233e-05
1.23101e-06
-2.72697e-05
2.19827e-06
-2.67927e-05
2.69932e-06
2.55393e-06
-2.68983e-05
-2.82722e-05
2.08997e-07
-2.67952e-05
7.21466e-07
-2.52359e-05
1.14004e-06
1.37846e-06
-2.40602e-05
-2.5644e-05
2.09568e-07
-2.46458e-05
-2.76773e-07
-2.29852e-05
-5.20421e-07
-5.61087e-08
-2.15505e-05
-4.0235e-05
-1.35874e-06
-4.03879e-05
-1.26438e-07
-4.02015e-05
-7.10269e-07
-1.00806e-06
-3.92516e-05
-3.43718e-05
8.70059e-06
-4.5036e-05
1.05361e-05
-5.44915e-05
8.74782e-06
7.82332e-06
-6.33232e-05
3.5736e-05
3.5384e-06
4.17897e-05
4.48544e-06
4.57133e-05
4.82775e-06
4.24999e-06
4.929e-05
4.86647e-05
-1.31574e-06
5.32504e-05
-9.94118e-08
5.72895e-05
7.8996e-07
1.19467e-06
6.0346e-05
3.65856e-05
-3.62644e-06
3.91518e-05
-2.6651e-06
4.19171e-05
-1.97507e-06
-1.27962e-06
4.43919e-05
1.6243e-05
-3.68967e-06
1.6994e-05
-3.41656e-06
1.85228e-05
-3.5031e-06
-3.43472e-06
2.06782e-05
1.23606e-06
-3.09249e-06
1.44584e-06
-3.62513e-06
2.08486e-06
-4.14194e-06
-4.31847e-06
2.96904e-06
-5.711e-06
-1.9541e-06
-5.96522e-06
-3.37155e-06
-5.43431e-06
-4.67229e-06
-5.10874e-06
-4.64404e-06
-5.67473e-06
-7.13141e-07
-5.6371e-06
-3.40841e-06
-4.81453e-06
-5.49522e-06
-6.00812e-06
-3.91515e-06
-2.18007e-06
-5.60501e-07
-2.09238e-06
-3.49692e-06
-1.64248e-06
-5.94504e-06
-6.61839e-06
-1.03248e-06
2.37325e-06
-1.52027e-06
2.63757e-06
-3.76072e-06
1.87597e-06
-5.184e-06
-6.4151e-06
1.67247e-06
9.93151e-06
-4.72486e-07
8.55818e-06
-2.38817e-06
6.89275e-06
-3.51878e-06
-5.02804e-06
5.5052e-06
1.82727e-05
5.15163e-07
1.64803e-05
-5.95621e-07
1.45934e-05
-1.63264e-06
-2.78386e-06
1.23489e-05
1.90842e-05
4.31312e-07
1.86952e-05
-2.07268e-07
1.7887e-05
-8.24714e-07
-1.54263e-06
1.66453e-05
1.73407e-05
2.41992e-07
1.73335e-05
-1.99927e-07
1.71351e-05
-6.26943e-07
-1.11213e-06
1.67043e-05
1.50013e-05
-4.97092e-08
1.51786e-05
-3.7786e-07
1.5251e-05
-6.99583e-07
-1.061e-06
1.51994e-05
1.23235e-05
-3.11878e-07
1.25351e-05
-5.89346e-07
1.27086e-05
-8.73793e-07
-1.1888e-06
1.28361e-05
9.81026e-06
-5.05014e-07
9.98327e-06
-7.62889e-07
1.01437e-05
-1.03444e-06
-1.34019e-06
1.02947e-05
7.76204e-06
-6.37955e-07
7.89644e-06
-8.97047e-07
8.03153e-06
-1.1701e-06
-1.46915e-06
8.16028e-06
6.18102e-06
-7.3159e-07
6.27705e-06
-9.93696e-07
6.37434e-06
-1.26749e-06
-1.56546e-06
6.4703e-06
4.90742e-06
-7.95478e-07
4.97707e-06
-1.06301e-06
5.04856e-06
-1.33957e-06
-1.63591e-06
5.11888e-06
3.85237e-06
-8.37347e-07
3.8956e-06
-1.1068e-06
3.94006e-06
-1.38395e-06
-1.68121e-06
3.9851e-06
2.96439e-06
-8.54635e-07
2.985e-06
-1.12676e-06
3.00737e-06
-1.40678e-06
-1.70529e-06
3.03141e-06
2.22939e-06
-8.51612e-07
2.22641e-06
-1.1245e-06
2.22505e-06
-1.40528e-06
-1.70606e-06
2.22552e-06
1.62861e-06
-8.28374e-07
1.60672e-06
-1.10207e-06
1.58571e-06
-1.38489e-06
-1.68638e-06
1.56594e-06
1.15639e-06
-7.89995e-07
1.1169e-06
-1.06341e-06
1.07767e-06
-1.34559e-06
-1.64679e-06
1.03775e-06
7.95839e-07
-7.39092e-07
7.4546e-07
-1.01243e-06
6.93418e-07
-1.2942e-06
-1.59315e-06
6.39681e-07
5.3732e-07
-6.83581e-07
4.8113e-07
-9.57284e-07
4.24116e-07
-1.23717e-06
-1.53285e-06
3.634e-07
3.58293e-07
-6.30075e-07
3.06939e-07
-9.0552e-07
2.54821e-07
-1.18586e-06
-1.47714e-06
1.98957e-07
2.37664e-07
-5.89997e-07
2.01374e-07
-8.70246e-07
1.68282e-07
-1.15275e-06
-1.44062e-06
1.31407e-07
1.44747e-07
-5.73664e-07
1.38849e-07
-8.63738e-07
1.40201e-07
-1.15472e-06
-1.44062e-06
1.40132e-07
6.18116e-08
-5.99897e-07
1.02444e-07
-9.0534e-07
1.5287e-07
-1.20501e-06
-1.48544e-06
1.97442e-07
3.90024e-09
-6.90832e-07
1.00386e-07
-1.00131e-06
1.91752e-07
-1.29682e-06
-1.55888e-06
2.64997e-07
-2.55244e-09
9.45844e-08
1.68235e-07
2.17677e-07
-2.49799e-05
2.63263e-05
-1.65676e-05
8.15371e-06
-1.42815e-05
8.37301e-07
-1.57484e-05
-3.89299e-06
-1.77328e-05
-7.12278e-06
-1.3193e-05
-5.52879e-06
-7.56409e-06
-3.86365e-06
-4.1674e-06
-6.5176e-06
-3.34931e-06
-9.21481e-06
-9.8321e-06
-1.19263e-05
-1.63984e-05
-1.60316e-05
-1.78966e-05
-1.20974e-05
-1.40667e-05
-2.90211e-06
-1.13872e-05
1.73889e-06
-1.05774e-05
1.1051e-06
-1.77235e-06
-2.41012e-07
2.69945e-06
-1.29179e-05
1.43983e-06
-1.14763e-05
2.07943e-05
-2.84769e-05
1.67274e-05
-2.35476e-05
3.22449e-06
-2.24454e-05
-2.64853e-07
-2.31587e-05
-3.17964e-06
-2.42883e-05
-5.99328e-06
-1.97447e-05
-1.00723e-05
-1.27911e-05
-1.08173e-05
-8.76838e-06
-1.05403e-05
-1.11047e-05
-6.87857e-06
-1.8847e-05
-4.18391e-06
-2.46683e-05
-1.02104e-05
-2.38008e-05
-1.29648e-05
-1.88036e-05
-7.89937e-06
-1.35976e-05
-3.46703e-06
-8.80071e-06
-3.69182e-06
-2.86622e-06
-6.1755e-06
-4.0706e-06
-1.17135e-05
-6.02092e-06
-9.52598e-06
1.47734e-05
-2.8349e-05
9.17525e-06
-2.81453e-05
3.02087e-06
-2.74875e-05
-9.22582e-07
-2.61088e-05
-4.55835e-06
-2.42615e-05
-7.84057e-06
-2.43022e-05
-1.00316e-05
-2.32491e-05
-1.18705e-05
-2.11635e-05
-1.2626e-05
-1.88926e-05
-9.14944e-06
-1.65607e-05
-6.5158e-06
-1.84596e-05
-8.31152e-06
-1.8777e-05
-1.26474e-05
-1.60744e-05
-1.06019e-05
-1.15242e-05
-8.01724e-06
-6.53035e-06
-8.68563e-06
-5.44113e-06
-7.26473e-06
-9.88558e-06
-7.26905e-06
-1.14502e-05
-7.96135e-06
3.32316e-06
-3.06793e-05
4.72124e-06
-2.95464e-05
1.88805e-06
-2.65393e-05
-3.92959e-06
-2.2203e-05
-8.89451e-06
-2.09993e-05
-9.04434e-06
-2.67838e-05
-4.24711e-06
-2.924e-05
-9.4144e-06
-2.61328e-05
-1.57331e-05
-1.89994e-05
-1.6283e-05
-1.20258e-05
-1.34895e-05
-9.20984e-06
-1.11275e-05
-9.3292e-06
-1.2528e-05
-8.83196e-06
-1.10991e-05
-6.2862e-06
-1.05629e-05
-5.24587e-06
-9.72593e-06
-5.64158e-06
-6.86901e-06
-7.92664e-06
-4.98411e-06
-1.04045e-05
-5.4836e-06
-7.08142e-06
-3.22612e-05
3.90946e-06
-2.94662e-05
-9.06852e-07
-2.57256e-05
-7.67016e-06
-2.15817e-05
-1.30384e-05
-2.04615e-05
-1.01645e-05
-2.02828e-05
-4.42587e-06
-2.02561e-05
-9.44111e-06
-2.02942e-05
-1.56951e-05
-1.78507e-05
-1.87267e-05
-1.27783e-05
-1.8562e-05
-7.43606e-06
-1.64697e-05
-5.64416e-06
-1.43199e-05
-4.38867e-06
-1.23544e-05
-3.25608e-06
-1.16954e-05
-3.78432e-06
-9.19765e-06
-2.99875e-06
-7.65474e-06
-1.73548e-06
-6.24756e-06
-1.32965e-06
-5.88968e-06
-8.41118e-06
-2.69963e-05
4.0076e-06
-2.69663e-05
-9.36772e-07
-2.65702e-05
-8.06617e-06
-2.51676e-05
-1.44409e-05
-2.19586e-05
-1.33736e-05
-1.74702e-05
-8.9144e-06
-1.53345e-05
-1.15769e-05
-1.4527e-05
-1.65028e-05
-1.23302e-05
-2.09237e-05
-8.39879e-06
-2.24936e-05
-4.07566e-06
-2.07932e-05
-1.2777e-06
-1.7118e-05
3.64091e-07
-1.39963e-05
1.25837e-06
-1.25897e-05
1.59757e-06
-9.53694e-06
1.97988e-06
-8.03714e-06
3.11597e-06
-7.38376e-06
3.45328e-06
-6.22708e-06
-4.95794e-06
-2.2413e-05
2.36052e-06
-2.24542e-05
-8.95476e-07
-2.37857e-05
-6.73468e-06
-2.48073e-05
-1.34195e-05
-2.24523e-05
-1.57287e-05
-1.73178e-05
-1.40491e-05
-1.30974e-05
-1.57974e-05
-1.00589e-05
-1.95415e-05
-7.39534e-06
-2.35877e-05
-4.1041e-06
-2.57856e-05
1.71749e-07
-2.50697e-05
3.43631e-06
-2.0383e-05
5.16242e-06
-1.57225e-05
5.01876e-06
-1.2446e-05
3.74655e-06
-8.26473e-06
4.12233e-06
-8.4125e-06
5.69958e-06
-8.96101e-06
5.81648e-06
-6.34395e-06
8.58572e-07
-1.94496e-05
2.59724e-07
-1.89242e-05
-1.42084e-06
-1.98068e-05
-5.85221e-06
-2.19952e-05
-1.12311e-05
-2.25455e-05
-1.51784e-05
-1.84152e-05
-1.81793e-05
-1.22131e-05
-2.19993e-05
-6.57593e-06
-2.51787e-05
-1.67436e-06
-2.84893e-05
1.59193e-06
-2.90518e-05
3.50085e-06
-2.69787e-05
4.49913e-06
-2.13813e-05
4.85618e-06
-1.60795e-05
9.48173e-06
-1.70717e-05
1.27047e-05
-1.14876e-05
1.28815e-05
-8.58537e-06
7.65986e-06
-3.73721e-06
3.3158e-06
-1.99918e-06
4.17475e-06
-3.38695e-05
-5.12335e-06
-2.92243e-05
-6.06607e-06
-2.69217e-05
-8.15473e-06
-2.6932e-05
-1.12204e-05
-2.5923e-05
-1.61863e-05
-2.1511e-05
-2.25906e-05
-1.55972e-05
-2.79122e-05
-9.80927e-06
-3.09652e-05
-3.79355e-06
-3.45029e-05
1.61521e-06
-3.44587e-05
7.75007e-06
-3.31135e-05
1.65679e-05
-3.01988e-05
1.48117e-05
-1.43238e-05
1.34275e-05
-1.56867e-05
3.61726e-05
-3.42318e-05
1.42947e-05
1.3293e-05
-3.4668e-06
1.40243e-05
-1.01074e-05
4.64238e-06
-5.93229e-06
-7.54906e-05
7.0417e-06
-6.8127e-05
-1.34319e-05
-5.51875e-05
-2.10955e-05
-4.56325e-05
-2.07744e-05
-3.61013e-05
-2.57171e-05
-2.98494e-05
-2.88298e-05
-2.28352e-05
-3.49039e-05
-1.15636e-05
-4.2224e-05
-3.63011e-07
-4.56991e-05
9.68906e-06
-4.45109e-05
1.30989e-05
-3.6524e-05
1.52554e-05
-3.23575e-05
1.67439e-05
-1.58156e-05
-1.8731e-05
1.97893e-05
-4.6964e-05
-5.99967e-06
-3.80972e-05
4.42268e-06
-2.2042e-05
-2.03231e-06
-1.24582e-05
-4.94128e-06
-1.83898e-05
4.6335e-05
9.9969e-06
2.41303e-05
8.77157e-06
-5.62691e-06
8.65981e-06
-8.42249e-06
-1.79812e-05
-2.64819e-06
-3.14922e-05
-1.49434e-05
-1.65371e-05
-2.72442e-05
-2.26072e-05
-2.59217e-05
-4.3551e-05
-2.15645e-05
-5.00605e-05
-1.69755e-05
-4.91038e-05
-1.46483e-05
-3.88522e-05
-2.26105e-05
-2.43964e-05
-1.45938e-05
-2.38336e-05
-1.0995e-05
1.61874e-05
-2.21342e-05
5.14018e-06
-1.41508e-05
-3.56094e-06
-8.27551e-06
-7.90777e-06
-4.1902e-06
-9.02563e-06
-2.25799e-05
6.02357e-05
1.01092e-05
5.72898e-05
1.17178e-05
5.82775e-05
7.67249e-06
4.71796e-05
-6.88292e-06
3.46575e-05
-1.89722e-05
3.34911e-05
-1.53863e-05
2.82746e-05
-1.74166e-05
1.48305e-05
-3.01231e-05
1.89031e-06
-3.71277e-05
-8.93419e-06
-3.82802e-05
-1.68552e-05
-3.09301e-05
-1.38268e-05
-2.74231e-05
-1.31881e-05
-2.44706e-05
1.2234e-07
2.8757e-06
3.29027e-06
1.97314e-06
6.32166e-06
-6.59168e-06
5.92524e-06
-7.51079e-06
3.12266e-06
-6.22278e-06
-1.94566e-05
5.00786e-05
4.42308e-06
5.46499e-05
7.14805e-06
5.7556e-05
4.76726e-06
5.32866e-05
-2.61282e-06
4.47182e-05
-1.04052e-05
4.24676e-05
-1.31381e-05
4.16901e-05
-1.66405e-05
3.51437e-05
-2.35775e-05
2.70624e-05
-2.9046e-05
1.83289e-05
-2.95455e-05
1.36104e-05
-2.62098e-05
9.23305e-06
-2.30438e-05
3.76898e-06
-1.90047e-05
1.38948e-05
-7.24876e-06
1.90576e-05
-3.18883e-06
1.86952e-05
-6.22875e-06
1.469e-05
-3.50521e-06
7.56236e-06
9.05642e-07
-1.18943e-05
2.91904e-05
-4.0887e-06
3.66023e-05
-2.63323e-07
4.1117e-05
2.53455e-07
4.22434e-05
-3.7384e-06
4.09983e-05
-9.16003e-06
4.0983e-05
-1.31232e-05
4.15396e-05
-1.71976e-05
3.93585e-05
-2.13962e-05
3.41597e-05
-2.38466e-05
2.78217e-05
-2.32062e-05
2.25974e-05
-2.09839e-05
1.87749e-05
-1.92197e-05
1.66016e-05
-1.68301e-05
2.05789e-05
-1.12251e-05
2.29721e-05
-5.58137e-06
1.9238e-05
-2.49409e-06
1.16253e-05
4.10797e-06
6.48689e-06
6.044e-06
-5.40697e-06
8.4751e-06
-9.59455e-06
1.5564e-05
-7.35173e-06
2.14589e-05
-5.64091e-06
2.51962e-05
-7.47519e-06
2.79249e-05
-1.18886e-05
3.0713e-05
-1.59113e-05
3.3026e-05
-1.95107e-05
3.25442e-05
-2.09143e-05
2.8934e-05
-2.02358e-05
2.33657e-05
-1.76372e-05
1.76478e-05
-1.5265e-05
1.39996e-05
-1.55705e-05
1.37513e-05
-1.6581e-05
1.57189e-05
-1.31919e-05
1.46308e-05
-4.49277e-06
8.75801e-06
3.3791e-06
3.04637e-06
9.81974e-06
2.99288e-06
6.09814e-06
-2.41425e-06
-2.28362e-06
-1.19549e-05
1.4884e-06
-1.11236e-05
5.36099e-06
-9.51316e-06
9.28475e-06
-1.13986e-05
1.33055e-05
-1.59092e-05
1.67698e-05
-1.93755e-05
1.94774e-05
-2.22182e-05
1.9281e-05
-2.07177e-05
1.59153e-05
-1.68698e-05
1.07622e-05
-1.24836e-05
4.97909e-06
-9.48128e-06
3.14061e-06
-1.37314e-05
3.42045e-06
-1.68604e-05
3.70274e-06
-1.34738e-05
1.10915e-06
-1.89883e-06
-9.5042e-07
5.43893e-06
1.26584e-06
7.60379e-06
3.29155e-06
4.07217e-06
8.77645e-07
-1.77037e-06
-1.40998e-05
-3.07263e-07
-1.25866e-05
4.62079e-07
-1.02823e-05
1.86227e-06
-1.27986e-05
3.33354e-06
-1.73803e-05
4.22325e-06
-2.02651e-05
4.97712e-06
-2.2972e-05
4.67537e-06
-2.04158e-05
2.75794e-06
-1.49522e-05
-1.75298e-07
-9.55005e-06
-2.85887e-06
-6.79742e-06
-4.40795e-06
-1.21821e-05
-6.37745e-06
-1.48906e-05
-7.97581e-06
-1.18752e-05
-6.81121e-06
-3.06326e-06
-2.79969e-06
1.4275e-06
2.68363e-06
2.12038e-06
3.5712e-06
3.18507e-06
4.44859e-06
9.97397e-07
-1.61299e-05
1.68108e-06
-1.32704e-05
5.09098e-07
-9.11032e-06
-9.09313e-07
-1.13801e-05
-2.03713e-06
-1.62523e-05
-3.08859e-06
-1.92135e-05
-4.40395e-06
-2.16565e-05
-5.1805e-06
-1.96392e-05
-5.03111e-06
-1.51014e-05
-4.63667e-06
-9.9444e-06
-4.1582e-06
-7.2758e-06
-6.40764e-06
-9.93253e-06
-9.97056e-06
-1.13276e-05
-1.16652e-05
-1.01804e-05
-7.87941e-06
-6.84904e-06
-3.1855e-06
-3.26638e-06
2.04649e-07
-1.2696e-06
1.67575e-06
1.71356e-06
6.12459e-06
2.52849e-06
-1.69863e-05
3.00532e-06
-1.37473e-05
1.90525e-06
-8.01028e-06
-3.09492e-07
-9.16528e-06
-2.68302e-06
-1.38787e-05
-5.14082e-06
-1.67556e-05
-6.8997e-06
-1.98975e-05
-9.03631e-06
-1.75025e-05
-9.13638e-06
-1.50013e-05
-7.43365e-06
-1.16471e-05
-4.94108e-06
-9.76837e-06
-4.95814e-06
-9.91546e-06
-7.62119e-06
-8.66452e-06
-8.80877e-06
-8.99285e-06
-7.49345e-06
-8.16437e-06
-5.44415e-06
-5.3157e-06
-2.85207e-06
-3.86189e-06
-2.154e-07
-9.22781e-07
5.90889e-06
3.69625e-06
-1.51777e-05
3.61942e-06
-1.36707e-05
3.76892e-06
-8.15981e-06
2.49023e-06
-7.88657e-06
8.04206e-08
-1.14689e-05
-2.17227e-06
-1.45028e-05
-4.06448e-06
-1.80053e-05
-5.88816e-06
-1.56788e-05
-7.04965e-06
-1.38398e-05
-7.19937e-06
-1.14974e-05
-5.62792e-06
-1.13398e-05
-4.60217e-06
-1.09412e-05
-4.80149e-06
-8.46523e-06
-5.43497e-06
-8.35941e-06
-5.96601e-06
-7.63338e-06
-4.97789e-06
-6.30389e-06
-3.73874e-06
-5.10096e-06
-1.93565e-06
-2.72634e-06
3.97341e-06
7.79703e-06
-1.06263e-05
5.78709e-06
-1.16609e-05
5.94499e-06
-8.31773e-06
5.50006e-06
-7.44161e-06
4.01683e-06
-9.98558e-06
2.959e-06
-1.34449e-05
1.22633e-06
-1.62725e-05
4.8675e-07
-1.49392e-05
-3.3464e-07
-1.30184e-05
-1.09841e-06
-1.07337e-05
-1.91441e-06
-1.05239e-05
-2.86462e-06
-9.99107e-06
-2.94253e-06
-8.38737e-06
-3.35421e-06
-7.94778e-06
-3.72222e-06
-7.26544e-06
-3.14799e-06
-6.8782e-06
-3.22515e-06
-5.02405e-06
-2.84271e-06
-3.10855e-06
1.13039e-06
1.2856e-05
-6.83738e-06
9.76353e-06
-8.56849e-06
9.36327e-06
-7.91745e-06
9.74937e-06
-7.82766e-06
9.54527e-06
-9.78143e-06
8.43564e-06
-1.23353e-05
6.47454e-06
-1.43114e-05
5.75161e-06
-1.42162e-05
5.50851e-06
-1.27753e-05
5.46585e-06
-1.0691e-05
4.32696e-06
-9.38501e-06
2.60305e-06
-8.26722e-06
1.26264e-06
-7.04703e-06
5.44352e-08
-6.73967e-06
-5.36459e-07
-6.67464e-06
-7.41329e-07
-6.67344e-06
-1.5637e-06
-4.20165e-06
-2.51997e-06
-2.15274e-06
-1.38945e-06
1.48017e-05
-4.93513e-06
1.30339e-05
-6.80078e-06
1.26439e-05
-7.52743e-06
1.30636e-05
-8.24726e-06
1.30914e-05
-9.8092e-06
1.24167e-05
-1.16605e-05
1.11906e-05
-1.30854e-05
1.02447e-05
-1.32702e-05
9.71049e-06
-1.22412e-05
9.5108e-06
-1.04914e-05
8.9106e-06
-8.78485e-06
7.92494e-06
-7.28162e-06
6.78802e-06
-5.91018e-06
5.11047e-06
-5.06222e-06
3.34781e-06
-4.91209e-06
1.82469e-06
-5.1504e-06
4.23608e-07
-2.80082e-06
-7.68817e-07
-9.60146e-07
-2.15856e-06
1.45659e-05
-4.30192e-06
1.38557e-05
-6.09059e-06
1.36918e-05
-7.3634e-06
1.39265e-05
-8.48195e-06
1.39513e-05
-9.83392e-06
1.355e-05
-1.12592e-05
1.2804e-05
-1.23393e-05
1.20852e-05
-1.25515e-05
1.16226e-05
-1.17785e-05
1.14211e-05
-1.02899e-05
1.11667e-05
-8.53049e-06
1.06803e-05
-6.79525e-06
9.9509e-06
-5.18085e-06
8.80983e-06
-3.92125e-06
7.01058e-06
-3.11294e-06
4.47031e-06
-2.61025e-06
2.55784e-06
-8.88342e-07
1.05449e-06
5.42756e-07
-1.10395e-06
1.28107e-05
-4.27673e-06
1.26444e-05
-5.92431e-06
1.2624e-05
-7.34295e-06
1.27422e-05
-8.60006e-06
1.27477e-05
-9.83937e-06
1.2488e-05
-1.09995e-05
1.19888e-05
-1.18401e-05
1.14775e-05
-1.20402e-05
1.11784e-05
-1.14794e-05
1.11483e-05
-1.02599e-05
1.12257e-05
-8.60788e-06
1.11777e-05
-6.74734e-06
1.08408e-05
-4.84406e-06
1.00233e-05
-3.10384e-06
8.56927e-06
-1.659e-06
6.35649e-06
-3.97568e-07
4.11102e-06
1.35689e-06
2.06277e-06
2.59116e-06
9.58537e-07
1.04737e-05
-4.45593e-06
1.05309e-05
-5.98142e-06
1.0591e-05
-7.40291e-06
1.06707e-05
-8.67959e-06
1.06823e-05
-9.85096e-06
1.05371e-05
-1.08542e-05
1.02483e-05
-1.15512e-05
9.94835e-06
-1.17403e-05
9.8064e-06
-1.13375e-05
9.88983e-06
-1.03433e-05
1.01288e-05
-8.84686e-06
1.03224e-05
-6.94106e-06
1.02608e-05
-4.78253e-06
9.73804e-06
-2.58114e-06
8.5949e-06
-5.15947e-07
6.71668e-06
1.48054e-06
4.50239e-06
3.57119e-06
2.32755e-06
4.76559e-06
3.28621e-06
8.35107e-06
-4.64693e-06
8.47113e-06
-6.1014e-06
8.56654e-06
-7.49817e-06
8.66414e-06
-8.77706e-06
8.72215e-06
-9.90889e-06
8.6989e-06
-1.08309e-05
8.58937e-06
-1.14417e-05
8.46919e-06
-1.16201e-05
8.42868e-06
-1.1297e-05
8.53496e-06
-1.04497e-05
8.75891e-06
-9.07085e-06
8.98023e-06
-7.16244e-06
9.00321e-06
-4.80558e-06
8.62936e-06
-2.20736e-06
7.65655e-06
4.56767e-07
6.04109e-06
3.09593e-06
4.0972e-06
5.51485e-06
2.13305e-06
6.72992e-06
5.419e-06
6.63254e-06
-4.80926e-06
6.76043e-06
-6.22914e-06
6.88543e-06
-7.62299e-06
7.01179e-06
-8.90327e-06
7.11966e-06
-1.00167e-05
7.18303e-06
-1.08942e-05
7.19345e-06
-1.14521e-05
7.18062e-06
-1.16073e-05
7.19508e-06
-1.13115e-05
7.276e-06
-1.05306e-05
7.42301e-06
-9.21789e-06
7.55959e-06
-7.29908e-06
7.53437e-06
-4.78042e-06
7.18018e-06
-1.85325e-06
6.3152e-06
1.32168e-06
4.96038e-06
4.45065e-06
3.33413e-06
7.14114e-06
1.71217e-06
8.35149e-06
7.13132e-06
5.23713e-06
-4.92763e-06
5.35688e-06
-6.34878e-06
5.48575e-06
-7.75167e-06
5.62278e-06
-9.04016e-06
5.75287e-06
-1.01467e-05
5.85605e-06
-1.09974e-05
5.91907e-06
-1.15151e-05
5.95241e-06
-1.16406e-05
5.97879e-06
-1.13379e-05
6.02396e-06
-1.05758e-05
6.0894e-06
-9.28338e-06
6.12132e-06
-7.33104e-06
6.00296e-06
-4.66211e-06
5.61064e-06
-1.46099e-06
4.82748e-06
2.10475e-06
3.68693e-06
5.59114e-06
2.39443e-06
8.43344e-06
1.14408e-06
9.60203e-06
8.27516e-06
4.06278e-06
-5.00532e-06
4.15847e-06
-6.44432e-06
4.26843e-06
-7.86145e-06
4.38875e-06
-9.16034e-06
4.50586e-06
-1.02637e-05
4.60147e-06
-1.1093e-05
4.66291e-06
-1.15765e-05
4.68647e-06
-1.16642e-05
4.68352e-06
-1.13349e-05
4.67233e-06
-1.05646e-05
4.65927e-06
-9.27035e-06
4.60388e-06
-7.2757e-06
4.40513e-06
-4.4634e-06
3.96982e-06
-1.02576e-06
3.26792e-06
2.80659e-06
2.35661e-06
6.50236e-06
1.39596e-06
9.39414e-06
5.28108e-07
1.04695e-05
8.80342e-06
3.06264e-06
-5.03667e-06
3.11673e-06
-6.49831e-06
3.1862e-06
-7.93078e-06
3.26154e-06
-9.23557e-06
3.33045e-06
-1.03326e-05
3.37825e-06
-1.11407e-05
3.38926e-06
-1.15875e-05
3.35449e-06
-1.16294e-05
3.27716e-06
-1.12576e-05
3.1797e-06
-1.04672e-05
3.08076e-06
-9.17145e-06
2.96178e-06
-7.15678e-06
2.73646e-06
-4.23815e-06
2.31519e-06
-6.04549e-07
1.73688e-06
3.3848e-06
1.08088e-06
7.15831e-06
4.70833e-07
1.0004e-05
-9.77309e-10
1.09415e-05
8.80219e-06
2.21051e-06
-5.02172e-06
2.21376e-06
-6.50147e-06
2.22332e-06
-7.94022e-06
2.22981e-06
-9.24198e-06
2.22244e-06
-1.03252e-05
2.18966e-06
-1.1108e-05
2.11523e-06
-1.15131e-05
1.98399e-06
-1.14982e-05
1.7967e-06
-1.10704e-05
1.58539e-06
-1.02559e-05
1.40194e-06
-8.98806e-06
1.2714e-06
-7.0263e-06
1.09782e-06
-4.06464e-06
7.74425e-07
-2.81248e-07
3.78793e-07
3.78036e-06
1.81262e-09
7.53517e-06
-2.62188e-07
1.0268e-05
-3.54146e-07
1.10331e-05
8.44819e-06
1.50019e-06
-4.95614e-06
1.44368e-06
-6.44495e-06
1.38166e-06
-7.87816e-06
1.30479e-06
-9.16509e-06
1.20543e-06
-1.02258e-05
1.07565e-06
-1.09782e-05
9.01704e-07
-1.13392e-05
6.63317e-07
-1.12599e-05
3.55379e-07
-1.07625e-05
2.28766e-08
-9.92351e-06
-2.31537e-07
-8.73373e-06
-3.19872e-07
-6.93805e-06
-3.45396e-07
-4.03922e-06
-4.7624e-07
-1.50502e-07
-6.54657e-07
3.95864e-06
-7.75051e-07
7.65547e-06
-7.30655e-07
1.02234e-05
-5.04422e-07
1.0807e-05
7.9435e-06
9.27341e-07
-4.84584e-06
8.11394e-07
-6.32903e-06
6.75453e-07
-7.74222e-06
5.11751e-07
-9.0014e-06
3.1845e-07
-1.00326e-05
9.17242e-08
-1.07516e-05
-1.71884e-07
-1.10757e-05
-4.94506e-07
-1.09374e-05
-8.93885e-07
-1.03632e-05
-1.32281e-06
-9.49468e-06
-1.60756e-06
-8.44909e-06
-1.59155e-06
-6.95417e-06
-1.42869e-06
-4.2022e-06
-1.29642e-06
-2.82905e-07
-1.20963e-06
3.87174e-06
-1.08089e-06
7.52658e-06
-8.27698e-07
9.97019e-06
-5.04513e-07
1.04834e-05
7.43913e-06
4.93976e-07
-4.7004e-06
3.28383e-07
-6.16354e-06
1.27344e-07
-7.54124e-06
-1.16391e-07
-8.75774e-06
-3.97997e-07
-9.75104e-06
-7.0395e-07
-1.04457e-05
-1.02833e-06
-1.07514e-05
-1.37815e-06
-1.05877e-05
-1.78119e-06
-9.9603e-06
-2.24116e-06
-9.03484e-06
-2.58283e-06
-8.10754e-06
-2.42784e-06
-7.1093e-06
-2.0002e-06
-4.62998e-06
-1.56051e-06
-7.22723e-07
-1.21279e-06
3.52386e-06
-9.15842e-07
7.22951e-06
-6.23172e-07
9.67726e-06
-4.14751e-07
1.02752e-05
7.02411e-06
2.02637e-07
-4.53984e-06
8.03764e-09
-5.96905e-06
-2.38199e-07
-7.29509e-06
-5.4298e-07
-8.45305e-06
-8.9379e-07
-9.40034e-06
-1.26183e-06
-1.00778e-05
-1.61579e-06
-1.03976e-05
-1.93681e-06
-1.02668e-05
-2.2437e-06
-9.65355e-06
-2.59404e-06
-8.68463e-06
-2.94941e-06
-7.75229e-06
-2.89564e-06
-7.16321e-06
-2.26463e-06
-5.26113e-06
-1.41699e-06
-1.57053e-06
-7.30808e-07
2.83755e-06
-3.68368e-07
6.86692e-06
-1.96663e-07
9.50556e-06
-2.47365e-07
1.03255e-05
6.77689e-06
5.32439e-08
-4.39441e-06
-1.38266e-07
-5.77771e-06
-3.98104e-07
-7.03538e-06
-7.35914e-07
-8.11537e-06
-1.13491e-06
-9.00148e-06
-1.55376e-06
-9.65911e-06
-1.93576e-06
-1.00157e-05
-2.22664e-06
-9.97604e-06
-2.40612e-06
-9.47422e-06
-2.52434e-06
-8.56656e-06
-2.72e-06
-7.55678e-06
-2.93032e-06
-6.95304e-06
-2.43328e-06
-5.75833e-06
-1.17881e-06
-2.82514e-06
-7.12547e-09
1.6657e-06
5.06944e-07
6.35272e-06
4.62947e-07
9.54931e-06
3.05475e-08
1.07581e-05
6.80718e-06
3.49488e-08
-4.29812e-06
-1.14626e-07
-5.62828e-06
-3.50703e-07
-6.79943e-06
-6.86934e-07
-7.77927e-06
-1.10664e-06
-8.58191e-06
-1.56402e-06
-9.20186e-06
-1.98825e-06
-9.59164e-06
-2.29535e-06
-9.66909e-06
-2.41514e-06
-9.35456e-06
-2.34643e-06
-8.6354e-06
-2.24677e-06
-7.65659e-06
-2.4118e-06
-6.78815e-06
-2.22201e-06
-5.94826e-06
-9.82139e-07
-4.06517e-06
8.76417e-07
-1.92988e-07
1.68587e-06
5.54314e-06
1.3757e-06
9.85949e-06
4.85987e-07
1.16474e-05
7.2933e-06
1.27665e-07
-4.28587e-06
4.89299e-08
-5.54965e-06
-1.34723e-07
-6.61584e-06
-4.33949e-07
-7.4801e-06
-8.349e-07
-8.18102e-06
-1.29981e-06
-8.73701e-06
-1.76157e-06
-9.12995e-06
-2.12576e-06
-9.30497e-06
-2.28788e-06
-9.19251e-06
-2.17713e-06
-8.74623e-06
-1.8393e-06
-7.99449e-06
-1.57213e-06
-7.0554e-06
-1.33249e-06
-6.18799e-06
-3.40715e-07
-5.05703e-06
1.87006e-06
-2.40384e-06
3.06755e-06
4.34558e-06
2.47027e-06
1.04566e-05
1.21739e-06
1.29005e-05
8.51054e-06
2.77567e-07
-4.36615e-06
2.67584e-07
-5.53981e-06
1.42367e-07
-6.49075e-06
-9.37512e-08
-7.2441e-06
-4.28538e-07
-7.84635e-06
-8.41348e-07
-8.32432e-06
-1.28909e-06
-8.68232e-06
-1.69376e-06
-8.90042e-06
-1.94375e-06
-8.94264e-06
-1.92235e-06
-8.76774e-06
-1.55868e-06
-8.35827e-06
-8.83952e-07
-7.73025e-06
-6.95921e-08
-7.00248e-06
1.20705e-06
-6.33379e-06
3.64054e-06
-4.83746e-06
4.76558e-06
3.22042e-06
3.50668e-06
1.17155e-05
2.17441e-06
1.42325e-05
1.06849e-05
3.79854e-07
-4.48123e-06
3.91884e-07
-5.55204e-06
3.05909e-07
-6.40495e-06
1.4391e-07
-7.08227e-06
-8.56389e-08
-7.61696e-06
-3.7765e-07
-8.03247e-06
-7.19544e-07
-8.34058e-06
-1.07036e-06
-8.54976e-06
-1.34678e-06
-8.66636e-06
-1.42336e-06
-8.6913e-06
-1.16061e-06
-8.62117e-06
-4.25215e-07
-8.46579e-06
9.25898e-07
-8.35374e-06
3.23182e-06
-8.63986e-06
6.86742e-06
-8.4732e-06
7.85382e-06
2.23389e-06
4.46473e-06
1.51044e-05
3.33943e-06
1.53577e-05
1.40243e-05
2.84159e-07
2.78811e-07
2.23783e-07
1.39044e-07
2.95748e-08
-1.06354e-07
-2.69951e-07
-4.51043e-07
-6.12604e-07
-6.76757e-07
-5.1278e-07
8.88229e-08
1.34444e-06
3.77617e-06
8.64526e-06
1.12906e-05
4.74801e-06
4.64745e-06
)
;

boundaryField
{
    leftWall
    {
        type            calculated;
        value           uniform 0;
    }
    rightWall
    {
        type            calculated;
        value           uniform 0;
    }
    lowerWall
    {
        type            calculated;
        value           uniform 0;
    }
    atmosphere
    {
        type            calculated;
        value           nonuniform List<scalar> 
46
(
1.93839e-05
1.99999e-05
1.76602e-05
6.48307e-06
1.41285e-06
7.76997e-07
2.80432e-07
1.32251e-07
1.05724e-07
1.39344e-07
1.97576e-07
2.7738e-07
3.70247e-07
4.70788e-07
5.77212e-07
6.90395e-07
8.16476e-07
9.61862e-07
1.12404e-06
1.23404e-06
1.0777e-06
4.42174e-07
-6.4411e-07
-8.04716e-07
-1.09911e-06
-1.37079e-06
-1.60845e-06
-4.54779e-06
-5.54676e-06
-6.34999e-06
-6.99759e-06
-7.50755e-06
-7.89659e-06
-8.17704e-06
-8.36872e-06
-8.50486e-06
-8.62719e-06
-8.78519e-06
-9.06745e-06
-9.6094e-06
-1.10716e-05
-1.33423e-05
-4.11491e-07
2.1647e-05
1.54582e-05
1.86717e-05
)
;
    }
    defaultFaces
    {
        type            empty;
        value           nonuniform List<scalar> 0();
    }
}


// ************************************************************************* //
