/*--------------------------------*- C++ -*----------------------------------*\
| =========                 |                                                 |
| \\      /  F ield         | OpenFOAM: The Open Source CFD Toolbox           |
|  \\    /   O peration     | Version:  2312                                  |
|   \\  /    A nd           | Website:  www.openfoam.com                      |
|    \\/     M anipulation  |                                                 |
\*---------------------------------------------------------------------------*/
FoamFile
{
    version     2.0;
    format      ascii;
    arch        "LSB;label=32;scalar=64";
    class       surfaceScalarField;
    location    "2.85";
    object      phi;
}
// * * * * * * * * * * * * * * * * * * * * * * * * * * * * * * * * * * * * * //

dimensions      [0 3 -1 0 0 0 0];

oriented        oriented;

internalField   nonuniform List<scalar> 
4432
(
3.59462e-07
-3.59454e-07
-2.30059e-07
5.8953e-07
-1.06135e-06
8.313e-07
-2.05062e-06
9.89272e-07
-3.07511e-06
1.02449e-06
-4.09167e-06
1.01657e-06
-5.11518e-06
1.02351e-06
-6.15323e-06
1.03805e-06
-7.18288e-06
1.02964e-06
-8.16913e-06
9.86251e-07
-9.03378e-06
8.64652e-07
-9.68684e-06
6.53052e-07
-1.00835e-05
3.96621e-07
-1.01941e-05
1.1065e-07
-9.99607e-06
-1.9803e-07
-9.48527e-06
-5.10795e-07
-8.68331e-06
-8.01956e-07
-7.62416e-06
-1.05915e-06
-6.34663e-06
-1.27752e-06
-4.9103e-06
-1.43633e-06
-3.38677e-06
-1.52353e-06
-1.8512e-06
-1.53557e-06
-1.8512e-06
-6.39897e-07
2.80455e-07
-1.36881e-06
1.31845e-06
-2.17283e-06
1.63534e-06
-3.02798e-06
1.84443e-06
-3.89234e-06
1.88886e-06
-4.75943e-06
1.88366e-06
-5.66664e-06
1.93072e-06
-6.6197e-06
1.99111e-06
-7.59146e-06
2.0014e-06
-8.5387e-06
1.93348e-06
-9.37664e-06
1.70258e-06
-1.00057e-05
1.28213e-06
-1.03811e-05
7.72017e-07
-1.048e-05
2.09505e-07
-1.02685e-05
-4.09538e-07
-9.73926e-06
-1.03999e-06
-8.91326e-06
-1.62795e-06
-7.82326e-06
-2.14914e-06
-6.50773e-06
-2.59303e-06
-5.02283e-06
-2.92123e-06
-3.44534e-06
-3.10101e-06
-1.87256e-06
-3.10835e-06
-3.72376e-06
-1.19048e-06
1.47094e-06
-2.06518e-06
2.19315e-06
-2.89652e-06
2.46669e-06
-3.73948e-06
2.68739e-06
-4.57543e-06
2.72481e-06
-5.3861e-06
2.69433e-06
-6.22701e-06
2.77163e-06
-7.11979e-06
2.88388e-06
-8.03949e-06
2.9211e-06
-8.95265e-06
2.84664e-06
-9.76649e-06
2.51643e-06
-1.03637e-05
1.87931e-06
-1.07036e-05
1.11198e-06
-1.07787e-05
2.84541e-07
-1.05444e-05
-6.43819e-07
-9.98289e-06
-1.60148e-06
-9.11117e-06
-2.49966e-06
-7.95973e-06
-3.30057e-06
-6.56143e-06
-3.99133e-06
-4.97799e-06
-4.50466e-06
-3.30686e-06
-4.77214e-06
-1.67821e-06
-4.737e-06
-5.40196e-06
-1.53951e-06
3.01045e-06
-2.55305e-06
3.2067e-06
-3.43292e-06
3.34657e-06
-4.31232e-06
3.56679e-06
-5.16478e-06
3.57727e-06
-5.93631e-06
3.46587e-06
-6.71987e-06
3.55519e-06
-7.57525e-06
3.73925e-06
-8.48277e-06
3.82862e-06
-9.40735e-06
3.77121e-06
-1.02327e-05
3.34181e-06
-1.08168e-05
2.4634e-06
-1.11246e-05
1.41978e-06
-1.1172e-05
3.31859e-07
-1.08941e-05
-9.21698e-07
-1.02687e-05
-2.2268e-06
-9.31798e-06
-3.45042e-06
-8.06639e-06
-4.55216e-06
-6.5327e-06
-5.52501e-06
-4.79586e-06
-6.24149e-06
-3.02019e-06
-6.5478e-06
-1.3787e-06
-6.37849e-06
-6.78065e-06
-1.37242e-06
4.38287e-06
-2.31694e-06
4.15122e-06
-3.22045e-06
4.25008e-06
-4.17523e-06
4.52156e-06
-5.18846e-06
4.5905e-06
-6.16099e-06
4.4384e-06
-7.05445e-06
4.44864e-06
-7.95448e-06
4.63928e-06
-8.92389e-06
4.79804e-06
-9.94055e-06
4.78786e-06
-1.08524e-05
4.25362e-06
-1.14815e-05
3.09255e-06
-1.17792e-05
1.7175e-06
-1.18163e-05
3.68913e-07
-1.14942e-05
-1.24378e-06
-1.07544e-05
-2.9666e-06
-9.62946e-06
-4.57537e-06
-8.17283e-06
-6.00879e-06
-6.4228e-06
-7.27504e-06
-4.47127e-06
-8.19303e-06
-2.61844e-06
-8.40062e-06
-1.05532e-06
-7.94161e-06
-7.83597e-06
-7.44637e-07
5.1275e-06
-1.75309e-06
5.15967e-06
-2.83368e-06
5.33067e-06
-3.89442e-06
5.58229e-06
-4.93516e-06
5.63124e-06
-5.85666e-06
5.35988e-06
-6.64933e-06
5.24131e-06
-7.463e-06
5.45294e-06
-8.44753e-06
5.78256e-06
-9.67263e-06
6.01296e-06
-1.08171e-05
5.39811e-06
-1.15816e-05
3.85703e-06
-1.20053e-05
2.14123e-06
-1.21913e-05
5.54841e-07
-1.19979e-05
-1.43719e-06
-1.11929e-05
-3.77151e-06
-9.85495e-06
-5.91337e-06
-8.22171e-06
-7.64201e-06
-6.3074e-06
-9.18934e-06
-4.19654e-06
-1.03039e-05
-2.3431e-06
-1.02541e-05
-9.39703e-07
-9.345e-06
-8.77566e-06
1.48308e-06
3.64441e-06
2.1077e-06
4.53504e-06
2.34179e-06
5.09655e-06
2.54941e-06
5.37464e-06
2.60866e-06
5.57197e-06
1.51586e-06
6.45264e-06
-1.78187e-06
8.53901e-06
-5.46546e-06
9.1365e-06
-7.87732e-06
8.1944e-06
-9.46817e-06
7.60379e-06
-1.08843e-05
6.81419e-06
-1.21915e-05
5.1642e-06
-1.32454e-05
3.19517e-06
-1.35039e-05
8.13375e-07
-1.26776e-05
-2.26353e-06
-1.1199e-05
-5.25005e-06
-9.91813e-06
-7.19425e-06
-8.25882e-06
-9.30129e-06
-6.31352e-06
-1.11346e-05
-4.31074e-06
-1.23066e-05
-2.66617e-06
-1.18986e-05
-1.40789e-06
-1.06032e-05
-1.01835e-05
6.85158e-07
2.95924e-06
1.18097e-06
4.03922e-06
1.18662e-06
5.09089e-06
1.52551e-06
5.03575e-06
2.38773e-06
4.70974e-06
3.69006e-06
5.1503e-06
4.47766e-06
7.75139e-06
4.3534e-06
9.26075e-06
3.34588e-06
9.2019e-06
1.36223e-06
9.58742e-06
-1.85235e-06
1.00288e-05
-5.09791e-06
8.40975e-06
-7.47537e-06
5.57263e-06
-9.13719e-06
2.47521e-06
-9.88523e-06
-1.51549e-06
-9.89781e-06
-5.23745e-06
-1.1572e-05
-5.52006e-06
-9.34276e-06
-1.15305e-05
-7.627e-06
-1.28503e-05
-6.78789e-06
-1.31457e-05
-6.14934e-06
-1.25371e-05
-5.22334e-06
-1.15292e-05
-1.54068e-05
7.3284e-07
-7.3284e-07
2.34621e-06
-1.61337e-06
2.64126e-06
-2.95043e-07
1.65152e-06
9.89743e-07
-5.62228e-07
2.21374e-06
-3.95605e-06
3.39383e-06
-7.86563e-06
3.90958e-06
-1.17238e-05
3.85818e-06
-1.38654e-05
2.14162e-06
-1.37449e-05
-1.20539e-07
-1.23951e-05
-1.34984e-06
-1.08896e-05
-1.50542e-06
-9.66671e-06
-1.22292e-06
-9.07897e-06
-5.87739e-07
-7.6898e-06
-1.38917e-06
-4.68925e-06
-3.00055e-06
-2.05955e-06
-2.6297e-06
-7.88832e-07
-1.27072e-06
-7.88832e-07
3.07694e-06
-3.80978e-06
4.83401e-06
-3.37045e-06
5.788e-06
-1.24903e-06
5.35326e-06
1.42448e-06
3.45544e-06
4.11157e-06
2.63802e-07
6.58547e-06
-3.79153e-06
7.96491e-06
-7.76252e-06
7.82917e-06
-9.43183e-06
3.81094e-06
-8.51597e-06
-1.0364e-06
-6.58544e-06
-3.28037e-06
-5.02805e-06
-3.0628e-06
-4.28314e-06
-1.96783e-06
-4.65782e-06
-2.13052e-07
-5.18716e-06
-8.59833e-07
-4.30197e-06
-3.88575e-06
-2.28683e-06
-4.64483e-06
-9.37595e-07
-2.61995e-06
-1.72643e-06
3.39001e-06
-7.19979e-06
4.69161e-06
-4.67204e-06
6.26989e-06
-2.8273e-06
6.43319e-06
1.26118e-06
4.11891e-06
6.42585e-06
-2.8193e-07
1.09863e-05
-4.75862e-06
1.24416e-05
-7.84143e-06
1.0912e-05
-9.1639e-06
5.13341e-06
-7.72104e-06
-2.47926e-06
-4.94492e-06
-6.0565e-06
-3.01433e-06
-4.99339e-06
-1.85032e-06
-3.13184e-06
-1.97677e-06
-8.66034e-08
-4.95615e-06
2.11955e-06
-7.90382e-06
-9.38079e-07
-7.69873e-06
-4.84992e-06
-5.2641e-06
-5.05459e-06
-6.99052e-06
9.72514e-08
-7.29704e-06
1.5498e-06
-6.12458e-06
1.48209e-06
-2.75959e-06
-1.23934e-06
3.98262e-06
-3.73564e-06
8.92215e-06
-6.65823e-06
1.39089e-05
-9.4787e-06
1.52621e-05
-7.52764e-06
8.96092e-06
-6.41578e-06
4.02156e-06
-5.42916e-06
-3.46588e-06
-5.21145e-06
-6.27419e-06
-5.08241e-06
-5.12243e-06
-6.38838e-06
-1.82586e-06
-6.14484e-06
-3.30127e-07
-8.25027e-06
4.22498e-06
-1.11891e-05
2.00077e-06
-9.57433e-06
-6.46469e-06
-3.95548e-06
-1.06734e-05
-1.0946e-05
-3.74186e-06
-3.55518e-06
-2.16864e-06
-7.6978e-06
-3.26607e-06
-1.66216e-06
-4.78376e-06
5.50031e-06
-6.34735e-06
1.04857e-05
-1.34153e-05
2.09768e-05
-1.74752e-05
1.93221e-05
-4.87847e-06
-3.63586e-06
3.93366e-06
-4.79056e-06
3.04148e-06
-2.5737e-06
-6.06365e-06
2.83093e-06
-1.28534e-05
1.66732e-06
-1.72763e-05
2.59701e-06
-8.85367e-06
-8.75272e-06
1.84823e-06
-6.47692e-06
3.66389e-06
1.85112e-07
6.06208e-07
-3.40701e-06
1.0756e-06
-1.11428e-05
-9.87039e-06
4.05166e-06
-7.60684e-06
4.93674e-06
-8.58288e-06
3.02424e-08
3.24434e-06
-3.72704e-06
9.2576e-06
-6.62135e-06
1.33801e-05
-1.16697e-05
2.60252e-05
-1.40405e-05
2.16929e-05
-6.55219e-06
-1.11242e-05
-2.13377e-06
-9.20897e-06
-1.59842e-06
-3.10905e-06
-5.84019e-06
7.07272e-06
-8.18271e-06
4.00984e-06
-1.10996e-05
5.51391e-06
-3.12927e-06
-1.6723e-05
8.19589e-06
-1.78021e-05
1.71852e-05
-8.80415e-06
1.71054e-05
-3.32727e-06
1.05006e-05
-4.53795e-06
6.30212e-07
1.15907e-05
-1.91975e-05
1.15327e-05
-8.52484e-06
4.39643e-06
1.03806e-05
-1.79839e-06
1.54524e-05
-5.34864e-06
1.69303e-05
-8.89106e-06
2.95676e-05
-1.27113e-05
2.55132e-05
-1.0915e-05
-1.29205e-05
-1.16199e-05
-8.50401e-06
-1.26282e-05
-2.1008e-06
-1.08317e-05
5.27622e-06
-6.95007e-06
1.28259e-07
-5.73934e-06
4.30319e-06
-1.88496e-06
-2.05774e-05
3.82086e-06
-2.35079e-05
1.28292e-05
-1.78125e-05
1.74199e-05
-7.91801e-06
1.3311e-05
-4.29024e-07
1.39412e-05
9.18711e-06
-2.83846e-05
1.04011e-05
-9.73886e-06
5.56356e-06
1.52181e-05
-1.61335e-07
2.11773e-05
-3.87704e-06
2.0646e-05
-6.83278e-06
3.25233e-05
-1.18852e-05
3.05656e-05
-1.46439e-05
-1.01618e-05
-1.65468e-05
-6.60112e-06
-1.72479e-05
-1.3997e-06
-1.25638e-05
5.92117e-07
-6.03686e-06
-6.3987e-06
-3.18629e-06
1.45263e-06
-4.48764e-06
-1.92761e-05
-4.42084e-06
-2.35747e-05
2.10696e-06
-2.43403e-05
1.00746e-05
-1.58857e-05
1.03011e-05
-6.55438e-07
2.42423e-05
-4.23744e-06
7.19668e-06
-5.8924e-06
5.69417e-06
-6.28453e-06
5.48302e-06
-5.51219e-06
4.26341e-06
-1.39011e-06
5.87659e-07
4.75175e-06
-9.91564e-07
9.70784e-06
2.79531e-06
1.29634e-05
6.00521e-06
1.45181e-05
7.64718e-06
1.49885e-05
9.11703e-06
1.48448e-05
1.01725e-05
1.36733e-05
9.58115e-06
1.10714e-05
8.17462e-06
7.17193e-06
6.37464e-06
1.07304e-06
4.58341e-06
-3.67128e-06
-4.93123e-07
-5.95498e-06
-3.23635e-06
-5.63638e-06
-1.18491e-05
-6.3132e-06
-1.21735e-05
-8.05952e-06
-1.13994e-05
-1.06338e-05
-9.96282e-06
-1.40973e-05
-8.06572e-06
-9.58301e-06
-1.99211e-05
-4.74149e-06
1.19382e-05
-6.72965e-06
7.68233e-06
-5.61019e-06
4.36357e-06
-5.56897e-07
-7.89883e-07
6.94037e-06
-6.9096e-06
1.49469e-05
-8.99806e-06
2.00432e-05
-2.30102e-06
2.16175e-05
4.43089e-06
2.15403e-05
7.7244e-06
1.91215e-05
1.15359e-05
1.46704e-05
1.46235e-05
1.12999e-05
1.29517e-05
1.01453e-05
9.32919e-06
8.1988e-06
8.32119e-06
6.18127e-06
6.60095e-06
7.52306e-06
-1.83492e-06
1.27375e-05
-8.45076e-06
1.24418e-05
-1.15534e-05
1.15825e-05
-1.13142e-05
1.07945e-05
-1.06114e-05
1.09382e-05
-1.01065e-05
1.17463e-05
-8.87382e-06
-7.85574e-06
1.00191e-05
1.51704e-06
1.04211e-05
3.07129e-06
6.1281e-06
6.12366e-06
1.31121e-06
1.13213e-05
-5.98751e-06
1.66004e-05
-1.21887e-05
2.2729e-05
-1.51267e-05
2.80824e-05
-7.65444e-06
2.66591e-05
5.85421e-06
2.31639e-05
1.12196e-05
1.95097e-05
1.51902e-05
1.62751e-05
1.78582e-05
1.37162e-05
1.55106e-05
1.26689e-05
1.03764e-05
1.39889e-05
7.00118e-06
1.75749e-05
3.01498e-06
2.01858e-05
-4.4458e-06
2.08507e-05
-9.11568e-06
1.96297e-05
-1.03324e-05
1.84462e-05
-1.01307e-05
1.71504e-05
-9.31558e-06
1.54921e-05
-8.44825e-06
1.25577e-05
-5.93939e-06
-3.24166e-06
7.94361e-06
1.21725e-05
-1.75131e-06
2.03462e-05
-2.04566e-06
2.63988e-05
-4.74135e-06
2.93639e-05
-8.95262e-06
2.98569e-05
-1.26816e-05
2.66558e-05
-1.19256e-05
2.62127e-05
-7.21127e-06
2.3518e-05
8.54889e-06
1.86649e-05
1.60727e-05
1.80164e-05
1.58386e-05
2.10834e-05
1.47912e-05
2.47228e-05
1.18711e-05
2.76337e-05
7.46561e-06
3.11103e-05
3.52451e-06
3.46856e-05
-5.60355e-07
3.47397e-05
-4.4999e-06
3.28737e-05
-7.24966e-06
3.1308e-05
-8.76668e-06
3.05131e-05
-9.33587e-06
2.98888e-05
-8.69127e-06
2.8212e-05
-6.77145e-06
2.5933e-05
-3.66044e-06
-1.07754e-06
2.37689e-05
1.34228e-05
-1.51741e-05
2.34368e-05
-1.20597e-05
2.92093e-05
-1.05138e-05
3.24157e-05
-1.21591e-05
3.54736e-05
-1.57395e-05
3.2089e-05
-8.54103e-06
2.41898e-05
6.87992e-07
2.10822e-05
1.16565e-05
2.1549e-05
1.56059e-05
2.6618e-05
1.07696e-05
3.31176e-05
8.29161e-06
3.92288e-05
5.76e-06
4.3995e-05
2.69938e-06
4.76493e-05
-1.29774e-07
4.94157e-05
-2.32678e-06
4.83415e-05
-3.42567e-06
4.56326e-05
-4.54072e-06
4.31302e-05
-6.26433e-06
4.1596e-05
-7.80173e-06
4.05788e-05
-7.67398e-06
3.97941e-05
-5.98677e-06
3.97044e-05
-3.57073e-06
-1.8275e-06
4.04543e-05
8.02271e-06
-2.31968e-05
1.35411e-05
-1.7578e-05
1.40357e-05
-1.10084e-05
1.07897e-05
-8.9131e-06
9.64476e-06
-1.45945e-05
1.14971e-05
-1.03934e-05
1.11791e-05
1.00601e-06
1.80432e-05
4.79241e-06
3.07821e-05
2.86702e-06
4.21619e-05
-6.10241e-07
5.19293e-05
-1.47573e-06
5.97243e-05
-2.03507e-06
6.54572e-05
-3.03345e-06
6.95372e-05
-4.20983e-06
7.06186e-05
-3.40816e-06
6.79127e-05
-7.198e-07
6.24625e-05
9.09462e-07
5.75931e-05
-1.39491e-06
5.45989e-05
-4.80751e-06
5.24055e-05
-5.48064e-06
5.06808e-05
-4.262e-06
4.90401e-05
-1.93001e-06
-7.67028e-07
4.79796e-05
1.23581e-05
-3.55549e-05
1.48857e-05
-2.01055e-05
6.39195e-06
-2.5146e-06
-6.47833e-06
3.95722e-06
-1.26271e-05
-8.44566e-06
1.93168e-06
-2.49521e-05
1.8367e-05
-1.54292e-05
3.3985e-05
-1.08254e-05
4.89589e-05
-1.21067e-05
5.97072e-05
-1.13584e-05
6.77072e-05
-9.47565e-06
7.32828e-05
-7.6105e-06
7.73058e-05
-7.05639e-06
8.1397e-05
-8.30101e-06
8.40292e-05
-6.04038e-06
8.46566e-05
-1.34716e-06
8.31394e-05
2.42662e-06
7.93357e-05
2.40876e-06
7.413e-05
3.98249e-07
6.88986e-05
-2.49246e-07
6.47501e-05
-1.13466e-07
6.12309e-05
1.58914e-06
3.51622e-06
5.69477e-05
3.15437e-05
-6.70986e-05
5.13401e-05
-3.99019e-05
5.87248e-05
-9.89927e-06
5.75827e-05
5.09935e-06
3.28539e-05
1.62834e-05
1.43907e-05
-6.48869e-06
2.80515e-05
-2.90898e-05
4.49669e-05
-2.77407e-05
5.56798e-05
-2.28195e-05
6.64333e-05
-2.2112e-05
7.34815e-05
-1.65238e-05
7.07942e-05
-4.92327e-06
6.07099e-05
3.02783e-06
5.69199e-05
-4.51117e-06
6.49965e-05
-1.41171e-05
8.33878e-05
-1.97383e-05
9.69698e-05
-1.11553e-05
0.000103399
-4.01994e-06
9.87265e-05
5.07031e-06
8.73043e-05
1.11729e-05
7.64932e-05
1.06977e-05
6.90349e-05
9.04737e-06
1.02812e-05
6.227e-05
2.55383e-05
-9.26369e-05
3.57676e-05
-5.01312e-05
4.89155e-05
-2.30471e-05
5.1354e-05
2.66086e-06
5.05982e-05
1.70394e-05
4.84024e-05
-4.29292e-06
4.71467e-05
-2.7834e-05
5.34408e-05
-3.40348e-05
6.47653e-05
-3.41441e-05
7.47596e-05
-3.21064e-05
8.59679e-05
-2.77322e-05
9.99631e-05
-1.89186e-05
0.000113259
-1.02682e-05
0.000115571
-6.82313e-06
0.000108272
-6.81886e-06
9.41751e-05
-5.64157e-06
9.96925e-05
-1.66726e-05
0.000106783
-1.11098e-05
0.000110578
1.27512e-06
0.000115074
6.6771e-06
0.000116606
9.16533e-06
0.000117302
8.35096e-06
1.08535e-05
0.00011673
1.02295e-05
-0.000102866
2.3444e-05
-6.33457e-05
1.92853e-05
-1.88885e-05
2.55342e-05
-3.58801e-06
5.03205e-05
-7.74701e-06
6.78039e-05
-2.17762e-05
7.50203e-05
-3.50504e-05
8.28827e-05
-4.18972e-05
9.21822e-05
-4.34435e-05
0.000101414
-4.1338e-05
0.000110581
-3.68998e-05
0.00012303
-3.13676e-05
0.000139536
-2.67737e-05
0.000157029
-2.43159e-05
0.000169766
-1.95563e-05
0.000174644
-1.05199e-05
0.000162195
-4.22355e-06
0.000145741
5.34469e-06
0.000137585
9.43116e-06
0.000139484
4.77786e-06
0.000140677
7.97193e-06
0.000141446
7.58208e-06
9.50996e-06
0.000142789
-1.7813e-07
-0.000102688
1.37196e-05
-7.72435e-05
3.35108e-05
-3.86799e-05
5.67405e-05
-2.68178e-05
7.75002e-05
-2.85068e-05
9.05158e-05
-3.47919e-05
9.77821e-05
-4.23168e-05
0.000103384
-4.7499e-05
0.000108742
-4.88015e-05
0.000114187
-4.67834e-05
0.00012004
-4.2752e-05
0.000127354
-3.8682e-05
0.000135761
-3.51807e-05
0.000143869
-3.24242e-05
0.000152181
-2.78681e-05
0.000160939
-1.9277e-05
0.000164709
-7.99367e-06
0.000166818
3.23551e-06
0.000166192
1.00573e-05
0.000159309
1.16606e-05
0.000154135
1.31462e-05
0.000148254
1.34621e-05
9.18346e-06
0.000148581
4.054e-06
-0.000106743
1.98042e-05
-9.29939e-05
4.60587e-05
-6.49345e-05
6.71653e-05
-4.79247e-05
8.41358e-05
-4.54775e-05
9.5874e-05
-4.65303e-05
0.000102878
-4.93214e-05
0.000106461
-5.10815e-05
0.000108119
-5.04594e-05
0.000108964
-4.76288e-05
0.000109935
-4.3723e-05
0.000111707
-4.04537e-05
0.000114358
-3.78318e-05
0.000116838
-3.4904e-05
0.00011848
-2.95106e-05
0.000120248
-2.10449e-05
0.000122605
-1.03498e-05
0.000125562
2.77922e-07
0.000127264
8.35518e-06
0.000126921
1.20043e-05
0.000126199
1.38682e-05
0.000125205
1.4456e-05
1.3256e-05
0.000121132
1.08534e-05
-0.000117597
2.26694e-05
-0.00010481
4.10412e-05
-8.33066e-05
6.05606e-05
-6.74443e-05
7.58102e-05
-6.07275e-05
8.66336e-05
-5.73539e-05
9.258e-05
-5.52679e-05
9.40601e-05
-5.25618e-05
9.19964e-05
-4.83957e-05
8.79718e-05
-4.36043e-05
8.35318e-05
-3.9283e-05
7.89228e-05
-3.58448e-05
7.53962e-05
-3.43051e-05
7.29835e-05
-3.24912e-05
7.09245e-05
-2.74515e-05
6.97216e-05
-1.98419e-05
6.84368e-05
-9.06484e-06
6.73604e-05
1.35438e-06
6.84307e-05
7.28506e-06
7.12098e-05
9.22541e-06
7.46843e-05
1.03938e-05
7.68648e-05
1.22757e-05
1.37678e-05
7.63528e-05
1.09597e-05
-0.000128557
2.03763e-05
-0.000114227
3.40546e-05
-9.69853e-05
4.90403e-05
-8.24302e-05
6.0731e-05
-7.24183e-05
6.82551e-05
-6.48782e-05
7.0851e-05
-5.7864e-05
6.89033e-05
-5.06141e-05
6.3035e-05
-4.25275e-05
5.43722e-05
-3.49416e-05
4.51233e-05
-3.00341e-05
3.47448e-05
-2.54663e-05
2.57084e-05
-2.52686e-05
1.78141e-05
-2.4597e-05
1.14206e-05
-2.10579e-05
8.04528e-06
-1.64665e-05
8.29281e-06
-9.31229e-06
1.01889e-05
-5.41582e-07
1.32001e-05
4.27396e-06
1.66841e-05
5.74169e-06
2.009e-05
6.98818e-06
2.12998e-05
1.10659e-05
1.51683e-05
1.98992e-05
7.4238e-06
-0.000135981
1.48174e-05
-0.000121621
2.36515e-05
-0.00010582
3.26149e-05
-9.13938e-05
3.90946e-05
-7.88982e-05
4.15945e-05
-6.73783e-05
3.98674e-05
-5.6137e-05
3.40664e-05
-4.48133e-05
2.49754e-05
-3.34366e-05
1.25126e-05
-2.2479e-05
-2.71667e-06
-1.48049e-05
-1.64155e-05
-1.17675e-05
-2.45829e-05
-1.71013e-05
-2.91138e-05
-2.0066e-05
-3.10616e-05
-1.91101e-05
-3.24127e-05
-1.51153e-05
-3.30658e-05
-8.65917e-06
-3.11921e-05
-2.41526e-06
-2.81033e-05
1.18531e-06
-2.51755e-05
2.81413e-06
-2.29559e-05
4.76876e-06
-2.13269e-05
9.43711e-06
1.38705e-05
-2.00293e-05
2.76976e-06
-0.000138751
5.83059e-06
-0.000124682
9.18772e-06
-0.000109177
1.19346e-05
-9.41409e-05
1.25557e-05
-7.95195e-05
1.0003e-05
-6.48257e-05
3.87773e-06
-5.00119e-05
-6.1437e-06
-3.4792e-05
-2.01049e-05
-1.94755e-05
-3.39501e-05
-8.63378e-06
-4.24459e-05
-6.30916e-06
-4.48289e-05
-9.38451e-06
-4.69458e-05
-1.49843e-05
-4.91523e-05
-1.78595e-05
-5.16236e-05
-1.66388e-05
-5.41694e-05
-1.25694e-05
-5.52656e-05
-7.56295e-06
-5.31534e-05
-4.52741e-06
-4.90604e-05
-2.90765e-06
-4.571e-05
-5.3607e-07
-4.38895e-05
2.94846e-06
-4.19145e-05
7.46211e-06
1.10432e-05
-3.90874e-05
-2.23768e-06
-0.000136513
-4.33218e-06
-0.000122588
-6.71788e-06
-0.000106791
-9.96169e-06
-9.08973e-05
-1.51916e-05
-7.42897e-05
-2.29772e-05
-5.70402e-05
-3.31839e-05
-3.98053e-05
-4.4203e-05
-2.3773e-05
-5.17831e-05
-1.18954e-05
-5.34023e-05
-7.0146e-06
-5.23552e-05
-7.35631e-06
-5.19835e-05
-9.7563e-06
-5.34481e-05
-1.35197e-05
-5.58393e-05
-1.54684e-05
-5.81943e-05
-1.42838e-05
-5.92542e-05
-1.15094e-05
-5.83184e-05
-8.49871e-06
-5.62541e-05
-6.59172e-06
-5.39221e-05
-5.23949e-06
-5.18693e-05
-2.58878e-06
-5.02474e-05
1.3267e-06
-4.76086e-05
4.82346e-06
7.24892e-06
-4.38146e-05
-6.89847e-06
-0.000129615
-1.39061e-05
-0.00011558
-2.11703e-05
-9.95274e-05
-2.91279e-05
-8.29398e-05
-3.78991e-05
-6.55186e-05
-4.68016e-05
-4.81378e-05
-5.40268e-05
-3.25801e-05
-5.74165e-05
-2.03833e-05
-5.64735e-05
-1.28385e-05
-5.36493e-05
-9.83883e-06
-5.1373e-05
-9.63257e-06
-5.01826e-05
-1.09467e-05
-5.08442e-05
-1.28581e-05
-5.2472e-05
-1.38406e-05
-5.35069e-05
-1.32488e-05
-5.34725e-05
-1.15438e-05
-5.24715e-05
-9.49977e-06
-5.12894e-05
-7.77372e-06
-5.04679e-05
-6.06099e-06
-4.93991e-05
-3.65748e-06
-4.73908e-05
-6.81369e-07
-4.46574e-05
2.08992e-06
4.02359e-06
-4.14322e-05
-1.06283e-05
-0.000118987
-2.10327e-05
-0.000105176
-3.10824e-05
-8.94778e-05
-4.05455e-05
-7.34768e-05
-4.86535e-05
-5.74107e-05
-5.43224e-05
-4.2469e-05
-5.67558e-05
-3.01467e-05
-5.59422e-05
-2.11969e-05
-5.30941e-05
-1.56866e-05
-4.97882e-05
-1.31448e-05
-4.70282e-05
-1.23926e-05
-4.5309e-05
-1.26659e-05
-4.48649e-05
-1.33022e-05
-4.51683e-05
-1.35371e-05
-4.54408e-05
-1.29764e-05
-4.52776e-05
-1.17071e-05
-4.46906e-05
-1.00867e-05
-4.40349e-05
-8.42943e-06
-4.34487e-05
-6.6471e-06
-4.26071e-05
-4.49905e-06
-4.11972e-05
-2.09118e-06
-3.92328e-05
1.25683e-07
1.82672e-06
-3.70363e-05
-1.27328e-05
-0.000106254
-2.45863e-05
-9.33226e-05
-3.50883e-05
-7.89758e-05
-4.36398e-05
-6.49254e-05
-4.95406e-05
-5.15099e-05
-5.24221e-05
-3.95875e-05
-5.25882e-05
-2.99807e-05
-5.07256e-05
-2.30595e-05
-4.77314e-05
-1.86809e-05
-4.46246e-05
-1.62516e-05
-4.19894e-05
-1.50279e-05
-4.0159e-05
-1.44963e-05
-3.92236e-05
-1.42375e-05
-3.89122e-05
-1.38485e-05
-3.88105e-05
-1.30781e-05
-3.86242e-05
-1.18934e-05
-3.82821e-05
-1.04288e-05
-3.7882e-05
-8.82951e-06
-3.74421e-05
-7.08704e-06
-3.67993e-05
-5.14171e-06
-3.58186e-05
-3.07189e-06
-3.45698e-05
-1.12318e-06
4.56914e-07
-3.32003e-05
-1.32894e-05
-9.29647e-05
-2.51445e-05
-8.14675e-05
-3.49691e-05
-6.91513e-05
-4.22688e-05
-5.76257e-05
-4.67388e-05
-4.70399e-05
-4.84773e-05
-3.7849e-05
-4.80007e-05
-3.04572e-05
-4.60426e-05
-2.50176e-05
-4.33896e-05
-2.13339e-05
-4.06958e-05
-1.89454e-05
-3.83695e-05
-1.73542e-05
-3.66381e-05
-1.62277e-05
-3.55437e-05
-1.53319e-05
-3.49462e-05
-1.4446e-05
-3.46168e-05
-1.34074e-05
-3.43601e-05
-1.21501e-05
-3.40841e-05
-1.07049e-05
-3.37816e-05
-9.13201e-06
-3.3426e-05
-7.4426e-06
-3.29317e-05
-5.63591e-06
-3.22361e-05
-3.76752e-06
-3.13846e-05
-1.97463e-06
-4.39899e-07
-3.04881e-05
-1.28544e-05
-8.01104e-05
-2.40222e-05
-7.02997e-05
-3.29461e-05
-6.02274e-05
-3.93284e-05
-5.12434e-05
-4.31172e-05
-4.32511e-05
-4.4562e-05
-3.64043e-05
-4.41769e-05
-3.08423e-05
-4.2615e-05
-2.65796e-05
-4.05101e-05
-2.34388e-05
-3.83436e-05
-2.11119e-05
-3.64012e-05
-1.92965e-05
-3.48358e-05
-1.77931e-05
-3.36893e-05
-1.64785e-05
-3.29101e-05
-1.52253e-05
-3.23849e-05
-1.39325e-05
-3.19931e-05
-1.2542e-05
-3.16542e-05
-1.10437e-05
-3.13268e-05
-9.45943e-06
-3.09738e-05
-7.79562e-06
-3.05436e-05
-6.06605e-06
-3.00046e-05
-4.30641e-06
-2.93774e-05
-2.60203e-06
-1.08615e-06
-2.87313e-05
-1.19692e-05
-6.8141e-05
-2.22426e-05
-6.00263e-05
-3.03397e-05
-5.21303e-05
-3.61022e-05
-4.54809e-05
-3.96031e-05
-3.97502e-05
-4.11266e-05
-3.48808e-05
-4.11203e-05
-3.08486e-05
-4.0109e-05
-2.75909e-05
-3.85814e-05
-2.49664e-05
-3.69054e-05
-2.27879e-05
-3.53044e-05
-2.08975e-05
-3.39012e-05
-1.91963e-05
-3.27552e-05
-1.76245e-05
-3.18654e-05
-1.61151e-05
-3.11872e-05
-1.46107e-05
-3.06569e-05
-1.30723e-05
-3.0216e-05
-1.14846e-05
-2.98232e-05
-9.85227e-06
-2.94409e-05
-8.17789e-06
-2.90318e-05
-6.47512e-06
-2.85705e-05
-4.76774e-06
-2.80621e-05
-3.11035e-06
-1.59946e-06
-2.7549e-05
-1.09684e-05
-5.71727e-05
-2.03562e-05
-5.06385e-05
-2.77495e-05
-4.4737e-05
-3.30626e-05
-4.01677e-05
-3.64152e-05
-3.63976e-05
-3.80816e-05
-3.32144e-05
-3.84396e-05
-3.04906e-05
-3.79037e-05
-2.81268e-05
-3.68505e-05
-2.60196e-05
-3.55663e-05
-2.40721e-05
-3.42419e-05
-2.22219e-05
-3.29961e-05
-2.04422e-05
-3.1902e-05
-1.87185e-05
-3.09867e-05
-1.70304e-05
-3.02406e-05
-1.53569e-05
-2.96347e-05
-1.36781e-05
-2.91307e-05
-1.19886e-05
-2.86972e-05
-1.02858e-05
-2.82995e-05
-8.57561e-06
-2.79066e-05
-6.86798e-06
-2.74946e-05
-5.17973e-06
-2.70603e-05
-3.5447e-06
-2.02742e-06
-2.66325e-05
-1.00081e-05
-4.71645e-05
-1.85954e-05
-4.20511e-05
-2.53965e-05
-3.79359e-05
-3.03541e-05
-3.521e-05
-3.35937e-05
-3.3158e-05
-3.53612e-05
-3.14469e-05
-3.5972e-05
-2.98798e-05
-3.57591e-05
-2.83397e-05
-3.50239e-05
-2.67549e-05
-3.40053e-05
-2.50907e-05
-3.28784e-05
-2.33487e-05
-3.17664e-05
-2.15541e-05
-3.07498e-05
-1.97351e-05
-2.98685e-05
-1.79117e-05
-2.91308e-05
-1.60946e-05
-2.85212e-05
-1.42878e-05
-2.80163e-05
-1.24935e-05
-2.75885e-05
-1.07135e-05
-2.72092e-05
-8.955e-06
-2.6851e-05
-7.22614e-06
-2.6492e-05
-5.5387e-06
-2.61261e-05
-3.91058e-06
-2.38131e-06
-2.57724e-05
-9.14185e-06
-3.80226e-05
-1.70315e-05
-3.41614e-05
-2.33409e-05
-3.16265e-05
-2.80138e-05
-3.05371e-05
-3.1156e-05
-3.00158e-05
-3.29746e-05
-2.96283e-05
-3.37306e-05
-2.91238e-05
-3.36993e-05
-2.8371e-05
-3.31369e-05
-2.73172e-05
-3.22606e-05
-2.5967e-05
-3.12435e-05
-2.43658e-05
-3.0216e-05
-2.25817e-05
-2.92653e-05
-2.06858e-05
-2.84374e-05
-1.87396e-05
-2.77449e-05
-1.67872e-05
-2.71778e-05
-1.48549e-05
-2.67153e-05
-1.2956e-05
-2.63322e-05
-1.10966e-05
-2.60029e-05
-9.28427e-06
-2.57028e-05
-7.52629e-06
-2.54118e-05
-5.82962e-06
-2.51219e-05
-4.20064e-06
-2.65445e-06
-2.48489e-05
-8.36281e-06
-2.96597e-05
-1.56359e-05
-2.68883e-05
-2.15285e-05
-2.57338e-05
-2.59662e-05
-2.60994e-05
-2.90191e-05
-2.69629e-05
-3.08495e-05
-2.77979e-05
-3.16714e-05
-2.83018e-05
-3.17205e-05
-2.83219e-05
-3.12283e-05
-2.78094e-05
-3.04045e-05
-2.67909e-05
-2.94268e-05
-2.53435e-05
-2.84347e-05
-2.35738e-05
-2.75228e-05
-2.15977e-05
-2.67412e-05
-1.95212e-05
-2.61032e-05
-1.74252e-05
-2.55975e-05
-1.53606e-05
-2.52015e-05
-1.3352e-05
-2.48874e-05
-1.14107e-05
-2.46301e-05
-9.54162e-06
-2.44063e-05
-7.75007e-06
-2.41969e-05
-6.03908e-06
-2.39944e-05
-4.40309e-06
-2.83957e-06
-2.38094e-05
-7.62882e-06
-2.20309e-05
-1.432e-05
-2.01971e-05
-1.98245e-05
-2.02293e-05
-2.40402e-05
-2.18836e-05
-2.69911e-05
-2.40121e-05
-2.87928e-05
-2.59962e-05
-2.96211e-05
-2.74734e-05
-2.96868e-05
-2.82562e-05
-2.92097e-05
-2.82865e-05
-2.83971e-05
-2.76034e-05
-2.74305e-05
-2.63101e-05
-2.6455e-05
-2.45494e-05
-2.5571e-05
-2.24817e-05
-2.48323e-05
-2.02599e-05
-2.42528e-05
-1.80047e-05
-2.38183e-05
-1.57951e-05
-2.35012e-05
-1.36692e-05
-2.32707e-05
-1.16411e-05
-2.30994e-05
-9.71302e-06
-2.29634e-05
-7.88602e-06
-2.28454e-05
-6.15712e-06
-2.27367e-05
-4.51187e-06
-2.93098e-06
-2.26454e-05
-6.88669e-06
-1.51441e-05
-1.29771e-05
-1.41066e-05
-1.80654e-05
-1.5141e-05
-2.20268e-05
-1.79221e-05
-2.48322e-05
-2.12066e-05
-2.65529e-05
-2.42755e-05
-2.73366e-05
-2.66897e-05
-2.73823e-05
-2.82105e-05
-2.69069e-05
-2.87619e-05
-2.61139e-05
-2.83964e-05
-2.51794e-05
-2.72446e-05
-2.42446e-05
-2.54841e-05
-2.341e-05
-2.33162e-05
-2.2732e-05
-2.09379e-05
-2.22257e-05
-1.8511e-05
-2.18757e-05
-1.6145e-05
-2.16506e-05
-1.38943e-05
-2.15159e-05
-1.17759e-05
-2.14411e-05
-9.78777e-06
-2.14016e-05
-7.9255e-06
-2.13807e-05
-6.17815e-06
-2.13692e-05
-4.52337e-06
-2.92833e-06
-2.1372e-05
-6.09694e-06
-9.04715e-06
-1.15211e-05
-8.68242e-06
-1.61147e-05
-1.05473e-05
-1.97484e-05
-1.42884e-05
-2.23374e-05
-1.86176e-05
-2.39134e-05
-2.26995e-05
-2.46068e-05
-2.59963e-05
-2.46161e-05
-2.82012e-05
-2.41608e-05
-2.92172e-05
-2.34341e-05
-2.91231e-05
-2.25931e-05
-2.80857e-05
-2.1761e-05
-2.63161e-05
-2.10286e-05
-2.40487e-05
-2.04509e-05
-2.15156e-05
-2.0046e-05
-1.89159e-05
-1.98009e-05
-1.63902e-05
-1.96833e-05
-1.4012e-05
-1.96562e-05
-1.1803e-05
-1.96869e-05
-9.75713e-06
-1.97505e-05
-7.86184e-06
-1.98303e-05
-6.09838e-06
-1.99163e-05
-4.43739e-06
-2.83302e-06
-2.00118e-05
-5.24346e-06
-3.80357e-06
-9.90649e-06
-4.01933e-06
-1.38985e-05
-6.55527e-06
-1.71014e-05
-1.10855e-05
-1.93877e-05
-1.63313e-05
-2.07601e-05
-2.1327e-05
-2.13331e-05
-2.54233e-05
-2.13049e-05
-2.82293e-05
-2.09095e-05
-2.96126e-05
-2.03184e-05
-2.97141e-05
-1.96544e-05
-2.87497e-05
-1.9007e-05
-2.69635e-05
-1.84454e-05
-2.46103e-05
-1.80184e-05
-2.19426e-05
-1.77486e-05
-1.91857e-05
-1.76295e-05
-1.65092e-05
-1.76336e-05
-1.4008e-05
-1.77237e-05
-1.17128e-05
-1.78665e-05
-9.61437e-06
-1.80379e-05
-7.6905e-06
-1.82191e-05
-5.9172e-06
-1.84018e-05
-4.25474e-06
-2.64897e-06
-1.85859e-05
-4.33495e-06
5.31402e-07
-8.14279e-06
-2.11445e-07
-1.14153e-05
-3.28273e-06
-1.40731e-05
-8.42765e-06
-1.59739e-05
-1.44304e-05
-1.71037e-05
-2.01973e-05
-1.75511e-05
-2.49759e-05
-1.75062e-05
-2.82742e-05
-1.72213e-05
-2.98975e-05
-1.68407e-05
-3.00946e-05
-1.64388e-05
-2.91517e-05
-1.60577e-05
-2.73445e-05
-1.57339e-05
-2.49341e-05
-1.55043e-05
-2.21722e-05
-1.53961e-05
-1.92938e-05
-1.54156e-05
-1.64897e-05
-1.55454e-05
-1.38782e-05
-1.57544e-05
-1.15038e-05
-1.60102e-05
-9.35855e-06
-1.62871e-05
-7.41368e-06
-1.65683e-05
-5.63602e-06
-1.6843e-05
-3.97996e-06
-2.38183e-06
-1.71103e-05
-3.40204e-06
3.93356e-06
-6.26528e-06
2.65187e-06
-8.71514e-06
-8.32819e-07
-1.07268e-05
-6.41595e-06
-1.21809e-05
-1.29763e-05
-1.30593e-05
-1.93188e-05
-1.34065e-05
-2.46287e-05
-1.33954e-05
-2.82852e-05
-1.32794e-05
-3.00135e-05
-1.31747e-05
-3.01994e-05
-1.3103e-05
-2.92234e-05
-1.3052e-05
-2.73955e-05
-1.30179e-05
-2.49683e-05
-1.3018e-05
-2.21721e-05
-1.30826e-05
-1.92291e-05
-1.32354e-05
-1.6337e-05
-1.34781e-05
-1.36354e-05
-1.37923e-05
-1.11896e-05
-1.41493e-05
-9.00154e-06
-1.45233e-05
-7.0397e-06
-1.48962e-05
-5.26309e-06
-1.52556e-05
-3.62057e-06
-2.04121e-06
-1.55963e-05
-2.39801e-06
6.33162e-06
-4.30666e-06
4.56059e-06
-5.87194e-06
7.3252e-07
-7.16618e-06
-5.12165e-06
-8.13958e-06
-1.20028e-05
-8.80478e-06
-1.86536e-05
-9.13116e-06
-2.43023e-05
-9.22772e-06
-2.81886e-05
-9.34652e-06
-2.98946e-05
-9.5626e-06
-2.99833e-05
-9.85607e-06
-2.89299e-05
-1.0165e-05
-2.70865e-05
-1.04453e-05
-2.46879e-05
-1.06886e-05
-2.19287e-05
-1.09208e-05
-1.89969e-05
-1.11829e-05
-1.60749e-05
-1.15048e-05
-1.33135e-05
-1.189e-05
-1.08044e-05
-1.23204e-05
-8.57116e-06
-1.27711e-05
-6.58901e-06
-1.32202e-05
-4.81399e-06
-1.36515e-05
-3.18929e-06
-1.63754e-06
-1.40552e-05
-1.35969e-06
7.69144e-06
-2.29153e-06
5.49252e-06
-2.97773e-06
1.41879e-06
-3.50417e-06
-4.59514e-06
-3.98953e-06
-1.15174e-05
-4.54032e-06
-1.81028e-05
-4.99176e-06
-2.38508e-05
-5.31076e-06
-2.78696e-05
-5.72893e-06
-2.94764e-05
-6.28652e-06
-2.94256e-05
-6.93531e-06
-2.8281e-05
-7.58486e-06
-2.64369e-05
-8.16413e-06
-2.41086e-05
-8.63813e-06
-2.14547e-05
-9.01791e-06
-1.86171e-05
-9.35337e-06
-1.57394e-05
-9.70365e-06
-1.29632e-05
-1.01065e-05
-1.04016e-05
-1.05646e-05
-8.11308e-06
-1.10565e-05
-6.09701e-06
-1.15571e-05
-4.31337e-06
-1.20423e-05
-2.70413e-06
-1.18829e-06
-1.24916e-05
-3.39416e-07
8.03091e-06
-3.28282e-07
5.48145e-06
-1.91904e-07
1.28248e-06
8.7301e-08
-4.87429e-06
3.04157e-08
-1.14605e-05
-4.84316e-07
-1.7588e-05
-1.23521e-06
-2.30998e-05
-1.9464e-06
-2.71584e-05
-2.72653e-06
-2.86963e-05
-3.62108e-06
-2.8531e-05
-4.57321e-06
-2.73289e-05
-5.49249e-06
-2.55176e-05
-6.30503e-06
-2.3296e-05
-6.96092e-06
-2.07988e-05
-7.4511e-06
-1.81269e-05
-7.81918e-06
-1.53713e-05
-8.14325e-06
-1.26391e-05
-8.49809e-06
-1.00467e-05
-8.92125e-06
-7.68991e-06
-9.40669e-06
-5.61155e-06
-9.92433e-06
-3.79573e-06
-1.044e-05
-2.18839e-06
-7.08998e-07
-1.09194e-05
6.89132e-07
7.34188e-06
1.55141e-06
4.61926e-06
2.49618e-06
3.37775e-07
3.33026e-06
-5.70831e-06
3.54963e-06
-1.16798e-05
2.99379e-06
-1.70321e-05
1.89541e-06
-2.20014e-05
6.87912e-07
-2.59508e-05
-5.33946e-07
-2.74744e-05
-1.74911e-06
-2.73158e-05
-2.93108e-06
-2.61468e-05
-4.01656e-06
-2.44321e-05
-4.95557e-06
-2.2357e-05
-5.70618e-06
-2.00481e-05
-6.24765e-06
-1.75854e-05
-6.60662e-06
-1.50123e-05
-6.85988e-06
-1.23858e-05
-7.10677e-06
-9.79981e-06
-7.42701e-06
-7.36965e-06
-7.84522e-06
-5.19332e-06
-8.33561e-06
-3.3053e-06
-8.85311e-06
-1.67093e-06
-2.18508e-07
-9.34358e-06
1.56717e-06
5.77476e-06
3.06411e-06
3.12238e-06
4.59633e-06
-1.19439e-06
5.64274e-06
-6.75467e-06
5.97038e-06
-1.20074e-05
5.35466e-06
-1.64163e-05
4.0273e-06
-2.0674e-05
2.40221e-06
-2.43257e-05
8.08294e-07
-2.58804e-05
-6.82744e-07
-2.58248e-05
-2.01644e-06
-2.48131e-05
-3.16255e-06
-2.32859e-05
-4.11167e-06
-2.14078e-05
-4.85173e-06
-1.9308e-05
-5.37009e-06
-1.7067e-05
-5.67905e-06
-1.47033e-05
-5.8362e-06
-1.22287e-05
-5.94047e-06
-9.69551e-06
-6.10237e-06
-7.20773e-06
-6.39091e-06
-4.90476e-06
-6.80365e-06
-2.89257e-06
-7.28517e-06
-1.18935e-06
2.62944e-07
-7.76666e-06
2.02004e-06
3.7548e-06
3.9129e-06
1.22957e-06
5.6081e-06
-2.88954e-06
6.6398e-06
-7.78632e-06
6.92154e-06
-1.22891e-05
6.30234e-06
-1.57971e-05
4.94801e-06
-1.93196e-05
3.17388e-06
-2.25515e-05
1.37026e-06
-2.40767e-05
-2.65704e-07
-2.41888e-05
-1.64453e-06
-2.34343e-05
-2.75736e-06
-2.21731e-05
-3.62623e-06
-2.05389e-05
-4.27175e-06
-1.86625e-05
-4.70381e-06
-1.66349e-05
-4.93301e-06
-1.44741e-05
-4.9932e-06
-1.21684e-05
-4.95892e-06
-9.72978e-06
-4.94485e-06
-7.22179e-06
-5.05928e-06
-4.79031e-06
-5.344e-06
-2.60782e-06
-5.75452e-06
-7.78887e-07
7.08519e-07
-6.20009e-06
1.95746e-06
1.79739e-06
3.89056e-06
-7.03478e-07
5.43065e-06
-4.42958e-06
6.24199e-06
-8.59763e-06
6.36206e-06
-1.24091e-05
5.82723e-06
-1.52622e-05
4.67733e-06
-1.81697e-05
3.05242e-06
-2.09266e-05
1.32749e-06
-2.23518e-05
-2.20963e-07
-2.26403e-05
-1.48715e-06
-2.21681e-05
-2.47554e-06
-2.11847e-05
-3.21121e-06
-1.98032e-05
-3.72771e-06
-1.8146e-05
-4.05356e-06
-1.63091e-05
-4.20415e-06
-1.43235e-05
-4.19573e-06
-1.21768e-05
-4.06918e-06
-9.85631e-06
-3.91212e-06
-7.37884e-06
-3.84918e-06
-4.85324e-06
-3.97462e-06
-2.48238e-06
-4.28033e-06
-4.7311e-07
1.09103e-06
-4.66286e-06
1.68966e-06
1.07766e-07
3.19377e-06
-2.20754e-06
4.279e-06
-5.51478e-06
4.73865e-06
-9.05723e-06
4.68024e-06
-1.23506e-05
4.28904e-06
-1.4871e-05
3.50536e-06
-1.7386e-05
2.28718e-06
-1.97084e-05
9.5433e-07
-2.10189e-05
-2.42368e-07
-2.14436e-05
-1.22129e-06
-2.11891e-05
-1.98527e-06
-2.04206e-05
-2.54726e-06
-1.92412e-05
-2.93298e-06
-1.77602e-05
-3.17193e-06
-1.60701e-05
-3.2812e-06
-1.42142e-05
-3.26374e-06
-1.21943e-05
-3.1273e-06
-9.99272e-06
-2.91452e-06
-7.5916e-06
-2.72725e-06
-5.04048e-06
-2.69483e-06
-2.51476e-06
-2.8845e-06
-2.83454e-07
1.39782e-06
-3.19127e-06
9.91058e-07
1.88911e-06
2.42014e-06
2.5594e-06
2.42884e-06
2.2341e-06
1.84834e-06
1.19584e-06
4.7925e-07
-1.66793e-07
-7.03686e-07
-1.13059e-06
-1.45192e-06
-1.68004e-06
-1.83347e-06
-1.92455e-06
-1.95092e-06
-1.90003e-06
-1.76769e-06
-1.59722e-06
-1.50597e-06
-1.61005e-06
-1.84315e-06
-1.2594e-05
-7.32705e-06
-4.99688e-06
-7.59716e-06
9.86988e-07
-5.98387e-06
-6.62765e-06
7.61464e-06
6.30017e-06
-3.60815e-06
2.15478e-06
-3.45177e-06
-1.86601e-06
-1.96307e-06
-1.05317e-06
-7.44048e-06
4.81632e-06
-4.80841e-07
1.35447e-06
1.00894e-08
-8.11596e-07
2.02997e-07
6.99185e-07
-2.56395e-06
2.31363e-05
1.5184e-07
2.23689e-05
7.7747e-07
2.17359e-05
8.36e-07
6.16125e-07
2.18189e-05
4.13489e-05
-7.42752e-07
4.24624e-05
-3.36009e-07
4.29094e-05
3.89047e-07
9.73384e-07
4.25521e-05
4.78209e-05
-5.84067e-07
4.7759e-05
-2.741e-07
4.77298e-05
4.18255e-07
1.13932e-06
4.75639e-05
5.486e-05
1.50363e-06
5.32585e-05
1.32736e-06
5.16353e-05
2.04152e-06
2.16688e-06
5.06077e-05
5.84862e-05
5.28735e-06
5.61571e-05
3.65648e-06
5.3435e-05
4.76369e-06
5.52758e-06
5.00743e-05
0.000115688
6.33004e-06
0.000111841
7.50292e-06
0.000105937
1.06678e-05
1.47838e-05
9.6681e-05
0.000144866
4.25387e-06
0.00014786
4.50875e-06
0.000151611
6.91741e-06
7.98642e-06
0.000158408
0.000148082
4.75248e-06
0.000144961
7.62963e-06
0.000142549
9.32973e-06
5.10317e-06
0.000145432
0.000119466
6.41877e-06
0.000119388
7.70704e-06
0.000120161
8.55719e-06
8.51204e-06
0.000116752
7.55677e-05
7.20374e-06
7.4816e-05
8.45903e-06
7.34028e-05
9.97055e-06
1.1398e-05
7.05169e-05
1.84977e-05
8.60535e-06
1.7415e-05
9.54191e-06
1.68111e-05
1.05747e-05
1.18768e-05
1.63325e-05
-1.94711e-05
8.04723e-06
-1.83173e-05
8.38846e-06
-1.65609e-05
8.81852e-06
9.37149e-06
-1.40553e-05
-3.69916e-05
5.95146e-06
-3.47529e-05
6.14977e-06
-3.23555e-05
6.42146e-06
6.75625e-06
-2.974e-05
-4.17852e-05
3.92202e-06
-3.97494e-05
4.11434e-06
-3.76763e-05
4.34846e-06
4.6538e-06
-3.55735e-05
-3.98755e-05
2.36524e-06
-3.83499e-05
2.58867e-06
-3.6848e-05
2.84689e-06
3.15826e-06
-3.53522e-05
-3.60234e-05
1.35239e-06
-3.50259e-05
1.59156e-06
-3.40345e-05
1.85559e-06
2.15792e-06
-3.30339e-05
-3.25789e-05
7.31007e-07
-3.19599e-05
9.72363e-07
-3.13312e-05
1.2272e-06
1.51179e-06
-3.0685e-05
-3.00945e-05
3.37271e-07
-2.97026e-05
5.80787e-07
-2.93037e-05
8.28342e-07
1.09684e-06
-2.88886e-05
-2.84517e-05
5.75943e-08
-2.81807e-05
3.09623e-07
-2.79089e-05
5.56767e-07
8.18952e-07
-2.76309e-05
-2.73323e-05
-1.591e-07
-2.71269e-05
1.04529e-07
-2.69281e-05
3.58041e-07
6.19069e-07
-2.67281e-05
-2.64567e-05
-3.34967e-07
-2.62913e-05
-6.10249e-08
-2.61367e-05
2.03649e-07
4.68002e-07
-2.59856e-05
-2.56308e-05
-4.76685e-07
-2.55003e-05
-1.91282e-07
-2.53804e-05
8.37341e-08
3.5279e-07
-2.52651e-05
-2.47433e-05
-5.82338e-07
-2.46483e-05
-2.8635e-07
-2.45608e-05
-3.73874e-09
2.71147e-07
-2.44791e-05
-2.37427e-05
-6.49118e-07
-2.36849e-05
-3.4396e-07
-2.36334e-05
-5.52735e-08
2.23391e-07
-2.35856e-05
-2.26195e-05
-6.75012e-07
-2.2601e-05
-3.62623e-07
-2.25871e-05
-6.91442e-08
2.10804e-07
-2.25745e-05
-2.13871e-05
-6.59918e-07
-2.14079e-05
-3.41788e-07
-2.1432e-05
-4.5116e-08
2.33813e-07
-2.1455e-05
-2.00669e-05
-6.04902e-07
-2.01259e-05
-2.8285e-07
-2.0186e-05
1.50181e-08
2.91244e-07
-2.02435e-05
-1.86783e-05
-5.12574e-07
-1.87727e-05
-1.88476e-07
-1.88654e-05
1.07767e-07
3.81009e-07
-1.89552e-05
-1.72366e-05
-3.86293e-07
-1.73623e-05
-6.27557e-08
-1.74852e-05
2.30609e-07
4.98159e-07
-1.76024e-05
-1.57513e-05
-2.31376e-07
-1.59035e-05
8.94398e-08
-1.60513e-05
3.78428e-07
6.37973e-07
-1.61911e-05
-1.42333e-05
-5.32965e-08
-1.44054e-05
2.61584e-07
-1.45713e-05
5.44225e-07
7.93849e-07
-1.47271e-05
-1.26868e-05
1.41812e-07
-1.28729e-05
4.47671e-07
-1.30499e-05
7.21224e-07
9.58817e-07
-1.32149e-05
-1.11227e-05
3.45196e-07
-1.13141e-05
6.39137e-07
-1.14938e-05
9.00911e-07
1.12474e-06
-1.16598e-05
-9.54671e-06
5.4833e-07
-9.735e-06
8.27374e-07
-9.90866e-06
1.07462e-06
1.28322e-06
-1.00671e-05
-7.96229e-06
7.43967e-07
-8.14002e-06
1.00518e-06
-8.29974e-06
1.23432e-06
1.42617e-06
-8.44267e-06
-6.37856e-06
9.22428e-07
-6.53761e-06
1.16415e-06
-6.67514e-06
1.37188e-06
1.54581e-06
-6.79479e-06
-4.81272e-06
1.0723e-06
-4.94388e-06
1.2954e-06
-5.05187e-06
1.47985e-06
1.63573e-06
-5.14178e-06
-3.30282e-06
1.18387e-06
-3.39874e-06
1.39125e-06
-3.47244e-06
1.55359e-06
1.69252e-06
-3.52922e-06
-1.92978e-06
-2.00047e-06
-2.05237e-06
-2.08944e-06
5.02594e-06
-2.57959e-05
2.44853e-06
-7.16144e-06
2.24016e-06
1.54265e-05
7.06714e-07
2.27108e-05
-5.10821e-06
2.64609e-05
-9.23717e-06
3.66523e-05
-1.86919e-05
4.00203e-05
-2.80806e-05
-7.73097e-07
-2.78465e-05
-6.83526e-06
-2.41064e-05
-5.1398e-06
-1.91522e-05
-4.36203e-06
-2.00489e-05
-5.50199e-06
-1.50807e-05
-3.51554e-06
-2.09085e-05
-1.34483e-05
-2.29611e-05
-2.15221e-05
-1.70718e-05
-3.02296e-05
-4.87332e-06
-2.80841e-05
5.56471e-06
-1.10935e-05
2.9807e-05
-2.33205e-05
-9.91595e-06
-2.22496e-05
-8.23228e-06
-1.02085e-05
3.3854e-06
-4.4053e-06
1.69076e-05
-5.23502e-06
2.72907e-05
-5.11041e-06
3.65277e-05
-4.83611e-06
3.9746e-05
-1.28662e-05
7.25702e-06
-1.60608e-05
-3.64067e-06
-1.13513e-05
-9.84936e-06
-8.66268e-06
-7.0506e-06
-1.57317e-05
1.56705e-06
-2.27577e-05
3.5104e-06
-3.13347e-05
-4.87123e-06
-3.08627e-05
-2.19941e-05
-2.78879e-05
-3.32045e-05
-2.29518e-05
-3.30203e-05
-1.1824e-05
-2.22213e-05
1.79831e-05
-1.00058e-05
-2.47414e-06
-1.40238e-05
-4.2142e-06
-1.00469e-05
-5.91514e-07
-6.14721e-06
1.30078e-05
-4.15497e-06
2.52984e-05
-1.50567e-06
3.38784e-05
5.31355e-06
3.29268e-05
2.49628e-06
1.00743e-05
-4.98063e-06
3.83624e-06
-1.0046e-05
-4.784e-06
-7.71982e-06
-9.37677e-06
-3.4875e-06
-2.66526e-06
-1.02078e-05
1.02307e-05
-1.99268e-05
4.84774e-06
-2.68917e-05
-1.50292e-05
-2.96374e-05
-3.04587e-05
-2.92979e-05
-3.33598e-05
-2.45882e-05
-2.69309e-05
-6.60517e-06
1.64559e-05
2.88894e-06
7.03743e-06
5.20423e-06
-1.1162e-06
7.56211e-06
-1.6485e-06
1.35401e-05
1.36831e-06
2.22816e-05
6.37833e-06
2.88684e-05
1.28842e-05
2.64209e-05
8.77634e-06
1.41822e-05
3.80244e-06
8.81014e-06
-4.80346e-07
-5.0121e-07
1.5972e-07
-1.00168e-05
2.81666e-06
-5.32221e-06
1.09238e-06
1.1955e-05
-2.08787e-06
8.02799e-06
-1.1773e-05
-5.34406e-06
-2.0014e-05
-2.22178e-05
-2.40073e-05
-2.93664e-05
-2.27651e-05
-2.81732e-05
-2.93703e-05
3.85393e-05
6.90175e-06
3.1571e-05
1.21726e-05
2.40692e-05
1.50639e-05
2.03501e-05
1.72592e-05
2.05203e-05
2.21114e-05
2.33061e-05
2.60827e-05
2.57779e-05
2.39491e-05
2.31392e-05
1.68209e-05
2.36668e-05
8.28254e-06
2.25821e-05
5.83531e-07
1.86105e-05
-6.04526e-06
1.45005e-05
-1.21222e-06
1.44206e-05
1.20349e-05
1.44816e-05
7.96695e-06
8.32452e-06
8.13047e-07
2.85202e-07
-1.41785e-05
-7.21907e-06
-2.18622e-05
-9.10098e-06
-2.62912e-05
-3.84712e-05
4.5787e-05
8.67858e-06
4.33597e-05
1.45999e-05
4.12852e-05
1.71384e-05
4.02434e-05
1.8301e-05
4.1317e-05
2.10378e-05
4.43647e-05
2.3035e-05
4.70089e-05
2.13048e-05
4.74052e-05
1.64246e-05
4.50869e-05
1.06008e-05
4.11258e-05
4.54458e-06
3.3536e-05
1.54461e-06
2.78935e-05
4.43027e-06
3.01276e-05
9.80072e-06
2.92307e-05
8.86389e-06
2.47491e-05
5.29464e-06
1.63793e-05
-5.80869e-06
8.21786e-06
-1.37007e-05
1.28629e-06
-1.93597e-05
-3.7185e-05
4.76904e-05
1.15959e-05
4.53904e-05
1.68999e-05
4.5835e-05
1.66939e-05
4.88263e-05
1.53096e-05
5.26434e-05
1.72207e-05
5.75927e-05
1.80857e-05
6.17926e-05
1.71049e-05
6.35888e-05
1.46284e-05
6.29278e-05
1.12618e-05
5.89423e-05
8.53005e-06
5.1009e-05
9.47789e-06
4.37387e-05
1.17005e-05
4.29204e-05
1.06191e-05
4.32036e-05
8.58063e-06
4.07489e-05
7.74937e-06
3.01677e-05
4.77248e-06
1.78106e-05
-1.34368e-06
7.70363e-06
-9.25271e-06
-2.94813e-05
4.7031e-05
1.46392e-05
4.80184e-05
1.59125e-05
5.21652e-05
1.25472e-05
5.55144e-05
1.19604e-05
5.82108e-05
1.45243e-05
6.31227e-05
1.31738e-05
6.78321e-05
1.23955e-05
6.99547e-05
1.25058e-05
6.97716e-05
1.14449e-05
6.84381e-05
9.86355e-06
6.5129e-05
1.2787e-05
6.07697e-05
1.60598e-05
5.72164e-05
1.41725e-05
5.46564e-05
1.11406e-05
5.05833e-05
1.18225e-05
4.14124e-05
1.39434e-05
2.77505e-05
1.23183e-05
1.33882e-05
5.10957e-06
-1.60932e-05
7.10227e-05
4.02974e-05
5.9521e-05
2.74143e-05
5.67527e-05
1.53155e-05
5.03629e-05
1.83502e-05
5.35021e-05
1.1385e-05
6.35836e-05
3.09232e-06
7.1143e-05
4.83609e-06
7.519e-05
8.45886e-06
7.94534e-05
7.18144e-06
8.12763e-05
8.04071e-06
7.81531e-05
1.59102e-05
7.35807e-05
2.06322e-05
7.06869e-05
1.70663e-05
6.62228e-05
1.56046e-05
5.87051e-05
1.93401e-05
4.79675e-05
2.4681e-05
3.42077e-05
2.6078e-05
1.73472e-05
2.19701e-05
1.25398e-06
0.000162249
3.64566e-05
0.000118857
7.08062e-05
8.85701e-05
4.56019e-05
8.36584e-05
2.3262e-05
8.27212e-05
1.23221e-05
7.1764e-05
1.40494e-05
5.99014e-05
1.66987e-05
5.92307e-05
9.12944e-06
7.55052e-05
-9.09307e-06
7.78514e-05
5.69454e-06
7.79772e-05
1.57844e-05
7.81423e-05
2.0467e-05
8.26845e-05
1.2524e-05
7.42499e-05
2.40393e-05
6.04558e-05
3.31343e-05
4.66931e-05
3.84437e-05
3.32456e-05
3.95255e-05
1.8021e-05
3.71946e-05
1.9275e-05
0.000150483
3.14064e-05
0.000161344
5.99446e-05
0.000157416
4.95292e-05
0.000148075
3.26032e-05
0.000139584
2.08137e-05
0.000133129
2.05038e-05
0.000127533
2.22947e-05
0.000117228
1.94342e-05
9.19583e-05
1.61761e-05
8.45344e-05
1.31183e-05
8.7873e-05
1.24458e-05
6.95515e-05
3.87883e-05
7.03514e-05
1.17238e-05
5.51772e-05
3.92135e-05
4.6477e-05
4.18344e-05
3.65262e-05
4.83945e-05
2.65044e-05
4.95474e-05
1.56108e-05
4.80881e-05
3.48858e-05
0.000115897
3.22613e-05
0.000129998
4.58435e-05
0.000139811
3.97161e-05
0.00014299
2.94249e-05
0.000140417
2.3386e-05
0.000138624
2.22966e-05
0.000141706
1.92131e-05
0.000145491
1.56485e-05
0.000141866
1.98007e-05
0.000126708
2.82766e-05
0.000101406
3.77471e-05
9.09188e-05
4.92748e-05
5.59485e-05
4.66939e-05
2.51761e-05
6.99856e-05
3.04831e-05
3.65274e-05
2.51424e-05
5.37352e-05
1.67453e-05
5.79445e-05
1.04521e-05
5.43813e-05
4.53379e-05
7.04397e-05
3.23384e-05
8.07598e-05
3.55235e-05
8.75854e-05
3.28905e-05
8.76e-05
2.94102e-05
8.6708e-05
2.42778e-05
8.72451e-05
2.17593e-05
9.00272e-05
1.64309e-05
9.21386e-05
1.35369e-05
9.18976e-05
2.00414e-05
8.81005e-05
3.20734e-05
8.15291e-05
4.43182e-05
7.97019e-05
5.11016e-05
6.18054e-05
6.45902e-05
3.40513e-05
9.77397e-05
-1.33041e-05
8.38827e-05
7.25575e-06
3.31753e-05
5.5687e-06
5.96315e-05
4.3179e-06
5.56321e-05
4.96557e-05
1.89128e-05
2.97584e-05
2.62905e-05
2.81458e-05
3.27934e-05
2.63876e-05
3.72386e-05
2.49649e-05
4.21793e-05
1.93371e-05
4.79444e-05
1.59941e-05
5.17968e-05
1.25784e-05
5.13731e-05
1.39606e-05
4.93823e-05
2.2032e-05
4.91015e-05
3.23538e-05
5.08155e-05
4.26039e-05
5.24567e-05
4.94603e-05
4.73092e-05
6.97376e-05
1.41514e-05
0.000130898
-4.14309e-05
0.000139465
-2.15799e-05
1.33238e-05
-3.81946e-06
4.18711e-05
-1.36011e-07
5.19487e-05
4.95198e-05
-7.35601e-06
2.30593e-05
-6.95182e-07
2.14851e-05
5.3883e-06
2.03042e-05
1.08089e-05
1.95443e-05
1.29956e-05
1.71503e-05
1.45906e-05
1.43991e-05
1.64909e-05
1.06779e-05
1.73141e-05
1.31372e-05
1.77381e-05
2.16077e-05
2.02906e-05
2.98011e-05
2.37194e-05
3.91749e-05
2.66829e-05
4.64966e-05
2.76852e-05
6.87351e-05
2.55822e-05
0.000133001
6.65759e-06
0.00015839
-4.27252e-05
6.27061e-05
-7.721e-06
6.86729e-06
-1.4143e-06
4.56428e-05
4.81061e-05
-2.33588e-05
1.66784e-05
-1.75489e-05
1.56753e-05
-1.21177e-05
1.4873e-05
-7.02881e-06
1.44555e-05
-3.82889e-06
1.39503e-05
-2.70842e-06
1.32786e-05
-3.09103e-06
1.10605e-05
-2.78226e-06
1.28283e-05
-1.81745e-06
2.06427e-05
-4.33423e-07
2.84169e-05
2.30002e-06
3.64413e-05
5.9842e-06
4.28123e-05
1.32275e-05
6.14918e-05
3.27296e-05
0.0001135
4.07692e-05
0.000150351
1.86383e-05
8.48382e-05
7.84841e-06
1.76586e-05
1.30287e-06
5.21886e-05
4.94085e-05
-3.05688e-05
1.1674e-05
-2.62127e-05
1.13193e-05
-2.22812e-05
1.09416e-05
-1.86137e-05
1.07879e-05
-1.5563e-05
1.08997e-05
-1.35241e-05
1.12397e-05
-1.40204e-05
1.15567e-05
-1.5539e-05
1.43469e-05
-1.52342e-05
2.03378e-05
-1.39604e-05
2.71429e-05
-1.18798e-05
3.43607e-05
-1.06289e-05
4.15613e-05
-3.43002e-06
5.42929e-05
1.97564e-05
9.03131e-05
3.71465e-05
0.000132961
2.65621e-05
9.54229e-05
4.17586e-06
4.00452e-05
2.61981e-06
5.37453e-05
5.2028e-05
-3.18242e-05
8.14611e-06
-2.88498e-05
8.34496e-06
-2.63202e-05
8.41206e-06
-2.4094e-05
8.56171e-06
-2.22338e-05
9.03947e-06
-2.10333e-05
1.00392e-05
-2.11788e-05
1.17023e-05
-2.17703e-05
1.49384e-05
-2.14802e-05
2.00476e-05
-2.07163e-05
2.63791e-05
-2.0178e-05
3.38224e-05
-2.06671e-05
4.20505e-05
-1.74241e-05
5.10498e-05
-6.94815e-08
7.29583e-05
2.27293e-05
0.000110162
2.18521e-05
9.62996e-05
9.32563e-06
5.2571e-05
8.72542e-06
5.43461e-05
6.07541e-05
-3.06741e-05
5.78645e-06
-2.87106e-05
6.38149e-06
-2.7111e-05
6.81249e-06
-2.58288e-05
7.27947e-06
-2.4831e-05
8.04173e-06
-2.41697e-05
9.3779e-06
-2.40034e-05
1.15359e-05
-2.39491e-05
1.48841e-05
-2.3519e-05
1.96176e-05
-2.28877e-05
2.57479e-05
-2.24681e-05
3.3403e-05
-2.26028e-05
4.21854e-05
-2.24854e-05
5.09325e-05
-1.42113e-05
6.46841e-05
6.49907e-06
8.94511e-05
1.39109e-05
8.88871e-05
1.07888e-05
5.56921e-05
1.17278e-05
5.34062e-05
7.24814e-05
-2.91446e-05
4.24619e-06
-2.78547e-05
5.09161e-06
-2.68293e-05
5.78704e-06
-2.60515e-05
6.50168e-06
-2.54889e-05
7.47908e-06
-2.50788e-05
8.96777e-06
-2.47631e-05
1.12203e-05
-2.43561e-05
1.44771e-05
-2.36732e-05
1.89348e-05
-2.27308e-05
2.48056e-05
-2.1638e-05
3.23104e-05
-2.05846e-05
4.11322e-05
-2.00193e-05
5.03674e-05
-1.59262e-05
6.0591e-05
-2.3815e-06
7.59063e-05
6.58029e-06
7.99251e-05
6.02143e-06
5.62506e-05
8.69217e-06
5.07349e-05
8.11733e-05
-2.78888e-05
3.24647e-06
-2.70455e-05
4.24825e-06
-2.63894e-05
5.13091e-06
-2.59182e-05
6.03045e-06
-2.55797e-05
7.14056e-06
-2.52949e-05
8.68298e-06
-2.49527e-05
1.08781e-05
-2.44101e-05
1.39346e-05
-2.3534e-05
1.80588e-05
-2.22277e-05
2.34993e-05
-2.03991e-05
3.0482e-05
-1.81025e-05
3.88358e-05
-1.54508e-05
4.77158e-05
-1.15689e-05
5.67093e-05
-2.86577e-06
6.72033e-05
4.65491e-06
7.24045e-05
3.18898e-06
5.77164e-05
3.4872e-06
5.04365e-05
8.46604e-05
-2.69627e-05
2.57834e-06
-2.64059e-05
3.69139e-06
-2.59929e-05
4.71782e-06
-2.57167e-05
5.75418e-06
-2.55324e-05
6.95622e-06
-2.53594e-05
8.50998e-06
-2.50859e-05
1.06046e-05
-2.45732e-05
1.34219e-05
-2.36667e-05
1.71524e-05
-2.21908e-05
2.20235e-05
-1.99435e-05
2.82348e-05
-1.68142e-05
3.57067e-05
-1.2975e-05
4.38768e-05
-8.30775e-06
5.20423e-05
-1.21807e-06
6.01138e-05
5.60688e-06
6.55797e-05
3.80895e-06
5.95145e-05
7.89123e-08
5.41667e-05
8.47395e-05
-2.62527e-05
2.10298e-06
-2.58744e-05
3.31296e-06
-2.56105e-05
4.45388e-06
-2.54569e-05
5.60048e-06
-2.53769e-05
6.87619e-06
-2.53013e-05
8.43439e-06
-2.51312e-05
1.04345e-05
-2.47383e-05
1.3029e-05
-2.3959e-05
1.63732e-05
-2.25803e-05
2.06449e-05
-2.03493e-05
2.60039e-05
-1.70866e-05
3.24441e-05
-1.28519e-05
3.96422e-05
-7.79883e-06
4.69895e-05
-1.63093e-06
5.39462e-05
4.5156e-06
5.94335e-05
4.25208e-06
5.97784e-05
-1.29593e-06
5.9715e-05
8.34437e-05
-2.56333e-05
1.75069e-06
-2.53612e-05
3.04085e-06
-2.51832e-05
4.27575e-06
-2.50943e-05
5.51145e-06
-2.50658e-05
6.84766e-06
-2.50439e-05
8.41248e-06
-2.49506e-05
1.03412e-05
-2.46816e-05
1.276e-05
-2.40952e-05
1.57869e-05
-2.29933e-05
1.95431e-05
-2.11286e-05
2.41393e-05
-1.82857e-05
2.96014e-05
-1.44098e-05
3.57665e-05
-9.654e-06
4.22339e-05
-4.2192e-06
4.85116e-05
1.13057e-06
5.4084e-05
2.29032e-06
5.8619e-05
-1.04548e-06
6.30511e-05
8.23985e-05
-2.50001e-05
1.48569e-06
-2.47995e-05
2.84014e-06
-2.46703e-05
4.14642e-06
-2.46065e-05
5.44756e-06
-2.45855e-05
6.82663e-06
-2.4567e-05
8.39388e-06
-2.44939e-05
1.02682e-05
-2.42927e-05
1.25588e-05
-2.38632e-05
1.53573e-05
-2.30603e-05
1.87403e-05
-2.16888e-05
2.27679e-05
-1.95446e-05
2.74573e-05
-1.65064e-05
3.27284e-05
-1.26244e-05
3.8352e-05
-8.14647e-06
4.40339e-05
-3.71108e-06
4.96489e-05
-1.01156e-06
5.59197e-05
-1.25696e-06
6.32969e-05
8.11416e-05
-2.42907e-05
1.29725e-06
-2.41482e-05
2.69756e-06
-2.40524e-05
4.05053e-06
-2.39951e-05
5.39014e-06
-2.39568e-05
6.78824e-06
-2.39062e-05
8.3432e-06
-2.38024e-05
1.01644e-05
-2.3598e-05
1.23544e-05
-2.32352e-05
1.49946e-05
-2.2633e-05
1.81381e-05
-2.16736e-05
2.18086e-05
-2.02111e-05
2.59948e-05
-1.81162e-05
3.06336e-05
-1.5352e-05
3.55879e-05
-1.20294e-05
4.07115e-05
-8.47469e-06
4.60944e-05
-5.2384e-06
5.26837e-05
-3.16432e-06
6.1223e-05
7.79775e-05
-2.34733e-05
1.18486e-06
-2.33882e-05
2.61241e-06
-2.33251e-05
3.98732e-06
-2.32725e-05
5.33737e-06
-2.32114e-05
6.72707e-06
-2.31153e-05
8.24708e-06
-2.2953e-05
1.00021e-05
-2.26936e-05
1.2095e-05
-2.23093e-05
1.46103e-05
-2.17712e-05
1.75999e-05
-2.10364e-05
2.10739e-05
-2.00392e-05
2.49977e-05
-1.8697e-05
2.92915e-05
-1.69431e-05
3.3834e-05
-1.47511e-05
3.85196e-05
-1.21274e-05
4.34708e-05
-9.02406e-06
4.95805e-05
-5.66113e-06
5.78604e-05
7.23164e-05
-2.25407e-05
1.151e-06
-2.25169e-05
2.58849e-06
-2.24924e-05
3.96266e-06
-2.24521e-05
5.29699e-06
-2.23762e-05
6.65109e-06
-2.22397e-05
8.11054e-06
-2.20155e-05
9.77778e-06
-2.16801e-05
1.17596e-05
-2.12207e-05
1.41509e-05
-2.06373e-05
1.70165e-05
-1.99385e-05
2.03751e-05
-1.91292e-05
2.41884e-05
-1.81967e-05
2.83591e-05
-1.71013e-05
3.27387e-05
-1.57532e-05
3.71716e-05
-1.39121e-05
4.16298e-05
-1.1218e-05
4.68865e-05
-7.27263e-06
5.39151e-05
6.50439e-05
-2.15006e-05
1.19648e-06
-2.15408e-05
2.62864e-06
-2.15611e-05
3.9828e-06
-2.15434e-05
5.27919e-06
-2.14664e-05
6.57407e-06
-2.13054e-05
7.9494e-06
-2.10338e-05
9.50622e-06
-2.06297e-05
1.13554e-05
-2.00824e-05
1.36036e-05
-1.94004e-05
1.63345e-05
-1.86136e-05
1.95882e-05
-1.7767e-05
2.33419e-05
-1.69041e-05
2.74963e-05
-1.60376e-05
3.18723e-05
-1.50935e-05
3.62276e-05
-1.37721e-05
4.03084e-05
-1.15187e-05
4.46332e-05
-7.58547e-06
4.99821e-05
5.74584e-05
-2.03659e-05
1.31879e-06
-2.04694e-05
2.7321e-06
-2.05372e-05
4.05043e-06
-2.05496e-05
5.2915e-06
-2.04849e-05
6.50931e-06
-2.03185e-05
7.78288e-06
-2.00238e-05
9.21152e-06
-1.95769e-05
1.09084e-05
-1.89626e-05
1.29892e-05
-1.81837e-05
1.55556e-05
-1.72679e-05
1.86724e-05
-1.62689e-05
2.23429e-05
-1.52559e-05
2.64833e-05
-1.42848e-05
3.09012e-05
-1.3339e-05
3.52818e-05
-1.22407e-05
3.92102e-05
-1.03484e-05
4.2741e-05
-6.78546e-06
4.6419e-05
5.06731e-05
-1.91483e-05
1.51178e-06
-1.93099e-05
2.89367e-06
-1.94228e-05
4.16318e-06
-1.94677e-05
5.33636e-06
-1.94245e-05
6.46596e-06
-1.927e-05
7.6284e-06
-1.89788e-05
8.92019e-06
-1.85242e-05
1.04537e-05
-1.78841e-05
1.23491e-05
-1.7049e-05
1.47205e-05
-1.60315e-05
1.76549e-05
-1.48732e-05
2.11846e-05
-1.36425e-05
2.52526e-05
-1.24182e-05
2.96768e-05
-1.12483e-05
3.4112e-05
-1.00828e-05
3.80448e-05
-8.43931e-06
4.10975e-05
-5.46843e-06
4.34483e-05
4.52046e-05
-1.78557e-05
1.76508e-06
-1.80658e-05
3.10369e-06
-1.82163e-05
4.31351e-06
-1.82905e-05
5.41051e-06
-1.82722e-05
6.44756e-06
-1.81426e-05
7.49875e-06
-1.78787e-05
8.65625e-06
-1.7453e-05
1.00279e-05
-1.68362e-05
1.17324e-05
-1.60051e-05
1.38893e-05
-1.49524e-05
1.66022e-05
-1.36983e-05
1.99304e-05
-1.22958e-05
2.38502e-05
-1.08267e-05
2.82077e-05
-9.38319e-06
3.26685e-05
-8.01114e-06
3.66727e-05
-6.48492e-06
3.95713e-05
-4.13296e-06
4.10963e-05
4.10717e-05
-1.64922e-05
2.06608e-06
-1.67378e-05
3.34924e-06
-1.69142e-05
4.48984e-06
-1.70098e-05
5.50604e-06
-1.70148e-05
6.45251e-06
-1.69175e-05
7.40132e-06
-1.66998e-05
8.43849e-06
-1.63351e-05
9.66317e-06
-1.57889e-05
1.11861e-05
-1.50248e-05
1.31252e-05
-1.40156e-05
1.5593e-05
-1.27573e-05
1.86721e-05
-1.12813e-05
2.23741e-05
-9.65907e-06
2.65854e-05
-8.00151e-06
3.10109e-05
-6.42861e-06
3.50998e-05
-4.90853e-06
3.80512e-05
-3.02566e-06
3.92135e-05
3.80459e-05
-1.50605e-05
2.39941e-06
-1.53261e-05
3.61478e-06
-1.55142e-05
4.67788e-06
-1.56203e-05
5.612e-06
-1.56434e-05
6.47557e-06
-1.55809e-05
7.33877e-06
-1.54219e-05
8.27948e-06
-1.51427e-05
9.38392e-06
-1.47055e-05
1.07488e-05
-1.40628e-05
1.24825e-05
-1.31694e-05
1.46995e-05
-1.19972e-05
1.74998e-05
-1.05529e-05
2.09298e-05
-8.89087e-06
2.49234e-05
-7.1195e-06
2.92395e-05
-5.39464e-06
3.3375e-05
-3.82999e-06
3.64866e-05
-2.2407e-06
3.76241e-05
3.58053e-05
-1.35635e-05
2.74808e-06
-1.38323e-05
3.88344e-06
-1.40167e-05
4.86231e-06
-1.41214e-05
5.71655e-06
-1.41558e-05
6.50997e-06
-1.41276e-05
7.31049e-06
-1.40338e-05
8.18565e-06
-1.38549e-05
9.20494e-06
-1.35518e-05
1.04457e-05
-1.30695e-05
1.20001e-05
-1.23471e-05
1.3977e-05
-1.13344e-05
1.64871e-05
-1.00119e-05
1.96073e-05
-8.41087e-06
2.33223e-05
-6.62426e-06
2.74529e-05
-4.81348e-06
3.15642e-05
-3.17773e-06
3.48508e-05
-1.72999e-06
3.61764e-05
3.40752e-05
-1.20053e-05
3.09364e-06
-1.22599e-05
4.13795e-06
-1.24261e-05
5.02844e-06
-1.25186e-05
5.809e-06
-1.25583e-05
6.54962e-06
-1.25621e-05
7.31428e-06
-1.25346e-05
8.15812e-06
-1.24605e-05
9.13073e-06
-1.23018e-05
1.02869e-05
-1.19995e-05
1.16978e-05
-1.14817e-05
1.34592e-05
-1.06795e-05
1.56848e-05
-9.54712e-06
1.84748e-05
-8.08587e-06
2.18611e-05
-6.36517e-06
2.57322e-05
-4.53386e-06
2.97328e-05
-2.82657e-06
3.31435e-05
-1.40581e-06
3.47555e-05
3.26694e-05
-1.0391e-05
3.41751e-06
-1.06153e-05
4.36217e-06
-1.07509e-05
5.16402e-06
-1.08241e-05
5.88217e-06
-1.08659e-05
6.5914e-06
-1.09002e-05
7.34856e-06
-1.0936e-05
8.19383e-06
-1.09615e-05
9.15623e-06
-1.09419e-05
1.02673e-05
-1.08191e-05
1.15749e-05
-1.05165e-05
1.31566e-05
-9.9515e-06
1.51198e-05
-9.05461e-06
1.75779e-05
-7.79444e-06
2.06009e-05
-6.20643e-06
2.41441e-05
-4.41636e-06
2.79427e-05
-2.66059e-06
3.13877e-05
-1.205e-06
3.33e-05
3.14644e-05
-8.72743e-06
3.70225e-06
-8.90801e-06
4.54272e-06
-9.0061e-06
5.26208e-06
-9.05897e-06
5.93501e-06
-9.10507e-06
6.63748e-06
-9.17037e-06
7.41383e-06
-9.26407e-06
8.28749e-06
-9.37661e-06
9.26874e-06
-9.47761e-06
1.03683e-05
-9.5149e-06
1.16122e-05
-9.41489e-06
1.30566e-05
-9.0892e-06
1.47941e-05
-8.4506e-06
1.69393e-05
-7.43672e-06
1.95869e-05
-6.04223e-06
2.27496e-05
-4.35753e-06
2.6258e-05
-2.59972e-06
2.96299e-05
-1.08984e-06
3.179e-05
3.03745e-05
-7.02616e-06
3.93362e-06
-7.15614e-06
4.67269e-06
-7.21799e-06
5.32391e-06
-7.25828e-06
5.97527e-06
-7.31736e-06
6.69654e-06
-7.41666e-06
7.5131e-06
-7.56216e-06
8.43297e-06
-7.74423e-06
9.45079e-06
-7.93815e-06
1.05622e-05
-8.10162e-06
1.17756e-05
-8.17124e-06
1.31262e-05
-8.06246e-06
1.46853e-05
-7.68002e-06
1.65568e-05
-6.93771e-06
1.88446e-05
-5.79068e-06
2.16026e-05
-4.28061e-06
2.47479e-05
-2.58725e-06
2.79365e-05
-1.04162e-06
3.02444e-05
2.93329e-05
-5.3121e-06
4.10395e-06
-5.39515e-06
4.75574e-06
-5.43416e-06
5.36291e-06
-5.47898e-06
6.02009e-06
-5.5633e-06
6.78085e-06
-5.7001e-06
7.64989e-06
-5.88945e-06
8.62232e-06
-6.12113e-06
9.68246e-06
-6.37636e-06
1.08174e-05
-6.62439e-06
1.20236e-05
-6.81657e-06
1.33183e-05
-6.8808e-06
1.47495e-05
-6.72546e-06
1.64014e-05
-6.25299e-06
1.83721e-05
-5.38718e-06
2.07368e-05
-4.12011e-06
2.34808e-05
-2.57221e-06
2.63886e-05
-1.04189e-06
2.8714e-05
2.8291e-05
-3.64317e-06
4.21791e-06
-3.69635e-06
4.80893e-06
-3.73513e-06
5.4017e-06
-3.80341e-06
6.08837e-06
-3.92079e-06
6.89823e-06
-4.09258e-06
7.82168e-06
-4.31295e-06
8.84269e-06
-4.5726e-06
9.9421e-06
-4.85822e-06
1.1103e-05
-5.14959e-06
1.2315e-05
-5.41233e-06
1.35811e-05
-5.59325e-06
1.49304e-05
-5.61285e-06
1.6421e-05
-5.37661e-06
1.81359e-05
-4.79371e-06
2.01538e-05
-3.81472e-06
2.25018e-05
-2.49708e-06
2.50709e-05
-1.06491e-06
2.72819e-05
2.72261e-05
-2.15824e-06
-2.20183e-06
-2.25616e-06
-2.35051e-06
-2.49166e-06
-2.68075e-06
-2.91081e-06
-3.17391e-06
-3.46089e-06
-3.75822e-06
-4.0446e-06
-4.28145e-06
-4.40941e-06
-4.34678e-06
-4.0052e-06
-3.31739e-06
-2.30144e-06
-1.08347e-06
)
;

boundaryField
{
    leftWall
    {
        type            calculated;
        value           uniform 0;
    }
    rightWall
    {
        type            calculated;
        value           uniform 0;
    }
    lowerWall
    {
        type            calculated;
        value           uniform 0;
    }
    atmosphere
    {
        type            calculated;
        value           nonuniform List<scalar> 
46
(
-8.83272e-07
-3.10557e-06
-6.04578e-06
-9.19648e-06
-1.22201e-05
-1.46762e-05
-1.70002e-05
-1.90559e-05
-2.03023e-05
-2.07975e-05
-2.06522e-05
-1.99937e-05
-1.89198e-05
-1.75321e-05
-1.59166e-05
-1.41231e-05
-1.21679e-05
-1.00436e-05
-7.72392e-06
-5.21093e-06
-2.606e-06
-1.7935e-07
1.63094e-06
1.27053e-06
1.462e-06
1.60552e-06
1.72959e-06
4.28672e-06
4.85253e-06
5.45604e-06
6.18272e-06
7.03938e-06
8.01077e-06
9.07275e-06
1.02052e-05
1.139e-05
1.26123e-05
1.38674e-05
1.51672e-05
1.6549e-05
1.80732e-05
1.98122e-05
2.1814e-05
2.4055e-05
2.60639e-05
2.61426e-05
)
;
    }
    defaultFaces
    {
        type            empty;
        value           nonuniform List<scalar> 0();
    }
}


// ************************************************************************* //
