/*--------------------------------*- C++ -*----------------------------------*\
| =========                 |                                                 |
| \\      /  F ield         | OpenFOAM: The Open Source CFD Toolbox           |
|  \\    /   O peration     | Version:  2312                                  |
|   \\  /    A nd           | Website:  www.openfoam.com                      |
|    \\/     M anipulation  |                                                 |
\*---------------------------------------------------------------------------*/
FoamFile
{
    version     2.0;
    format      ascii;
    arch        "LSB;label=32;scalar=64";
    class       surfaceScalarField;
    location    "1.35";
    object      phi;
}
// * * * * * * * * * * * * * * * * * * * * * * * * * * * * * * * * * * * * * //

dimensions      [0 3 -1 0 0 0 0];

oriented        oriented;

internalField   nonuniform List<scalar> 
4432
(
1.55589e-06
-1.55589e-06
1.02453e-06
5.31353e-07
1.05868e-06
-3.41426e-08
1.84011e-06
-7.81435e-07
3.37092e-06
-1.53081e-06
5.39025e-06
-2.01933e-06
7.67259e-06
-2.28234e-06
1.00429e-05
-2.37033e-06
1.23668e-05
-2.3239e-06
1.45128e-05
-2.14596e-06
1.63278e-05
-1.81501e-06
1.76345e-05
-1.30675e-06
1.82544e-05
-6.1989e-07
1.80499e-05
2.04516e-07
1.69266e-05
1.12328e-06
1.48836e-05
2.04299e-06
1.21069e-05
2.77669e-06
9.04915e-06
3.0578e-06
6.22183e-06
2.82732e-06
3.98654e-06
2.23529e-06
2.36291e-06
1.62363e-06
1.34495e-06
1.01796e-06
1.34495e-06
5.24177e-07
-2.08007e-06
1.33703e-07
9.21824e-07
3.0581e-07
-2.06251e-07
1.25049e-06
-1.72612e-06
2.91588e-06
-3.1962e-06
5.04156e-06
-4.14501e-06
7.40186e-06
-4.64263e-06
9.83455e-06
-4.80302e-06
1.22134e-05
-4.70275e-06
1.44141e-05
-4.34662e-06
1.6281e-05
-3.68192e-06
1.76294e-05
-2.65522e-06
1.82829e-05
-1.27332e-06
1.80806e-05
4.06759e-07
1.69359e-05
2.26803e-06
1.48306e-05
4.14827e-06
1.1946e-05
5.66129e-06
8.76624e-06
6.23754e-06
5.8475e-06
5.74606e-06
3.57268e-06
4.51012e-06
1.96616e-06
3.23015e-06
9.05367e-07
2.07875e-06
2.25032e-06
-9.60451e-07
-1.11962e-06
-1.46784e-06
1.42921e-06
-1.18082e-06
-4.93276e-07
2.61172e-08
-2.93306e-06
1.88447e-06
-5.05455e-06
4.2158e-06
-6.47634e-06
6.73877e-06
-7.16561e-06
9.3026e-06
-7.36685e-06
1.1801e-05
-7.20115e-06
1.41218e-05
-6.66738e-06
1.61099e-05
-5.67007e-06
1.75659e-05
-4.11123e-06
1.82911e-05
-1.9985e-06
1.81354e-05
5.62431e-07
1.6982e-05
3.42151e-06
1.47869e-05
6.34328e-06
1.17177e-05
8.7305e-06
8.31079e-06
9.64449e-06
5.26322e-06
8.79363e-06
2.99663e-06
6.7767e-06
1.53463e-06
4.69215e-06
6.41653e-07
2.97173e-06
2.89197e-06
-2.72994e-06
1.61031e-06
-3.74884e-06
2.44812e-06
-3.27151e-06
-9.70616e-07
-1.72739e-06
-4.47718e-06
4.95515e-07
-7.27746e-06
3.09988e-06
-9.08071e-06
5.82048e-06
-9.88621e-06
8.54441e-06
-1.00908e-05
1.11927e-05
-9.84942e-06
1.36782e-05
-9.15291e-06
1.58509e-05
-7.84281e-06
1.74928e-05
-5.75303e-06
1.8383e-05
-2.88873e-06
1.83453e-05
6.00141e-07
1.72455e-05
4.5213e-06
1.49656e-05
8.62314e-06
1.16648e-05
1.20313e-05
7.98852e-06
1.33208e-05
4.81961e-06
1.19625e-05
2.6172e-06
8.97911e-06
1.34337e-06
5.96598e-06
5.50205e-07
3.76489e-06
3.44218e-06
-4.4509e-06
6.06121e-06
-5.57572e-06
3.57294e-06
-4.85456e-06
-1.69178e-06
-2.96834e-06
-6.3634e-06
-3.54065e-07
-9.89173e-06
2.42349e-06
-1.18583e-05
5.27179e-06
-1.27345e-05
8.09235e-06
-1.29113e-05
1.08416e-05
-1.25986e-05
1.34674e-05
-1.17788e-05
1.583e-05
-1.02054e-05
1.76744e-05
-7.59736e-06
1.87703e-05
-3.98463e-06
1.88964e-05
4.74004e-07
1.79054e-05
5.51224e-06
1.55795e-05
1.09491e-05
1.2072e-05
1.55388e-05
8.13111e-06
1.72617e-05
4.91902e-06
1.51746e-05
2.78167e-06
1.11165e-05
1.30754e-06
7.44011e-06
1.81286e-07
4.89114e-06
3.62346e-06
-4.49128e-06
1.05525e-05
-5.86131e-06
4.94296e-06
-4.77941e-06
-2.77368e-06
-2.50489e-06
-8.63793e-06
1.81184e-07
-1.25778e-05
2.97268e-06
-1.46498e-05
5.78723e-06
-1.55491e-05
8.5899e-06
-1.5714e-05
1.13566e-05
-1.53653e-05
1.40774e-05
-1.44996e-05
1.66283e-05
-1.27563e-05
1.87274e-05
-9.69644e-06
2.01369e-05
-5.39416e-06
2.06117e-05
-7.44338e-10
2.00896e-05
6.03429e-06
1.82675e-05
1.27712e-05
1.53134e-05
1.84929e-05
1.23991e-05
2.0176e-05
1.08572e-05
1.67165e-05
9.34866e-06
1.2625e-05
6.16543e-06
1.06233e-05
1.65064e-06
9.40593e-06
5.2741e-06
-3.62204e-07
1.09147e-05
7.17154e-07
3.86359e-06
6.97928e-07
-2.75447e-06
1.13665e-06
-9.07667e-06
2.49958e-06
-1.39408e-05
4.76493e-06
-1.69151e-05
7.47855e-06
-1.82627e-05
1.02194e-05
-1.84549e-05
1.29417e-05
-1.80876e-05
1.57205e-05
-1.72784e-05
1.84956e-05
-1.55314e-05
2.09553e-05
-1.21561e-05
2.27869e-05
-7.22581e-06
2.38188e-05
-1.03262e-06
2.41331e-05
5.72003e-06
2.3538e-05
1.33662e-05
2.20971e-05
1.99338e-05
2.12069e-05
2.10662e-05
2.21043e-05
1.58191e-05
2.26322e-05
1.20971e-05
2.17736e-05
1.1482e-05
1.67832e-05
1.43963e-05
2.20573e-05
9.88971e-06
1.02498e-06
1.82761e-05
-4.5228e-06
2.12804e-05
-5.75876e-06
2.05441e-05
-8.3404e-06
1.8388e-05
-1.17847e-05
1.61009e-05
-1.4628e-05
1.41621e-05
-1.63239e-05
1.34713e-05
-1.77641e-05
1.48686e-05
-1.94849e-05
1.74329e-05
-1.98427e-05
2.04106e-05
-1.85092e-05
2.32531e-05
-1.49986e-05
2.56234e-05
-9.59606e-06
2.7483e-05
-2.89228e-06
2.78981e-05
5.30494e-06
2.68748e-05
1.43896e-05
2.71664e-05
1.96421e-05
2.97263e-05
1.85064e-05
3.16498e-05
1.38956e-05
3.26876e-05
1.10593e-05
3.17117e-05
1.24579e-05
2.5571e-05
2.0537e-05
4.76284e-05
-7.51311e-07
7.5131e-07
-1.37629e-05
1.30116e-05
-2.41395e-05
1.03766e-05
-2.06345e-05
-3.50505e-06
-1.90144e-05
-1.62003e-06
-1.86662e-05
-3.48213e-07
-1.82471e-05
-4.19128e-07
-1.36146e-05
-4.63247e-06
-9.54045e-06
-4.07417e-06
-6.55407e-06
-2.98638e-06
-6.50203e-06
-5.20459e-08
-8.54804e-06
2.04601e-06
-1.0078e-05
1.52995e-06
-9.40861e-06
-6.69379e-07
-7.69517e-06
-1.71344e-06
-5.92804e-06
-1.76712e-06
-4.62752e-06
-1.30052e-06
-1.20795e-06
-3.41958e-06
-1.20795e-06
-6.58179e-06
7.3331e-06
-1.28431e-05
1.92728e-05
-8.63456e-06
6.16812e-06
5.26701e-06
-1.74066e-05
1.17557e-05
-8.10868e-06
8.77084e-06
2.6366e-06
-1.19882e-06
9.55053e-06
-5.30451e-06
-5.26783e-07
-5.41743e-06
-3.96125e-06
-5.50154e-06
-2.90227e-06
-7.36383e-06
1.81025e-06
-1.05322e-05
5.21436e-06
-1.35163e-05
4.51404e-06
-1.4433e-05
2.47388e-07
-1.3504e-05
-2.64251e-06
-1.23561e-05
-2.91495e-06
-1.01844e-05
-3.47225e-06
-6.11368e-06
-7.49031e-06
-7.32162e-06
-1.31505e-05
2.04836e-05
-1.52857e-05
2.14081e-05
-5.32836e-06
-3.78919e-06
5.9089e-06
-2.86439e-05
1.02366e-05
-1.24364e-05
1.3825e-05
-9.51736e-07
1.98824e-05
3.49308e-06
1.82189e-05
1.13679e-06
8.30027e-06
5.95734e-06
-4.57004e-07
5.855e-06
-6.68875e-06
8.04199e-06
-1.3334e-05
1.18596e-05
-1.79626e-05
9.1426e-06
-2.0054e-05
2.33883e-06
-1.92022e-05
-3.49432e-06
-1.62835e-05
-5.8337e-06
-1.20403e-05
-7.71543e-06
-7.60186e-06
-1.19287e-05
-1.49235e-05
-1.66465e-05
3.71301e-05
-1.59663e-05
2.07278e-05
-3.51167e-06
-1.62439e-05
5.87293e-06
-3.80285e-05
6.98744e-06
-1.35509e-05
7.66911e-06
-1.63341e-06
1.21111e-05
-9.48927e-07
1.42051e-05
-9.57198e-07
1.1054e-05
9.10848e-06
4.58307e-06
1.23259e-05
-4.72992e-06
1.7355e-05
-1.31687e-05
2.02984e-05
-1.69326e-05
1.29065e-05
-1.78851e-05
3.2914e-06
-1.68967e-05
-4.48272e-06
-1.30212e-05
-9.70922e-06
-8.30706e-06
-1.24296e-05
-4.68293e-06
-1.55529e-05
-1.96064e-05
-1.51196e-05
5.22497e-05
-1.20656e-05
1.76739e-05
1.69605e-06
-3.00055e-05
9.5605e-06
-4.58929e-05
1.25738e-05
-1.65642e-05
1.10785e-05
-1.38143e-07
9.03722e-06
1.09239e-06
8.26342e-06
-1.83393e-07
6.83086e-06
1.0541e-05
2.276e-08
1.9134e-05
-5.5144e-06
2.28921e-05
-2.09658e-06
1.68806e-05
-1.17832e-06
1.19882e-05
-6.01033e-07
2.71411e-06
2.42277e-07
-5.32603e-06
2.60871e-06
-1.20757e-05
5.35842e-06
-1.51793e-05
4.33064e-06
-1.45251e-05
-1.52758e-05
-1.10781e-05
6.33277e-05
-6.08785e-06
1.26837e-05
7.22598e-06
-4.33193e-05
1.33276e-05
-5.19945e-05
2.09112e-05
-2.41479e-05
2.79497e-05
-7.17655e-06
1.63976e-05
1.26444e-05
3.9434e-06
1.22708e-05
-1.93204e-07
1.46776e-05
-4.18122e-06
2.3122e-05
-4.24951e-06
2.29604e-05
1.29474e-06
1.13363e-05
7.55609e-06
5.72686e-06
1.13297e-05
-1.05953e-06
1.22483e-05
-6.24462e-06
1.13867e-05
-1.1214e-05
1.09424e-05
-1.4735e-05
6.96285e-06
-1.05455e-05
-8.31292e-06
-3.88392e-06
6.72116e-05
2.60453e-06
6.19522e-06
1.0262e-05
-5.09768e-05
1.81776e-05
-5.99102e-05
2.23173e-05
-2.82875e-05
2.49294e-05
-9.78864e-06
1.58112e-05
2.17625e-05
2.90118e-06
2.51809e-05
-3.43566e-06
2.10145e-05
-3.6893e-06
2.33756e-05
-3.61266e-07
1.96324e-05
5.24424e-06
5.73082e-06
9.00684e-06
1.96425e-06
1.06119e-05
-2.66456e-06
1.25478e-05
-8.18052e-06
1.30215e-05
-1.16878e-05
1.19967e-05
-1.37102e-05
7.40996e-06
-5.95878e-06
-9.02968e-07
1.44845e-05
5.27271e-05
1.6164e-05
4.51572e-06
1.59545e-05
-5.07672e-05
2.00741e-05
-6.40298e-05
2.84866e-05
-3.67e-05
2.86053e-05
-9.90742e-06
2.33958e-05
2.69721e-05
1.03573e-05
3.82194e-05
8.83234e-07
3.04885e-05
3.52238e-10
2.42585e-05
5.21642e-06
1.44163e-05
1.01589e-05
7.88357e-07
1.23926e-05
-2.69458e-07
1.22812e-05
-2.5532e-06
1.33633e-05
-9.26255e-06
1.28132e-05
-1.11377e-05
1.00364e-05
-1.09334e-05
7.92725e-06
-3.84964e-06
7.02428e-06
4.811e-05
-4.7085e-05
7.06362e-05
-2.7049e-05
7.60624e-05
-1.1185e-05
7.1545e-05
-3.82293e-06
6.42481e-05
-4.48784e-06
5.80013e-05
-8.38118e-06
5.16956e-05
-1.00182e-05
4.5804e-05
-1.18726e-05
4.13349e-05
-1.50158e-05
4.00379e-05
-1.85457e-05
4.25454e-05
-2.10167e-05
4.71507e-05
-1.96039e-05
5.13107e-05
-1.3756e-05
5.48268e-05
-6.40841e-06
5.80004e-05
2.13138e-06
6.46044e-05
7.7856e-06
7.36616e-05
1.05849e-05
8.18e-05
1.0368e-05
8.68485e-05
8.84716e-06
8.97357e-05
8.17207e-06
9.23138e-05
9.87976e-06
9.81792e-05
1.46715e-05
2.37131e-05
0.000122095
4.42601e-05
-9.13451e-05
7.55507e-05
-5.83397e-05
9.47738e-05
-3.0408e-05
0.000104053
-1.31024e-05
0.000103517
-3.95208e-06
9.32898e-05
1.84651e-06
7.66001e-05
6.67149e-06
5.81849e-05
6.5426e-06
4.143e-05
1.73909e-06
3.04714e-05
-7.58699e-06
2.61438e-05
-1.66892e-05
2.74523e-05
-2.09124e-05
3.37608e-05
-2.00645e-05
4.50559e-05
-1.77035e-05
6.03758e-05
-1.31885e-05
7.54895e-05
-7.32814e-06
8.84769e-05
-2.40244e-06
9.83478e-05
4.96981e-07
0.00010512
2.07466e-06
0.000109679
3.61315e-06
0.000113233
6.3259e-06
0.000116928
1.09768e-05
1.83345e-05
0.000122306
3.26865e-05
-0.000124032
5.85823e-05
-8.42355e-05
7.47916e-05
-4.66173e-05
9.55929e-05
-3.39037e-05
0.000119611
-2.79701e-05
0.000132252
-1.07948e-05
0.000126587
1.23366e-05
0.000104451
2.86787e-05
7.15311e-05
3.46591e-05
4.26304e-05
2.13137e-05
3.15683e-05
-5.62713e-06
3.242e-05
-2.1764e-05
3.95955e-05
-2.724e-05
5.31681e-05
-3.1276e-05
7.03925e-05
-3.04129e-05
8.63886e-05
-2.33243e-05
9.92681e-05
-1.5282e-05
0.000108516
-8.7513e-06
0.000114486
-3.89495e-06
0.000117861
2.3794e-07
0.000119276
4.9108e-06
0.000119914
1.03396e-05
1.69749e-05
0.000121273
2.26782e-05
-0.00014671
4.46868e-05
-0.000106244
5.21806e-05
-5.41111e-05
6.67246e-05
-4.84477e-05
9.43884e-05
-5.56338e-05
0.000121982
-3.83883e-05
0.000139336
-5.01706e-06
0.000130169
3.78449e-05
0.000106169
5.86597e-05
7.21924e-05
5.529e-05
4.83029e-05
1.82624e-05
4.10123e-05
-1.44735e-05
4.38049e-05
-3.00326e-05
5.58068e-05
-4.3278e-05
6.99272e-05
-4.45333e-05
8.22574e-05
-3.56545e-05
9.20147e-05
-2.50393e-05
9.88501e-05
-1.55867e-05
0.000102436
-7.48105e-06
0.000103098
-4.23754e-07
0.000102379
5.62967e-06
0.000101985
1.07331e-05
1.68156e-05
0.000102145
8.19907e-06
-0.000154909
2.49503e-05
-0.000122995
2.85706e-05
-5.77314e-05
4.35028e-05
-6.338e-05
6.51064e-05
-7.72374e-05
9.12164e-05
-6.44983e-05
0.000112274
-2.60745e-05
0.000112134
3.79843e-05
0.000103245
6.75494e-05
8.83467e-05
7.0188e-05
7.18741e-05
3.4735e-05
5.92768e-05
-1.87621e-06
5.67093e-05
-2.74651e-05
6.1819e-05
-4.83876e-05
6.67071e-05
-4.94215e-05
7.13332e-05
-4.02805e-05
7.47231e-05
-2.84292e-05
7.65105e-05
-1.73741e-05
7.62517e-05
-7.22221e-06
7.49291e-05
8.98763e-07
7.39909e-05
6.56792e-06
7.4294e-05
1.043e-05
1.58403e-05
7.52693e-05
-4.6628e-06
-0.000150246
2.74296e-06
-0.000130401
1.03658e-05
-6.53542e-05
2.4929e-05
-7.79431e-05
3.55596e-05
-8.78681e-05
4.82556e-05
-7.71942e-05
6.30557e-05
-4.08747e-05
7.66438e-05
2.43962e-05
8.52492e-05
5.8944e-05
8.66393e-05
6.87978e-05
7.70788e-05
4.42956e-05
6.66673e-05
8.53524e-06
6.35728e-05
-2.43707e-05
5.88306e-05
-4.36454e-05
5.48182e-05
-4.54091e-05
5.18224e-05
-3.72847e-05
4.98311e-05
-2.6438e-05
4.9315e-05
-1.68579e-05
4.84824e-05
-6.38961e-06
4.83944e-05
9.86774e-07
4.93063e-05
5.65598e-06
5.08573e-05
8.87901e-06
1.31831e-05
5.35145e-05
-9.1389e-06
-0.000141107
-1.04406e-05
-0.000129099
5.14851e-06
-8.09433e-05
8.80548e-06
-8.16e-05
9.77327e-06
-8.88358e-05
1.29025e-05
-8.03234e-05
2.29921e-05
-5.09643e-05
4.51396e-05
2.24868e-06
7.16037e-05
3.24799e-05
8.18399e-05
5.85617e-05
7.28086e-05
5.33268e-05
6.46272e-05
1.67166e-05
5.81154e-05
-1.78588e-05
4.80782e-05
-3.36083e-05
3.87452e-05
-3.60761e-05
3.21716e-05
-3.07111e-05
2.91085e-05
-2.33749e-05
2.91336e-05
-1.6883e-05
3.00179e-05
-7.27399e-06
3.19927e-05
-9.87981e-07
3.48873e-05
2.76136e-06
3.77949e-05
5.97141e-06
8.76107e-06
4.2217e-05
-9.11173e-06
-0.000131995
-1.13008e-05
-0.00012691
2.11386e-06
-9.43579e-05
-6.86273e-09
-7.94793e-05
-6.06985e-06
-8.27729e-05
-1.13293e-05
-7.5064e-05
-5.1522e-06
-5.71413e-05
1.92953e-05
-2.21989e-05
4.5908e-05
5.86723e-06
6.37345e-05
4.07351e-05
6.50785e-05
5.19829e-05
6.28715e-05
1.89236e-05
5.48493e-05
-9.83669e-06
4.16121e-05
-2.03711e-05
2.98573e-05
-2.43213e-05
2.32904e-05
-2.41442e-05
2.07348e-05
-2.08193e-05
2.03049e-05
-1.64532e-05
2.19662e-05
-8.93529e-06
2.55622e-05
-4.58394e-06
2.96767e-05
-1.35317e-06
3.45591e-05
1.08902e-06
1.82172e-06
4.14985e-05
-6.88793e-06
-0.000125107
-7.37804e-06
-0.00012642
2.89652e-06
-0.000104632
1.66326e-06
-7.82461e-05
-4.34086e-06
-7.67687e-05
-8.35296e-06
-7.10519e-05
-6.6203e-06
-5.8874e-05
8.89247e-06
-3.77116e-05
3.06054e-05
-1.58457e-05
4.86705e-05
2.267e-05
5.66744e-05
4.3979e-05
5.6292e-05
1.93059e-05
5.16775e-05
-5.22215e-06
4.4134e-05
-1.28276e-05
3.47105e-05
-1.48979e-05
2.59839e-05
-1.54177e-05
1.93088e-05
-1.41442e-05
1.52244e-05
-1.23689e-05
1.47805e-05
-8.49137e-06
1.64734e-05
-6.27689e-06
2.02857e-05
-5.16546e-06
2.66324e-05
-5.25764e-06
-7.63327e-06
3.60874e-05
-3.2335e-06
-0.000121874
-2.52173e-06
-0.000127132
5.74996e-06
-0.000112904
1.01984e-05
-8.26945e-05
8.22779e-06
-7.47981e-05
5.70161e-06
-6.85257e-05
5.25779e-06
-5.84302e-05
9.54538e-06
-4.19992e-05
2.16483e-05
-2.79486e-05
4.02487e-05
4.06949e-06
5.53477e-05
2.888e-05
5.70864e-05
1.75671e-05
4.87144e-05
3.1498e-06
3.76463e-05
-1.75947e-06
2.4789e-05
-2.04058e-06
1.28304e-05
-3.45911e-06
6.83951e-06
-8.1534e-06
5.01286e-06
-1.05423e-05
5.59022e-06
-9.06877e-06
7.1272e-06
-7.81385e-06
1.52613e-05
-1.32996e-05
2.74608e-05
-1.74571e-05
-2.44461e-05
4.42736e-05
1.34615e-06
-0.00012322
3.17385e-06
-0.00012896
9.0083e-06
-0.000118739
1.9414e-05
-9.31002e-05
2.39146e-05
-7.92987e-05
2.47631e-05
-6.93741e-05
2.37968e-05
-5.74638e-05
2.27347e-05
-4.09371e-05
2.08039e-05
-2.60177e-05
3.0051e-05
-5.17761e-06
4.42634e-05
1.46675e-05
4.40155e-05
1.78151e-05
3.48546e-05
1.23106e-05
2.77407e-05
5.3544e-06
2.89079e-05
-3.20779e-06
3.89701e-05
-1.35214e-05
5.61062e-05
-2.52896e-05
7.45333e-05
-2.89695e-05
8.60599e-05
-2.05954e-05
5.76796e-05
2.05672e-05
7.57619e-05
-3.13817e-05
9.20215e-05
-3.37165e-05
-2.06757e-05
8.82515e-05
6.76064e-06
-0.000129981
1.00474e-05
-0.000132246
1.44092e-05
-0.0001231
2.57314e-05
-0.000104422
3.56307e-05
-8.91979e-05
4.26987e-05
-7.64421e-05
4.73742e-05
-6.21392e-05
5.10435e-05
-4.46064e-05
5.0991e-05
-2.59651e-05
5.43793e-05
-8.56593e-06
6.58555e-05
3.19131e-06
8.15843e-05
2.08614e-06
0.000102868
-8.97301e-06
0.000130038
-2.18152e-05
0.000161493
-3.46635e-05
0.000196324
-4.8352e-05
0.000233487
-6.24523e-05
0.000279415
-7.48973e-05
0.000347538
-8.87186e-05
0.00036627
1.82981e-06
0.000251017
8.38713e-05
0.000143802
7.35052e-05
3.87149e-05
8.44121e-05
1.15603e-05
-0.000141541
1.67666e-05
-0.000137453
2.10916e-05
-0.000127425
3.01296e-05
-0.00011346
4.05897e-05
-9.9658e-05
5.06849e-05
-8.65373e-05
6.17359e-05
-7.31902e-05
7.72451e-05
-6.01156e-05
9.75047e-05
-4.62248e-05
0.000120005
-3.10664e-05
0.000141662
-1.84655e-05
0.000160584
-1.68362e-05
0.000177232
-2.56213e-05
0.00019141
-3.59932e-05
0.000204896
-4.81486e-05
0.000217855
-6.13118e-05
0.000229847
-7.44434e-05
0.000243287
-8.83375e-05
0.000267307
-0.000112739
0.000224016
4.51188e-05
0.000160509
0.000147378
9.80424e-05
0.000135974
9.03988e-05
4.63592e-05
1.50382e-05
-0.000156579
2.2686e-05
-0.0001451
2.57663e-05
-0.000130505
3.3442e-05
-0.000121135
4.36962e-05
-0.000109911
5.2825e-05
-9.56649e-05
6.10307e-05
-8.13954e-05
7.11876e-05
-7.02724e-05
8.55485e-05
-6.05856e-05
0.00010595
-5.14675e-05
0.000134029
-4.65453e-05
0.000164812
-4.76186e-05
0.000189773
-5.05828e-05
0.000199152
-4.53717e-05
0.0002066
-5.55967e-05
0.000219146
-7.38571e-05
0.000236651
-9.1947e-05
0.000218564
-7.02501e-05
0.000125329
-1.95041e-05
6.2867e-05
0.00010758
3.69022e-05
0.000173344
3.53674e-05
0.000137509
0.000108443
1.73236e-05
2.46243e-05
-0.000181203
4.81712e-05
-0.000168646
6.55766e-05
-0.00014791
6.8338e-05
-0.000123896
6.55641e-05
-0.000107137
5.97196e-05
-8.98199e-05
5.67533e-05
-7.84296e-05
6.57268e-05
-7.92464e-05
8.01985e-05
-7.50571e-05
9.79022e-05
-6.91702e-05
0.000119309
-6.79519e-05
0.000143194
-7.15023e-05
0.000176513
-8.38996e-05
0.000188796
-5.76553e-05
0.0001779
-4.47012e-05
0.000140255
-3.62121e-05
7.84863e-05
-3.01782e-05
2.42792e-06
5.80807e-06
-5.83976e-05
4.13212e-05
-5.63457e-05
0.000105529
-2.6397e-05
0.000143395
-1.15487e-05
0.000122661
0.000102959
-6.06485e-06
2.16945e-05
-0.000202896
4.30767e-05
-0.000190027
6.14808e-05
-0.000166313
7.29613e-05
-0.000135376
8.29003e-05
-0.000117077
9.32144e-05
-0.000100135
0.000100695
-8.59111e-05
9.83161e-05
-7.68689e-05
9.68877e-05
-7.36298e-05
0.000102183
-7.44671e-05
0.000108716
-7.44857e-05
0.000110741
-7.35265e-05
8.96602e-05
-6.28184e-05
6.39079e-05
-3.19027e-05
3.30309e-05
-1.3824e-05
-8.79818e-06
5.61637e-06
-5.10474e-05
1.20699e-05
-7.68295e-05
3.15896e-05
-9.72448e-05
6.17364e-05
-8.93906e-05
9.76745e-05
-5.72806e-05
0.000111285
-3.58835e-05
0.000101264
8.96231e-05
-2.25473e-05
1.05074e-05
-0.000213403
2.17411e-05
-0.000201261
3.39012e-05
-0.000178473
4.33239e-05
-0.000144799
5.18994e-05
-0.000125652
6.01347e-05
-0.00010837
6.61211e-05
-9.18967e-05
6.74334e-05
-7.81804e-05
6.3253e-05
-6.94495e-05
5.57845e-05
-6.69997e-05
3.68988e-05
-5.56011e-05
8.91098e-07
-3.75198e-05
-4.3619e-05
-1.83095e-05
-7.3315e-05
-2.20641e-06
-9.02169e-05
3.07856e-06
-9.34613e-05
8.86084e-06
-0.000105277
2.38858e-05
-0.000114336
4.0648e-05
-0.000112872
6.02729e-05
-9.43953e-05
7.91976e-05
-6.8359e-05
8.5249e-05
-4.82091e-05
8.11143e-05
7.4745e-05
-3.33308e-05
1.68109e-06
-0.000215083
6.56223e-07
-0.000200235
1.40361e-06
-0.00017922
2.56941e-06
-0.000145964
3.23843e-06
-0.00012632
3.53002e-06
-0.000108661
2.01843e-06
-9.03843e-05
-3.69969e-06
-7.24614e-05
-1.88352e-05
-5.4313e-05
-5.02572e-05
-3.55768e-05
-8.66417e-05
-1.92161e-05
-0.000115973
-8.18808e-06
-0.000126512
-7.76978e-06
-0.000126217
-2.50175e-06
-0.000127359
4.22114e-06
-0.000129867
1.1369e-05
-0.000128836
2.28545e-05
-0.000123968
3.57802e-05
-0.000112275
4.85802e-05
-9.26211e-05
5.95434e-05
-7.14711e-05
6.40992e-05
-5.40842e-05
6.37276e-05
6.1136e-05
-4.0475e-05
-7.04107e-06
-0.000208042
-1.71485e-05
-0.000190128
-2.90506e-05
-0.000167318
-3.8961e-05
-0.000136054
-4.89188e-05
-0.000116362
-6.08593e-05
-9.67202e-05
-7.64723e-05
-7.47708e-05
-9.71668e-05
-5.17662e-05
-0.00012043
-3.10486e-05
-0.00013957
-1.6437e-05
-0.000148497
-1.02879e-05
-0.000147775
-8.90976e-06
-0.000148509
-7.03642e-06
-0.000146846
-4.16365e-06
-0.000142426
-1.98913e-07
-0.000137203
6.14571e-06
-0.000129517
1.51693e-05
-0.000118768
2.50312e-05
-0.000104745
3.45572e-05
-8.78503e-05
4.26484e-05
-7.1201e-05
4.74501e-05
-5.69019e-05
4.94286e-05
4.92699e-05
-4.50357e-05
-1.47951e-05
-0.000193246
-3.24193e-05
-0.000172503
-5.50135e-05
-0.000144723
-7.50574e-05
-0.00011601
-9.50409e-05
-9.63786e-05
-0.000115502
-7.62591e-05
-0.0001345
-5.57723e-05
-0.000148708
-3.75576e-05
-0.000156122
-2.36339e-05
-0.000157541
-1.50179e-05
-0.000156684
-1.11439e-05
-0.000155302
-1.02913e-05
-0.000151651
-1.06872e-05
-0.000145755
-1.00593e-05
-0.000138431
-7.52322e-06
-0.000129842
-2.44315e-06
-0.000119762
5.09008e-06
-0.000108301
1.35695e-05
-9.56507e-05
2.19072e-05
-8.22163e-05
2.92142e-05
-6.93171e-05
3.4551e-05
-5.77608e-05
3.78725e-05
3.92593e-05
-4.77501e-05
-2.02061e-05
-0.00017304
-4.51517e-05
-0.000147558
-7.3031e-05
-0.000116844
-9.67519e-05
-9.22887e-05
-0.000118283
-7.48469e-05
-0.000136181
-5.83615e-05
-0.000149123
-4.28293e-05
-0.000156921
-2.976e-05
-0.000160002
-2.05525e-05
-0.000159292
-1.57272e-05
-0.000155566
-1.48698e-05
-0.000149656
-1.62009e-05
-0.000142376
-1.79674e-05
-0.000134137
-1.82976e-05
-0.000125529
-1.61316e-05
-0.000116639
-1.1333e-05
-0.000107188
-4.36092e-06
-9.72769e-05
3.65876e-06
-8.70011e-05
1.16315e-05
-7.65547e-05
1.87679e-05
-6.64801e-05
2.44765e-05
-5.71611e-05
2.85536e-05
3.08701e-05
-4.87718e-05
-2.34309e-05
-0.000149609
-5.17976e-05
-0.000119191
-7.85859e-05
-9.00556e-05
-0.000101814
-6.90609e-05
-0.000121484
-5.51762e-05
-0.000136682
-4.31635e-05
-0.000146867
-3.26448e-05
-0.000151973
-2.4653e-05
-0.000152526
-1.99994e-05
-0.000149279
-1.89739e-05
-0.000143247
-2.09017e-05
-0.000135312
-2.41362e-05
-0.000126582
-2.66967e-05
-0.000117945
-2.69343e-05
-0.000109883
-2.41942e-05
-0.000102355
-1.88599e-05
-9.48511e-05
-1.18651e-05
-8.70368e-05
-4.15538e-06
-7.90216e-05
3.61632e-06
-7.09163e-05
1.06627e-05
-6.29804e-05
1.65407e-05
-5.5444e-05
2.10172e-05
2.39438e-05
-4.85176e-05
-2.4725e-05
-0.000124884
-5.13327e-05
-9.25832e-05
-7.58638e-05
-6.55244e-05
-9.70912e-05
-4.78335e-05
-0.000114447
-3.78202e-05
-0.000127191
-3.04199e-05
-0.000135041
-2.47939e-05
-0.000138128
-2.15658e-05
-0.000136879
-2.12491e-05
-0.000132087
-2.37659e-05
-0.000124805
-2.81827e-05
-0.000116387
-3.25544e-05
-0.00010811
-3.49736e-05
-0.000100799
-3.42449e-05
-9.45541e-05
-3.04391e-05
-8.89147e-05
-2.44991e-05
-8.33685e-05
-1.74113e-05
-7.76264e-05
-9.89737e-06
-7.15323e-05
-2.47764e-06
-6.52613e-05
4.39173e-06
-5.89988e-05
1.02782e-05
-5.29183e-05
1.49369e-05
1.82052e-05
-4.71797e-05
-2.38924e-05
-0.000100992
-4.72426e-05
-6.92331e-05
-6.84651e-05
-4.4302e-05
-8.65393e-05
-2.97593e-05
-0.000101038
-2.33218e-05
-0.000111351
-2.01068e-05
-0.000117261
-1.8883e-05
-0.000118811
-2.00165e-05
-0.000116437
-2.36228e-05
-0.000110961
-2.9242e-05
-0.000103722
-3.54208e-05
-9.62543e-05
-4.00223e-05
-8.97918e-05
-4.1436e-05
-8.47117e-05
-3.9325e-05
-8.05929e-05
-3.45578e-05
-7.68095e-05
-2.82824e-05
-7.29694e-05
-2.12513e-05
-6.88682e-05
-1.39984e-05
-6.43945e-05
-6.95127e-06
-5.96153e-05
-3.8742e-07
-5.47007e-05
5.36363e-06
-4.98196e-05
1.00558e-05
1.35231e-05
-4.51375e-05
-2.19526e-05
-7.90395e-05
-4.18119e-05
-4.93739e-05
-5.90869e-05
-2.70271e-05
-7.34747e-05
-1.53717e-05
-8.49006e-05
-1.18959e-05
-9.28186e-05
-1.21888e-05
-9.70161e-05
-1.46855e-05
-9.74888e-05
-1.95437e-05
-9.46292e-05
-2.64824e-05
-8.93935e-05
-3.44776e-05
-8.32518e-05
-4.15625e-05
-7.77253e-05
-4.55487e-05
-7.36193e-05
-4.55419e-05
-7.07379e-05
-4.22063e-05
-6.83871e-05
-3.69085e-05
-6.60978e-05
-3.05717e-05
-6.36176e-05
-2.37314e-05
-6.08077e-05
-1.68083e-05
-5.76281e-05
-1.01308e-05
-5.40639e-05
-3.95155e-06
-5.02656e-05
1.56534e-06
-4.63836e-05
6.17396e-06
9.69857e-06
-4.25591e-05
-1.95776e-05
-5.9462e-05
-3.6242e-05
-3.27097e-05
-4.97476e-05
-1.35217e-05
-6.05737e-05
-4.54565e-06
-6.90206e-05
-3.449e-06
-7.46622e-05
-6.54726e-06
-7.73859e-05
-1.19618e-05
-7.71387e-05
-1.97909e-05
-7.43251e-05
-2.9296e-05
-6.99428e-05
-3.88598e-05
-6.54741e-05
-4.60312e-05
-6.21321e-05
-4.88906e-05
-6.01549e-05
-4.7519e-05
-5.89454e-05
-4.34157e-05
-5.79023e-05
-3.79515e-05
-5.67412e-05
-3.17327e-05
-5.531e-05
-2.51625e-05
-5.35072e-05
-1.8611e-05
-5.12896e-05
-1.23484e-05
-4.86987e-05
-6.54239e-06
-4.58196e-05
-1.31372e-06
-4.27601e-05
3.11435e-06
6.62861e-06
-3.96901e-05
-1.68883e-05
-4.25741e-05
-3.08489e-05
-1.87493e-05
-4.1312e-05
-3.05874e-06
-4.92147e-05
3.35684e-06
-5.51002e-05
2.43651e-06
-5.8857e-05
-2.79049e-06
-6.03224e-05
-1.04964e-05
-5.95269e-05
-2.05864e-05
-5.69123e-05
-3.19105e-05
-5.35564e-05
-4.22157e-05
-5.08017e-05
-4.87858e-05
-4.93841e-05
-5.03081e-05
-4.89906e-05
-4.79124e-05
-4.89366e-05
-4.34697e-05
-4.88497e-05
-3.80383e-05
-4.85567e-05
-3.20258e-05
-4.79279e-05
-2.57912e-05
-4.68988e-05
-1.96401e-05
-4.54553e-05
-1.37919e-05
-4.36147e-05
-8.38298e-06
-4.14487e-05
-3.4798e-06
-3.90904e-05
7.56206e-07
4.17948e-06
-3.66414e-05
-1.36555e-05
-2.89188e-05
-2.4719e-05
-7.68607e-06
-3.29173e-05
5.13939e-06
-3.91469e-05
9.58626e-06
-4.34037e-05
6.69323e-06
-4.57366e-05
-4.57639e-07
-4.61412e-05
-1.00919e-05
-4.48198e-05
-2.19079e-05
-4.24032e-05
-3.43271e-05
-4.00142e-05
-4.46046e-05
-3.88002e-05
-4.99998e-05
-3.88825e-05
-5.02258e-05
-3.95664e-05
-4.72285e-05
-4.03295e-05
-4.27065e-05
-4.09676e-05
-3.74002e-05
-4.13339e-05
-3.16594e-05
-4.13285e-05
-2.57966e-05
-4.0902e-05
-2.00666e-05
-4.00525e-05
-1.46413e-05
-3.88156e-05
-9.61993e-06
-3.72398e-05
-5.0555e-06
-3.54588e-05
-1.02491e-06
2.27361e-06
-3.3553e-05
-1.13135e-05
-1.76057e-05
-2.0265e-05
1.26516e-06
-2.69537e-05
1.18279e-05
-3.12451e-05
1.38775e-05
-3.38624e-05
9.31043e-06
-3.48917e-05
5.71624e-07
-3.43113e-05
-1.06723e-05
-3.25253e-05
-2.36938e-05
-3.02662e-05
-3.65862e-05
-2.88278e-05
-4.60431e-05
-2.89597e-05
-4.98679e-05
-3.01239e-05
-4.90617e-05
-3.15485e-05
-4.58039e-05
-3.2926e-05
-4.1329e-05
-3.41084e-05
-3.62178e-05
-3.49719e-05
-3.07958e-05
-3.54372e-05
-2.53314e-05
-3.54717e-05
-2.00321e-05
-3.5087e-05
-1.5026e-05
-3.43278e-05
-1.03791e-05
-3.32469e-05
-6.13649e-06
-3.19283e-05
-2.34337e-06
8.23543e-07
-3.04784e-05
-9.15358e-06
-8.45233e-06
-1.66171e-05
8.72848e-06
-2.15264e-05
1.6737e-05
-2.43548e-05
1.67058e-05
-2.56761e-05
1.06316e-05
-2.55546e-05
4.50131e-07
-2.41884e-05
-1.20386e-05
-2.19664e-05
-2.59159e-05
-1.99991e-05
-3.85536e-05
-1.96253e-05
-4.64169e-05
-2.08882e-05
-4.8605e-05
-2.27917e-05
-4.71581e-05
-2.47542e-05
-4.38414e-05
-2.65818e-05
-3.95014e-05
-2.81502e-05
-3.46494e-05
-2.93673e-05
-2.95787e-05
-3.01717e-05
-2.4527e-05
-3.05506e-05
-1.96531e-05
-3.05253e-05
-1.50513e-05
-3.01375e-05
-1.07669e-05
-2.94513e-05
-6.82266e-06
-2.85228e-05
-3.27209e-06
-2.29628e-07
-2.74696e-05
-7.22063e-06
-1.23196e-06
-1.30908e-05
1.45985e-05
-1.65606e-05
2.02066e-05
-1.82467e-05
1.83918e-05
-1.84885e-05
1.08733e-05
-1.73422e-05
-6.96239e-07
-1.51812e-05
-1.41998e-05
-1.26479e-05
-2.84492e-05
-1.1344e-05
-3.98574e-05
-1.21667e-05
-4.55943e-05
-1.42683e-05
-4.65034e-05
-1.6672e-05
-4.47545e-05
-1.90185e-05
-4.14949e-05
-2.11517e-05
-3.73682e-05
-2.29752e-05
-3.28258e-05
-2.4419e-05
-2.8135e-05
-2.54534e-05
-2.34925e-05
-2.60821e-05
-1.90245e-05
-2.63334e-05
-1.48001e-05
-2.62501e-05
-1.08503e-05
-2.58843e-05
-7.1885e-06
-2.52989e-05
-3.85738e-06
-9.60433e-07
-2.45682e-05
-5.42646e-06
4.1943e-06
-9.24704e-06
1.84189e-05
-1.17523e-05
2.27117e-05
-1.25559e-05
1.91954e-05
-1.18585e-05
1.01757e-05
-9.81182e-06
-2.74301e-06
-6.83248e-06
-1.71792e-05
-4.38747e-06
-3.08943e-05
-4.30274e-06
-3.99422e-05
-6.22138e-06
-4.36757e-05
-8.85222e-06
-4.38726e-05
-1.15777e-05
-4.2029e-05
-1.41702e-05
-3.89024e-05
-1.64859e-05
-3.50526e-05
-1.84522e-05
-3.08596e-05
-2.00292e-05
-2.6558e-05
-2.12101e-05
-2.23117e-05
-2.20174e-05
-1.82172e-05
-2.24817e-05
-1.43358e-05
-2.26416e-05
-1.06905e-05
-2.25387e-05
-7.29139e-06
-2.22295e-05
-4.16672e-06
-1.41553e-06
-2.17744e-05
-4.11706e-06
8.31117e-06
-5.34208e-06
1.96437e-05
-6.88964e-06
2.42591e-05
-6.93642e-06
1.9242e-05
-5.34173e-06
8.58092e-06
-2.39945e-06
-5.68538e-06
1.15303e-06
-2.07317e-05
2.51584e-06
-3.22572e-05
1.16029e-06
-3.85867e-05
-1.48997e-06
-4.10255e-05
-4.42028e-06
-4.09423e-05
-7.32518e-06
-3.91242e-05
-1.00418e-05
-3.61859e-05
-1.24445e-05
-3.26499e-05
-1.44741e-05
-2.883e-05
-1.61137e-05
-2.49183e-05
-1.73833e-05
-2.10422e-05
-1.83118e-05
-1.72888e-05
-1.89359e-05
-1.37116e-05
-1.92891e-05
-1.03373e-05
-1.94068e-05
-7.17369e-06
-1.93338e-05
-4.23975e-06
-1.63034e-06
-1.91191e-05
-2.22574e-06
1.05367e-05
-2.02759e-06
1.94454e-05
-2.2142e-06
2.44456e-05
-1.47795e-06
1.85057e-05
1.23525e-06
5.86762e-06
5.29965e-06
-9.74986e-06
7.7086e-06
-2.31408e-05
7.27005e-06
-3.18187e-05
5.12362e-06
-3.64403e-05
2.30603e-06
-3.8208e-05
-7.43475e-07
-3.78929e-05
-3.74764e-06
-3.61201e-05
-6.49925e-06
-3.34343e-05
-8.9103e-06
-3.02389e-05
-1.09465e-05
-2.67938e-05
-1.26056e-05
-2.32593e-05
-1.39169e-05
-1.97309e-05
-1.49248e-05
-1.6281e-05
-1.56677e-05
-1.29687e-05
-1.61745e-05
-9.83063e-06
-1.64704e-05
-6.87784e-06
-1.65896e-05
-4.12065e-06
-1.63667e-06
-1.65834e-05
4.27532e-08
1.04938e-05
6.39488e-07
1.88485e-05
1.84329e-06
2.32417e-05
4.08061e-06
1.62682e-05
8.26923e-06
1.67891e-06
1.16316e-05
-1.31123e-05
1.21015e-05
-2.36107e-05
1.06903e-05
-3.04075e-05
8.28628e-06
-3.40364e-05
5.35292e-06
-3.52747e-05
2.25274e-06
-3.47928e-05
-7.29979e-07
-3.31374e-05
-3.44354e-06
-3.07208e-05
-5.80807e-06
-2.78745e-05
-7.8019e-06
-2.48001e-05
-9.44308e-06
-2.16182e-05
-1.07688e-05
-1.84052e-05
-1.18233e-05
-1.52265e-05
-1.26496e-05
-1.21425e-05
-1.32757e-05
-9.20459e-06
-1.37196e-05
-6.434e-06
-1.40041e-05
-3.83606e-06
-1.45951e-06
-1.41814e-05
1.95816e-06
8.53557e-06
3.1846e-06
1.7622e-05
5.57617e-06
2.085e-05
9.80338e-06
1.20409e-05
1.36876e-05
-2.20541e-06
1.53507e-05
-1.47755e-05
1.503e-05
-2.329e-05
1.3266e-05
-2.86436e-05
1.06831e-05
-3.14535e-05
7.70909e-06
-3.23007e-05
4.66718e-06
-3.17509e-05
1.77809e-06
-3.02484e-05
-8.10114e-07
-2.81326e-05
-3.0661e-06
-2.56185e-05
-4.98014e-06
-2.28861e-05
-6.57823e-06
-2.00201e-05
-7.89547e-06
-1.7088e-05
-8.97598e-06
-1.4146e-05
-9.85695e-06
-1.12616e-05
-1.05733e-05
-8.48826e-06
-1.11384e-05
-5.86897e-06
-1.15633e-05
-3.41126e-06
-1.13807e-06
-1.18848e-05
2.93211e-06
5.60337e-06
5.40944e-06
1.51446e-05
8.97311e-06
1.72862e-05
1.39686e-05
7.04535e-06
1.71688e-05
-5.40561e-06
1.7864e-05
-1.54708e-05
1.69495e-05
-2.23756e-05
1.49353e-05
-2.66294e-05
1.22912e-05
-2.88095e-05
9.40653e-06
-2.94161e-05
6.54272e-06
-2.88871e-05
3.86517e-06
-2.75709e-05
1.4607e-06
-2.57282e-05
-6.28623e-07
-2.35293e-05
-2.43829e-06
-2.10765e-05
-3.97314e-06
-1.84853e-05
-5.27095e-06
-1.57903e-05
-6.35344e-06
-1.30636e-05
-7.26767e-06
-1.03474e-05
-8.04835e-06
-7.70764e-06
-8.70778e-06
-5.20965e-06
-9.25853e-06
-2.86049e-06
-6.84143e-07
-9.71258e-06
2.80474e-06
2.79856e-06
6.63733e-06
1.13119e-05
1.16532e-05
1.22703e-05
1.63284e-05
2.37006e-06
1.87595e-05
-7.83675e-06
1.89511e-05
-1.56625e-05
1.77214e-05
-2.11459e-05
1.56483e-05
-2.45564e-05
1.31451e-05
-2.63063e-05
1.05147e-05
-2.67858e-05
7.95657e-06
-2.63291e-05
5.58262e-06
-2.5197e-05
3.43737e-06
-2.3583e-05
1.53132e-06
-2.16233e-05
-1.29208e-07
-1.9416e-05
-1.58856e-06
-1.7026e-05
-2.84679e-06
-1.45321e-05
-3.93002e-06
-1.19804e-05
-4.86174e-06
-9.41576e-06
-5.68791e-06
-6.88152e-06
-6.42502e-06
-4.47256e-06
-7.06219e-06
-2.22347e-06
-1.19382e-07
-7.62698e-06
2.54545e-06
2.53046e-07
7.05692e-06
6.80041e-06
1.28115e-05
6.5156e-06
1.68809e-05
-1.6993e-06
1.85885e-05
-9.54445e-06
1.8532e-05
-1.5606e-05
1.7329e-05
-1.99428e-05
1.54831e-05
-2.27106e-05
1.33411e-05
-2.41643e-05
1.11314e-05
-2.45761e-05
8.99237e-06
-2.419e-05
6.99215e-06
-2.31968e-05
5.15569e-06
-2.17466e-05
3.48533e-06
-1.99529e-05
1.97502e-06
-1.79057e-05
6.2422e-07
-1.56753e-05
-5.80522e-07
-1.33274e-05
-1.65927e-06
-1.09017e-05
-2.61752e-06
-8.45754e-06
-3.4699e-06
-6.02917e-06
-4.26557e-06
-3.67695e-06
-5.00456e-06
-1.48441e-06
5.48232e-07
-5.67223e-06
2.47674e-06
-2.22373e-06
7.03381e-06
2.2433e-06
1.24144e-05
1.13499e-06
1.56693e-05
-4.95428e-06
1.69482e-05
-1.08234e-05
1.68843e-05
-1.55422e-05
1.59567e-05
-1.90153e-05
1.45445e-05
-2.12985e-05
1.29152e-05
-2.2535e-05
1.12351e-05
-2.2896e-05
9.59738e-06
-2.25523e-05
8.0392e-06
-2.16386e-05
6.57488e-06
-2.02823e-05
5.19669e-06
-1.85748e-05
3.90093e-06
-1.661e-05
2.68309e-06
-1.44575e-05
1.53385e-06
-1.21782e-05
4.64228e-07
-9.83209e-06
-5.26908e-07
-7.46643e-06
-1.43227e-06
-5.12383e-06
-2.25502e-06
-2.8542e-06
-3.01679e-06
-7.22776e-07
1.3024e-06
-3.77098e-06
2.71169e-06
-4.93545e-06
6.64934e-06
-1.69437e-06
1.07714e-05
-2.98706e-06
1.31526e-05
-7.33553e-06
1.40935e-05
-1.17642e-05
1.40695e-05
-1.55182e-05
1.3423e-05
-1.83688e-05
1.24449e-05
-2.03204e-05
1.13375e-05
-2.14276e-05
1.0224e-05
-2.17826e-05
9.15264e-06
-2.1481e-05
8.14454e-06
-2.06306e-05
7.18994e-06
-1.93277e-05
6.26715e-06
-1.7652e-05
5.35353e-06
-1.56964e-05
4.42975e-06
-1.35337e-05
3.48873e-06
-1.12372e-05
2.52785e-06
-8.87125e-06
1.55364e-06
-6.49226e-06
5.88608e-07
-4.15884e-06
-3.54494e-07
-1.91118e-06
-1.28091e-06
2.03641e-07
2.04782e-06
-2.02638e-06
2.39844e-06
5.03274e-06
7.40652e-06
8.68223e-06
9.04094e-06
8.80625e-06
8.27685e-06
7.64171e-06
7.01695e-06
6.46158e-06
6.00243e-06
5.63359e-06
5.33365e-06
5.08023e-06
4.83609e-06
4.56348e-06
4.22087e-06
3.76912e-06
3.17873e-06
2.43734e-06
1.59036e-06
7.16649e-07
-4.36115e-08
0.000112898
9.1962e-06
0.000105594
7.30403e-06
9.85152e-05
7.07908e-06
8.25258e-06
9.02626e-05
0.000122477
9.02507e-06
0.000120764
9.01705e-06
0.00011805
9.7932e-06
1.14816e-05
0.000114821
0.00012118
9.11786e-06
0.000119761
1.04363e-05
0.000117698
1.18567e-05
1.35267e-05
0.000115653
0.000101838
9.424e-06
0.000101229
1.10457e-05
0.000100707
1.23783e-05
1.32498e-05
0.000100984
7.54862e-05
9.20716e-06
7.58573e-05
1.06746e-05
7.67067e-05
1.15289e-05
1.09706e-05
7.89859e-05
5.50931e-05
7.62858e-06
5.69716e-05
8.79603e-06
5.90784e-05
9.42215e-06
7.1221e-06
6.29269e-05
4.51005e-05
4.74516e-06
4.86341e-05
5.26241e-06
5.2571e-05
5.48528e-06
2.35013e-06
5.73429e-05
4.56492e-05
5.94483e-07
5.05718e-05
3.39833e-07
5.62964e-05
-2.39342e-07
-3.69368e-06
6.23402e-05
4.15972e-05
-4.91529e-06
4.89425e-05
-7.00547e-06
5.85623e-05
-9.85917e-06
-1.60194e-05
7.08881e-05
6.06315e-05
-2.12731e-05
8.63689e-05
-3.27428e-05
0.000120201
-4.36909e-05
-1.21241e-05
0.000116306
8.04688e-05
-1.34903e-05
6.51697e-05
-1.74437e-05
4.24155e-05
-2.09366e-05
-2.77532e-06
3.30668e-05
5.43608e-05
1.65613e-05
2.20902e-05
1.4827e-05
-1.1211e-05
1.23647e-05
1.25064e-05
-2.64926e-05
2.82034e-05
3.47173e-05
1.29528e-05
3.00777e-05
-1.15309e-06
2.64708e-05
2.49445e-05
-1.35911e-05
1.01794e-05
4.18617e-05
3.56689e-06
3.66905e-05
-2.95856e-06
3.29964e-05
3.06557e-05
-8.66972e-06
-5.30998e-06
4.11069e-05
-5.81507e-06
3.71955e-05
-6.98422e-06
3.41657e-05
3.18902e-05
-8.21865e-06
-1.81975e-05
3.67573e-05
-1.52079e-05
3.4206e-05
-1.31448e-05
3.21026e-05
3.03466e-05
-1.16011e-05
-2.80692e-05
3.14958e-05
-2.38638e-05
3.00007e-05
-2.04251e-05
2.86641e-05
2.74896e-05
-1.7568e-05
-3.5395e-05
2.64159e-05
-3.10343e-05
2.56401e-05
-2.73064e-05
2.49363e-05
2.43109e-05
-2.41277e-05
-4.05193e-05
2.18996e-05
-3.65348e-05
2.16557e-05
-3.30114e-05
2.14129e-05
2.12195e-05
-2.99198e-05
-4.38421e-05
1.79917e-05
-4.02919e-05
1.81055e-05
-3.71006e-05
1.82217e-05
1.83749e-05
-3.42559e-05
-4.54413e-05
1.46612e-05
-4.23799e-05
1.50443e-05
-3.9568e-05
1.54099e-05
1.58004e-05
-3.69934e-05
-4.56961e-05
1.18398e-05
-4.30408e-05
1.23889e-05
-4.05635e-05
1.29328e-05
1.34944e-05
-3.82574e-05
-4.47938e-05
9.4541e-06
-4.25248e-05
1.01201e-05
-4.03667e-05
1.07747e-05
1.14397e-05
-3.83119e-05
-4.31286e-05
7.44529e-06
-4.11752e-05
8.16651e-06
-3.92891e-05
8.8887e-06
9.61928e-06
-3.74687e-05
-4.08717e-05
5.75787e-06
-3.92152e-05
6.51025e-06
-3.75896e-05
7.263e-06
8.02317e-06
-3.59934e-05
-3.82914e-05
4.35918e-06
-3.68901e-05
5.1088e-06
-3.54952e-05
5.8682e-06
6.63915e-06
-3.41112e-05
-3.5494e-05
3.21184e-06
-3.43336e-05
3.94857e-06
-3.31604e-05
4.69496e-06
5.45678e-06
-3.1978e-05
-3.26324e-05
2.29118e-06
-3.16805e-05
2.99644e-06
-3.07053e-05
3.71981e-06
4.46304e-06
-2.97116e-05
-2.97518e-05
1.56453e-06
-2.89934e-05
2.23824e-06
-2.82036e-05
2.92982e-06
3.64595e-06
-2.73865e-05
-2.69209e-05
1.01576e-06
-2.63348e-05
1.65191e-06
-2.57118e-05
2.30688e-06
2.98864e-06
-2.50545e-05
-2.41686e-05
6.16155e-07
-2.37324e-05
1.21592e-06
-2.32579e-05
1.83227e-06
2.47753e-06
-2.27468e-05
-2.15103e-05
3.51996e-07
-2.12102e-05
9.15607e-07
-2.08702e-05
1.49232e-06
2.0979e-06
-2.04907e-05
-1.89685e-05
2.01331e-07
-1.87833e-05
7.30493e-07
-1.85607e-05
1.26957e-06
1.83484e-06
-1.82977e-05
-1.65318e-05
1.49726e-07
-1.64502e-05
6.48678e-07
-1.63325e-05
1.15184e-06
1.67704e-06
-1.61748e-05
-1.42165e-05
1.84792e-07
-1.42207e-05
6.52932e-07
-1.41938e-05
1.12481e-06
1.61261e-06
-1.41294e-05
-1.19958e-05
2.95694e-07
-1.20844e-05
7.41247e-07
-1.21392e-05
1.17964e-06
1.63348e-06
-1.21602e-05
-9.89018e-06
4.73184e-07
-1.00428e-05
8.93964e-07
-1.01683e-05
1.30493e-06
1.72537e-06
-1.02602e-05
-7.86417e-06
7.10294e-07
-8.08127e-06
1.11084e-06
-8.27224e-06
1.4959e-06
1.87836e-06
-8.42531e-06
-5.95573e-06
9.93767e-07
-6.21732e-06
1.37254e-06
-6.44424e-06
1.72269e-06
2.06108e-06
-6.62698e-06
-4.08728e-06
1.31001e-06
-4.37238e-06
1.65741e-06
-4.61047e-06
1.96081e-06
2.22856e-06
-4.778e-06
-2.31211e-06
1.59567e-06
-2.5479e-06
1.89331e-06
-2.71693e-06
2.12974e-06
2.30243e-06
-2.79084e-06
-2.95689e-07
-4.67937e-07
-5.61643e-07
-5.83713e-07
9.40842e-05
4.89055e-05
6.93537e-05
2.92462e-05
4.98745e-05
-3.12881e-05
4.33943e-05
-5.75495e-05
5.20283e-05
-4.53341e-05
6.02528e-05
-1.81319e-05
6.63949e-05
2.08299e-05
5.92357e-05
4.53786e-05
4.51019e-05
4.46223e-05
3.74107e-05
3.19497e-05
3.44706e-05
1.73564e-05
3.36962e-05
1.5628e-06
3.26557e-05
7.7103e-07
3.12893e-05
-1.18679e-06
3.13262e-05
-9.29942e-06
2.92156e-05
-9.02716e-06
2.35795e-05
-5.29731e-06
1.73584e-05
2.37148e-06
2.43827e-05
0.000116069
4.76577e-05
0.000101637
4.36786e-05
7.88992e-05
-8.55053e-06
6.51739e-05
-4.38242e-05
6.58858e-05
-4.6046e-05
7.20842e-05
-2.43303e-05
7.93138e-05
1.36004e-05
8.10048e-05
4.36876e-05
7.72048e-05
4.84224e-05
7.14341e-05
3.77204e-05
6.65784e-05
2.22122e-05
6.07567e-05
7.38448e-06
5.39236e-05
7.60409e-06
4.56707e-05
7.06614e-06
3.91164e-05
-2.74515e-06
3.3625e-05
-3.53578e-06
3.29321e-05
-4.60437e-06
1.95811e-05
1.57225e-05
4.39638e-05
0.000118687
4.46237e-05
0.000122217
4.01483e-05
0.000112
1.66593e-06
9.89051e-05
-3.07289e-05
9.57826e-05
-4.29234e-05
9.7974e-05
-2.65217e-05
9.7757e-05
1.38174e-05
9.18705e-05
4.9574e-05
8.58911e-05
5.44018e-05
7.9457e-05
4.41545e-05
7.1234e-05
3.04352e-05
5.98516e-05
1.87669e-05
5.70154e-05
1.04403e-05
5.78494e-05
6.23215e-06
6.00208e-05
-4.91661e-06
5.67182e-05
-2.33102e-07
5.77592e-05
-5.64544e-06
2.63186e-05
4.71631e-05
7.02824e-05
0.000109147
3.64605e-05
0.000120265
2.90308e-05
0.000121037
8.93491e-07
0.000118441
-2.81326e-05
0.00011823
-4.2712e-05
0.000120242
-2.85337e-05
0.000113689
2.037e-05
9.99943e-05
6.32688e-05
8.62366e-05
6.81595e-05
7.46422e-05
5.57489e-05
6.42399e-05
4.08376e-05
5.21381e-05
3.08687e-05
5.13929e-05
1.11856e-05
6.41082e-05
-6.48319e-06
8.19336e-05
-2.27419e-05
0.000102192
-2.04915e-05
6.29131e-05
3.36336e-05
2.28016e-05
8.72746e-05
9.30841e-05
9.12939e-05
2.41525e-05
0.000105411
1.49142e-05
0.000113529
-7.22539e-06
0.00011737
-3.19732e-05
0.000123303
-4.86447e-05
0.00013055
-3.57811e-05
0.00011707
3.38502e-05
8.80465e-05
9.22923e-05
6.99428e-05
8.62631e-05
5.76808e-05
6.80109e-05
4.9728e-05
4.87903e-05
4.95879e-05
3.10088e-05
5.84498e-05
2.32373e-06
9.19393e-05
-3.99727e-05
6.66985e-05
2.49896e-06
3.43783e-05
1.18289e-05
1.03644e-05
5.76477e-05
7.33346e-06
9.03058e-05
0.000100418
7.75012e-05
9.57821e-06
9.28828e-05
-4.67407e-07
0.000104622
-1.89641e-05
0.000113374
-4.07258e-05
0.000122951
-5.82216e-05
0.000126343
-3.91733e-05
0.000115447
4.4746e-05
5.03718e-05
0.000157368
3.27055e-05
0.00010393
2.74241e-05
7.32923e-05
3.05837e-05
4.56308e-05
5.78286e-05
3.76397e-06
6.64006e-05
-6.24812e-06
3.58545e-05
-9.42649e-06
-8.1546e-06
4.65083e-05
-3.9936e-05
4.36104e-05
-3.73041e-05
5.50159e-05
-1.98934e-05
7.28953e-05
8.05243e-05
7.30588e-05
-6.13766e-06
8.88359e-05
-1.62445e-05
0.00010147
-3.15977e-05
0.000119777
-5.90333e-05
0.000131296
-6.97405e-05
7.04164e-05
2.17066e-05
-3.3762e-06
0.000118539
-2.37492e-05
0.000177741
7.55306e-06
7.26273e-05
2.02729e-05
6.05724e-05
5.91643e-05
6.73959e-06
1.1524e-05
5.14045e-05
-3.08034e-05
3.60795e-05
-6.35136e-05
2.3284e-05
-5.75864e-05
4.05812e-05
-5.88469e-05
4.48711e-05
-5.13881e-05
4.75572e-05
-2.88239e-05
5.03314e-05
5.17004e-05
7.78861e-05
-2.16835e-05
9.69222e-05
-3.52807e-05
0.000135591
-7.02663e-05
9.57724e-05
-1.9215e-05
3.40801e-05
-8.0479e-06
-2.11088e-05
7.68958e-05
-3.8136e-05
0.000135566
-2.003e-05
0.000159635
-8.54842e-06
6.11457e-05
-7.14818e-06
5.91723e-05
-3.4834e-05
3.44256e-05
-4.2886e-05
5.94567e-05
-5.21892e-05
4.53829e-05
-6.21637e-05
3.32587e-05
-6.14856e-05
3.99032e-05
-5.60591e-05
3.94447e-05
-4.54926e-05
3.69909e-05
-2.41766e-05
2.90153e-05
2.7524e-05
0.00012449
-7.5285e-05
0.000111721
-2.25116e-05
6.00319e-05
-1.85775e-05
1.33138e-05
2.75033e-05
-4.15091e-05
4.67751e-05
-4.93993e-05
8.47862e-05
-4.46093e-05
0.000130776
-2.56634e-05
0.000140689
-2.92771e-05
6.47595e-05
-3.64313e-05
6.63265e-05
-5.42964e-05
5.22908e-05
-4.77589e-05
5.29193e-05
-4.76223e-05
4.52464e-05
-4.96453e-05
3.52818e-05
-4.4654e-05
3.4912e-05
-3.85102e-05
3.33009e-05
-3.04408e-05
2.89215e-05
-1.5584e-05
1.41588e-05
1.19399e-05
7.45579e-05
-3.35371e-05
2.82074e-05
2.3839e-05
-2.94248e-05
3.90548e-05
-4.30319e-05
4.11106e-05
-5.36808e-05
5.74241e-05
-5.58547e-05
8.69602e-05
-4.53863e-05
0.000120308
-3.32682e-05
0.000128571
-4.55782e-05
7.70695e-05
-4.54423e-05
6.61907e-05
-4.51704e-05
5.20191e-05
-3.6911e-05
4.466e-05
-3.05222e-05
3.88577e-05
-2.72355e-05
3.19952e-05
-2.29608e-05
3.06374e-05
-1.86873e-05
2.90274e-05
-1.40393e-05
2.42736e-05
-7.32406e-06
7.44338e-06
4.61599e-06
-2.18435e-05
2.13732e-05
-4.11599e-05
4.31556e-05
-5.36339e-05
5.15288e-05
-6.21375e-05
4.96142e-05
-6.35622e-05
5.88489e-05
-5.8555e-05
8.1953e-05
-4.61054e-05
0.000107859
-3.46122e-05
0.000117078
-3.86895e-05
8.11468e-05
-3.60443e-05
6.35456e-05
-3.10026e-05
4.69774e-05
-2.17343e-05
3.53917e-05
-1.08273e-05
2.79507e-05
-6.75133e-06
2.79192e-05
-5.3267e-06
2.92128e-05
-3.81901e-06
2.75197e-05
-1.82021e-06
2.22748e-05
-2.036e-06
7.6594e-06
2.57988e-06
-4.1893e-05
3.67736e-05
-5.28387e-05
5.41014e-05
-5.73746e-05
5.60647e-05
-6.0733e-05
5.29726e-05
-6.11969e-05
5.93128e-05
-5.49083e-05
7.56645e-05
-4.14076e-05
9.4358e-05
-2.687e-05
0.000102541
-2.37779e-05
7.80548e-05
-1.79705e-05
5.77383e-05
-1.18354e-05
4.08423e-05
-4.39384e-06
2.79502e-05
1.92581e-06
2.16311e-05
3.7491e-06
2.60959e-05
3.79983e-06
2.91621e-05
3.77177e-06
2.75478e-05
4.02228e-06
2.20243e-05
5.99426e-07
1.10821e-05
3.17947e-06
-3.2323e-05
5.55056e-05
-3.99e-05
6.16783e-05
-4.31306e-05
5.92954e-05
-4.57457e-05
5.55878e-05
-4.66297e-05
6.01968e-05
-4.18316e-05
7.08664e-05
-2.99095e-05
8.2436e-05
-1.49523e-05
8.75836e-05
-6.58005e-06
6.96826e-05
-3.10208e-07
5.14684e-05
3.65674e-06
3.68754e-05
5.21006e-06
2.63969e-05
5.31469e-06
2.15265e-05
6.19721e-06
2.52134e-05
6.84973e-06
2.85096e-05
6.76605e-06
2.76315e-05
5.81399e-06
2.29763e-05
2.16346e-06
1.47328e-05
5.34279e-06
-1.91596e-05
6.59955e-05
-2.2801e-05
6.53198e-05
-2.41693e-05
6.06637e-05
-2.60018e-05
5.74203e-05
-2.6608e-05
6.08031e-05
-2.30555e-05
6.73139e-05
-1.39967e-05
7.33772e-05
-1.1418e-06
7.47288e-05
8.02053e-06
6.05203e-05
1.31001e-05
4.63889e-05
1.48317e-05
3.51439e-05
1.34751e-05
2.77534e-05
1.02513e-05
2.47503e-05
9.00761e-06
2.64571e-05
9.04409e-06
2.84731e-05
8.42916e-06
2.82464e-05
6.47842e-06
2.49271e-05
2.96479e-06
1.82463e-05
8.30773e-06
-1.10804e-05
6.88573e-05
-1.10288e-05
6.52683e-05
-1.04405e-05
6.00755e-05
-1.0769e-05
5.77488e-05
-9.99312e-06
6.00273e-05
-6.27927e-06
6.36001e-05
1.12603e-06
6.5972e-05
1.14622e-05
6.43927e-05
1.78959e-05
5.40866e-05
2.0808e-05
4.34768e-05
2.05652e-05
3.53867e-05
1.793e-05
3.03886e-05
1.43468e-05
2.83336e-05
1.19333e-05
2.88706e-05
1.062e-05
2.97863e-05
9.17391e-06
2.96925e-05
6.63967e-06
2.74613e-05
3.1866e-06
2.16995e-05
1.14942e-05
-9.52165e-06
6.6778e-05
-6.90409e-06
6.26508e-05
-4.90545e-06
5.80769e-05
-3.60254e-06
5.6446e-05
-1.19077e-06
5.76155e-05
3.02064e-06
5.93887e-05
9.25055e-06
5.97421e-05
1.65116e-05
5.71317e-05
2.07432e-05
4.98551e-05
2.18712e-05
4.23488e-05
2.0605e-05
3.66529e-05
1.78623e-05
3.31313e-05
1.47552e-05
3.14407e-05
1.23767e-05
3.1249e-05
1.06544e-05
3.15087e-05
8.83702e-06
3.15098e-05
6.27643e-06
3.00219e-05
3.09347e-06
2.48823e-05
1.45878e-05
-1.28259e-05
6.2036e-05
-8.68398e-06
5.85091e-05
-5.66854e-06
5.50616e-05
-3.03499e-06
5.38125e-05
3.40493e-07
5.42401e-05
4.79946e-06
5.49298e-05
1.00355e-05
5.45061e-05
1.51292e-05
5.2038e-05
1.79135e-05
4.70708e-05
1.83514e-05
4.19109e-05
1.71439e-05
3.78604e-05
1.51291e-05
3.51461e-05
1.29751e-05
3.35947e-05
1.11902e-05
3.30339e-05
9.66808e-06
3.30307e-05
7.91407e-06
3.32638e-05
5.5375e-06
3.23984e-05
2.7815e-06
2.76384e-05
1.73691e-05
-1.82658e-05
5.61743e-05
-1.34277e-05
5.3671e-05
-9.70266e-06
5.13367e-05
-6.27386e-06
5.03838e-05
-2.45092e-06
5.04172e-05
1.8386e-06
5.06403e-05
6.25365e-06
5.00911e-05
1.01183e-05
4.81734e-05
1.2346e-05
4.48432e-05
1.29546e-05
4.13023e-05
1.24944e-05
3.83206e-05
1.15317e-05
3.61087e-05
1.04344e-05
3.4692e-05
9.40747e-06
3.40608e-05
8.31498e-06
3.41232e-05
6.81516e-06
3.47636e-05
4.70762e-06
3.4506e-05
2.43451e-06
2.99113e-05
1.98037e-05
-2.38033e-05
5.00579e-05
-1.87504e-05
4.86182e-05
-1.46599e-05
4.72463e-05
-1.09119e-05
4.66359e-05
-7.06247e-06
4.65678e-05
-3.03233e-06
4.66102e-05
8.81223e-07
4.61775e-05
4.20171e-06
4.48529e-05
6.41069e-06
4.26342e-05
7.57601e-06
4.0137e-05
8.02652e-06
3.78701e-05
8.08358e-06
3.60516e-05
7.93864e-06
3.48369e-05
7.62777e-06
3.43717e-05
6.99736e-06
3.47536e-05
5.80205e-06
3.59588e-05
4.03424e-06
3.62736e-05
2.28532e-06
3.16604e-05
2.20889e-05
-2.83098e-05
4.41118e-05
-2.33262e-05
4.36348e-05
-1.91406e-05
4.30608e-05
-1.53236e-05
4.28189e-05
-1.15861e-05
4.28304e-05
-7.84123e-06
4.28654e-05
-4.24217e-06
4.25785e-05
-1.09327e-06
4.1704e-05
1.35826e-06
4.01826e-05
3.0986e-06
3.83967e-05
4.33187e-06
3.66368e-05
5.21851e-06
3.5165e-05
5.8355e-06
3.42199e-05
6.12351e-06
3.40836e-05
5.9082e-06
3.49688e-05
5.0094e-06
3.68576e-05
3.71476e-06
3.75683e-05
2.35019e-06
3.30247e-05
2.44392e-05
-3.14096e-05
3.85281e-05
-2.66329e-05
3.88582e-05
-2.25088e-05
3.89368e-05
-1.87456e-05
3.90558e-05
-1.51389e-05
3.92237e-05
-1.16071e-05
3.93336e-05
-8.2094e-06
3.91808e-05
-5.10088e-06
3.85955e-05
-2.45796e-06
3.75397e-05
-2.6933e-07
3.6208e-05
1.53011e-06
3.48373e-05
3.01862e-06
3.36764e-05
4.19839e-06
3.30401e-05
4.96366e-06
3.33183e-05
5.10506e-06
3.48274e-05
4.50079e-06
3.74618e-05
3.7364e-06
3.83325e-05
2.36187e-06
3.43993e-05
2.68009e-05
-3.31123e-05
3.33831e-05
-2.86135e-05
3.43595e-05
-2.46341e-05
3.49575e-05
-2.09801e-05
3.54018e-05
-1.75083e-05
3.5752e-05
-1.41437e-05
3.5969e-05
-1.09023e-05
3.59394e-05
-7.85956e-06
3.55527e-05
-5.11098e-06
3.47911e-05
-2.67482e-06
3.37718e-05
-5.25471e-07
3.2688e-05
1.36241e-06
3.17885e-05
2.94719e-06
3.14553e-05
4.08321e-06
3.21822e-05
4.54876e-06
3.43617e-05
4.28265e-06
3.77278e-05
3.67985e-06
3.89353e-05
2.14844e-06
3.59305e-05
2.89494e-05
-3.36375e-05
2.87088e-05
-2.94519e-05
3.01739e-05
-2.56705e-05
3.11762e-05
-2.21689e-05
3.19002e-05
-1.88481e-05
3.24312e-05
-1.56499e-05
3.27708e-05
-1.25664e-05
3.28559e-05
-9.63407e-06
3.26203e-05
-6.90281e-06
3.20598e-05
-4.38854e-06
3.12575e-05
-2.06753e-06
3.03669e-05
5.56237e-08
2.96653e-05
1.92104e-06
2.95898e-05
3.34491e-06
3.07583e-05
4.09951e-06
3.36071e-05
4.17252e-06
3.76547e-05
3.48333e-06
3.96244e-05
1.87131e-06
3.75426e-05
3.08205e-05
-3.32645e-05
2.45047e-05
-2.94199e-05
2.63293e-05
-2.58817e-05
2.76381e-05
-2.25776e-05
2.85961e-05
-1.94434e-05
2.92969e-05
-1.64362e-05
2.97636e-05
-1.35406e-05
2.99602e-05
-1.07699e-05
2.98496e-05
-8.14202e-06
2.94319e-05
-5.65856e-06
2.8774e-05
-3.31315e-06
2.80214e-05
-1.09293e-06
2.7445e-05
9.45926e-07
2.75509e-05
2.5681e-06
2.9136e-05
3.5328e-06
3.26423e-05
3.78332e-06
3.74042e-05
3.10277e-06
4.03049e-05
1.64263e-06
3.90025e-05
3.24632e-05
-3.22628e-05
2.07741e-05
-2.87805e-05
2.2847e-05
-2.5527e-05
2.43846e-05
-2.24636e-05
2.55328e-05
-1.95569e-05
2.63902e-05
-1.67715e-05
2.69781e-05
-1.40924e-05
2.72811e-05
-1.15179e-05
2.7275e-05
-9.05461e-06
2.69686e-05
-6.7001e-06
2.64194e-05
-4.42793e-06
2.57492e-05
-2.22794e-06
2.52449e-05
-1.4377e-07
2.54666e-05
1.5954e-06
2.73968e-05
2.68965e-06
3.1548e-05
3.03159e-06
3.70621e-05
2.53071e-06
4.08057e-05
1.43573e-06
4.00976e-05
3.38988e-05
-3.08446e-05
1.75075e-05
-2.77395e-05
1.9742e-05
-2.48006e-05
2.14455e-05
-2.20144e-05
2.27466e-05
-1.93645e-05
2.37403e-05
-1.68298e-05
2.44434e-05
-1.43915e-05
2.48429e-05
-1.20454e-05
2.49288e-05
-9.78948e-06
2.47126e-05
-7.61804e-06
2.42479e-05
-5.51092e-06
2.3642e-05
-3.44589e-06
2.31798e-05
-1.43337e-06
2.3454e-05
3.30614e-07
2.56327e-05
1.52867e-06
3.03498e-05
1.99916e-06
3.65916e-05
1.80541e-06
4.09994e-05
1.15242e-06
4.07503e-05
3.50513e-05
-2.91615e-05
1.46909e-05
-2.64422e-05
1.70227e-05
-2.38332e-05
1.88365e-05
-2.13475e-05
2.02609e-05
-1.89769e-05
2.13696e-05
-1.67065e-05
2.21729e-05
-1.4527e-05
2.26633e-05
-1.24282e-05
2.283e-05
-1.04132e-05
2.26976e-05
-8.47686e-06
2.23115e-05
-6.59801e-06
2.17631e-05
-4.75053e-06
2.13323e-05
-2.93654e-06
2.16399e-05
-1.27e-06
2.39661e-05
3.48975e-08
2.90448e-05
7.70414e-07
3.5856e-05
9.91953e-07
4.07777e-05
8.30992e-07
4.09113e-05
3.58821e-05
-2.7326e-05
1.23054e-05
-2.49804e-05
1.46771e-05
-2.27099e-05
1.65659e-05
-2.05337e-05
1.80846e-05
-1.84518e-05
1.92876e-05
-1.64556e-05
2.01766e-05
-1.45387e-05
2.07463e-05
-1.27045e-05
2.09958e-05
-1.09547e-05
2.09477e-05
-9.28752e-06
2.06442e-05
-7.68031e-06
2.01558e-05
-6.10283e-06
1.97547e-05
-4.5618e-06
2.00988e-05
-3.06586e-06
2.247e-05
-1.66744e-06
2.76463e-05
-5.09074e-07
3.46975e-05
2.02087e-07
4.00665e-05
5.53374e-07
4.05599e-05
3.64355e-05
-2.5399e-05
1.03178e-05
-2.34193e-05
1.26973e-05
-2.14818e-05
1.46284e-05
-1.96129e-05
1.62156e-05
-1.78189e-05
1.74935e-05
-1.60982e-05
1.84559e-05
-1.44519e-05
1.91e-05
-1.28848e-05
1.94285e-05
-1.1406e-05
1.94689e-05
-1.00135e-05
1.92516e-05
-8.69501e-06
1.88372e-05
-7.41323e-06
1.84728e-05
-6.17536e-06
1.88609e-05
-4.87089e-06
2.11655e-05
-3.36415e-06
2.61395e-05
-1.7531e-06
3.30864e-05
-4.05972e-07
3.87193e-05
3.86377e-07
3.97675e-05
3.68218e-05
-2.34386e-05
8.7018e-06
-2.17998e-05
1.10584e-05
-2.01838e-05
1.30124e-05
-1.86151e-05
1.46468e-05
-1.71033e-05
1.59816e-05
-1.5653e-05
1.70055e-05
-1.42659e-05
1.77128e-05
-1.29577e-05
1.81203e-05
-1.17343e-05
1.82453e-05
-1.05961e-05
1.81133e-05
-9.5353e-06
1.77764e-05
-8.52876e-06
1.74662e-05
-7.5498e-06
1.78818e-05
-6.37757e-06
1.99932e-05
-4.74979e-06
2.45117e-05
-2.64905e-06
3.09856e-05
-7.27598e-07
3.67978e-05
3.39444e-07
3.87003e-05
3.71612e-05
-2.14712e-05
7.4261e-06
-2.01509e-05
9.73799e-06
-1.88407e-05
1.1702e-05
-1.75584e-05
1.33645e-05
-1.63158e-05
1.4739e-05
-1.51203e-05
1.58099e-05
-1.39757e-05
1.65681e-05
-1.28943e-05
1.70388e-05
-1.18803e-05
1.72313e-05
-1.09357e-05
1.71686e-05
-1.00662e-05
1.69068e-05
-9.25269e-06
1.66526e-05
-8.43806e-06
1.70671e-05
-7.33758e-06
1.88926e-05
-5.62362e-06
2.27976e-05
-3.18206e-06
2.85439e-05
-8.43907e-07
3.44596e-05
3.70606e-07
3.74858e-05
3.75317e-05
-1.9522e-05
6.4574e-06
-1.85006e-05
8.71645e-06
-1.74699e-05
1.06712e-05
-1.64564e-05
1.23509e-05
-1.54635e-05
1.3746e-05
-1.44938e-05
1.48401e-05
-1.35559e-05
1.56301e-05
-1.26483e-05
1.61311e-05
-1.17731e-05
1.6356e-05
-1.09383e-05
1.63337e-05
-1.01637e-05
1.61321e-05
-9.4521e-06
1.5941e-05
-8.72478e-06
1.63397e-05
-7.67854e-06
1.78463e-05
-5.99951e-06
2.11185e-05
-3.47635e-06
2.60207e-05
-9.24367e-07
3.19075e-05
4.01395e-07
3.61599e-05
3.79331e-05
-1.76043e-05
5.76396e-06
-1.68577e-05
7.96973e-06
-1.60875e-05
9.90098e-06
-1.53156e-05
1.1579e-05
-1.45403e-05
1.29706e-05
-1.37582e-05
1.40579e-05
-1.29678e-05
1.48396e-05
-1.21616e-05
1.53248e-05
-1.13451e-05
1.55393e-05
-1.05394e-05
1.55279e-05
-9.79515e-06
1.53878e-05
-9.12376e-06
1.52695e-05
-8.4639e-06
1.56798e-05
-7.5272e-06
1.69095e-05
-6.03756e-06
1.96288e-05
-3.71552e-06
2.36986e-05
-1.17679e-06
2.93687e-05
3.37112e-07
3.4646e-05
3.82702e-05
-1.57357e-05
5.32484e-06
-1.52284e-05
7.4623e-06
-1.46984e-05
9.37095e-06
-1.41326e-05
1.1013e-05
-1.35301e-05
1.23681e-05
-1.28737e-05
1.34014e-05
-1.21563e-05
1.41222e-05
-1.13746e-05
1.4543e-05
-1.05538e-05
1.47184e-05
-9.73648e-06
1.47106e-05
-9.00559e-06
1.46568e-05
-8.38271e-06
1.46466e-05
-7.82596e-06
1.51229e-05
-7.08477e-06
1.61682e-05
-5.91103e-06
1.8455e-05
-4.01356e-06
2.18011e-05
-1.71915e-06
2.70743e-05
1.01027e-07
3.28257e-05
3.83712e-05
-1.39117e-05
5.10699e-06
-1.36317e-05
7.18229e-06
-1.32955e-05
9.03462e-06
-1.289e-05
1.06075e-05
-1.23877e-05
1.18657e-05
-1.17802e-05
1.27937e-05
-1.10577e-05
1.33996e-05
-1.02439e-05
1.37291e-05
-9.39198e-06
1.38664e-05
-8.5827e-06
1.39012e-05
-7.90728e-06
1.39813e-05
-7.38831e-06
1.41275e-05
-6.99543e-06
1.473e-05
-6.52561e-06
1.56983e-05
-5.73805e-06
1.76674e-05
-4.36899e-06
2.0432e-05
-2.47317e-06
2.51784e-05
-3.68165e-07
3.07206e-05
3.8003e-05
-1.21395e-05
5.08616e-06
-1.20504e-05
7.09313e-06
-1.18615e-05
8.84567e-06
-1.15374e-05
1.02832e-05
-1.1055e-05
1.13832e-05
-1.04076e-05
1.21463e-05
-9.62178e-06
1.26138e-05
-8.7624e-06
1.28696e-05
-7.92077e-06
1.30247e-05
-7.18317e-06
1.31635e-05
-6.63326e-06
1.34313e-05
-6.28953e-06
1.37837e-05
-6.10768e-06
1.45481e-05
-5.93304e-06
1.55236e-05
-5.53801e-06
1.72723e-05
-4.68409e-06
1.9578e-05
-3.19617e-06
2.36904e-05
-1.01981e-06
2.85442e-05
3.69831e-05
-1.0417e-05
5.24287e-06
-1.0462e-05
7.13801e-06
-1.03375e-05
8.72113e-06
-1.00047e-05
9.95033e-06
-9.44734e-06
1.08258e-05
-8.70435e-06
1.14032e-05
-7.85426e-06
1.17636e-05
-7.0021e-06
1.20174e-05
-6.25339e-06
1.22759e-05
-5.68198e-06
1.25921e-05
-5.32909e-06
1.30784e-05
-5.19695e-06
1.36515e-05
-5.22694e-06
1.4578e-05
-5.31539e-06
1.5612e-05
-5.25644e-06
1.72133e-05
-4.84221e-06
1.91637e-05
-3.73326e-06
2.25814e-05
-1.77408e-06
2.6585e-05
3.5209e-05
-8.70948e-06
5.52698e-06
-8.80883e-06
7.23729e-06
-8.64267e-06
8.55491e-06
-8.19346e-06
9.50105e-06
-7.50903e-06
1.01413e-05
-6.68876e-06
1.05829e-05
-5.85898e-06
1.09338e-05
-5.1293e-06
1.12876e-05
-4.57589e-06
1.17225e-05
-4.23041e-06
1.22465e-05
-4.10124e-06
1.29492e-05
-4.1679e-06
1.37181e-05
-4.36617e-06
1.47762e-05
-4.63635e-06
1.58822e-05
-4.81824e-06
1.73952e-05
-4.73492e-06
1.90804e-05
-4.00063e-06
2.18471e-05
-2.45807e-06
2.50424e-05
3.27509e-05
-6.94649e-06
5.84644e-06
-6.97211e-06
7.26287e-06
-6.65455e-06
8.23731e-06
-6.0517e-06
8.89817e-06
-5.29198e-06
9.38154e-06
-4.52464e-06
9.81549e-06
-3.8597e-06
1.02688e-05
-3.36551e-06
1.07934e-05
-3.0662e-06
1.14231e-05
-2.95823e-06
1.21385e-05
-3.01185e-06
1.30028e-05
-3.21718e-06
1.39234e-05
-3.50531e-06
1.50643e-05
-3.85317e-06
1.623e-05
-4.14561e-06
1.76876e-05
-4.27123e-06
1.9206e-05
-3.87535e-06
2.14512e-05
-2.78807e-06
2.39551e-05
2.99628e-05
-4.99851e-06
6.06691e-06
-4.83773e-06
7.10204e-06
-4.3495e-06
7.74903e-06
-3.69747e-06
8.2461e-06
-3.0448e-06
8.72883e-06
-2.4968e-06
9.26745e-06
-2.12035e-06
9.89229e-06
-1.90415e-06
1.05772e-05
-1.83786e-06
1.13568e-05
-1.90341e-06
1.2204e-05
-2.07046e-06
1.31698e-05
-2.32862e-06
1.41815e-05
-2.62543e-06
1.53611e-05
-2.9606e-06
1.65651e-05
-3.24968e-06
1.79766e-05
-3.45217e-06
1.94085e-05
-3.28614e-06
2.12852e-05
-2.56181e-06
2.32307e-05
2.7401e-05
-2.77701e-06
6.05303e-06
-2.4475e-06
6.77247e-06
-1.96296e-06
7.26444e-06
-1.50004e-06
7.78314e-06
-1.14436e-06
8.37311e-06
-9.22114e-07
9.04517e-06
-8.18138e-07
9.78828e-06
-8.20196e-07
1.05792e-05
-9.03271e-07
1.14398e-05
-1.05399e-06
1.23547e-05
-1.24365e-06
1.33594e-05
-1.47352e-06
1.44114e-05
-1.71797e-06
1.56056e-05
-1.97855e-06
1.68257e-05
-2.21782e-06
1.82159e-05
-2.38943e-06
1.95801e-05
-2.33014e-06
2.12259e-05
-1.87557e-06
2.27761e-05
2.55254e-05
-4.85327e-07
-2.70895e-07
-7.01521e-08
5.51118e-08
1.04631e-07
9.32276e-08
3.62447e-08
-5.64685e-08
-1.73066e-07
-3.08599e-07
-4.60462e-07
-6.33752e-07
-8.09725e-07
-9.91985e-07
-1.14906e-06
-1.2693e-06
-1.25774e-06
-1.00325e-06
)
;

boundaryField
{
    leftWall
    {
        type            calculated;
        value           uniform 0;
    }
    rightWall
    {
        type            calculated;
        value           uniform 0;
    }
    lowerWall
    {
        type            calculated;
        value           uniform 0;
    }
    atmosphere
    {
        type            calculated;
        value           nonuniform List<scalar> 
46
(
-7.33389e-06
-4.32868e-06
-5.36085e-06
-8.61125e-06
-1.2123e-05
-1.52836e-05
-1.78394e-05
-1.96852e-05
-2.08029e-05
-2.12272e-05
-2.10218e-05
-2.02617e-05
-1.90278e-05
-1.73986e-05
-1.54523e-05
-1.32611e-05
-1.08946e-05
-8.41952e-06
-5.9019e-06
-3.41748e-06
-1.06422e-06
1.07731e-06
2.80803e-06
1.84768e-06
2.06541e-06
2.22338e-06
2.32447e-06
5.95462e-06
6.55803e-06
7.06368e-06
7.65786e-06
8.32358e-06
9.05656e-06
9.84526e-06
1.06719e-05
1.15564e-05
1.24903e-05
1.35113e-05
1.45847e-05
1.57815e-05
1.7008e-05
1.8373e-05
1.97003e-05
2.12143e-05
2.25216e-05
2.45222e-05
)
;
    }
    defaultFaces
    {
        type            empty;
        value           nonuniform List<scalar> 0();
    }
}


// ************************************************************************* //
