/*--------------------------------*- C++ -*----------------------------------*\
| =========                 |                                                 |
| \\      /  F ield         | OpenFOAM: The Open Source CFD Toolbox           |
|  \\    /   O peration     | Version:  2312                                  |
|   \\  /    A nd           | Website:  www.openfoam.com                      |
|    \\/     M anipulation  |                                                 |
\*---------------------------------------------------------------------------*/
FoamFile
{
    version     2.0;
    format      ascii;
    arch        "LSB;label=32;scalar=64";
    class       volVectorField;
    location    "1.25";
    object      U;
}
// * * * * * * * * * * * * * * * * * * * * * * * * * * * * * * * * * * * * * //

dimensions      [0 1 -1 0 0 0 0];

internalField   nonuniform List<vector> 
2268
(
(0.0399435 -0.0164396 0)
(0.0637126 -0.00662181 0)
(0.0858808 -0.00508319 0)
(0.107213 -0.00504492 0)
(0.128635 -0.00479561 0)
(0.148828 -0.00404147 0)
(0.165388 -0.00275236 0)
(0.175809 -0.000910857 0)
(0.177756 0.00135831 0)
(0.169581 0.00379732 0)
(0.150894 0.00608922 0)
(0.123048 0.00778224 0)
(0.0894827 0.00844822 0)
(0.0554594 0.00774385 0)
(0.0260067 0.00612703 0)
(0.00386954 0.00425813 0)
(-0.0107494 0.00253456 0)
(-0.0192452 0.00112122 0)
(-0.0226925 -1.37862e-05 0)
(-0.0218781 -0.000996399 0)
(-0.0170086 -0.00172974 0)
(-0.0115288 -0.00261589 0)
(0.00195112 0.000113482 0)
(0.0306036 -0.0356974 0)
(0.0569494 -0.0161538 0)
(0.0805589 -0.0145771 0)
(0.104062 -0.015657 0)
(0.127085 -0.0157571 0)
(0.148259 -0.0141221 0)
(0.165507 -0.0105761 0)
(0.176438 -0.00520462 0)
(0.178645 0.00166351 0)
(0.170411 0.00922645 0)
(0.151287 0.0165007 0)
(0.122553 0.0221697 0)
(0.0877099 0.0248162 0)
(0.0524416 0.0235448 0)
(0.0222331 0.0191368 0)
(-0.000115859 0.0137192 0)
(-0.0146878 0.00861195 0)
(-0.0230817 0.00444629 0)
(-0.0265031 0.00109384 0)
(-0.0257653 -0.00173618 0)
(-0.0211988 -0.00403045 0)
(-0.0149775 -0.00639379 0)
(-0.00419519 -0.00468136 0)
(0.0150835 -0.0527218 0)
(0.0435422 -0.0287634 0)
(0.0686207 -0.0267349 0)
(0.095717 -0.0273541 0)
(0.121901 -0.026582 0)
(0.145345 -0.0232407 0)
(0.164177 -0.0170055 0)
(0.176248 -0.00801338 0)
(0.179116 0.00327229 0)
(0.170957 0.0157154 0)
(0.151155 0.0277737 0)
(0.120864 0.0371721 0)
(0.0837574 0.0413669 0)
(0.0462023 0.0387707 0)
(0.0146556 0.0309614 0)
(-0.00778743 0.0217237 0)
(-0.0219187 0.0132282 0)
(-0.0296047 0.00635391 0)
(-0.0323326 0.000929781 0)
(-0.030936 -0.00307789 0)
(-0.0257131 -0.00696367 0)
(-0.0177648 -0.0104722 0)
(-0.00669778 -0.009605 0)
(-0.00385653 -0.0595982 0)
(0.0231922 -0.0400223 0)
(0.0494189 -0.0404328 0)
(0.0805588 -0.0414232 0)
(0.110711 -0.0400067 0)
(0.137627 -0.034877 0)
(0.15935 -0.0257387 0)
(0.173731 -0.012606 0)
(0.178216 0.00399056 0)
(0.170885 0.0223443 0)
(0.150963 0.0405106 0)
(0.119322 0.0552301 0)
(0.0795907 0.0625614 0)
(0.0392243 0.0595307 0)
(0.00631721 0.0480775 0)
(-0.0156816 0.0335535 0)
(-0.0284991 0.0203869 0)
(-0.0344384 0.0103529 0)
(-0.0353716 0.00265133 0)
(-0.0327974 -0.00461979 0)
(-0.0270084 -0.0111518 0)
(-0.0179831 -0.0157909 0)
(-0.00830351 -0.0162123 0)
(-0.0241033 -0.0627687 0)
(-0.00308758 -0.0524976 0)
(0.0255307 -0.055496 0)
(0.0610366 -0.056908 0)
(0.0950147 -0.054398 0)
(0.125938 -0.047031 0)
(0.15177 -0.0347986 0)
(0.170115 -0.0175934 0)
(0.178003 0.00444222 0)
(0.173162 0.0283796 0)
(0.154176 0.0518898 0)
(0.121256 0.0701821 0)
(0.0780673 0.077032 0)
(0.0335465 0.0669352 0)
(-0.000217799 0.0473461 0)
(-0.0194266 0.0286529 0)
(-0.0269184 0.014675 0)
(-0.0272296 0.00493201 0)
(-0.0244662 -0.00232188 0)
(-0.0205776 -0.00999897 0)
(-0.0160623 -0.0164216 0)
(-0.0113287 -0.0205491 0)
(-0.00772092 -0.0214093 0)
(-0.040786 -0.0699674 0)
(-0.0229982 -0.0729159 0)
(0.00618276 -0.0727535 0)
(0.04465 -0.0742486 0)
(0.0821994 -0.0711533 0)
(0.116931 -0.0616289 0)
(0.146742 -0.0458965 0)
(0.169642 -0.0238759 0)
(0.182665 0.00293246 0)
(0.183116 0.0318524 0)
(0.168518 0.0619816 0)
(0.138041 0.0857425 0)
(0.098721 0.0941998 0)
(0.0623993 0.085848 0)
(0.0418302 0.068263 0)
(0.0407003 0.0455801 0)
(0.0553679 0.0255301 0)
(0.0736852 0.0110718 0)
(0.0847771 0.00291561 0)
(0.0812137 -0.00190608 0)
(0.0611124 -0.00844784 0)
(0.026064 -0.0202766 0)
(0.012402 -0.0370771 0)
(-0.0484143 -0.00646798 0)
(-0.0353837 -0.07895 0)
(0.00761816 -0.0891864 0)
(0.0443411 -0.0899268 0)
(0.0823464 -0.0878233 0)
(0.121537 -0.0781262 0)
(0.156734 -0.0614577 0)
(0.184867 -0.0381776 0)
(0.203274 -0.00628099 0)
(0.210536 0.0354132 0)
(0.203605 0.0738527 0)
(0.185895 0.100638 0)
(0.168484 0.117428 0)
(0.174703 0.114773 0)
(0.186429 0.0777609 0)
(0.207662 0.0377313 0)
(0.236827 0.00837716 0)
(0.260598 -0.00620022 0)
(0.280434 -0.0091694 0)
(0.296902 -0.00539085 0)
(0.297416 0.00220348 0)
(0.254001 0.0137366 0)
(0.183448 0.0178718 0)
(0.0231921 -0.016437 0)
(0.0492448 -0.0706894 0)
(0.0268471 -0.0999769 0)
(0.0597323 -0.107049 0)
(0.0983521 -0.103121 0)
(0.141296 -0.0906811 0)
(0.182846 -0.06902 0)
(0.216386 -0.0386001 0)
(0.240256 -0.00236923 0)
(0.254435 0.0372288 0)
(0.257632 0.0757308 0)
(0.256159 0.114646 0)
(0.252485 0.125165 0)
(0.271027 0.0935836 0)
(0.30534 0.0493964 0)
(0.333629 0.0174668 0)
(0.350759 -0.00239753 0)
(0.35886 -0.0120235 0)
(0.365561 -0.0150629 0)
(0.370726 -0.00889773 0)
(0.367425 0.0128201 0)
(0.3242 0.0596972 0)
(0.243976 0.162699 0)
(-0.0277874 0.000396875 0)
(-0.0402455 0.00315029 0)
(-0.113668 0.0330465 0)
(-0.309268 0.0294992 0)
(-0.33328 -0.00577829 0)
(-0.297951 -0.0201371 0)
(-0.269306 -0.0195879 0)
(-0.254615 -0.0157339 0)
(-0.2058 -0.0215993 0)
(-0.146255 -0.0180432 0)
(-0.0987327 -0.0123268 0)
(-0.0619841 -0.0103645 0)
(-0.0372143 -0.0127263 0)
(-0.0026068 -0.0110293 0)
(0.000944267 -0.00372976 0)
(-0.00938857 -0.00119964 0)
(-0.00782153 -0.00245828 0)
(-0.0116398 -0.00424193 0)
(0.0668657 0.0115393 0)
(-0.0903695 0.0332085 0)
(-0.173606 0.0391728 0)
(-0.200534 0.0618765 0)
(-0.208434 0.0540778 0)
(-0.11551 0.00618258 0)
(-0.0470245 -0.0186332 0)
(-0.072855 0.00739787 0)
(-0.155862 -0.00283921 0)
(-0.133661 -0.0381282 0)
(-0.119184 -0.0308388 0)
(-0.1018 -0.0246461 0)
(-0.0739366 -0.0201069 0)
(-0.0488435 -0.0141596 0)
(-0.0472597 -0.00633675 0)
(-0.0590171 0.00476338 0)
(-0.0832475 0.00831248 0)
(-0.0955664 0.00183716 0)
(-0.117436 -0.0185267 0)
(0.0391061 0.00488121 0)
(-0.175724 0.105784 0)
(-0.278624 0.069844 0)
(-0.259146 0.0449827 0)
(-0.1863 0.00737196 0)
(-0.110435 -0.0513484 0)
(-0.0584198 -0.0384405 0)
(-0.00879501 0.0107221 0)
(0.0439185 0.034629 0)
(-0.0065845 -0.0347894 0)
(-0.0662894 -0.0245487 0)
(-0.103751 -0.027948 0)
(-0.0912528 -0.0331076 0)
(-0.0693344 -0.0254825 0)
(-0.0772931 -0.00454568 0)
(-0.1428 0.0113535 0)
(-0.204568 0.0207966 0)
(-0.220563 0.00163583 0)
(-0.195385 -0.0522295 0)
(0.00104822 -0.026006 0)
(-0.202868 0.213822 0)
(-0.29679 0.0924155 0)
(-0.283575 0.0234327 0)
(-0.218615 -0.0299759 0)
(-0.148811 -0.0709941 0)
(-0.0956816 -0.055753 0)
(-0.063173 -0.0227915 0)
(-0.00770465 -0.00770292 0)
(0.0526936 -0.0139654 0)
(-0.0161993 0.0105178 0)
(-0.107982 -0.021438 0)
(-0.117604 -0.0393173 0)
(-0.12457 -0.0182241 0)
(-0.154156 0.0317434 0)
(-0.225289 0.0522675 0)
(-0.269667 0.036134 0)
(-0.259153 -0.0206283 0)
(-0.196162 -0.0959953 0)
(-0.0315852 -0.0859642 0)
(-0.172915 0.31415 0)
(-0.252803 0.120641 0)
(-0.267775 0.0132153 0)
(-0.215525 -0.0649463 0)
(-0.154247 -0.0977761 0)
(-0.0899067 -0.0705921 0)
(-0.0848122 -0.0362933 0)
(-0.0940299 -0.0296959 0)
(-0.087927 -0.0161261 0)
(-0.094265 0.0552661 0)
(-0.161879 0.0171711 0)
(-0.220919 -0.0188129 0)
(-0.217346 -0.0054527 0)
(-0.168307 0.0301008 0)
(-0.120458 0.0689885 0)
(-0.138094 0.0638994 0)
(-0.18216 -0.0309546 0)
(-0.159908 -0.123417 0)
(-0.0455786 -0.132841 0)
(-0.135547 0.380759 0)
(-0.181688 0.151606 0)
(-0.197881 0.00432326 0)
(-0.176402 -0.0887512 0)
(-0.135956 -0.126281 0)
(-0.0103429 -0.08611 0)
(0.0494792 0.00261602 0)
(-0.156138 -0.00420159 0)
(-0.21947 0.00531129 0)
(-0.221877 0.0376657 0)
(-0.222183 0.0230026 0)
(-0.20883 -0.0169582 0)
(-0.154489 -0.0369631 0)
(-0.0953674 -0.0132798 0)
(-0.0428913 0.0364419 0)
(-0.0118959 0.0646496 0)
(-0.0225191 -0.0141001 0)
(-0.110268 -0.132474 0)
(-0.0415354 -0.190702 0)
(-0.114734 0.429569 0)
(-0.129019 0.164252 0)
(-0.159441 0.00103575 0)
(-0.149821 -0.095864 0)
(-0.0886406 -0.162384 0)
(-0.0326473 -0.162634 0)
(0.188031 0.0527318 0)
(-0.0966237 0.0510061 0)
(-0.191047 0.0250995 0)
(-0.222814 0.037375 0)
(-0.215323 0.0151693 0)
(-0.164092 -0.0416231 0)
(-0.105889 -0.0677902 0)
(-0.0642215 -0.0341402 0)
(-0.0151577 0.0200255 0)
(0.00967321 0.0509871 0)
(0.0666893 0.00455816 0)
(-0.0584923 -0.112201 0)
(-0.00936689 -0.218847 0)
(-0.0956747 0.471186 0)
(-0.0876397 0.166336 0)
(-0.121988 0.0091685 0)
(-0.0999605 -0.10621 0)
(-0.0612281 -0.176711 0)
(-0.0595585 -0.202755 0)
(0.0738791 0.0444492 0)
(0.0685454 0.128922 0)
(-0.069428 0.0571333 0)
(-0.135082 0.0371554 0)
(-0.148188 -0.000466226 0)
(-0.110799 -0.0625466 0)
(-0.0880194 -0.084677 0)
(-0.084669 -0.0404071 0)
(-0.0518762 0.00437337 0)
(-0.0187807 0.0260623 0)
(0.060631 0.0177571 0)
(-0.0133889 -0.0857996 0)
(0.0180447 -0.217628 0)
(0.0504545 -0.0613936 0)
(0.114906 -0.101973 0)
(0.124783 -0.0976345 0)
(0.11687 -0.127141 0)
(0.122937 -0.144617 0)
(0.163825 -0.136038 0)
(0.218954 -0.117233 0)
(0.275358 -0.0922732 0)
(0.31839 -0.0538925 0)
(0.335361 0.00575212 0)
(0.33239 0.0784177 0)
(0.33067 0.110487 0)
(0.356317 0.0944118 0)
(0.389327 0.0678262 0)
(0.41073 0.0382568 0)
(0.417232 0.0131563 0)
(0.416291 -0.00469905 0)
(0.415294 -0.0159303 0)
(0.417117 -0.020533 0)
(0.420378 -0.0148621 0)
(0.423031 0.00973832 0)
(0.418567 0.0711671 0)
(0.400104 0.19577 0)
(0.141816 -0.163264 0)
(0.223212 -0.113193 0)
(0.207848 -0.103708 0)
(0.205986 -0.103826 0)
(0.188937 -0.143831 0)
(0.168066 -0.171607 0)
(0.160845 -0.164734 0)
(0.172641 -0.123794 0)
(0.201597 -0.045826 0)
(0.249931 0.0344617 0)
(0.311332 0.072032 0)
(0.377259 0.0752257 0)
(0.435108 0.0637605 0)
(0.477501 0.0454541 0)
(0.503268 0.0265769 0)
(0.51516 0.0110496 0)
(0.516557 -0.00169253 0)
(0.512067 -0.012883 0)
(0.503958 -0.0207176 0)
(0.484347 -0.011616 0)
(0.437141 0.0310642 0)
(0.376725 0.106487 0)
(0.320849 0.208629 0)
(0.124905 -0.477586 0)
(0.362121 -0.18545 0)
(0.391749 -0.0398125 0)
(0.324817 -0.0763501 0)
(0.262459 -0.122359 0)
(0.219242 -0.146711 0)
(0.205127 -0.155915 0)
(0.21593 -0.151942 0)
(0.248639 -0.121896 0)
(0.301297 -0.0781562 0)
(0.366237 -0.0354465 0)
(0.430678 -0.00960623 0)
(0.484111 0.000878517 0)
(0.521554 0.00442945 0)
(0.541081 0.0053686 0)
(0.544433 0.00416443 0)
(0.535093 0.00072328 0)
(0.512431 -0.00136467 0)
(0.467051 0.0109353 0)
(0.396984 0.0524651 0)
(0.312658 0.114138 0)
(0.238929 0.176963 0)
(0.213095 0.273268 0)
(0.0564666 -0.692524 0)
(0.273709 -0.438492 0)
(0.504145 -0.154759 0)
(0.680348 0.061174 0)
(0.572849 -0.00668087 0)
(0.451644 -0.0725167 0)
(0.337561 -0.134203 0)
(0.301338 -0.166834 0)
(0.299227 -0.144733 0)
(0.317961 -0.109064 0)
(0.351499 -0.0769481 0)
(0.394261 -0.0530287 0)
(0.438265 -0.0350894 0)
(0.473511 -0.0167681 0)
(0.488025 0.000250441 0)
(0.476461 0.0148859 0)
(0.440484 0.0299243 0)
(0.380826 0.0512752 0)
(0.305871 0.0904492 0)
(0.228309 0.143468 0)
(0.165574 0.181463 0)
(0.118461 0.212066 0)
(0.123424 0.298411 0)
(0.0112292 -0.806612 0)
(0.146638 -0.607149 0)
(0.277628 -0.361581 0)
(0.495244 -0.0908326 0)
(0.643768 0.0504449 0)
(0.672628 0.0839845 0)
(0.61086 0.0347221 0)
(0.502629 -0.0852798 0)
(0.424935 -0.106103 0)
(0.356039 -0.106999 0)
(0.328868 -0.10308 0)
(0.331373 -0.0972308 0)
(0.344973 -0.082634 0)
(0.350494 -0.0442439 0)
(0.332561 0.00519992 0)
(0.29547 0.0505875 0)
(0.245555 0.0879929 0)
(0.187046 0.119953 0)
(0.138561 0.164584 0)
(0.0967432 0.198881 0)
(0.0728976 0.20963 0)
(0.0504706 0.225159 0)
(0.0605486 0.290332 0)
(-0.00761614 -0.862621 0)
(0.0729912 -0.693318 0)
(0.121929 -0.47346 0)
(0.209901 -0.292554 0)
(0.335794 -0.137105 0)
(0.460419 -0.0493218 0)
(0.511868 -0.00880995 0)
(0.487975 -0.0203994 0)
(0.420782 -0.0244627 0)
(0.334391 -0.0268543 0)
(0.242603 -0.0632499 0)
(0.202207 -0.0735416 0)
(0.167738 -0.0492585 0)
(0.137727 -0.00102016 0)
(0.115371 0.0538945 0)
(0.0885322 0.101115 0)
(0.0603497 0.137279 0)
(0.0336945 0.160239 0)
(0.0219132 0.199315 0)
(0.0133836 0.214582 0)
(0.0156828 0.219185 0)
(0.00762599 0.231278 0)
(0.0222208 0.274363 0)
(-0.0161732 -0.889214 0)
(0.0350905 -0.747122 0)
(0.0600328 -0.52988 0)
(0.103171 -0.365578 0)
(0.18169 -0.258631 0)
(0.264746 -0.146563 0)
(0.324538 0.0286088 0)
(0.270034 0.0157302 0)
(0.258589 0.0529374 0)
(0.215509 0.0879175 0)
(0.0867328 0.0245208 0)
(0.0270405 -0.0200423 0)
(-0.0119472 -0.0116566 0)
(-0.0397151 0.0282917 0)
(-0.0537254 0.0788134 0)
(-0.0636481 0.124679 0)
(-0.0655679 0.153042 0)
(-0.0685104 0.170548 0)
(-0.0563805 0.196805 0)
(-0.0441441 0.204909 0)
(-0.0260918 0.213447 0)
(-0.0199066 0.223682 0)
(0.000435122 0.249333 0)
(-0.0282588 -0.888006 0)
(-0.00976196 -0.76977 0)
(-0.0209561 -0.530806 0)
(-0.060345 -0.380423 0)
(-0.0905358 -0.290522 0)
(-0.124004 -0.164981 0)
(0.0246287 0.0338493 0)
(-0.0196559 0.0170134 0)
(-0.0347878 0.0507637 0)
(0.012381 0.124437 0)
(-0.0356603 0.0979495 0)
(-0.107835 0.0245591 0)
(-0.139381 0.0224658 0)
(-0.159126 0.0466077 0)
(-0.165485 0.0857116 0)
(-0.159396 0.115798 0)
(-0.15058 0.13696 0)
(-0.140782 0.150649 0)
(-0.125 0.171144 0)
(-0.106628 0.180888 0)
(-0.0830985 0.192839 0)
(-0.0555376 0.198836 0)
(-0.0201887 0.210406 0)
(-0.0453561 -0.851467 0)
(-0.0610129 -0.733955 0)
(-0.136257 -0.446663 0)
(-0.229182 -0.304667 0)
(-0.270401 -0.221548 0)
(-0.274278 -0.139543 0)
(-0.235679 -0.052855 0)
(-0.174268 0.0064455 0)
(-0.16374 0.0420394 0)
(-0.139955 0.115117 0)
(-0.138248 0.139998 0)
(-0.198341 0.071264 0)
(-0.233296 0.0465427 0)
(-0.244421 0.0485274 0)
(-0.243257 0.0698172 0)
(-0.24302 0.0921972 0)
(-0.228321 0.112363 0)
(-0.207781 0.130475 0)
(-0.181322 0.146595 0)
(-0.153755 0.158718 0)
(-0.122352 0.166422 0)
(-0.0857938 0.168319 0)
(-0.0389614 0.173647 0)
(-0.0561776 -0.785684 0)
(-0.0907542 -0.657382 0)
(-0.169098 -0.35734 0)
(-0.25511 -0.255778 0)
(-0.275708 -0.236516 0)
(-0.278178 -0.182921 0)
(-0.268778 -0.107599 0)
(-0.259491 -0.0329563 0)
(-0.265975 0.0368248 0)
(-0.270105 0.106188 0)
(-0.260936 0.148415 0)
(-0.283815 0.108771 0)
(-0.313469 0.0647335 0)
(-0.325334 0.0552554 0)
(-0.316404 0.0703333 0)
(-0.295993 0.0847023 0)
(-0.269059 0.104212 0)
(-0.239822 0.121433 0)
(-0.206256 0.136849 0)
(-0.169146 0.145955 0)
(-0.12554 0.146458 0)
(-0.0660367 0.13583 0)
(0.0360385 0.106481 0)
(-0.0538669 -0.715216 0)
(-0.0862793 -0.60593 0)
(-0.0659868 -0.317255 0)
(-0.178584 -0.188341 0)
(-0.221519 -0.207682 0)
(-0.24701 -0.158221 0)
(-0.257523 -0.100845 0)
(-0.275569 -0.0201718 0)
(-0.300621 0.0667973 0)
(-0.333923 0.130808 0)
(-0.359979 0.156949 0)
(-0.379658 0.130787 0)
(-0.387948 0.090165 0)
(-0.374645 0.0707739 0)
(-0.341703 0.0704088 0)
(-0.299122 0.0750496 0)
(-0.251709 0.0827163 0)
(-0.202485 0.0877721 0)
(-0.151632 0.0924264 0)
(-0.100341 0.0932011 0)
(-0.0302243 0.0712628 0)
(0.0793496 0.0121299 0)
(-0.0896653 -0.133843 0)
(-0.0446943 -0.660411 0)
(-0.0616248 -0.595339 0)
(0.00621305 -0.347618 0)
(-0.00291198 -0.0798454 0)
(-0.122738 -0.1656 0)
(-0.146152 -0.114274 0)
(-0.138624 -0.0699066 0)
(-0.161864 0.0283413 0)
(-0.18545 0.100666 0)
(-0.247832 0.156711 0)
(-0.322443 0.157737 0)
(-0.374594 0.114675 0)
(-0.367068 0.056655 0)
(-0.315736 0.00883213 0)
(-0.253508 -0.0106118 0)
(-0.185418 -0.0152858 0)
(-0.107957 -0.0155986 0)
(0.0269974 0.00725328 0)
(-0.130971 0.0150363 0)
(-0.150445 -0.0182811 0)
(-0.185067 -0.0471027 0)
(-0.184298 0.164768 0)
(-0.246008 0.134296 0)
(-0.0371273 -0.623593 0)
(-0.0223983 -0.605175 0)
(-0.00447602 -0.473088 0)
(0.218656 -0.0663741 0)
(0.167643 -0.0208179 0)
(0.110706 -0.122189 0)
(0.184441 -0.171112 0)
(0.277204 -0.0467469 0)
(0.378429 0.0860596 0)
(0.49743 0.183415 0)
(0.759692 0.310052 0)
(1.24309 0.291548 0)
(0.590156 0.0491075 0)
(0.423134 -0.039086 0)
(0.222323 -0.0537428 0)
(0.0465676 -0.0978706 0)
(-0.0876847 -0.0664599 0)
(-0.155181 0.127911 0)
(-0.183679 0.126376 0)
(-0.19801 0.0965979 0)
(-0.223533 0.0794784 0)
(-0.215206 0.112974 0)
(-0.188009 0.0854615 0)
(-0.0303188 -0.602079 0)
(0.00589422 -0.617309 0)
(0.00739144 -0.572614 0)
(0.214115 -0.274543 0)
(0.427529 -0.187799 0)
(0.721291 -0.0525068 0)
(0.649059 -0.105983 0)
(0.561255 -0.174107 0)
(0.64696 -0.212805 0)
(0.764897 -0.233697 0)
(0.913844 -0.22384 0)
(1.6805 0.446618 0)
(1.24784 0.526403 0)
(0.430991 0.448158 0)
(0.290967 0.298518 0)
(0.0175676 0.200783 0)
(-0.0993623 0.141631 0)
(-0.151861 0.134147 0)
(-0.15541 0.110686 0)
(-0.150291 0.0837132 0)
(-0.138737 0.0643242 0)
(-0.113548 0.0637487 0)
(-0.0841008 0.0525338 0)
(-0.0222362 -0.594926 0)
(0.0285225 -0.642305 0)
(0.0453753 -0.631608 0)
(0.142043 -0.508183 0)
(0.289723 -0.435348 0)
(0.479165 -0.335867 0)
(0.757443 -0.138517 0)
(0.840101 -0.121287 0)
(0.859857 -0.239113 0)
(0.92513 -0.331024 0)
(1.05971 -0.316683 0)
(1.28652 0.604658 0)
(0.490212 0.904853 0)
(0.431383 0.741892 0)
(0.18713 0.472713 0)
(0.0355331 0.307706 0)
(-0.0410193 0.199179 0)
(-0.0738764 0.141063 0)
(-0.0779161 0.0984079 0)
(-0.0717541 0.0666043 0)
(-0.0596809 0.0456777 0)
(-0.0467083 0.0390616 0)
(-0.0331852 0.0376797 0)
(-0.00897199 -0.605255 0)
(0.0614131 -0.687183 0)
(0.104057 -0.682491 0)
(0.179966 -0.60307 0)
(0.254239 -0.537396 0)
(0.356903 -0.456113 0)
(0.491567 -0.383906 0)
(0.670174 -0.362381 0)
(0.775657 -0.428196 0)
(0.854576 -0.475729 0)
(0.97141 -0.334977 0)
(0.587916 0.882749 0)
(0.27478 1.15102 0)
(0.24975 0.876677 0)
(0.0764738 0.618406 0)
(0.0178559 0.397105 0)
(-0.0166698 0.244589 0)
(-0.0369613 0.155901 0)
(-0.0408139 0.0992576 0)
(-0.0386332 0.0629992 0)
(-0.0342128 0.0417444 0)
(-0.0291339 0.0327348 0)
(-0.0211823 0.0310028 0)
(0.0110606 -0.643147 0)
(0.103256 -0.749992 0)
(0.160523 -0.74788 0)
(0.230058 -0.675313 0)
(0.281548 -0.614596 0)
(0.341251 -0.533772 0)
(0.409592 -0.463397 0)
(0.495828 -0.439375 0)
(0.580057 -0.471392 0)
(0.643945 -0.515237 0)
(0.629635 0.360485 0)
(0.164515 1.15166 0)
(0.0834826 1.28135 0)
(0.0216927 0.966726 0)
(-0.028886 0.685018 0)
(-0.0271309 0.434455 0)
(-0.0349152 0.264206 0)
(-0.036745 0.162371 0)
(-0.0355774 0.0980488 0)
(-0.0321515 0.0592109 0)
(-0.0284513 0.0374151 0)
(-0.0251444 0.0274102 0)
(-0.019569 0.0253066 0)
(0.0361999 -0.728837 0)
(0.141715 -0.832784 0)
(0.205061 -0.822849 0)
(0.279799 -0.725641 0)
(0.321987 -0.647299 0)
(0.358355 -0.581566 0)
(0.405094 -0.525204 0)
(0.471817 -0.503951 0)
(0.560366 -0.539077 0)
(0.632317 -0.542411 0)
(0.275714 0.322827 0)
(-0.382378 1.399 0)
(-0.133022 1.27278 0)
(-0.192055 0.973415 0)
(-0.133653 0.680859 0)
(-0.0863859 0.423831 0)
(-0.069652 0.2596 0)
(-0.0520314 0.156915 0)
(-0.0428219 0.0931018 0)
(-0.0359495 0.0554088 0)
(-0.0313279 0.0343566 0)
(-0.0278016 0.0243551 0)
(-0.023132 0.0213899 0)
(0.0471621 -0.846785 0)
(0.164544 -0.91371 0)
(0.237116 -0.875351 0)
(0.295441 -0.776747 0)
(0.386605 -0.678753 0)
(0.448264 -0.64419 0)
(0.530924 -0.644189 0)
(0.517539 -0.694999 0)
(0.341022 -0.791042 0)
(-0.173061 -0.0512602 0)
(-0.684184 1.00271 0)
(-0.575467 1.39622 0)
(-0.420107 1.16312 0)
(-0.331394 0.906834 0)
(-0.219663 0.619911 0)
(-0.141486 0.379838 0)
(-0.100977 0.234268 0)
(-0.0713862 0.140061 0)
(-0.0546383 0.082273 0)
(-0.0439554 0.0484343 0)
(-0.0372446 0.0299455 0)
(-0.0329263 0.020946 0)
(-0.0288771 0.0180036 0)
(0.0428873 -0.941933 0)
(0.163392 -0.975771 0)
(0.234107 -0.94619 0)
(0.35802 -0.90142 0)
(0.366577 -0.816195 0)
(0.30875 -0.679084 0)
(0.234401 -0.591034 0)
(-0.146461 -0.430968 0)
(-0.634667 0.127996 0)
(-0.835879 0.52214 0)
(-0.898441 1.02939 0)
(-0.74042 1.1927 0)
(-0.577684 1.01154 0)
(-0.412994 0.781879 0)
(-0.272871 0.517838 0)
(-0.179781 0.315558 0)
(-0.123457 0.194515 0)
(-0.0874154 0.115035 0)
(-0.0656587 0.0670188 0)
(-0.0520843 0.0391242 0)
(-0.0439294 0.0241675 0)
(-0.0387822 0.0170582 0)
(-0.0344696 0.0148668 0)
(0.0390964 -1.00003 0)
(0.172392 -1.05408 0)
(0.22907 -1.10231 0)
(0.176207 -0.87764 0)
(0.0653246 -0.667862 0)
(-0.19008 -0.472183 0)
(-0.544492 -0.17555 0)
(-0.783201 -0.0121474 0)
(-0.944711 0.184389 0)
(-0.997709 0.542593 0)
(-0.973543 0.876665 0)
(-0.789709 0.966781 0)
(-0.621977 0.825778 0)
(-0.435421 0.619522 0)
(-0.287254 0.39512 0)
(-0.194149 0.241614 0)
(-0.133599 0.147234 0)
(-0.0961952 0.0856021 0)
(-0.0727111 0.04888 0)
(-0.0581634 0.0280472 0)
(-0.0490661 0.0172609 0)
(-0.0434312 0.0127123 0)
(-0.0393376 0.0116857 0)
(0.0397242 -1.16535 0)
(0.116251 -1.22165 0)
(0.0478988 -1.02331 0)
(-0.0736314 -0.73787 0)
(-0.324594 -0.376016 0)
(-0.581358 -0.136696 0)
(-0.731921 -0.049807 0)
(-0.880555 0.0843139 0)
(-0.986527 0.286472 0)
(-1.00671 0.528175 0)
(-0.93199 0.729097 0)
(-0.756278 0.754144 0)
(-0.583172 0.633293 0)
(-0.406233 0.448791 0)
(-0.269304 0.275466 0)
(-0.187899 0.169225 0)
(-0.132305 0.100121 0)
(-0.0975568 0.0562052 0)
(-0.0753869 0.03057 0)
(-0.0613133 0.0167282 0)
(-0.0524094 0.0101993 0)
(-0.0466752 0.0079985 0)
(-0.0425444 0.00835415 0)
(0.0275248 -1.27143 0)
(0.0549187 -1.16313 0)
(-0.103277 -0.840228 0)
(-0.238556 -0.512097 0)
(-0.497335 -0.165437 0)
(-0.622822 -0.0238663 0)
(-0.742365 0.0839274 0)
(-0.851073 0.198934 0)
(-0.918208 0.341811 0)
(-0.911583 0.494759 0)
(-0.820667 0.596296 0)
(-0.665458 0.574532 0)
(-0.500589 0.455689 0)
(-0.345289 0.296137 0)
(-0.235039 0.175896 0)
(-0.169277 0.106138 0)
(-0.122932 0.0585693 0)
(-0.0933199 0.0295111 0)
(-0.0741241 0.0136849 0)
(-0.0616736 0.00611732 0)
(-0.0535575 0.00338321 0)
(-0.0481294 0.00350333 0)
(-0.0441976 0.00510214 0)
(0.00276152 -1.27432 0)
(-0.0386414 -1.05446 0)
(-0.211304 -0.66794 0)
(-0.27297 -0.3853 0)
(-0.525265 -0.00723166 0)
(-0.613051 0.0952256 0)
(-0.705668 0.17705 0)
(-0.773697 0.266036 0)
(-0.803709 0.363145 0)
(-0.776421 0.447585 0)
(-0.684296 0.478435 0)
(-0.549802 0.421992 0)
(-0.402861 0.302145 0)
(-0.276734 0.175738 0)
(-0.197238 0.100746 0)
(-0.145797 0.0552155 0)
(-0.10939 0.024383 0)
(-0.0855356 0.00736683 0)
(-0.0697928 -0.000571086 0)
(-0.059601 -0.00313141 0)
(-0.052833 -0.00275103 0)
(-0.0480015 -0.000726638 0)
(-0.0444099 0.00188989 0)
(-0.0398008 -1.21158 0)
(-0.142193 -0.923288 0)
(-0.288612 -0.543203 0)
(-0.343085 -0.244546 0)
(-0.552529 0.122297 0)
(-0.596488 0.181011 0)
(-0.653952 0.237105 0)
(-0.684834 0.297797 0)
(-0.683677 0.354805 0)
(-0.639692 0.38769 0)
(-0.54983 0.369672 0)
(-0.431597 0.289673 0)
(-0.307405 0.175879 0)
(-0.215957 0.0894407 0)
(-0.160821 0.0451743 0)
(-0.121208 0.0157149 0)
(-0.093512 -0.00198126 0)
(-0.0755688 -0.00965107 0)
(-0.0638349 -0.0117452 0)
(-0.0560113 -0.0106045 0)
(-0.0505343 -0.00790877 0)
(-0.0465014 -0.00453762 0)
(-0.0434328 -0.00107754 0)
(-0.086326 -1.08221 0)
(-0.227268 -0.765056 0)
(-0.35904 -0.409202 0)
(-0.421189 -0.120031 0)
(-0.569528 0.195444 0)
(-0.572628 0.229444 0)
(-0.597497 0.264781 0)
(-0.59816 0.29988 0)
(-0.573307 0.324212 0)
(-0.516685 0.319523 0)
(-0.428492 0.268802 0)
(-0.323049 0.175821 0)
(-0.226219 0.0813395 0)
(-0.165963 0.0305505 0)
(-0.126773 0.00386667 0)
(-0.09699 -0.0134006 0)
(-0.0777364 -0.0207511 0)
(-0.0652316 -0.0221962 0)
(-0.0569301 -0.0200816 0)
(-0.0512912 -0.0163219 0)
(-0.0472494 -0.01202 0)
(-0.0439808 -0.00775661 0)
(-0.0414379 -0.00371939 0)
(-0.120447 -0.90173 0)
(-0.281667 -0.611332 0)
(-0.427181 -0.292781 0)
(-0.513366 0.00121562 0)
(-0.553047 0.215894 0)
(-0.538014 0.241935 0)
(-0.536009 0.264182 0)
(-0.514655 0.278844 0)
(-0.473524 0.277466 0)
(-0.40837 0.246072 0)
(-0.322234 0.175225 0)
(-0.230599 0.0824945 0)
(-0.164045 0.0176901 0)
(-0.124188 -0.0103016 0)
(-0.0954585 -0.0259394 0)
(-0.0756682 -0.0328767 0)
(-0.0631349 -0.0338143 0)
(-0.0550711 -0.0307584 0)
(-0.0497445 -0.0258156 0)
(-0.0459911 -0.0204121 0)
(-0.0431205 -0.0151555 0)
(-0.0407051 -0.0102999 0)
(-0.0387808 -0.00594026 0)
(-0.128584 -0.709064 0)
(-0.285857 -0.463396 0)
(-0.419938 -0.202128 0)
(-0.482686 0.0447297 0)
(-0.501149 0.204472 0)
(-0.482052 0.230302 0)
(-0.465961 0.243474 0)
(-0.431826 0.241884 0)
(-0.381135 0.220321 0)
(-0.311936 0.170141 0)
(-0.230296 0.0903222 0)
(-0.158662 0.0138551 0)
(-0.115975 -0.0243078 0)
(-0.0890048 -0.0387166 0)
(-0.0697956 -0.0450107 0)
(-0.0575731 -0.0457151 0)
(-0.0501116 -0.0420418 0)
(-0.0455441 -0.0360486 0)
(-0.0425586 -0.0294 0)
(-0.0403633 -0.0230613 0)
(-0.0385859 -0.0173179 0)
(-0.0369014 -0.012222 0)
(-0.0356245 -0.00766495 0)
(-0.118707 -0.525908 0)
(-0.259819 -0.316137 0)
(-0.377287 -0.102722 0)
(-0.42664 0.0821997 0)
(-0.435889 0.19051 0)
(-0.41361 0.209208 0)
(-0.39009 0.211738 0)
(-0.349179 0.195748 0)
(-0.294007 0.158039 0)
(-0.225137 0.0958707 0)
(-0.153719 0.0193502 0)
(-0.104622 -0.0320715 0)
(-0.0780683 -0.0515189 0)
(-0.0606714 -0.0570844 0)
(-0.0489375 -0.0572153 0)
(-0.0423029 -0.0532186 0)
(-0.038718 -0.0464849 0)
(-0.0367824 -0.0387603 0)
(-0.0355953 -0.031248 0)
(-0.0346311 -0.0245186 0)
(-0.033764 -0.0186398 0)
(-0.0328184 -0.0134494 0)
(-0.0321849 -0.0088974 0)
(-0.101602 -0.364864 0)
(-0.221352 -0.188809 0)
(-0.320736 -0.0215327 0)
(-0.362362 0.108215 0)
(-0.366336 0.178111 0)
(-0.341487 0.184444 0)
(-0.313183 0.174618 0)
(-0.268468 0.145243 0)
(-0.212158 0.0950655 0)
(-0.147673 0.0280217 0)
(-0.0927735 -0.0327718 0)
(-0.0640587 -0.06026 0)
(-0.0480412 -0.0685316 0)
(-0.0379798 -0.0681272 0)
(-0.0321587 -0.0637366 0)
(-0.0296296 -0.0565877 0)
(-0.0288083 -0.0480943 0)
(-0.0287695 -0.0395632 0)
(-0.0288929 -0.0317715 0)
(-0.0289454 -0.0249878 0)
(-0.0288771 -0.019174 0)
(-0.0285839 -0.0140479 0)
(-0.028602 -0.00956171 0)
(-0.0826346 -0.230446 0)
(-0.178928 -0.0822108 0)
(-0.257915 0.0483438 0)
(-0.296406 0.129071 0)
(-0.295756 0.166158 0)
(-0.269805 0.157303 0)
(-0.238026 0.134425 0)
(-0.191255 0.0932473 0)
(-0.136268 0.035225 0)
(-0.080552 -0.0274084 0)
(-0.0476549 -0.0640205 0)
(-0.0326115 -0.076492 0)
(-0.0242489 -0.0780154 0)
(-0.0201429 -0.0733842 0)
(-0.018631 -0.065977 0)
(-0.0190036 -0.0570006 0)
(-0.0201482 -0.047717 0)
(-0.0214116 -0.0390013 0)
(-0.0225028 -0.0312809 0)
(-0.0233612 -0.0246642 0)
(-0.023998 -0.0189823 0)
(-0.0243481 -0.0140384 0)
(-0.02497 -0.00964452 0)
(-0.0646773 -0.123732 0)
(-0.134567 0.00941601 0)
(-0.202676 0.0987372 0)
(-0.229271 0.145596 0)
(-0.225348 0.153528 0)
(-0.19881 0.128547 0)
(-0.164808 0.0923943 0)
(-0.117557 0.0420501 0)
(-0.0658734 -0.0176366 0)
(-0.0291084 -0.0624474 0)
(-0.0147378 -0.079674 0)
(-0.00804822 -0.0841876 0)
(-0.00580466 -0.0814236 0)
(-0.00616498 -0.0741945 0)
(-0.00772661 -0.0651173 0)
(-0.01003 -0.0554051 0)
(-0.0124443 -0.0460066 0)
(-0.0146074 -0.0374502 0)
(-0.0164247 -0.0299964 0)
(-0.0179478 -0.0236277 0)
(-0.0192308 -0.0181782 0)
(-0.0201536 -0.0134251 0)
(-0.0213703 -0.00917397 0)
(-0.0524523 -0.0428946 0)
(-0.0979449 0.0721366 0)
(-0.148988 0.138653 0)
(-0.163949 0.156372 0)
(-0.156069 0.138537 0)
(-0.127498 0.0986217 0)
(-0.0926596 0.0501917 0)
(-0.0466294 -0.00521398 0)
(-0.00873628 -0.0547921 0)
(0.00500803 -0.0773358 0)
(0.0102058 -0.0854462 0)
(0.0106722 -0.0855373 0)
(0.00847667 -0.0802857 0)
(0.00501801 -0.0718474 0)
(0.00130953 -0.0622134 0)
(-0.00227226 -0.0525005 0)
(-0.00549719 -0.0433829 0)
(-0.00827363 -0.0351865 0)
(-0.0106728 -0.0280725 0)
(-0.0127671 -0.0219833 0)
(-0.0146103 -0.0167805 0)
(-0.016075 -0.0122399 0)
(-0.0178781 -0.00818339 0)
(-0.0351513 0.0234654 0)
(-0.0658164 0.112229 0)
(-0.100802 0.165705 0)
(-0.102124 0.15935 0)
(-0.0904492 0.119206 0)
(-0.0569733 0.067744 0)
(-0.0227093 0.0102465 0)
(0.0132162 -0.0411411 0)
(0.0258538 -0.06827 0)
(0.0295381 -0.0812609 0)
(0.028533 -0.0851317 0)
(0.0246888 -0.082558 0)
(0.019494 -0.0759888 0)
(0.01405 -0.0673349 0)
(0.00896607 -0.0579708 0)
(0.00458827 -0.0487608 0)
(0.000848935 -0.0401467 0)
(-0.00239487 -0.0324004 0)
(-0.00525583 -0.0256203 0)
(-0.0078266 -0.0198042 0)
(-0.0101875 -0.014836 0)
(-0.0121606 -0.0105113 0)
(-0.0144634 -0.00667913 0)
(-0.0206289 0.0548597 0)
(-0.0337587 0.137161 0)
(-0.0606623 0.179622 0)
(-0.0452308 0.15236 0)
(-0.0298083 0.0953516 0)
(0.00931033 0.0331467 0)
(0.0331122 -0.0182271 0)
(0.0464612 -0.0519713 0)
(0.0491841 -0.0712672 0)
(0.0469433 -0.079728 0)
(0.0417222 -0.0806201 0)
(0.0350118 -0.0766136 0)
(0.0280015 -0.0697368 0)
(0.021433 -0.0615472 0)
(0.0156517 -0.0529458 0)
(0.0107319 -0.0444807 0)
(0.00661314 -0.0365001 0)
(0.00304498 -0.0292032 0)
(-0.000180434 -0.0227336 0)
(-0.0031693 -0.0171539 0)
(-0.00596797 -0.0124085 0)
(-0.00845359 -0.00831112 0)
(-0.0112575 -0.00465336 0)
(-0.012814 0.0736989 0)
(-0.00803037 0.148041 0)
(-0.0261126 0.182966 0)
(0.00705941 0.131445 0)
(0.0256462 0.0677163 0)
(0.0533474 0.0115184 0)
(0.0646878 -0.0286766 0)
(0.0675253 -0.0548586 0)
(0.064691 -0.0688364 0)
(0.0584596 -0.0740419 0)
(0.0505969 -0.0733225 0)
(0.0423688 -0.0689385 0)
(0.034557 -0.0625039 0)
(0.0275781 -0.0551308 0)
(0.0215273 -0.0474611 0)
(0.0163299 -0.0398636 0)
(0.0118689 -0.0325312 0)
(0.00801677 -0.0256895 0)
(0.00451215 -0.0194924 0)
(0.00119533 -0.0140976 0)
(-0.00201384 -0.00953918 0)
(-0.00491299 -0.00565145 0)
(-0.0081674 -0.00217269 0)
(-0.008187 0.0802453 0)
(0.00560776 0.145744 0)
(0.00654251 0.170393 0)
(0.0463804 0.105074 0)
(0.0629453 0.0478632 0)
(0.0782624 0.000168941 0)
(0.0823502 -0.0324361 0)
(0.0797724 -0.0523278 0)
(0.073383 -0.062551 0)
(0.0650434 -0.0658901 0)
(0.0561438 -0.0646543 0)
(0.0475181 -0.0606255 0)
(0.0396526 -0.0549968 0)
(0.0327102 -0.0485477 0)
(0.0266633 -0.0417852 0)
(0.0213839 -0.0349676 0)
(0.0167246 -0.0283059 0)
(0.0125521 -0.021894 0)
(0.0088046 -0.0159514 0)
(0.00522139 -0.010702 0)
(0.0016778 -0.00627292 0)
(-0.001643 -0.0025693 0)
(-0.00534091 0.000672341 0)
(-0.00324307 0.078907 0)
(0.0121709 0.132091 0)
(0.0321012 0.142181 0)
(0.067997 0.081641 0)
(0.0819007 0.0327744 0)
(0.0898576 -0.00543166 0)
(0.0896968 -0.0310835 0)
(0.0844207 -0.0465226 0)
(0.0766379 -0.0543918 0)
(0.0679163 -0.0568933 0)
(0.0591973 -0.0558406 0)
(0.0510437 -0.0525012 0)
(0.0436756 -0.0477444 0)
(0.037091 -0.0421572 0)
(0.031218 -0.0361379 0)
(0.0259423 -0.0299655 0)
(0.021154 -0.0238214 0)
(0.0167745 -0.0178598 0)
(0.0126785 -0.0121592 0)
(0.0088617 -0.00698319 0)
(0.00505822 -0.00264825 0)
(0.00135926 0.000938581 0)
(-0.00266125 0.00399131 0)
(0.00156594 0.0723667 0)
(0.0172276 0.109817 0)
(0.0462876 0.109083 0)
(0.0750765 0.0612214 0)
(0.0866531 0.0223386 0)
(0.0909083 -0.00713997 0)
(0.0890515 -0.0273098 0)
(0.0834285 -0.0397148 0)
(0.0761092 -0.0462221 0)
(0.0683154 -0.0485 0)
(0.0606894 -0.0478257 0)
(0.053537 -0.0451146 0)
(0.0469485 -0.0410627 0)
(0.040895 -0.0361217 0)
(0.0353054 -0.0306611 0)
(0.0301091 -0.0249506 0)
(0.0252333 -0.0191879 0)
(0.0206325 -0.0135719 0)
(0.0162891 -0.00824388 0)
(0.012068 -0.00316139 0)
(0.00810224 0.00118695 0)
(0.00404656 0.00463281 0)
(-0.000340602 0.00754762 0)
(0.00568888 0.0604712 0)
(0.0217286 0.0854307 0)
(0.0501432 0.0789209 0)
(0.0722055 0.0444402 0)
(0.0819642 0.0149074 0)
(0.0849807 -0.00781168 0)
(0.0833609 -0.0237252 0)
(0.0790745 -0.033873 0)
(0.0734844 -0.0394569 0)
(0.0674416 -0.0415749 0)
(0.061389 -0.041085 0)
(0.0554993 -0.0387359 0)
(0.0498365 -0.0350474 0)
(0.0443892 -0.0304274 0)
(0.0391118 -0.025202 0)
(0.0340078 -0.0196488 0)
(0.0290222 -0.0140092 0)
(0.0241338 -0.0084688 0)
(0.0194684 -0.00330607 0)
(0.0149659 0.00150961 0)
(0.0105044 0.00598779 0)
(0.0063232 0.00942699 0)
(0.0017755 0.0120246 0)
(0.00810907 0.0470174 0)
(0.0238704 0.0645686 0)
(0.046983 0.0564852 0)
(0.0635738 0.0323741 0)
(0.0720412 0.0101583 0)
(0.0755653 -0.00771211 0)
(0.0756842 -0.0209227 0)
(0.0735514 -0.0296653 0)
(0.0702117 -0.0346249 0)
(0.0662707 -0.0365641 0)
(0.061966 -0.0361963 0)
(0.0574053 -0.0340617 0)
(0.0527234 -0.0306074 0)
(0.0479338 -0.0262919 0)
(0.0430355 -0.0213787 0)
(0.0380332 -0.0161353 0)
(0.0329489 -0.0107665 0)
(0.0277135 -0.00537441 0)
(0.0225401 -7.76723e-05 0)
(0.0176845 0.00465696 0)
(0.0129288 0.00886852 0)
(0.00835524 0.0123273 0)
(0.00341018 0.0151279 0)
(0.00868021 0.0222705 0)
(0.0228903 0.0384471 0)
(0.0399425 0.0322537 0)
(0.0523034 0.016217 0)
(0.0601345 0.000556829 0)
(0.0643033 -0.0124326 0)
(0.065805 -0.0219803 0)
(0.0657933 -0.0282571 0)
(0.0646748 -0.0316086 0)
(0.0627544 -0.0324375 0)
(0.0602896 -0.0311923 0)
(0.0574127 -0.0282788 0)
(0.0540822 -0.0241249 0)
(0.0503158 -0.0190737 0)
(0.0461744 -0.013477 0)
(0.0416183 -0.00762164 0)
(0.0367442 -0.00178166 0)
(0.0316141 0.00378869 0)
(0.026209 0.00899053 0)
(0.02062 0.013724 0)
(0.0151955 0.0176777 0)
(0.0101299 0.020582 0)
(0.00561144 0.0217057 0)
(0.398776 0.180359 0)
(0.318219 0.167703 0)
(0.251311 0.181559 0)
(0.0582911 0.318706 0)
(0.276673 0.212125 0)
(0.211935 0.2092 0)
(0.188528 0.24681 0)
(0.114437 0.341084 0)
(0.18803 0.295759 0)
(0.164208 0.284087 0)
(0.179375 0.300902 0)
(0.171871 0.371318 0)
(0.126346 0.306866 0)
(0.134161 0.268775 0)
(0.160567 0.276845 0)
(0.184702 0.343043 0)
(0.0696102 0.269004 0)
(0.0829833 0.215957 0)
(0.112877 0.225066 0)
(0.138682 0.275642 0)
(0.0374515 0.248998 0)
(0.0235871 0.17617 0)
(0.037889 0.162429 0)
(0.0637894 0.18381 0)
(0.0323136 0.252169 0)
(0.0288735 0.183496 0)
(0.0186042 0.137552 0)
(0.0407464 0.133741 0)
(0.0207629 0.217055 0)
(0.0427437 0.180131 0)
(0.0525484 0.135512 0)
(0.0535676 0.113643 0)
(0.025549 0.172169 0)
(0.0619546 0.151886 0)
(0.108801 0.135155 0)
(0.165851 0.0945577 0)
(0.151199 0.0718738 0)
(0.189904 0.0102195 0)
(0.23898 -0.113315 0)
(0.229473 -0.298909 0)
(-0.0734191 -0.0352036 0)
(-0.171506 -0.0571875 0)
(-0.206581 0.173987 0)
(-0.293038 0.272851 0)
(-0.2688 0.137089 0)
(-0.273067 0.140913 0)
(-0.259415 0.156269 0)
(-0.244911 0.162217 0)
(-0.169277 0.078621 0)
(-0.157011 0.0875924 0)
(-0.141241 0.102728 0)
(-0.116881 0.111339 0)
(-0.0686438 0.050411 0)
(-0.0586977 0.0574144 0)
(-0.0470169 0.0660284 0)
(-0.0340904 0.0740773 0)
(-0.0292624 0.0385287 0)
(-0.0228606 0.0424345 0)
(-0.0155569 0.0467908 0)
(-0.00870132 0.051235 0)
(-0.0188279 0.0292264 0)
(-0.0136677 0.0308786 0)
(-0.00868419 0.0335324 0)
(-0.00446026 0.0366264 0)
(-0.0176868 0.0222133 0)
(-0.0141271 0.0230159 0)
(-0.0109685 0.0249095 0)
(-0.00836997 0.027284 0)
(-0.0215093 0.0174665 0)
(-0.0189335 0.0179402 0)
(-0.0168742 0.0194602 0)
(-0.0152936 0.0216319 0)
(-0.0271055 0.0141097 0)
(-0.0252288 0.0145742 0)
(-0.0237783 0.0159254 0)
(-0.0227025 0.0180863 0)
(-0.0326392 0.0113604 0)
(-0.031231 0.0119882 0)
(-0.0300473 0.0133295 0)
(-0.0292055 0.0155412 0)
(-0.0371662 0.00877523 0)
(-0.0359748 0.00962558 0)
(-0.0348609 0.0110867 0)
(-0.0339855 0.0133364 0)
(-0.0402347 0.00627471 0)
(-0.0390604 0.00732809 0)
(-0.0378909 0.00885674 0)
(-0.0370204 0.0110934 0)
(-0.0417066 0.00376799 0)
(-0.0407386 0.00497733 0)
(-0.0394872 0.00655829 0)
(-0.0384174 0.00871801 0)
(-0.0419409 0.00123687 0)
(-0.0409641 0.00252688 0)
(-0.0396808 0.00413986 0)
(-0.0386499 0.00618109 0)
(-0.0409558 -0.00118439 0)
(-0.0401893 0.00012889 0)
(-0.0389538 0.00169842 0)
(-0.0378794 0.00361301 0)
(-0.0392108 -0.00336275 0)
(-0.0385323 -0.00208185 0)
(-0.0374342 -0.000572144 0)
(-0.0364954 0.00121909 0)
(-0.0367691 -0.00519975 0)
(-0.036384 -0.00396133 0)
(-0.035433 -0.00253221 0)
(-0.0346117 -0.000868204 0)
(-0.0339779 -0.00663421 0)
(-0.0337674 -0.00545966 0)
(-0.0330704 -0.00411535 0)
(-0.032482 -0.00255938 0)
(-0.0308792 -0.00762286 0)
(-0.0309921 -0.00652184 0)
(-0.0305001 -0.0052424 0)
(-0.03007 -0.00378179 0)
(-0.0276782 -0.00807576 0)
(-0.0279747 -0.00703562 0)
(-0.0277798 -0.00582356 0)
(-0.0276587 -0.00445622 0)
(-0.0244175 -0.00798205 0)
(-0.0250519 -0.00698642 0)
(-0.0250687 -0.00583307 0)
(-0.0251117 -0.00456461 0)
(-0.0212331 -0.00738883 0)
(-0.0220319 -0.00643907 0)
(-0.0223539 -0.00533534 0)
(-0.0227008 -0.00416769 0)
(-0.0181141 -0.00628763 0)
(-0.0191706 -0.00540699 0)
(-0.0196931 -0.00437648 0)
(-0.0202133 -0.00329176 0)
(-0.015105 -0.00470126 0)
(-0.0163461 -0.00385501 0)
(-0.0171062 -0.00290481 0)
(-0.0178931 -0.00192605 0)
(-0.0121803 -0.00264266 0)
(-0.0137088 -0.00184265 0)
(-0.014665 -0.000958738 0)
(-0.0155653 -0.000118807 0)
(-0.00949805 -0.000162384 0)
(-0.0111493 0.000572219 0)
(-0.0123354 0.00136388 0)
(-0.0134995 0.00204981 0)
(-0.00694505 0.00270902 0)
(-0.00882317 0.00338883 0)
(-0.0101636 0.00408377 0)
(-0.0113971 0.00463076 0)
(-0.00457113 0.00606182 0)
(-0.00654665 0.0066596 0)
(-0.00808304 0.00721657 0)
(-0.00955903 0.00759341 0)
(-0.00251527 0.00966533 0)
(-0.00469959 0.0102196 0)
(-0.00626776 0.0106274 0)
(-0.00773229 0.010775 0)
(-0.000641921 0.0139457 0)
(-0.00275656 0.0142284 0)
(-0.00434737 0.0142675 0)
(-0.00576301 0.0139043 0)
(0.000861663 0.0171787 0)
(-0.000969985 0.0173566 0)
(-0.0021223 0.0169924 0)
(-0.00292685 0.0158618 0)
(0.00347267 0.0217041 0)
(0.00241373 0.0203821 0)
(0.0019469 0.0185208 0)
(0.00173738 0.0160097 0)
(-0.00870132 0.541391 0)
(-0.0269337 0.1874 0)
(-0.0557278 -0.00171038 0)
(-0.0186477 -0.126158 0)
(-0.0164239 -0.17651 0)
(-0.028721 -0.21245 0)
(0.0167589 -0.0519044 0)
(0.159476 0.137518 0)
(0.149223 0.161098 0)
(0.0773434 0.11032 0)
(-0.00224961 0.0336964 0)
(-0.0584637 -0.0748614 0)
(-0.0912667 -0.0849024 0)
(-0.129599 -0.0376973 0)
(-0.123612 -0.00966028 0)
(-0.0865615 -5.49138e-05 0)
(-0.0199044 -0.0102773 0)
(0.014959 -0.0934836 0)
(0.0285804 -0.207932 0)
(0.111273 0.533081 0)
(0.109231 0.229167 0)
(0.0315394 0.010615 0)
(0.0722891 -0.12853 0)
(0.113188 -0.188164 0)
(0.144617 -0.230356 0)
(0.144214 -0.122398 0)
(0.174763 0.0316244 0)
(0.223327 0.132366 0)
(0.221278 0.139662 0)
(0.182775 0.10216 0)
(0.122577 0.0432023 0)
(-0.0696315 -0.0103595 0)
(-0.174834 -0.00243618 0)
(-0.159111 -0.0302209 0)
(-0.123451 -0.0561249 0)
(-0.0703103 -0.0849283 0)
(-0.00237855 -0.142644 0)
(0.0200227 -0.195739 0)
(0.198956 0.488055 0)
(0.2545 0.268018 0)
(0.225862 0.0324068 0)
(0.266737 -0.147725 0)
(0.296188 -0.235682 0)
(0.33276 -0.240418 0)
(0.344885 -0.137622 0)
(0.310315 0.0129367 0)
(0.259348 0.103301 0)
(0.222863 0.134759 0)
(0.168696 0.13593 0)
(0.0888742 0.131302 0)
(-0.0647347 0.12407 0)
(-0.138334 0.0341701 0)
(-0.121666 -0.0529619 0)
(-0.0792475 -0.0886797 0)
(-0.0496207 -0.127429 0)
(-0.0232373 -0.189156 0)
(-0.00435454 -0.204354 0)
(0.24847 0.421331 0)
(0.333592 0.239211 0)
(0.390241 0.0167988 0)
(0.419343 -0.146594 0)
(0.408964 -0.256075 0)
(0.425474 -0.274076 0)
(0.490479 -0.147149 0)
(0.435842 0.0821821 0)
(0.291976 0.173378 0)
(0.184057 0.197563 0)
(0.0713733 0.206504 0)
(-0.0400093 0.233578 0)
(-0.131457 0.18017 0)
(-0.133303 0.05749 0)
(-0.0790645 -0.0634964 0)
(-0.0573102 -0.119034 0)
(0.0587942 -0.131549 0)
(0.110684 -0.173531 0)
(-0.0471149 -0.171538 0)
(0.233013 0.306565 0)
(0.337822 0.15548 0)
(0.385094 -0.0252721 0)
(0.377907 -0.167151 0)
(0.368266 -0.255224 0)
(0.398896 -0.303773 0)
(0.612038 -0.135112 0)
(0.455584 0.315225 0)
(0.0705376 0.354241 0)
(-0.134828 0.36501 0)
(-0.187566 0.33406 0)
(-0.140988 0.290894 0)
(-0.169862 0.194986 0)
(-0.11203 -0.00369781 0)
(0.0268181 -0.0999006 0)
(0.180678 -0.179505 0)
(-0.0804358 -0.166279 0)
(-0.036326 -0.0919308 0)
(-0.0210529 -0.163056 0)
(0.123707 0.177834 0)
(0.218041 0.0874768 0)
(0.261248 -0.0236454 0)
(0.297809 -0.152918 0)
(0.382536 -0.270136 0)
(0.487926 -0.454757 0)
(0.0728553 0.122295 0)
(-0.0705626 0.60123 0)
(-0.188383 0.6075 0)
(-0.331086 0.438501 0)
(-0.384076 0.312931 0)
(-0.330186 0.241486 0)
(-0.308409 0.112036 0)
(-0.223343 -0.115568 0)
(-0.116917 -0.229628 0)
(-0.218871 -0.100297 0)
(-0.158325 -0.119389 0)
(-0.0877427 -0.184085 0)
(-0.0369245 -0.226109 0)
(0.0746773 0.103745 0)
(0.126128 0.0383155 0)
(0.213661 -0.0873546 0)
(0.331675 -0.230895 0)
(0.41254 -0.458087 0)
(0.288896 -0.216958 0)
(-0.278777 0.377869 0)
(-0.261196 0.60515 0)
(-0.254988 0.658296 0)
(-0.308995 0.483025 0)
(-0.312756 0.344108 0)
(-0.268423 0.214181 0)
(-0.257172 0.0601029 0)
(-0.275067 -0.201997 0)
(-0.281462 -0.132705 0)
(-0.236309 -0.162029 0)
(-0.172282 -0.197328 0)
(-0.107282 -0.244014 0)
(-0.0445434 -0.293003 0)
(0.0754135 0.0771177 0)
(0.241592 -0.0221676 0)
(0.392035 -0.165305 0)
(0.317106 -0.374109 0)
(-0.218361 -0.197644 0)
(-0.448021 0.310879 0)
(-0.453167 0.414778 0)
(-0.369301 0.550899 0)
(-0.279172 0.608894 0)
(-0.248302 0.490988 0)
(-0.230023 0.331727 0)
(-0.183632 0.198013 0)
(-0.159921 0.0679284 0)
(-0.15373 -0.0827144 0)
(-0.162885 -0.187797 0)
(-0.157378 -0.196553 0)
(-0.12811 -0.234895 0)
(-0.075822 -0.306872 0)
(-0.030953 -0.354706 0)
(0.424761 -0.0844651 0)
(0.475491 -0.215092 0)
(-0.241607 -0.00732874 0)
(-0.35967 0.121151 0)
(-0.538263 0.137799 0)
(-0.551025 0.209318 0)
(-0.494894 0.338411 0)
(-0.394398 0.451549 0)
(-0.273495 0.500304 0)
(-0.185287 0.4355 0)
(-0.129185 0.297739 0)
(-0.085723 0.167509 0)
(-0.0433921 0.0222828 0)
(-0.0185347 -0.105494 0)
(-0.0378199 -0.181079 0)
(-0.0490961 -0.206452 0)
(-0.046711 -0.25333 0)
(-0.0255948 -0.339391 0)
(-0.0122268 -0.385075 0)
(-0.144095 -0.132539 0)
(-0.250539 0.345659 0)
(-0.394831 0.266294 0)
(-0.399346 0.102126 0)
(-0.442762 0.0822698 0)
(-0.458829 0.168005 0)
(-0.421199 0.260738 0)
(-0.335509 0.345583 0)
(-0.218317 0.389143 0)
(-0.10591 0.351974 0)
(-0.014477 0.247143 0)
(0.0555786 0.116989 0)
(0.10574 0.00386321 0)
(0.115225 -0.0872905 0)
(0.0872525 -0.149082 0)
(0.0575803 -0.18919 0)
(0.0326421 -0.24043 0)
(0.0206692 -0.338355 0)
(0.00442913 -0.386172 0)
(-0.330077 0.229319 0)
(-0.325828 0.279041 0)
(-0.294883 0.232538 0)
(-0.26044 0.15233 0)
(-0.270782 0.132169 0)
(-0.284306 0.160499 0)
(-0.264882 0.204993 0)
(-0.208042 0.246822 0)
(-0.120796 0.270014 0)
(-0.0132806 0.242645 0)
(0.0936045 0.160107 0)
(0.161879 0.0644923 0)
(0.201353 -0.0166142 0)
(0.190731 -0.0769328 0)
(0.156827 -0.125925 0)
(0.119848 -0.164824 0)
(0.085994 -0.216243 0)
(0.0547249 -0.312455 0)
(0.0173997 -0.363356 0)
(-0.230589 0.159886 0)
(-0.187329 0.202513 0)
(-0.11352 0.175106 0)
(-0.0797716 0.143267 0)
(-0.0787981 0.142255 0)
(-0.0818929 0.16545 0)
(-0.0718389 0.191806 0)
(-0.0421576 0.207596 0)
(0.0131607 0.190347 0)
(0.0811364 0.144172 0)
(0.146377 0.0771655 0)
(0.189418 0.0120064 0)
(0.20965 -0.0242724 0)
(0.202697 -0.0556097 0)
(0.177066 -0.0957207 0)
(0.143933 -0.134503 0)
(0.110592 -0.187108 0)
(0.0707176 -0.27481 0)
(0.0226469 -0.325165 0)
(-0.0864833 0.118198 0)
(-0.0393878 0.13713 0)
(0.0101958 0.128094 0)
(0.03034 0.125517 0)
(0.0396814 0.136888 0)
(0.0499898 0.15693 0)
(0.0691221 0.173957 0)
(0.0986714 0.179589 0)
(0.136953 0.16044 0)
(0.172288 0.121302 0)
(0.196126 0.0630948 0)
(0.2 0.00367726 0)
(0.196334 -0.0250128 0)
(0.18933 -0.0441743 0)
(0.173906 -0.0746652 0)
(0.148419 -0.107188 0)
(0.117357 -0.156732 0)
(0.0727983 -0.230333 0)
(0.0223734 -0.285278 0)
(-0.00676205 0.0879423 0)
(0.0215917 0.101075 0)
(0.0502716 0.104237 0)
(0.0693135 0.111621 0)
(0.0855168 0.124427 0)
(0.103681 0.139462 0)
(0.126933 0.149125 0)
(0.155362 0.14779 0)
(0.185187 0.130559 0)
(0.209008 0.100969 0)
(0.221034 0.0603516 0)
(0.215028 0.0173663 0)
(0.197525 -0.0106771 0)
(0.181959 -0.0308123 0)
(0.166263 -0.0558724 0)
(0.144029 -0.0822134 0)
(0.114043 -0.124957 0)
(0.0689222 -0.185101 0)
(0.0218316 -0.245378 0)
(0.0115622 0.0647699 0)
(0.030332 0.0775786 0)
(0.0518277 0.0858439 0)
(0.0706309 0.0955651 0)
(0.0889555 0.107475 0)
(0.109058 0.119296 0)
(0.131644 0.125913 0)
(0.155661 0.122471 0)
(0.177994 0.108482 0)
(0.194485 0.0862143 0)
(0.201032 0.057687 0)
(0.195995 0.0279062 0)
(0.183869 0.00375151 0)
(0.169676 -0.0167828 0)
(0.153633 -0.0380419 0)
(0.132998 -0.0590298 0)
(0.104853 -0.0927022 0)
(0.0626839 -0.144218 0)
(0.0214129 -0.207412 0)
(0.00915749 0.0488915 0)
(0.0222581 0.0605796 0)
(0.0391545 0.0700733 0)
(0.0557505 0.0798569 0)
(0.0729035 0.0904332 0)
(0.0916196 0.10021 0)
(0.111777 0.10573 0)
(0.131707 0.103318 0)
(0.148974 0.0930425 0)
(0.161288 0.0770225 0)
(0.166884 0.0566659 0)
(0.165395 0.0343943 0)
(0.15867 0.0139263 0)
(0.148785 -0.00463597 0)
(0.135515 -0.0221239 0)
(0.117443 -0.0379172 0)
(0.0927911 -0.0633808 0)
(0.0555123 -0.108388 0)
(0.020601 -0.172519 0)
(0.00035349 0.0379315 0)
(0.00946781 0.0479439 0)
(0.0223639 0.0569895 0)
(0.0359036 0.0660944 0)
(0.0505174 0.0754503 0)
(0.0665666 0.083741 0)
(0.0837154 0.0886127 0)
(0.100489 0.0877265 0)
(0.114986 0.0808644 0)
(0.125859 0.0692439 0)
(0.132377 0.0538691 0)
(0.134179 0.0365219 0)
(0.131807 0.0196398 0)
(0.126031 0.00427953 0)
(0.116193 -0.00907171 0)
(0.101214 -0.0194652 0)
(0.0802782 -0.0378265 0)
(0.048092 -0.0779341 0)
(0.0195944 -0.14127 0)
(-0.00977595 0.0307166 0)
(-0.00350359 0.0390658 0)
(0.00610838 0.046988 0)
(0.0166657 0.0550027 0)
(0.0285915 0.0630301 0)
(0.0419313 0.0700172 0)
(0.0563371 0.0742966 0)
(0.0707261 0.0743458 0)
(0.0838051 0.0697259 0)
(0.0945667 0.0610208 0)
(0.10235 0.0490864 0)
(0.106811 0.0353958 0)
(0.107872 0.0218495 0)
(0.105361 0.0100269 0)
(0.0985888 0.00116625 0)
(0.0865017 -0.00377141 0)
(0.068954 -0.0159845 0)
(0.0415315 -0.0525118 0)
(0.018668 -0.113529 0)
(-0.0190936 0.025845 0)
(-0.0145282 0.0327208 0)
(-0.00747031 0.0393504 0)
(0.000791593 0.0461537 0)
(0.0105054 0.0528242 0)
(0.0216572 0.058562 0)
(0.0339372 0.0621526 0)
(0.0466139 0.0624777 0)
(0.0587646 0.0590958 0)
(0.0695796 0.0522539 0)
(0.0784217 0.0427439 0)
(0.0847787 0.0318862 0)
(0.0882898 0.0213339 0)
(0.0883778 0.0130592 0)
(0.0840982 0.00890908 0)
(0.074232 0.00939822 0)
(0.059696 0.00249258 0)
(0.0367149 -0.0315823 0)
(0.0180289 -0.088685 0)
(-0.0264117 0.022377 0)
(-0.0228008 0.0279869 0)
(-0.0174311 0.0333987 0)
(-0.0107674 0.0389068 0)
(-0.00259249 0.0442607 0)
(0.00698364 0.0487525 0)
(0.017711 0.0514846 0)
(0.0291043 0.0516191 0)
(0.0404781 0.048768 0)
(0.051152 0.0430963 0)
(0.0605143 0.035316 0)
(0.0679868 0.0266493 0)
(0.073092 0.0188693 0)
(0.0750879 0.0141102 0)
(0.0728291 0.0146584 0)
(0.0647656 0.0204382 0)
(0.0531405 0.017622 0)
(0.0338044 -0.0137796 0)
(0.0174534 -0.0657582 0)
(-0.0316151 0.019505 0)
(-0.0283171 0.0241131 0)
(-0.0238172 0.0284882 0)
(-0.0180806 0.0327609 0)
(-0.0109742 0.0367887 0)
(-0.00252163 0.0400986 0)
(0.00704474 0.0419313 0)
(0.0173384 0.0416422 0)
(0.0278622 0.0389456 0)
(0.0380463 0.033999 0)
(0.0473617 0.0274484 0)
(0.0553324 0.0205029 0)
(0.0614231 0.0150689 0)
(0.0648384 0.0136364 0)
(0.0643165 0.0187459 0)
(0.0580638 0.0296099 0)
(0.0491224 0.0291442 0)
(0.0316955 0.00264302 0)
(0.0165265 -0.0440945 0)
(-0.0347198 0.0167518 0)
(-0.0314536 0.0206309 0)
(-0.0273257 0.0241073 0)
(-0.0220964 0.0272946 0)
(-0.0156946 0.0301468 0)
(-0.00815553 0.0323656 0)
(0.000392449 0.0333694 0)
(0.00960099 0.0326106 0)
(0.0191162 0.0298824 0)
(0.0285047 0.025354 0)
(0.0373821 0.0196205 0)
(0.0453787 0.0138984 0)
(0.0520464 0.0102627 0)
(0.0565361 0.0117554 0)
(0.0575756 0.0210879 0)
(0.0535365 0.036599 0)
(0.0463974 0.039083 0)
(0.0289246 0.0184742 0)
(0.0151466 -0.0244708 0)
(-0.0361903 0.0139197 0)
(-0.0328065 0.0172642 0)
(-0.0288499 0.0199937 0)
(-0.0239564 0.0222812 0)
(-0.0181297 0.0241877 0)
(-0.0114172 0.0255082 0)
(-0.00390064 0.0257951 0)
(0.00419575 0.0246065 0)
(0.012587 0.0217572 0)
(0.0209953 0.0174124 0)
(0.0291685 0.0121323 0)
(0.0368588 0.00715165 0)
(0.0437538 0.00480336 0)
(0.0489856 0.00873097 0)
(0.0513316 0.0218778 0)
(0.0492619 0.0414522 0)
(0.0433291 0.0489759 0)
(0.0257961 0.0340067 0)
(0.0140293 -0.00667535 0)
(-0.0364046 0.0109941 0)
(-0.0329819 0.0139462 0)
(-0.0291915 0.016084 0)
(-0.0246436 0.0176815 0)
(-0.0193958 0.0188634 0)
(-0.0135121 0.0195166 0)
(-0.00703281 0.0192309 0)
(-6.86424e-05 0.0176636 0)
(0.00716773 0.0146475 0)
(0.0145041 0.0103209 0)
(0.0218002 0.00520288 0)
(0.0288808 0.000580597 0)
(0.035625 -0.000934059 0)
(0.0411512 0.00498157 0)
(0.0443442 0.0215569 0)
(0.0433754 0.0449742 0)
(0.038607 0.0583242 0)
(0.0227416 0.0477262 0)
(0.0135771 0.00956651 0)
(-0.0357823 0.00809641 0)
(-0.0324323 0.0107504 0)
(-0.028908 0.0124451 0)
(-0.0247946 0.0135291 0)
(-0.0201819 0.0142112 0)
(-0.0151432 0.014363 0)
(-0.00968753 0.0136606 0)
(-0.00383835 0.0117752 0)
(0.00225558 0.0085741 0)
(0.00844443 0.00417622 0)
(0.014697 -0.000950348 0)
(0.0208656 -0.00549618 0)
(0.0270498 -0.00659324 0)
(0.0323539 0.000862571 0)
(0.0360123 0.0205078 0)
(0.0357531 0.0477768 0)
(0.0325193 0.0660371 0)
(0.0192649 0.0588495 0)
(0.0130379 0.0242506 0)
(-0.0345738 0.00534195 0)
(-0.0314759 0.0077822 0)
(-0.028337 0.00914313 0)
(-0.0247453 0.0098888 0)
(-0.0208254 0.0102521 0)
(-0.0166298 0.0100635 0)
(-0.0121477 0.00904741 0)
(-0.00739424 0.00691456 0)
(-0.00244181 0.00355352 0)
(0.00254747 -0.00091014 0)
(0.00759428 -0.0060931 0)
(0.0125196 -0.010704 0)
(0.0177475 -0.0117291 0)
(0.0223091 -0.00318596 0)
(0.0261646 0.018989 0)
(0.0266086 0.0497665 0)
(0.0255091 0.0716368 0)
(0.0152045 0.0672465 0)
(0.0121635 0.0369198 0)
(-0.0330448 0.00290961 0)
(-0.0302644 0.00515445 0)
(-0.0276198 0.00628767 0)
(-0.02461 0.00683123 0)
(-0.0214195 0.0069924 0)
(-0.0180735 0.00659644 0)
(-0.0145324 0.0053414 0)
(-0.0108265 0.00305037 0)
(-0.00701331 -0.000386459 0)
(-0.00327562 -0.00483347 0)
(0.000463977 -0.0100283 0)
(0.00387896 -0.0147204 0)
(0.0078778 -0.0159185 0)
(0.0111679 -0.00674923 0)
(0.0150735 0.0170587 0)
(0.0163331 0.050507 0)
(0.0180828 0.0746477 0)
(0.0110766 0.0726767 0)
(0.011356 0.0474269 0)
(-0.0312582 0.000907029 0)
(-0.0289366 0.00296823 0)
(-0.0268265 0.00394903 0)
(-0.0244646 0.00437219 0)
(-0.0220077 0.0044261 0)
(-0.0194895 0.00390401 0)
(-0.0168407 0.00253039 0)
(-0.0141277 0.00016761 0)
(-0.0114213 -0.00323595 0)
(-0.0089525 -0.00755281 0)
(-0.00651098 -0.0126289 0)
(-0.00471099 -0.0173462 0)
(-0.00197136 -0.0187475 0)
(-0.000432913 -0.00965689 0)
(0.00356092 0.01467 0)
(0.00584138 0.0494221 0)
(0.0114076 0.0746086 0)
(0.00773775 0.0752182 0)
(0.0108427 0.0560067 0)
(-0.0293519 -0.000652225 0)
(-0.027515 0.00126929 0)
(-0.0260024 0.00214243 0)
(-0.024301 0.00254464 0)
(-0.0225625 0.00256228 0)
(-0.0208237 0.00197761 0)
(-0.0190331 0.000564107 0)
(-0.0172722 -0.00177711 0)
(-0.0155814 -0.00504762 0)
(-0.0142761 -0.00913703 0)
(-0.012955 -0.0139672 0)
(-0.0125546 -0.0186328 0)
(-0.0110455 -0.0200218 0)
(-0.0113139 -0.0116545 0)
(-0.00696827 0.0114369 0)
(-0.00346346 0.045638 0)
(0.00673454 0.071361 0)
(0.00564783 0.0753345 0)
(0.0107019 0.0632967 0)
(-0.0273484 -0.00168286 0)
(-0.0260461 8.21703e-05 0)
(-0.0251351 0.000914157 0)
(-0.0241046 0.00134764 0)
(-0.0230776 0.00137536 0)
(-0.022076 0.000770923 0)
(-0.0210704 -0.000635586 0)
(-0.0201646 -0.00287634 0)
(-0.0193421 -0.00595169 0)
(-0.0189575 -0.00977845 0)
(-0.018442 -0.0143203 0)
(-0.0190424 -0.0188656 0)
(-0.0183896 -0.0201921 0)
(-0.0198013 -0.0128386 0)
(-0.0149408 0.00744754 0)
(-0.0105532 0.0382648 0)
(0.00436963 0.0649866 0)
(0.00451277 0.0738287 0)
(0.0108426 0.0698964 0)
(-0.025315 -0.00218656 0)
(-0.0245328 -0.000576415 0)
(-0.0242459 0.000253011 0)
(-0.0238785 0.000742554 0)
(-0.0235169 0.000805257 0)
(-0.0231928 0.000214855 0)
(-0.0228786 -0.00114289 0)
(-0.0226726 -0.00326981 0)
(-0.0224632 -0.00617137 0)
(-0.0226449 -0.00979448 0)
(-0.0224625 -0.0141022 0)
(-0.0235381 -0.0185064 0)
(-0.0231829 -0.0198714 0)
(-0.0249783 -0.0140943 0)
(-0.0194489 0.00260132 0)
(-0.0152817 0.0288049 0)
(0.00302215 0.0562863 0)
(0.00353822 0.0713818 0)
(0.0111078 0.0761921 0)
(-0.0232504 -0.00218684 0)
(-0.0230275 -0.00071135 0)
(-0.0233502 0.000152316 0)
(-0.0236136 0.000716363 0)
(-0.0238602 0.000809063 0)
(-0.0241218 0.000229001 0)
(-0.0243466 -0.00109888 0)
(-0.024597 -0.00318486 0)
(-0.024637 -0.00604437 0)
(-0.0249255 -0.00962786 0)
(-0.0245652 -0.0137873 0)
(-0.0255857 -0.0180734 0)
(-0.0250244 -0.0195223 0)
(-0.0268493 -0.0155539 0)
(-0.0210885 -0.002395 0)
(-0.0183132 0.0189327 0)
(0.00112299 0.0463805 0)
(0.00173725 0.0680663 0)
(0.0113987 0.082057 0)
(-0.0212159 -0.00170364 0)
(-0.0215251 -0.000324951 0)
(-0.0224535 0.000599409 0)
(-0.0233003 0.00121426 0)
(-0.0240658 0.0013034 0)
(-0.0247672 0.0006799 0)
(-0.0252886 -0.000722796 0)
(-0.025638 -0.00294746 0)
(-0.0254823 -0.00597782 0)
(-0.0254308 -0.00971366 0)
(-0.0245187 -0.0137794 0)
(-0.0252015 -0.017902 0)
(-0.0243083 -0.0193056 0)
(-0.0262457 -0.0168875 0)
(-0.0211151 -0.00660706 0)
(-0.0203059 0.0102805 0)
(-0.00225205 0.0363816 0)
(-0.00175596 0.0635575 0)
(0.0116255 0.0869338 0)
(-0.0192206 -0.000728347 0)
(-0.0200737 0.00057043 0)
(-0.0215754 0.00152357 0)
(-0.0229159 0.00214121 0)
(-0.0240488 0.00212536 0)
(-0.024947 0.00134327 0)
(-0.0253927 -0.000340837 0)
(-0.0253882 -0.00295554 0)
(-0.0246179 -0.00635713 0)
(-0.0239467 -0.0103353 0)
(-0.0224392 -0.0142211 0)
(-0.0228525 -0.0180022 0)
(-0.021893 -0.019054 0)
(-0.0242082 -0.0175859 0)
(-0.0205568 -0.00934302 0)
(-0.0216656 0.00390444 0)
(-0.00689582 0.0280599 0)
(-0.00723915 0.0567861 0)
(0.0115661 0.0900562 0)
(-0.0173184 0.000688732 0)
(-0.01871 0.00196562 0)
(-0.0207105 0.00291709 0)
(-0.0223812 0.00339926 0)
(-0.0236147 0.00310619 0)
(-0.0242998 0.00189234 0)
(-0.0242042 -0.000365756 0)
(-0.0234142 -0.00358728 0)
(-0.0218126 -0.00740011 0)
(-0.0205556 -0.0114891 0)
(-0.0187738 -0.0149439 0)
(-0.0192471 -0.018078 0)
(-0.0187047 -0.0184476 0)
(-0.0215965 -0.0172531 0)
(-0.0199303 -0.0103245 0)
(-0.0226334 0.000161224 0)
(-0.0117181 0.0218684 0)
(-0.0136107 0.0475495 0)
(0.0101537 0.0906746 0)
(-0.0154745 0.00255957 0)
(-0.0173853 0.00379932 0)
(-0.0197854 0.00464058 0)
(-0.0215115 0.0047598 0)
(-0.0224183 0.00388201 0)
(-0.022369 0.00187495 0)
(-0.021251 -0.00119673 0)
(-0.019477 -0.00503367 0)
(-0.0172089 -0.00902695 0)
(-0.0157408 -0.0128564 0)
(-0.0142374 -0.0155525 0)
(-0.0151411 -0.0177322 0)
(-0.015444 -0.0172148 0)
(-0.0189168 -0.0157636 0)
(-0.0192306 -0.00963345 0)
(-0.0229834 -0.00118802 0)
(-0.0158731 0.0174647 0)
(-0.0183118 0.0386641 0)
(0.00588425 0.0869488 0)
(-0.0137525 0.00490298 0)
(-0.0161175 0.00600436 0)
(-0.0185789 0.00642474 0)
(-0.0198731 0.00576606 0)
(-0.0198701 0.00389547 0)
(-0.0185853 0.000847725 0)
(-0.0163208 -0.00300647 0)
(-0.0138455 -0.00712899 0)
(-0.0114836 -0.0108381 0)
(-0.0103661 -0.0139572 0)
(-0.00966275 -0.0156407 0)
(-0.0111941 -0.0166976 0)
(-0.0124872 -0.0152907 0)
(-0.0163331 -0.0133068 0)
(-0.0181668 -0.00764699 0)
(-0.0224008 -0.000683912 0)
(-0.0187553 0.0145732 0)
(-0.0208047 0.0313505 0)
(-0.000882107 0.0785042 0)
(-0.0120996 0.00762938 0)
(-0.0147 0.00833306 0)
(-0.0166592 0.00784678 0)
(-0.0167986 0.00590366 0)
(-0.015337 0.00270916 0)
(-0.0128091 -0.00131176 0)
(-0.00990419 -0.00550004 0)
(-0.00747687 -0.00931399 0)
(-0.00575963 -0.0122545 0)
(-0.00544191 -0.0143584 0)
(-0.00575944 -0.0150086 0)
(-0.00785813 -0.0149878 0)
(-0.00992494 -0.0128649 0)
(-0.0137708 -0.0103214 0)
(-0.0163908 -0.00494577 0)
(-0.0205642 0.00101025 0)
(-0.0196727 0.0130997 0)
(-0.0208516 0.0261382 0)
(-0.00722779 0.065897 0)
(-0.0103354 0.010503 0)
(-0.012548 0.0102478 0)
(-0.0130775 0.00816518 0)
(-0.0115937 0.00461999 0)
(-0.00887604 0.000280717 0)
(-0.00588074 -0.00406787 0)
(-0.00335169 -0.00785644 0)
(-0.0017962 -0.0108282 0)
(-0.00117693 -0.0127802 0)
(-0.00176457 -0.0138699 0)
(-0.00293211 -0.0136807 0)
(-0.00529026 -0.0128188 0)
(-0.00766573 -0.010251 0)
(-0.0110788 -0.00729072 0)
(-0.0137294 -0.00213999 0)
(-0.0173102 0.00319671 0)
(-0.0178409 0.0127226 0)
(-0.0183521 0.0226239 0)
(-0.0100494 0.0514073 0)
(-0.00767544 0.0128981 0)
(-0.00864785 0.0108537 0)
(-0.00725201 0.0068211 0)
(-0.00463664 0.00209096 0)
(-0.00185735 -0.00241397 0)
(0.000325979 -0.00620321 0)
(0.00161983 -0.00909393 0)
(0.00197056 -0.0111039 0)
(0.00155594 -0.0121948 0)
(0.000362322 -0.0125129 0)
(-0.00118018 -0.0117756 0)
(-0.00337588 -0.0103962 0)
(-0.00554438 -0.00766065 0)
(-0.00818409 -0.00450414 0)
(-0.0103241 0.000329027 0)
(-0.0129643 0.00517634 0)
(-0.0138144 0.0128729 0)
(-0.013877 0.0202351 0)
(-0.00873948 0.0389037 0)
(-0.00344554 0.0137916 0)
(-0.00258861 0.00976806 0)
(-0.000316806 0.00469349 0)
(0.00174972 0.000101521 0)
(0.00322631 -0.00369217 0)
(0.00391576 -0.00661686 0)
(0.00392304 -0.00869593 0)
(0.00337786 -0.010028 0)
(0.0024528 -0.010607 0)
(0.00118769 -0.0104963 0)
(-0.000201348 -0.00951798 0)
(-0.0018663 -0.00789483 0)
(-0.00347015 -0.00516049 0)
(-0.00523039 -0.00194753 0)
(-0.00671934 0.00252633 0)
(-0.00827837 0.00713803 0)
(-0.00876767 0.0135759 0)
(-0.00870769 0.0192578 0)
(-0.00555276 0.030866 0)
(0.00205782 0.0127278 0)
(0.00298045 0.00791159 0)
(0.00397759 0.00308552 0)
(0.00439673 -0.000923002 0)
(0.00438474 -0.00419591 0)
(0.00403454 -0.00672918 0)
(0.00347831 -0.00856217 0)
(0.00278911 -0.00974108 0)
(0.0020271 -0.0102369 0)
(0.00119329 -0.0100536 0)
(0.000348958 -0.00907249 0)
(-0.000567759 -0.00740015 0)
(-0.0014369 -0.00472686 0)
(-0.00235309 -0.00147221 0)
(-0.00308321 0.00285704 0)
(-0.00375821 0.00744395 0)
(-0.00397172 0.0130312 0)
(-0.00396037 0.0176903 0)
(-0.00249307 0.0250986 0)
)
;

boundaryField
{
    leftWall
    {
        type            noSlip;
    }
    rightWall
    {
        type            noSlip;
    }
    lowerWall
    {
        type            noSlip;
    }
    atmosphere
    {
        type            pressureInletOutletVelocity;
        value           nonuniform List<vector> 
46
(
(0.00868021 0.0222705 0)
(0.0228903 0.0384471 0)
(0.0399425 0.0322537 0)
(0.0523034 0.016217 0)
(0.0601345 0.000556829 0)
(0 -0.0124326 0)
(0 -0.0219803 0)
(0 -0.0282571 0)
(0 -0.0316086 0)
(0 -0.0324375 0)
(0 -0.0311923 0)
(0 -0.0282788 0)
(0 -0.0241249 0)
(0 -0.0190737 0)
(0 -0.013477 0)
(0 -0.00762164 0)
(0 -0.00178166 0)
(0.0316141 0.00378869 0)
(0.026209 0.00899053 0)
(0.02062 0.013724 0)
(0.0151955 0.0176777 0)
(0.0101299 0.020582 0)
(0.00561144 0.0217057 0)
(0.00347267 0.0217041 0)
(0.00241373 0.0203821 0)
(0.0019469 0.0185208 0)
(0.00173738 0.0160097 0)
(0.00205782 0.0127278 0)
(0.00298045 0.00791159 0)
(0.00397759 0.00308552 0)
(0 -0.000923002 0)
(0 -0.00419591 0)
(0 -0.00672918 0)
(0 -0.00856217 0)
(0 -0.00974108 0)
(0 -0.0102369 0)
(0 -0.0100536 0)
(0 -0.00907249 0)
(0 -0.00740015 0)
(0 -0.00472686 0)
(0 -0.00147221 0)
(-0.00308321 0.00285704 0)
(-0.00375821 0.00744395 0)
(-0.00397172 0.0130312 0)
(-0.00396037 0.0176903 0)
(-0.00249307 0.0250986 0)
)
;
    }
    defaultFaces
    {
        type            empty;
    }
}


// ************************************************************************* //
