/*--------------------------------*- C++ -*----------------------------------*\
| =========                 |                                                 |
| \\      /  F ield         | OpenFOAM: The Open Source CFD Toolbox           |
|  \\    /   O peration     | Version:  2312                                  |
|   \\  /    A nd           | Website:  www.openfoam.com                      |
|    \\/     M anipulation  |                                                 |
\*---------------------------------------------------------------------------*/
FoamFile
{
    version     2.0;
    format      ascii;
    arch        "LSB;label=32;scalar=64";
    class       surfaceScalarField;
    location    "1.55";
    object      phi;
}
// * * * * * * * * * * * * * * * * * * * * * * * * * * * * * * * * * * * * * //

dimensions      [0 3 -1 0 0 0 0];

oriented        oriented;

internalField   nonuniform List<scalar> 
4432
(
3.09082e-06
-3.09081e-06
3.60252e-06
-5.11706e-07
4.01271e-06
-4.10188e-07
4.10874e-06
-9.6024e-08
3.94929e-06
1.59443e-07
3.46504e-06
4.84252e-07
2.76401e-06
7.01037e-07
2.06979e-06
6.94213e-07
1.62182e-06
4.47971e-07
1.51143e-06
1.10388e-07
1.71036e-06
-1.98925e-07
2.14914e-06
-4.38778e-07
2.75113e-06
-6.01996e-07
3.4386e-06
-6.87464e-07
4.12104e-06
-6.82446e-07
4.69613e-06
-5.75091e-07
5.08834e-06
-3.92211e-07
5.24276e-06
-1.54415e-07
5.09683e-06
1.45926e-07
4.56964e-06
5.27196e-07
3.60839e-06
9.61247e-07
2.12536e-06
1.48303e-06
2.12536e-06
1.77207e-06
-4.86288e-06
2.54862e-06
-1.28826e-06
3.24142e-06
-1.10298e-06
3.54567e-06
-4.00268e-07
3.52982e-06
1.75289e-07
3.09578e-06
9.18298e-07
2.38429e-06
1.41253e-06
1.66632e-06
1.41219e-06
1.21943e-06
8.9486e-07
1.13246e-06
1.97359e-07
1.36875e-06
-4.35211e-07
1.84562e-06
-9.15657e-07
2.48371e-06
-1.24008e-06
3.20589e-06
-1.40965e-06
3.92251e-06
-1.39907e-06
4.52471e-06
-1.17728e-06
4.93755e-06
-8.05054e-07
5.11224e-06
-3.29106e-07
4.9822e-06
2.75968e-07
4.44086e-06
1.06853e-06
3.45021e-06
1.9519e-06
1.93231e-06
3.00093e-06
4.05767e-06
3.81608e-07
-5.24448e-06
1.2445e-06
-2.15115e-06
2.11378e-06
-1.97226e-06
2.66419e-06
-9.50686e-07
2.79047e-06
4.90179e-08
2.42799e-06
1.28077e-06
1.71362e-06
2.1269e-06
9.82659e-07
2.14315e-06
5.62688e-07
1.31483e-06
5.50761e-07
2.09286e-07
8.76329e-07
-7.60779e-07
1.43189e-06
-1.47122e-06
2.13576e-06
-1.94395e-06
2.9143e-06
-2.18819e-06
3.68262e-06
-2.16739e-06
4.3138e-06
-1.80846e-06
4.73965e-06
-1.23091e-06
4.93139e-06
-5.20847e-07
4.83705e-06
3.70307e-07
4.32679e-06
1.5788e-06
3.37581e-06
2.90288e-06
1.86173e-06
4.51501e-06
5.9194e-06
-8.55974e-07
-4.3885e-06
-9.97436e-08
-2.90738e-06
8.1195e-07
-2.88395e-06
1.66717e-06
-1.8059e-06
2.07661e-06
-3.60421e-07
1.9011e-06
1.45629e-06
1.2113e-06
2.8167e-06
4.98145e-07
2.85631e-06
1.27104e-07
1.68587e-06
2.77429e-07
5.89632e-08
6.76807e-07
-1.16016e-06
1.31877e-06
-2.11318e-06
2.08825e-06
-2.71342e-06
2.91191e-06
-3.01185e-06
3.72131e-06
-2.97679e-06
4.35482e-06
-2.44197e-06
4.74905e-06
-1.62513e-06
4.91201e-06
-6.83808e-07
4.84599e-06
4.36327e-07
4.36565e-06
2.05914e-06
3.48332e-06
3.78521e-06
1.95037e-06
6.04795e-06
7.86978e-06
-1.33244e-06
-3.05607e-06
-6.8452e-07
-3.55529e-06
5.30117e-07
-4.09859e-06
1.75186e-06
-3.02765e-06
2.43555e-06
-1.04411e-06
2.33044e-06
1.5614e-06
1.47692e-06
3.67022e-06
5.76811e-07
3.75641e-06
1.91725e-07
2.07096e-06
3.51631e-07
-1.00945e-07
8.98914e-07
-1.70744e-06
1.6714e-06
-2.88567e-06
2.52219e-06
-3.56422e-06
3.36872e-06
-3.85838e-06
4.21842e-06
-3.82649e-06
4.87179e-06
-3.09534e-06
5.2356e-06
-1.98894e-06
5.32765e-06
-7.75866e-07
5.24462e-06
5.19362e-07
4.70675e-06
2.59701e-06
3.87793e-06
4.61403e-06
2.23963e-06
7.68625e-06
1.01094e-05
1.65687e-07
-3.22171e-06
1.07608e-06
-4.46566e-06
1.93034e-06
-4.95283e-06
2.85131e-06
-3.94861e-06
3.43118e-06
-1.62398e-06
2.82127e-06
2.17132e-06
1.19843e-06
5.29306e-06
-4.5698e-07
5.41183e-06
-1.20681e-06
2.8208e-06
-1.06579e-06
-2.41959e-07
-1.87688e-07
-2.58554e-06
1.09861e-06
-4.17196e-06
2.52795e-06
-4.99355e-06
3.74834e-06
-5.07876e-06
4.69484e-06
-4.77298e-06
5.6204e-06
-4.02089e-06
6.21085e-06
-2.57938e-06
6.43877e-06
-1.00378e-06
6.65473e-06
3.03401e-07
5.87911e-06
3.37263e-06
4.99884e-06
5.4943e-06
2.99832e-06
9.68677e-06
1.31077e-05
1.12675e-05
-1.44891e-05
1.15932e-05
-4.79132e-06
8.8954e-06
-2.25499e-06
7.04631e-06
-2.09949e-06
4.92964e-06
4.92715e-07
-7.74615e-07
7.87559e-06
-7.25638e-06
1.17748e-05
-1.07797e-05
8.93514e-06
-1.11227e-05
3.16383e-06
-1.04533e-05
-9.11346e-07
-9.38057e-06
-3.65824e-06
-7.66712e-06
-5.88538e-06
-5.47793e-06
-7.18272e-06
-3.66997e-06
-6.88669e-06
-2.7892e-06
-5.65373e-06
-1.34646e-07
-6.67543e-06
4.18657e-06
-6.90058e-06
7.81813e-06
-4.63534e-06
8.94047e-06
-8.1893e-07
7.80033e-06
4.51277e-06
6.87556e-06
6.41908e-06
4.2835e-06
1.22788e-05
1.73912e-05
1.63331e-05
-3.08221e-05
2.54237e-05
-1.38819e-05
2.29243e-05
2.44528e-07
1.61255e-05
4.69925e-06
1.04119e-05
6.20637e-06
5.58871e-06
1.26988e-05
1.46642e-06
1.58971e-05
-1.01724e-06
1.14188e-05
-2.76255e-06
4.90915e-06
-4.51467e-06
8.40783e-07
-5.79486e-06
-2.37803e-06
-6.30993e-06
-5.3703e-06
-6.53335e-06
-6.95929e-06
-7.77362e-06
-5.64641e-06
-1.07531e-05
-2.67423e-06
-1.22475e-05
-5.18107e-06
-7.64125e-06
-1.15068e-05
-1.7373e-06
-1.05393e-05
3.4967e-06
-6.05292e-06
7.67137e-06
3.38102e-07
8.31569e-06
5.77475e-06
5.62936e-06
1.49652e-05
2.30206e-05
-7.57747e-06
7.57748e-06
-9.87896e-06
2.30149e-06
-1.22601e-05
2.3811e-06
-1.49948e-05
2.73473e-06
-1.68012e-05
1.80644e-06
-1.84227e-05
1.62145e-06
-1.98902e-05
1.46756e-06
-1.94851e-05
-4.05126e-07
-1.85073e-05
-9.77799e-07
-1.70163e-05
-1.49099e-06
-1.17694e-05
-5.24694e-06
-6.88743e-06
-4.88193e-06
-2.34069e-06
-4.54675e-06
1.3912e-08
-2.3546e-06
8.30534e-07
-8.16622e-07
1.62146e-06
-7.90929e-07
1.31007e-06
3.11387e-07
1.47069e-06
-1.60613e-07
1.47069e-06
4.81679e-06
2.76071e-06
4.48005e-06
2.63825e-06
8.38387e-06
-1.52271e-06
6.91431e-06
4.2043e-06
2.19906e-06
6.5217e-06
-3.39218e-06
7.21269e-06
-9.97619e-06
8.05158e-06
-1.38932e-05
3.51189e-06
-1.63335e-05
1.46252e-06
-1.57361e-05
-2.0884e-06
-1.07974e-05
-1.01856e-05
-6.92809e-06
-8.75125e-06
-3.18705e-06
-8.28779e-06
-2.01473e-06
-3.52692e-06
-2.37618e-06
-4.5517e-07
-2.76746e-06
-3.99651e-07
-2.11536e-06
-3.40705e-07
-1.9092e-06
-3.66772e-07
-4.38517e-07
1.1905e-05
-9.14431e-06
1.35852e-05
9.58147e-07
1.93869e-05
-7.3245e-06
1.52082e-05
8.38303e-06
5.97891e-06
1.5751e-05
7.04676e-07
1.24869e-05
2.98399e-06
5.77227e-06
5.20093e-06
1.29496e-06
3.54184e-06
3.12161e-06
2.60223e-08
1.42742e-06
-3.10808e-06
-7.05154e-06
-1.45567e-06
-1.04037e-05
2.39346e-06
-1.21369e-05
1.77824e-06
-2.9117e-06
-1.54608e-06
2.86915e-06
-2.87715e-06
9.3142e-07
-1.32057e-06
-1.89729e-06
-1.19243e-06
-4.9491e-07
-1.63095e-06
7.21673e-06
-1.6361e-05
1.38094e-05
-5.63446e-06
1.65057e-05
-1.00208e-05
1.38414e-05
1.10473e-05
1.08084e-05
1.8784e-05
7.01576e-06
1.62796e-05
1.07386e-05
2.04943e-06
1.46437e-05
-2.61014e-06
1.31749e-05
4.59044e-06
1.21347e-05
2.46759e-06
9.86155e-06
-4.77839e-06
1.03236e-05
-1.08657e-05
1.5341e-05
-1.71543e-05
1.71471e-05
-4.71779e-06
7.44033e-06
1.2576e-05
2.86306e-06
5.50869e-06
4.43543e-06
-3.46967e-06
6.85089e-06
-2.91037e-06
5.21994e-06
2.95077e-06
-1.93118e-05
1.21356e-05
-1.48193e-05
1.22838e-05
-1.0169e-05
1.22666e-05
1.10646e-05
1.39138e-05
1.71368e-05
1.61995e-05
1.39939e-05
1.86341e-05
-3.85178e-07
2.04956e-05
-4.47164e-06
2.12062e-05
3.87982e-06
2.07591e-05
2.91473e-06
1.92974e-05
-3.31671e-06
1.86436e-05
-1.02119e-05
1.83964e-05
-1.69072e-05
1.32025e-05
4.76089e-07
8.3523e-06
1.74262e-05
9.35352e-06
4.50747e-06
9.11913e-06
-3.23528e-06
8.09731e-06
-1.88854e-06
1.33172e-05
9.78788e-07
-2.02906e-05
8.53739e-06
-2.23779e-05
1.04655e-05
-1.20971e-05
1.36237e-05
7.90639e-06
1.70097e-05
1.37507e-05
2.18372e-05
9.16648e-06
2.34373e-05
-1.98533e-06
2.51663e-05
-6.20063e-06
3.01347e-05
-1.08858e-06
3.2429e-05
6.20442e-07
3.16503e-05
-2.53804e-06
2.8791e-05
-7.35256e-06
2.12305e-05
-9.3467e-06
1.41853e-05
7.52133e-06
1.32942e-05
1.83172e-05
1.41205e-05
3.68116e-06
1.27535e-05
-1.86835e-06
8.63193e-06
2.23307e-06
2.19492e-05
1.87111e-06
-2.21617e-05
6.79574e-06
-2.73025e-05
1.0433e-05
-1.57343e-05
1.79903e-05
3.49105e-07
2.60465e-05
5.6945e-06
3.16869e-05
3.52612e-06
3.28717e-05
-3.17022e-06
3.34046e-05
-6.73348e-06
3.78881e-05
-5.57211e-06
4.12636e-05
-2.75498e-06
4.04373e-05
-1.71178e-06
3.65039e-05
-3.41914e-06
2.67868e-05
3.70345e-07
1.77459e-05
1.65623e-05
1.72322e-05
1.88309e-05
1.67209e-05
4.19237e-06
1.36421e-05
1.2105e-06
7.66896e-06
8.20619e-06
2.96181e-05
1.40773e-05
-3.62389e-05
1.75648e-05
-3.07901e-05
2.23794e-05
-2.05488e-05
3.08275e-05
-8.09907e-06
3.86139e-05
-2.09182e-06
4.3856e-05
-1.71605e-06
4.51784e-05
-4.49255e-06
4.46996e-05
-6.25473e-06
4.56548e-05
-6.52733e-06
4.79155e-05
-5.01567e-06
4.7127e-05
-9.23301e-07
3.92715e-05
4.43636e-06
2.59167e-05
1.37251e-05
1.91724e-05
2.33067e-05
2.11349e-05
1.68685e-05
2.04612e-05
4.86603e-06
1.42645e-05
7.40715e-06
6.18612e-06
1.62846e-05
3.58042e-05
2.54216e-05
-5.62437e-05
4.55868e-05
-3.40471e-05
5.10683e-05
-5.23687e-06
4.65564e-05
9.21112e-06
3.80929e-05
1.46699e-05
3.39665e-05
1.68252e-05
3.25239e-05
1.73398e-05
3.03442e-05
1.35985e-05
2.33318e-05
1.19216e-05
1.00752e-05
1.40973e-05
-2.9558e-06
1.0653e-05
-1.11923e-05
2.86623e-06
-1.49066e-05
-3.24501e-06
-2.03179e-05
-2.35052e-07
-2.84202e-05
5.42809e-06
-3.1199e-05
-2.40233e-06
-2.20287e-05
-2.06771e-05
-9.40764e-06
-2.31603e-05
-9.14066e-07
-1.45465e-05
5.63017e-06
-6.20613e-06
1.27628e-05
-1.35791e-06
2.38053e-05
3.92273e-06
2.17933e-06
4.46465e-05
1.5713e-05
-7.19567e-05
2.79971e-05
-4.63313e-05
2.89934e-05
-6.23318e-06
2.88723e-05
9.33227e-06
3.0569e-05
1.29732e-05
3.27619e-05
1.46323e-05
4.07495e-05
9.35222e-06
4.84814e-05
5.86663e-06
4.94142e-05
1.09888e-05
4.27784e-05
2.07332e-05
2.9045e-05
2.43864e-05
9.46845e-06
2.24428e-05
-7.16223e-06
1.33857e-05
-1.54525e-05
8.05526e-06
-2.3096e-05
1.30715e-05
-2.57288e-05
2.30555e-07
-1.7129e-05
-2.92769e-05
-4.20217e-06
-3.60871e-05
1.1471e-05
-3.02197e-05
2.75077e-05
-2.22429e-05
4.087e-05
-1.47202e-05
5.34238e-05
-8.63105e-06
-1.41541e-05
6.97573e-05
5.89581e-07
-7.25463e-05
1.91229e-06
-4.7654e-05
-1.14873e-05
7.16639e-06
-1.8779e-05
1.6624e-05
-8.42768e-06
2.62188e-06
7.93304e-06
-1.72841e-06
3.01039e-05
-1.28187e-05
5.25597e-05
-1.65892e-05
6.79836e-05
-4.43508e-06
7.23338e-05
1.6383e-05
6.4241e-05
3.24792e-05
4.92737e-05
3.74102e-05
3.30315e-05
2.96279e-05
2.14359e-05
1.96508e-05
7.66415e-06
2.68433e-05
-3.74792e-06
1.16426e-05
-3.76837e-06
-2.92565e-05
2.07718e-06
-4.19327e-05
1.31138e-05
-4.12563e-05
2.80287e-05
-3.71577e-05
4.61837e-05
-3.28752e-05
6.77062e-05
-3.01536e-05
-3.21937e-05
8.57458e-05
-1.59962e-05
-5.65501e-05
-3.25925e-05
-3.10577e-05
-4.10029e-05
1.55769e-05
-3.81547e-05
1.37757e-05
-1.84358e-05
-1.7097e-05
5.37524e-06
-2.55395e-05
2.79121e-05
-3.53555e-05
5.18186e-05
-4.04957e-05
7.42466e-05
-2.68631e-05
8.35419e-05
7.08768e-06
8.32299e-05
3.27913e-05
7.59066e-05
4.47334e-05
6.25171e-05
4.30174e-05
5.27461e-05
2.94218e-05
4.69386e-05
3.26508e-05
3.35309e-05
2.50503e-05
1.69352e-05
-1.26608e-05
1.00419e-05
-3.50393e-05
1.50868e-05
-4.63012e-05
2.73703e-05
-4.94412e-05
4.23668e-05
-4.78716e-05
5.81024e-05
-4.58893e-05
-4.55756e-05
7.14844e-05
-2.0356e-05
-3.61941e-05
-3.17175e-05
-1.96962e-05
-2.10823e-05
4.94173e-06
-1.06265e-05
3.31986e-06
-5.22215e-06
-2.25014e-05
3.0167e-06
-3.37783e-05
1.56204e-05
-4.79592e-05
3.5197e-05
-6.00724e-05
6.18803e-05
-5.35463e-05
7.69792e-05
-8.01126e-06
7.95885e-05
3.0182e-05
7.96373e-05
4.46846e-05
7.69231e-05
4.57315e-05
7.06332e-05
3.57118e-05
6.80411e-05
3.5243e-05
6.45314e-05
2.856e-05
4.2416e-05
9.45463e-06
2.30514e-05
-1.56746e-05
2.38531e-05
-4.71029e-05
3.62679e-05
-6.1856e-05
5.1506e-05
-6.31096e-05
6.59733e-05
-6.03566e-05
-5.7736e-05
7.81338e-05
-1.76111e-05
-1.8583e-05
-2.60793e-05
-1.1228e-05
-1.89377e-05
-2.19975e-06
-1.17942e-05
-3.82365e-06
-1.49817e-05
-1.93139e-05
-1.38434e-05
-3.49166e-05
-7.69754e-06
-5.41052e-05
5.49101e-06
-7.3261e-05
3.0629e-05
-7.86843e-05
5.42957e-05
-3.1678e-05
6.11695e-05
2.33081e-05
6.59064e-05
3.99477e-05
7.16266e-05
4.00113e-05
7.26518e-05
3.46865e-05
7.51636e-05
3.27312e-05
7.81744e-05
2.55493e-05
6.59926e-05
2.16365e-05
5.10076e-05
-6.89402e-07
5.08126e-05
-4.69078e-05
6.31637e-05
-7.4207e-05
7.75366e-05
-7.74825e-05
9.14014e-05
-7.42214e-05
-6.98046e-05
0.00010347
-1.66871e-05
-1.89591e-06
-2.62299e-05
-1.68516e-06
-2.61377e-05
-2.29198e-06
-2.38727e-05
-6.08857e-06
-2.71031e-05
-1.60836e-05
-3.22509e-05
-2.97688e-05
-3.45187e-05
-5.18374e-05
-2.90992e-05
-7.86805e-05
-1.80122e-05
-8.97714e-05
1.37362e-05
-6.34265e-05
3.99808e-05
-2.93667e-06
4.74198e-05
3.25086e-05
5.68395e-05
3.05916e-05
6.42278e-05
2.72983e-05
7.13099e-05
2.56491e-05
7.63081e-05
2.05511e-05
7.98167e-05
1.81279e-05
8.77033e-05
-8.5759e-06
9.29398e-05
-5.21442e-05
0.000100364
-8.16313e-05
0.000109748
-8.68663e-05
0.000120129
-8.46025e-05
-8.00046e-05
0.000130329
-1.592e-05
1.40241e-05
-2.74845e-05
9.87935e-06
-3.10014e-05
1.22494e-06
-3.01646e-05
-6.92537e-06
-3.49758e-05
-1.12724e-05
-4.7845e-05
-1.68994e-05
-5.68432e-05
-4.28393e-05
-5.53786e-05
-8.01451e-05
-5.5693e-05
-8.94571e-05
-4.45764e-05
-7.45431e-05
-5.44817e-06
-4.2065e-05
2.37809e-05
3.27943e-06
4.12954e-05
1.30771e-05
5.42168e-05
1.43768e-05
6.54729e-05
1.4393e-05
7.57292e-05
1.02948e-05
9.57545e-05
-1.89739e-06
0.000117878
-3.06993e-05
0.000129705
-6.39712e-05
0.000131854
-8.37805e-05
0.000136682
-9.16937e-05
0.000143784
-9.17053e-05
-8.73388e-05
0.000151119
-1.14451e-05
2.54692e-05
-2.12033e-05
1.96376e-05
-2.58129e-05
5.8347e-06
-2.00642e-05
-1.26739e-05
-3.7733e-05
6.39659e-06
-6.67728e-05
1.21405e-05
-7.77133e-05
-3.18985e-05
-7.35399e-05
-8.43184e-05
-6.54921e-05
-9.75049e-05
-5.54522e-05
-8.4583e-05
-3.71464e-05
-6.03709e-05
-5.39669e-06
-2.84703e-05
2.46153e-05
-1.6935e-05
4.67298e-05
-7.73767e-06
6.76855e-05
-6.56275e-06
8.89277e-05
-1.09474e-05
0.000118441
-3.14109e-05
0.000135866
-4.81238e-05
0.000141833
-6.9939e-05
0.000145512
-8.74589e-05
0.000149424
-9.56055e-05
0.000155292
-9.7574e-05
-9.38145e-05
0.000161768
-1.56068e-05
4.10761e-05
-1.78287e-05
2.18597e-05
-1.10003e-05
-9.93364e-07
-7.64634e-06
-1.60275e-05
7.57941e-06
-8.82873e-06
1.67052e-05
3.01523e-06
-9.81653e-06
-5.37642e-06
-4.99473e-05
-4.41875e-05
-9.1021e-05
-5.64311e-05
-4.29248e-05
-0.000132679
-2.63576e-05
-7.69381e-05
-2.05206e-06
-5.27758e-05
1.91224e-05
-3.81095e-05
4.31359e-05
-3.17512e-05
7.05402e-05
-3.3967e-05
9.96858e-05
-4.0093e-05
0.000118368
-5.00928e-05
0.00013469
-6.44464e-05
0.000139787
-7.50354e-05
0.000151488
-9.91602e-05
0.000163783
-0.000107901
0.000163504
-9.72953e-05
-0.000102261
0.000171951
7.07206e-06
3.40041e-05
2.50976e-05
3.83424e-06
4.03371e-05
-1.62328e-05
4.86099e-05
-2.43e-05
6.7423e-05
-2.76415e-05
9.39213e-05
-2.34828e-05
0.000105244
-1.66983e-05
7.54153e-05
-1.4359e-05
3.94359e-05
-2.04512e-05
-2.27427e-05
-7.05001e-05
-4.07689e-05
-5.89116e-05
-8.0645e-07
-9.2738e-05
2.16946e-05
-6.06102e-05
4.31021e-05
-5.31584e-05
6.60319e-05
-5.68965e-05
9.03739e-05
-6.44348e-05
0.000108619
-6.83372e-05
0.000141718
-9.75461e-05
0.000144473
-7.77899e-05
0.00013363
-8.83171e-05
0.000127826
-0.000102096
0.000131078
-0.000100547
-9.74143e-05
0.000126231
2.88104e-05
5.19343e-06
5.0032e-05
-1.73876e-05
6.14212e-05
-2.76221e-05
6.98674e-05
-3.27462e-05
7.8732e-05
-3.65061e-05
9.20874e-05
-3.6838e-05
0.000106784
-3.13942e-05
0.000115343
-2.29182e-05
0.000111477
-1.65841e-05
7.2564e-05
-3.15866e-05
5.91961e-05
-4.55429e-05
3.26436e-05
-6.61847e-05
3.92776e-05
-6.72434e-05
5.52339e-05
-6.91141e-05
7.1102e-05
-7.2764e-05
7.94663e-05
-7.27984e-05
8.81253e-05
-7.69957e-05
8.06114e-05
-9.00316e-05
9.1432e-05
-8.86102e-05
9.27804e-05
-8.96649e-05
8.62005e-05
-9.55158e-05
8.22761e-05
-9.66226e-05
-9.60048e-05
8.08668e-05
3.37947e-05
-2.86014e-05
4.88223e-05
-3.24155e-05
5.83361e-05
-3.71361e-05
6.58605e-05
-4.02708e-05
7.10378e-05
-4.16834e-05
7.57378e-05
-4.15379e-05
8.08281e-05
-3.64843e-05
8.57641e-05
-2.78539e-05
9.22799e-05
-2.30995e-05
8.91497e-05
-2.8456e-05
8.17956e-05
-3.81883e-05
6.72451e-05
-5.16339e-05
6.06718e-05
-6.06698e-05
5.81361e-05
-6.65781e-05
5.63156e-05
-7.09433e-05
5.76679e-05
-7.41505e-05
5.8375e-05
-7.77027e-05
5.17107e-05
-8.3367e-05
4.81492e-05
-8.50484e-05
4.41352e-05
-8.56504e-05
3.64259e-05
-8.78062e-05
2.7523e-05
-8.7719e-05
-8.68026e-05
1.83202e-05
1.93201e-05
-4.79221e-05
3.09877e-05
-4.40834e-05
3.75942e-05
-4.37429e-05
4.10759e-05
-4.37527e-05
4.2291e-05
-4.28987e-05
4.1233e-05
-4.048e-05
4.04508e-05
-3.57021e-05
4.26143e-05
-3.00175e-05
4.70392e-05
-2.75242e-05
4.91375e-05
-3.05543e-05
4.83307e-05
-3.73814e-05
4.29728e-05
-4.62759e-05
3.64993e-05
-5.41963e-05
3.03899e-05
-6.04686e-05
2.52443e-05
-6.57977e-05
2.1357e-05
-7.02631e-05
1.71957e-05
-7.35411e-05
1.01269e-05
-7.62982e-05
2.38734e-06
-7.73088e-05
-5.91068e-06
-7.7352e-05
-1.69095e-05
-7.6807e-05
-2.85179e-05
-7.61108e-05
-7.70177e-05
-3.83028e-05
8.00386e-06
-5.59261e-05
1.26049e-05
-4.86847e-05
1.3569e-05
-4.47073e-05
1.17454e-05
-4.19293e-05
8.22197e-06
-3.93754e-05
4.35365e-06
-3.66118e-05
2.06628e-06
-3.34149e-05
2.66019e-06
-3.06115e-05
5.06953e-06
-2.99337e-05
7.02967e-06
-3.25146e-05
7.48461e-06
-3.78365e-05
5.83894e-06
-4.46305e-05
2.90616e-06
-5.12638e-05
-6.97734e-07
-5.68649e-05
-4.93243e-06
-6.15631e-05
-1.00364e-05
-6.51592e-05
-1.62373e-05
-6.73404e-05
-2.38929e-05
-6.86427e-05
-3.23537e-05
-6.8848e-05
-4.11324e-05
-6.85733e-05
-4.95915e-05
-6.83479e-05
-5.70958e-05
-6.8606e-05
-6.94298e-05
-6.46843e-05
-1.1864e-06
-5.47402e-05
-4.00579e-06
-4.58656e-05
-8.93653e-06
-3.97768e-05
-1.50049e-05
-3.58612e-05
-2.12054e-05
-3.31751e-05
-2.64449e-05
-3.13726e-05
-2.95481e-05
-3.03119e-05
-2.98615e-05
-3.02984e-05
-2.79199e-05
-3.18756e-05
-2.50305e-05
-3.54043e-05
-2.23728e-05
-4.04947e-05
-2.08532e-05
-4.61504e-05
-2.07624e-05
-5.13551e-05
-2.19889e-05
-5.56389e-05
-2.45705e-05
-5.89818e-05
-2.8432e-05
-6.1298e-05
-3.31026e-05
-6.267e-05
-3.84314e-05
-6.33141e-05
-4.4029e-05
-6.32506e-05
-4.99437e-05
-6.26587e-05
-5.64929e-05
-6.17986e-05
-6.40859e-05
-6.10136e-05
-6.0314e-05
-7.3202e-05
-8.31366e-06
-4.64266e-05
-1.71618e-05
-3.70177e-05
-2.61356e-05
-3.08033e-05
-3.45887e-05
-2.74083e-05
-4.16491e-05
-2.6115e-05
-4.64663e-05
-2.65556e-05
-4.84011e-05
-2.83773e-05
-4.73923e-05
-3.13075e-05
-4.41154e-05
-3.51529e-05
-3.98301e-05
-3.96899e-05
-3.58333e-05
-4.44919e-05
-3.29845e-05
-4.89997e-05
-3.15532e-05
-5.27867e-05
-3.14818e-05
-5.57108e-05
-3.2673e-05
-5.7791e-05
-3.49e-05
-5.90713e-05
-3.7911e-05
-5.96593e-05
-4.15951e-05
-5.96303e-05
-4.58658e-05
-5.89801e-05
-5.0792e-05
-5.77327e-05
-5.65734e-05
-5.60175e-05
-6.3521e-05
-5.40659e-05
-5.19463e-05
-7.18894e-05
-1.28915e-05
-3.35356e-05
-2.50355e-05
-2.4874e-05
-3.57722e-05
-2.00667e-05
-4.44453e-05
-1.87353e-05
-5.04125e-05
-2.0148e-05
-5.33478e-05
-2.36205e-05
-5.33608e-05
-2.83645e-05
-5.09966e-05
-3.3672e-05
-4.71551e-05
-3.89947e-05
-4.2907e-05
-4.39384e-05
-3.91772e-05
-4.82221e-05
-3.65021e-05
-5.16752e-05
-3.50356e-05
-5.42536e-05
-3.47307e-05
-5.60161e-05
-3.54624e-05
-5.70597e-05
-3.70486e-05
-5.74855e-05
-3.93212e-05
-5.7387e-05
-4.21629e-05
-5.67889e-05
-4.55169e-05
-5.56264e-05
-4.94448e-05
-5.3805e-05
-5.41431e-05
-5.13193e-05
-5.98814e-05
-4.83281e-05
-4.50162e-05
-6.68121e-05
-1.45226e-05
-1.9013e-05
-2.73991e-05
-1.19975e-05
-3.7841e-05
-9.62505e-06
-4.53616e-05
-1.12148e-05
-4.98524e-05
-1.56574e-05
-5.1515e-05
-2.19581e-05
-5.07978e-05
-2.90819e-05
-4.83549e-05
-3.61151e-05
-4.49889e-05
-4.2361e-05
-4.15213e-05
-4.74062e-05
-3.8596e-05
-5.11477e-05
-3.65598e-05
-5.37118e-05
-3.55043e-05
-5.53094e-05
-3.53819e-05
-5.61389e-05
-3.60828e-05
-5.63591e-05
-3.74737e-05
-5.60949e-05
-3.94339e-05
-5.54271e-05
-4.18672e-05
-5.4356e-05
-4.47109e-05
-5.27829e-05
-4.79647e-05
-5.05514e-05
-5.17186e-05
-4.75656e-05
-5.61416e-05
-4.39052e-05
-3.97978e-05
-6.13607e-05
-1.38482e-05
-5.16506e-06
-2.58657e-05
1.97526e-08
-3.51831e-05
-3.07795e-07
-4.15826e-05
-4.81538e-06
-4.52828e-05
-1.19573e-05
-4.65726e-05
-2.06685e-05
-4.59055e-05
-2.97491e-05
-4.38834e-05
-3.81375e-05
-4.12084e-05
-4.50362e-05
-3.85641e-05
-5.00508e-05
-3.6447e-05
-5.3265e-05
-3.50957e-05
-5.50634e-05
-3.4555e-05
-5.58504e-05
-3.47718e-05
-5.59223e-05
-3.56547e-05
-5.54764e-05
-3.7104e-05
-5.46458e-05
-3.90267e-05
-5.35048e-05
-4.13373e-05
-5.20456e-05
-4.39613e-05
-5.01593e-05
-4.68471e-05
-4.76658e-05
-4.99918e-05
-4.44211e-05
-5.34495e-05
-4.04479e-05
-3.59683e-05
-5.72797e-05
-1.18126e-05
6.64768e-06
-2.24273e-05
1.06344e-05
-3.06253e-05
7.89007e-06
-3.62134e-05
7.72715e-07
-3.95099e-05
-8.66097e-06
-4.07694e-05
-1.94091e-05
-4.03884e-05
-3.01303e-05
-3.88925e-05
-3.96335e-05
-3.68976e-05
-4.70314e-05
-3.50018e-05
-5.19467e-05
-3.36126e-05
-5.46545e-05
-3.28952e-05
-5.5781e-05
-3.28584e-05
-5.58875e-05
-3.34442e-05
-5.53367e-05
-3.45756e-05
-5.43452e-05
-3.61763e-05
-5.30454e-05
-3.81748e-05
-5.15066e-05
-4.04987e-05
-4.97219e-05
-4.30687e-05
-4.75895e-05
-4.58032e-05
-4.49315e-05
-4.8639e-05
-4.15855e-05
-5.15519e-05
-3.75352e-05
-3.2974e-05
-5.45469e-05
-9.26189e-06
1.59093e-05
-1.8046e-05
1.94185e-05
-2.51235e-05
1.49676e-05
-3.02919e-05
5.94101e-06
-3.33684e-05
-5.58455e-06
-3.47651e-05
-1.80124e-05
-3.47805e-05
-3.0115e-05
-3.38352e-05
-4.05789e-05
-3.24653e-05
-4.84014e-05
-3.12222e-05
-5.319e-05
-3.04587e-05
-5.54182e-05
-3.02888e-05
-5.59511e-05
-3.06962e-05
-5.54803e-05
-3.16203e-05
-5.44128e-05
-3.29938e-05
-5.29719e-05
-3.47547e-05
-5.12847e-05
-3.68463e-05
-4.94152e-05
-3.92088e-05
-4.73596e-05
-4.17675e-05
-4.5031e-05
-4.44315e-05
-4.22676e-05
-4.71126e-05
-3.89045e-05
-4.97506e-05
-3.48975e-05
-3.04072e-05
-5.23181e-05
-6.32561e-06
2.22352e-05
-1.33148e-05
2.64077e-05
-1.9371e-05
2.10238e-05
-2.41138e-05
1.06839e-05
-2.71769e-05
-2.52153e-06
-2.88293e-05
-1.63601e-05
-2.92976e-05
-2.96467e-05
-2.88898e-05
-4.09868e-05
-2.80791e-05
-4.92122e-05
-2.73994e-05
-5.38699e-05
-2.71656e-05
-5.56521e-05
-2.74532e-05
-5.56637e-05
-2.82299e-05
-5.47037e-05
-2.94363e-05
-5.32066e-05
-3.10121e-05
-5.13963e-05
-3.29038e-05
-4.93933e-05
-3.50636e-05
-4.72555e-05
-3.74413e-05
-4.49822e-05
-3.99703e-05
-4.25022e-05
-4.25636e-05
-3.96744e-05
-4.51294e-05
-3.63388e-05
-4.76001e-05
-3.24271e-05
-2.80658e-05
-4.9942e-05
-3.42121e-06
2.56563e-05
-8.53243e-06
3.15189e-05
-1.36506e-05
2.6142e-05
-1.80069e-05
1.50401e-05
-2.11369e-05
6.08505e-07
-2.30926e-05
-1.44044e-05
-2.40285e-05
-2.87109e-05
-2.41193e-05
-4.08962e-05
-2.38015e-05
-4.95301e-05
-2.36124e-05
-5.40591e-05
-2.38303e-05
-5.54343e-05
-2.4498e-05
-5.49961e-05
-2.55757e-05
-5.36261e-05
-2.70077e-05
-5.17747e-05
-2.87397e-05
-4.96644e-05
-3.07237e-05
-4.74094e-05
-3.29178e-05
-4.50616e-05
-3.52782e-05
-4.2622e-05
-3.77464e-05
-4.00342e-05
-4.02427e-05
-3.71782e-05
-4.26802e-05
-3.39014e-05
-4.49946e-05
-3.01129e-05
-2.59023e-05
-4.71587e-05
-9.47151e-07
2.66037e-05
-4.09489e-06
3.46668e-05
-8.197e-06
3.02442e-05
-1.21168e-05
1.896e-05
-1.536e-05
3.85164e-06
-1.76374e-05
-1.2127e-05
-1.90102e-05
-2.73381e-05
-1.95347e-05
-4.03717e-05
-1.9648e-05
-4.94168e-05
-1.9896e-05
-5.38112e-05
-2.05067e-05
-5.48236e-05
-2.14945e-05
-5.40084e-05
-2.28184e-05
-5.23023e-05
-2.44286e-05
-5.01646e-05
-2.62765e-05
-4.78166e-05
-2.83189e-05
-4.53671e-05
-3.05182e-05
-4.28625e-05
-3.2836e-05
-4.03043e-05
-3.52215e-05
-3.76488e-05
-3.76032e-05
-3.47966e-05
-3.98996e-05
-3.16051e-05
-4.20507e-05
-2.79621e-05
-2.39161e-05
-4.40373e-05
9.48922e-07
2.56547e-05
-5.15087e-07
3.61308e-05
-3.46681e-06
3.3196e-05
-6.86415e-06
2.23574e-05
-1.00339e-05
7.02138e-06
-1.25549e-05
-9.60598e-06
-1.42656e-05
-2.56274e-05
-1.51297e-05
-3.95077e-05
-1.56229e-05
-4.89237e-05
-1.62707e-05
-5.31635e-05
-1.72293e-05
-5.3865e-05
-1.8491e-05
-5.27468e-05
-2.00191e-05
-5.07742e-05
-2.17711e-05
-4.84128e-05
-2.37038e-05
-4.5884e-05
-2.57788e-05
-4.32923e-05
-2.79628e-05
-4.06785e-05
-3.02236e-05
-3.80437e-05
-3.25177e-05
-3.53547e-05
-3.47818e-05
-3.25326e-05
-3.69393e-05
-2.94478e-05
-3.893e-05
-2.59714e-05
-2.2107e-05
-4.07397e-05
2.20064e-06
2.34544e-05
1.93359e-06
3.63981e-05
2.09969e-08
3.51086e-05
-2.51258e-06
2.4891e-05
-5.3331e-06
9.84193e-06
-7.9364e-06
-7.00267e-06
-9.80512e-06
-2.37587e-05
-1.08927e-05
-3.84201e-05
-1.17353e-05
-4.80811e-05
-1.27576e-05
-5.21413e-05
-1.40264e-05
-5.25963e-05
-1.55244e-05
-5.12489e-05
-1.72239e-05
-4.90748e-05
-1.90893e-05
-4.65474e-05
-2.10834e-05
-4.389e-05
-2.31727e-05
-4.1203e-05
-2.5329e-05
-3.85224e-05
-2.75256e-05
-3.58472e-05
-2.97279e-05
-3.31525e-05
-3.18817e-05
-3.03788e-05
-3.39151e-05
-2.74145e-05
-3.57663e-05
-2.41206e-05
-2.04538e-05
-3.74198e-05
2.70676e-06
2.07476e-05
3.34272e-06
3.57622e-05
2.69351e-06
3.57579e-05
9.83086e-07
2.66015e-05
-1.37989e-06
1.22049e-05
-3.80422e-06
-4.57832e-06
-5.58326e-06
-2.19796e-05
-6.80084e-06
-3.72025e-05
-7.99642e-06
-4.68855e-05
-9.37466e-06
-5.0763e-05
-1.09192e-05
-5.10518e-05
-1.26216e-05
-4.95465e-05
-1.44663e-05
-4.72301e-05
-1.64233e-05
-4.45906e-05
-1.84611e-05
-4.18522e-05
-2.05524e-05
-3.91118e-05
-2.2674e-05
-3.64009e-05
-2.48051e-05
-3.37162e-05
-2.69197e-05
-3.10379e-05
-2.89742e-05
-2.83245e-05
-3.09029e-05
-2.54859e-05
-3.2641e-05
-2.23825e-05
-1.89274e-05
-3.41679e-05
2.51837e-06
1.82295e-05
3.81008e-06
3.44706e-05
4.09301e-06
3.54751e-05
3.40267e-06
2.72919e-05
1.79751e-06
1.38101e-05
-4.12634e-08
-2.73952e-06
-1.45827e-06
-2.05626e-05
-2.8007e-06
-3.58601e-05
-4.39665e-06
-4.52896e-05
-6.1215e-06
-4.90382e-05
-7.91468e-06
-4.92586e-05
-9.79704e-06
-4.76642e-05
-1.17677e-05
-4.52594e-05
-1.38007e-05
-4.25577e-05
-1.58699e-05
-3.9783e-05
-1.79552e-05
-3.70266e-05
-2.00393e-05
-3.43169e-05
-2.21068e-05
-3.16487e-05
-2.41397e-05
-2.90051e-05
-2.61053e-05
-2.63588e-05
-2.79473e-05
-2.3644e-05
-2.95996e-05
-2.07305e-05
-1.7495e-05
-3.10323e-05
2.10544e-06
1.61241e-05
3.78908e-06
3.2787e-05
4.81268e-06
3.44516e-05
5.01638e-06
2.70883e-05
4.41585e-06
1.44107e-05
3.48879e-06
-1.81243e-06
2.62894e-06
-1.97027e-05
1.19331e-06
-3.44244e-05
-8.68994e-07
-4.32273e-05
-2.96737e-06
-4.69398e-05
-4.9991e-06
-4.72269e-05
-7.05133e-06
-4.56119e-05
-9.13829e-06
-4.31725e-05
-1.12392e-05
-4.04568e-05
-1.33331e-05
-3.76891e-05
-1.54079e-05
-3.49518e-05
-1.74543e-05
-3.22705e-05
-1.94624e-05
-2.96407e-05
-2.14205e-05
-2.70472e-05
-2.33067e-05
-2.44727e-05
-2.50762e-05
-2.18746e-05
-2.66641e-05
-1.91425e-05
-1.61297e-05
-2.803e-05
1.79952e-06
1.43248e-05
3.72874e-06
3.0858e-05
5.33367e-06
3.28468e-05
6.26589e-06
2.61561e-05
6.51165e-06
1.4165e-05
6.67575e-06
-1.97649e-06
6.33078e-06
-1.93577e-05
4.82807e-06
-3.29217e-05
2.59675e-06
-4.09959e-05
1.86376e-07
-4.45294e-05
-2.1427e-06
-4.48978e-05
-4.3795e-06
-4.33751e-05
-6.5845e-06
-4.09675e-05
-8.75202e-06
-3.82893e-05
-1.08688e-05
-3.55723e-05
-1.29318e-05
-3.28888e-05
-1.49413e-05
-3.02611e-05
-1.68943e-05
-2.76877e-05
-1.87846e-05
-2.5157e-05
-2.05991e-05
-2.26582e-05
-2.23053e-05
-2.01685e-05
-2.38448e-05
-1.76034e-05
-1.48075e-05
-2.51672e-05
1.65394e-06
1.26709e-05
3.90165e-06
2.86104e-05
6.00892e-06
3.07396e-05
7.54031e-06
2.46248e-05
8.60566e-06
1.30997e-05
9.68057e-06
-3.05134e-06
9.62934e-06
-1.93065e-05
8.15195e-06
-3.14442e-05
5.84999e-06
-3.86939e-05
3.2413e-06
-4.19207e-05
6.52793e-07
-4.23092e-05
-1.78928e-06
-4.0933e-05
-4.11929e-06
-3.86374e-05
-6.3543e-06
-3.60542e-05
-8.49406e-06
-3.34325e-05
-1.0545e-05
-3.08379e-05
-1.25178e-05
-2.82883e-05
-1.44184e-05
-2.57872e-05
-1.62461e-05
-2.33292e-05
-1.7995e-05
-2.09094e-05
-1.96442e-05
-1.85194e-05
-2.11447e-05
-1.61028e-05
-1.35134e-05
-2.24392e-05
1.35959e-06
1.13116e-05
4.47928e-06
2.54908e-05
7.08185e-06
2.81371e-05
9.11114e-06
2.25956e-05
1.10103e-05
1.12006e-05
1.26227e-05
-4.66368e-06
1.26325e-05
-1.93162e-05
1.11629e-05
-2.99746e-05
8.82564e-06
-3.63566e-05
6.10989e-06
-3.92049e-05
3.33117e-06
-3.95305e-05
6.79931e-07
-3.82817e-05
-1.76791e-06
-3.61895e-05
-4.06773e-06
-3.37544e-05
-6.22789e-06
-3.12723e-05
-8.26525e-06
-2.88005e-05
-1.02e-05
-2.63535e-05
-1.20479e-05
-2.39393e-05
-1.38158e-05
-2.15614e-05
-1.55029e-05
-1.92222e-05
-1.70986e-05
-1.69238e-05
-1.85656e-05
-1.46361e-05
-1.2235e-05
-1.9844e-05
9.55869e-07
1.03558e-05
5.42249e-06
2.10243e-05
8.59378e-06
2.4966e-05
1.10744e-05
2.01151e-05
1.36405e-05
8.63465e-06
1.53698e-05
-6.3929e-06
1.53298e-05
-1.92761e-05
1.38278e-05
-2.84725e-05
1.14451e-05
-3.39738e-05
8.65104e-06
-3.64107e-05
5.76542e-06
-3.66448e-05
2.98526e-06
-3.55015e-05
4.16149e-07
-3.36203e-05
-1.92253e-06
-3.14156e-05
-4.09261e-06
-2.91022e-05
-6.11047e-06
-2.67826e-05
-8.00296e-06
-2.4461e-05
-9.79453e-06
-2.21477e-05
-1.1501e-05
-1.98549e-05
-1.31274e-05
-1.75959e-05
-1.46702e-05
-1.53811e-05
-1.61041e-05
-1.32019e-05
-1.09672e-05
-1.73723e-05
8.49995e-07
9.50603e-06
5.85051e-06
1.6024e-05
1.00702e-05
2.07464e-05
1.32558e-05
1.69297e-05
1.62355e-05
5.65503e-06
1.77795e-05
-7.93682e-06
1.75879e-05
-1.90844e-05
1.60141e-05
-2.68985e-05
1.35809e-05
-3.15405e-05
1.07413e-05
-3.3571e-05
7.8177e-06
-3.3721e-05
5.00461e-06
-3.26883e-05
2.40025e-06
-3.10159e-05
3.59888e-08
-2.90512e-05
-2.1144e-06
-2.69517e-05
-4.09812e-06
-2.47988e-05
-5.94003e-06
-2.2619e-05
-7.66813e-06
-2.04195e-05
-9.30727e-06
-1.82158e-05
-1.08697e-05
-1.60334e-05
-1.23574e-05
-1.38933e-05
-1.37566e-05
-1.18029e-05
-9.70653e-06
-1.50173e-05
1.75592e-06
7.7502e-06
5.79468e-06
1.19853e-05
1.0524e-05
1.60172e-05
1.4816e-05
1.26378e-05
1.81705e-05
2.30065e-06
1.95342e-05
-9.3004e-06
1.91574e-05
-1.87074e-05
1.74963e-05
-2.52374e-05
1.50393e-05
-2.90833e-05
1.22195e-05
-3.07511e-05
9.34786e-06
-3.08493e-05
6.60724e-06
-2.99475e-05
4.07605e-06
-2.84846e-05
1.76655e-06
-2.67416e-05
-3.26172e-07
-2.48589e-05
-2.24745e-06
-2.28774e-05
-4.02275e-06
-2.08437e-05
-5.67703e-06
-1.87652e-05
-7.23918e-06
-1.66535e-05
-8.72952e-06
-1.4543e-05
-1.01564e-05
-1.24664e-05
-1.15144e-05
-1.04446e-05
-8.45864e-06
-1.27625e-05
3.53279e-06
4.21762e-06
6.30462e-06
9.21368e-06
1.03138e-05
1.20081e-05
1.50687e-05
7.88303e-06
1.86679e-05
-1.29838e-06
2.0078e-05
-1.07104e-05
1.96576e-05
-1.82869e-05
1.79821e-05
-2.35618e-05
1.55809e-05
-2.6682e-05
1.28828e-05
-2.80528e-05
1.01812e-05
-2.81476e-05
7.63476e-06
-2.74009e-05
5.29745e-06
-2.61471e-05
3.16167e-06
-2.46057e-05
1.2022e-06
-2.28993e-05
-5.95684e-07
-2.10794e-05
-2.2686e-06
-1.91707e-05
-3.82811e-06
-1.72056e-05
-5.30048e-06
-1.51811e-05
-6.70702e-06
-1.31364e-05
-8.06343e-06
-1.11099e-05
-9.37306e-06
-9.13516e-06
-7.22757e-06
-1.0604e-05
3.97057e-06
2.47109e-07
6.71084e-06
6.47353e-06
1.04024e-05
8.3167e-06
1.50598e-05
3.22569e-06
1.83493e-05
-4.58773e-06
1.94895e-05
-1.18505e-05
1.89295e-05
-1.77268e-05
1.72532e-05
-2.18853e-05
1.49811e-05
-2.44098e-05
1.25117e-05
-2.55834e-05
1.01031e-05
-2.57389e-05
7.88051e-06
-2.51782e-05
5.87e-06
-2.41365e-05
4.04273e-06
-2.27783e-05
2.35388e-06
-2.12103e-05
7.72172e-07
-1.94976e-05
-7.21756e-07
-1.76766e-05
-2.13932e-06
-1.5788e-05
-3.49608e-06
-1.38243e-05
-4.80024e-06
-1.18322e-05
-6.07403e-06
-9.83611e-06
-7.32028e-06
-7.88867e-06
-6.02565e-06
-8.52236e-06
2.78983e-06
-2.54256e-06
6.19283e-06
3.07064e-06
1.05397e-05
3.96996e-06
1.47195e-05
-9.54074e-07
1.70307e-05
-6.89886e-06
1.75931e-05
-1.24128e-05
1.67934e-05
-1.69271e-05
1.51326e-05
-2.02243e-05
1.3062e-05
-2.23391e-05
1.09178e-05
-2.34391e-05
8.90588e-06
-2.37269e-05
7.1149e-06
-2.33871e-05
5.54839e-06
-2.25699e-05
4.1615e-06
-2.13913e-05
2.89231e-06
-1.99411e-05
1.68485e-06
-1.82901e-05
5.00161e-07
-1.64919e-05
-6.76928e-07
-1.46108e-05
-1.85553e-06
-1.26456e-05
-3.01537e-06
-1.06722e-05
-4.18265e-06
-8.66874e-06
-5.35454e-06
-6.71695e-06
-4.86393e-06
-6.51617e-06
1.79608e-06
-4.33856e-06
5.31079e-06
-4.43993e-07
9.70989e-06
-4.29063e-07
1.27126e-05
-3.95675e-06
1.41044e-05
-8.29054e-06
1.41271e-05
-1.24354e-05
1.31553e-05
-1.59552e-05
1.16064e-05
-1.86754e-05
9.84141e-06
-2.0574e-05
8.11421e-06
-2.17118e-05
6.56934e-06
-2.21819e-05
5.26234e-06
-2.208e-05
4.18807e-06
-2.14955e-05
3.30388e-06
-2.05071e-05
2.54766e-06
-1.91847e-05
1.84966e-06
-1.7592e-05
1.14812e-06
-1.57903e-05
3.82626e-07
-1.38453e-05
-4.73412e-07
-1.17895e-05
-1.40201e-06
-9.74359e-06
-2.40666e-06
-7.66405e-06
-3.45476e-06
-5.6686e-06
-3.7909e-06
-4.52785e-06
1.46401e-06
-5.80248e-06
4.2916e-06
-3.27148e-06
7.3209e-06
-3.45826e-06
9.1024e-06
-5.73815e-06
9.68095e-06
-8.86898e-06
9.32583e-06
-1.20802e-05
8.37516e-06
-1.50044e-05
7.13611e-06
-1.74362e-05
5.83977e-06
-1.92775e-05
4.63307e-06
-2.0505e-05
3.59371e-06
-2.11424e-05
2.752e-06
-2.12382e-05
2.10752e-06
-2.08509e-05
1.64078e-06
-2.00402e-05
1.31811e-06
-1.8862e-05
1.09363e-06
-1.73674e-05
9.09684e-07
-1.56062e-05
6.90718e-07
-1.36262e-05
3.80475e-07
-1.14792e-05
-1.16351e-07
-9.24665e-06
-8.10888e-07
-6.96936e-06
-1.67995e-06
-4.79956e-06
-2.82418e-06
-2.6466e-06
7.91188e-07
2.27134e-06
3.62427e-06
4.33398e-06
4.41022e-06
4.07243e-06
3.51077e-06
2.86168e-06
2.21264e-06
1.61545e-06
1.09853e-06
6.759e-07
3.53039e-07
1.31051e-07
8.24549e-09
-2.1355e-08
2.63147e-08
1.31572e-07
2.48535e-07
3.0004e-07
2.21363e-07
-9.88014e-08
-6.26123e-07
4.91609e-05
-4.51436e-06
5.89136e-05
-9.75273e-06
6.67397e-05
-7.82605e-06
-7.6973e-06
7.4437e-05
7.70291e-05
-1.17862e-05
8.30688e-05
-1.57925e-05
9.21007e-05
-1.68579e-05
-1.62408e-05
0.000100644
9.04389e-05
-1.64792e-05
9.24635e-05
-1.78171e-05
9.41341e-05
-1.85284e-05
-1.87727e-05
9.6666e-05
7.69711e-05
-2.19659e-05
8.15532e-05
-2.23993e-05
8.5424e-05
-2.23992e-05
-2.22591e-05
8.89104e-05
8.31752e-05
-2.70073e-05
8.75706e-05
-2.67947e-05
9.12877e-05
-2.61163e-05
-2.53827e-05
9.44112e-05
0.000108557
-3.2094e-05
0.000113026
-3.12639e-05
0.000117148
-3.02381e-05
-2.91248e-05
0.00012089
0.000134927
-3.66921e-05
0.000139245
-3.55816e-05
0.000143443
-3.44359e-05
-3.30787e-05
0.000147397
0.000154552
-4.01255e-05
0.00015809
-3.912e-05
0.00016176
-3.81055e-05
-3.65463e-05
0.000165228
0.000165728
-4.40858e-05
0.000170057
-4.34479e-05
0.00017637
-4.44185e-05
-4.43702e-05
0.000184194
0.000177407
-4.9542e-05
0.000177767
-4.38078e-05
0.000175121
-4.17716e-05
-4.01257e-05
0.000170876
0.000123394
-4.67057e-05
0.000125725
-4.61387e-05
0.000129173
-4.52189e-05
-4.39142e-05
0.000132962
7.94661e-05
-4.53051e-05
7.77548e-05
-4.44274e-05
7.60326e-05
-4.34958e-05
-4.26486e-05
7.47674e-05
1.35541e-05
-4.0539e-05
9.89829e-06
-4.07707e-05
7.38465e-06
-4.09819e-05
-4.07675e-05
5.50448e-06
-4.18707e-05
-3.69711e-05
-4.51724e-05
-3.74694e-05
-4.87561e-05
-3.73972e-05
-3.6577e-05
-5.29462e-05
-6.88603e-05
-3.27948e-05
-7.37026e-05
-3.26261e-05
-7.91147e-05
-3.19848e-05
-3.08517e-05
-8.48395e-05
-7.81746e-05
-2.78222e-05
-8.34652e-05
-2.7336e-05
-8.89015e-05
-2.65479e-05
-2.54804e-05
-9.42726e-05
-7.63942e-05
-2.33175e-05
-8.10907e-05
-2.26388e-05
-8.58833e-05
-2.17554e-05
-2.06708e-05
-9.06927e-05
-7.05343e-05
-1.95955e-05
-7.44087e-05
-1.87648e-05
-7.83723e-05
-1.77914e-05
-1.66678e-05
-8.23752e-05
-6.41604e-05
-1.6796e-05
-6.7085e-05
-1.58398e-05
-7.00892e-05
-1.47871e-05
-1.36251e-05
-7.31318e-05
-5.92725e-05
-1.48034e-05
-6.13379e-05
-1.37747e-05
-6.34503e-05
-1.26744e-05
-1.1487e-05
-6.55884e-05
-5.60052e-05
-1.33454e-05
-5.74767e-05
-1.23031e-05
-5.89464e-05
-1.12047e-05
-1.00346e-05
-6.03987e-05
-5.34891e-05
-1.21746e-05
-5.46316e-05
-1.11609e-05
-5.57307e-05
-1.01055e-05
-8.99262e-06
-5.67726e-05
-5.09681e-05
-1.11487e-05
-5.1945e-05
-1.01839e-05
-5.28584e-05
-9.192e-06
-8.15706e-06
-5.36939e-05
-4.80945e-05
-1.0213e-05
-4.89788e-05
-9.29976e-06
-4.97962e-05
-8.37446e-06
-7.42033e-06
-5.05329e-05
-4.48918e-05
-9.35872e-06
-4.56986e-05
-8.49297e-06
-4.64445e-05
-7.62849e-06
-6.7479e-06
-4.71169e-05
-4.15145e-05
-8.58403e-06
-4.2248e-05
-7.75952e-06
-4.29284e-05
-6.94808e-06
-6.13171e-06
-4.35445e-05
-3.81208e-05
-7.88318e-06
-3.87853e-05
-7.09518e-06
-3.94038e-05
-6.32948e-06
-5.56862e-06
-3.99669e-05
-3.48076e-05
-7.24354e-06
-3.54145e-05
-6.48818e-06
-3.59812e-05
-5.76281e-06
-5.05108e-06
-3.64987e-05
-3.1624e-05
-6.65202e-06
-3.21855e-05
-5.92695e-06
-3.27113e-05
-5.2368e-06
-4.5683e-06
-3.31941e-05
-2.85863e-05
-6.09586e-06
-2.91139e-05
-5.39918e-06
-2.96106e-05
-4.74036e-06
-4.10996e-06
-3.00689e-05
-2.56993e-05
-5.56401e-06
-2.62036e-05
-4.8953e-06
-2.668e-05
-4.2639e-06
-3.66679e-06
-2.71232e-05
-2.29565e-05
-5.04684e-06
-2.34455e-05
-4.40603e-06
-2.39099e-05
-3.7997e-06
-3.23148e-06
-2.43452e-05
-2.03533e-05
-4.53771e-06
-2.08336e-05
-3.92611e-06
-2.12906e-05
-3.34251e-06
-2.79858e-06
-2.17235e-05
-1.78787e-05
-4.03134e-06
-1.83545e-05
-3.44997e-06
-1.88086e-05
-2.88857e-06
-2.36564e-06
-1.92415e-05
-1.5524e-05
-3.52481e-06
-1.59985e-05
-2.9758e-06
-1.64503e-05
-2.43654e-06
-1.93197e-06
-1.6884e-05
-1.32708e-05
-3.01643e-06
-1.37455e-05
-2.50072e-06
-1.41964e-05
-1.98575e-06
-1.49893e-06
-1.46293e-05
-1.11126e-05
-2.50784e-06
-1.15866e-05
-2.02698e-06
-1.20322e-05
-1.53986e-06
-1.07214e-06
-1.2459e-05
-9.02638e-06
-2.00377e-06
-9.49559e-06
-1.55747e-06
-9.93073e-06
-1.10479e-06
-6.63479e-07
-1.03393e-05
-7.00777e-06
-1.51226e-06
-7.46012e-06
-1.1054e-06
-7.86658e-06
-6.98188e-07
-2.95741e-07
-8.23431e-06
-4.98034e-06
-1.05972e-06
-5.39542e-06
-6.90048e-07
-5.75236e-06
-3.413e-07
-3.6726e-10
-6.04767e-06
-3.0327e-06
-6.73602e-07
-3.3707e-06
-3.52245e-07
-3.64451e-06
-6.73865e-08
1.81271e-07
-3.8261e-06
-8.62349e-07
-1.07119e-06
-1.22944e-06
-1.34765e-06
7.14533e-05
-3.32552e-05
7.62319e-05
-3.55687e-05
8.45384e-05
-2.88553e-05
9.59522e-05
-1.95129e-05
0.000105996
-1.21353e-05
0.000112132
-7.85254e-06
0.000113211
-5.57142e-06
0.000111103
-4.14626e-06
0.000107983
-3.40761e-06
0.000105438
-2.47105e-06
0.000101425
3.0901e-06
9.04909e-05
1.53703e-05
7.68961e-05
2.73199e-05
7.03247e-05
2.98781e-05
6.52104e-05
2.19828e-05
5.59777e-05
1.40987e-05
3.80676e-05
2.53172e-05
1.34151e-05
4.09371e-05
4.92193e-05
0.000106566
-3.91771e-05
0.000110376
-3.93785e-05
0.000115578
-3.4057e-05
0.0001224
-2.63351e-05
0.000129084
-1.88192e-05
0.000133706
-1.24745e-05
0.000135122
-6.98732e-06
0.000133171
-2.19574e-06
0.000127417
2.34675e-06
0.00011845
6.49616e-06
0.00010935
1.21901e-05
0.000102042
2.2678e-05
9.67617e-05
3.26001e-05
9.16495e-05
3.49904e-05
8.25008e-05
3.11314e-05
6.64684e-05
3.0131e-05
4.50329e-05
4.67527e-05
1.60931e-05
6.98769e-05
6.53124e-05
0.000102714
-4.52255e-05
0.000107306
-4.39701e-05
0.00011258
-3.93311e-05
0.000118762
-3.25169e-05
0.000125214
-2.52713e-05
0.000130633
-1.78941e-05
0.000134251
-1.06048e-05
0.000136216
-4.16101e-06
0.000134346
4.21669e-06
0.000127962
1.28807e-05
0.000119044
2.11081e-05
0.000112451
2.92705e-05
0.000109318
3.57335e-05
0.000105201
3.91076e-05
9.47223e-05
4.16097e-05
7.43789e-05
5.04744e-05
4.83901e-05
7.27415e-05
1.8855e-05
9.94121e-05
8.41674e-05
9.54592e-05
-5.17743e-05
0.000100634
-4.91454e-05
0.000105386
-4.40827e-05
0.000110599
-3.77294e-05
0.000116432
-3.11048e-05
0.000121867
-2.33293e-05
0.000126176
-1.49132e-05
0.000129605
-7.5906e-06
0.000130764
3.05799e-06
0.000128803
1.48415e-05
0.000123817
2.60942e-05
0.000119215
3.38722e-05
0.000116308
3.86409e-05
0.000111658
4.37572e-05
9.92782e-05
5.39899e-05
7.62169e-05
7.35356e-05
4.70701e-05
0.000101888
2.0355e-05
0.000126127
0.000104522
0.00010026
-5.76232e-05
0.000104797
-5.3682e-05
0.000108812
-4.80981e-05
0.000112963
-4.18801e-05
0.000117456
-3.55978e-05
0.000122426
-2.82993e-05
0.000127242
-1.97298e-05
0.000130597
-1.09452e-05
0.000132663
9.92155e-07
0.000132032
1.54722e-05
0.00012874
2.9386e-05
0.000123506
3.91063e-05
0.000117801
4.43459e-05
0.000109395
5.21639e-05
9.35007e-05
6.98838e-05
6.84382e-05
9.85981e-05
4.02581e-05
0.000130068
1.95784e-05
0.000146807
0.000124101
0.000126275
-6.3008e-05
0.000130029
-5.74366e-05
0.000133196
-5.12644e-05
0.000135934
-4.46191e-05
0.000137619
-3.72822e-05
0.000139635
-3.0316e-05
0.000143061
-2.31553e-05
0.000146175
-1.40589e-05
0.000148206
-1.03867e-06
0.000145349
1.83292e-05
0.000134843
3.98918e-05
0.000120666
5.32829e-05
0.000108291
5.67205e-05
9.50457e-05
6.54096e-05
7.57222e-05
8.92073e-05
5.1184e-05
0.000123136
3.08775e-05
0.000150375
1.73337e-05
0.000160351
0.000141435
0.000153665
-6.92769e-05
0.000157146
-6.09168e-05
0.000160012
-5.41314e-05
0.000163172
-4.7779e-05
0.000165208
-3.93181e-05
0.000166389
-3.14972e-05
0.000168513
-2.52787e-05
0.000170359
-1.59056e-05
0.000171915
-2.59451e-06
0.000162385
2.78595e-05
0.000131587
7.06894e-05
0.0001015
8.33703e-05
8.4896e-05
7.33243e-05
6.95391e-05
8.07665e-05
5.19359e-05
0.000106811
3.57148e-05
0.000139357
2.48162e-05
0.000161274
1.62933e-05
0.000168874
0.000157728
0.000169701
-7.375e-05
0.0001712
-6.2417e-05
0.000173581
-5.65124e-05
0.00017791
-5.21089e-05
0.000180782
-4.21901e-05
0.000181268
-3.19837e-05
0.000183484
-2.74948e-05
0.00018386
-1.62827e-05
0.000177858
3.40756e-06
0.000156584
4.91334e-05
0.000114756
0.000112518
7.33929e-05
0.000124733
6.09762e-05
8.5741e-05
4.95068e-05
9.22358e-05
3.80119e-05
0.000118305
2.9757e-05
0.000147612
2.40055e-05
0.000167025
1.66619e-05
0.000176217
0.00017439
0.000187806
-7.73623e-05
0.000195317
-6.99295e-05
0.000198559
-5.97555e-05
0.000195095
-4.86454e-05
0.000185983
-3.30802e-05
0.000176033
-2.20348e-05
0.000167939
-1.94016e-05
0.000152934
-1.27836e-06
0.000125299
3.10426e-05
0.000111033
6.33994e-05
9.70551e-05
0.000126496
6.24502e-05
0.000159338
4.67676e-05
0.000101424
3.85016e-05
0.000100502
3.12819e-05
0.000125525
2.68921e-05
0.000152002
2.23524e-05
0.000171565
1.47709e-05
0.000183799
0.000189161
0.000178053
-8.45393e-05
0.00018715
-7.90257e-05
0.000192517
-6.51227e-05
0.000191448
-4.75768e-05
0.000183492
-2.51243e-05
0.000166678
-5.22106e-06
0.00013745
9.82608e-06
9.54229e-05
4.07485e-05
4.87373e-05
7.77279e-05
2.73323e-05
8.48044e-05
4.70364e-05
0.000106792
6.59131e-05
0.000140461
3.54771e-05
0.000131859
9.32151e-06
0.000126657
1.85573e-05
0.000116289
1.92011e-05
0.000151358
1.57768e-05
0.000174989
1.01911e-05
0.000189384
0.000199352
0.000143604
-9.51816e-05
0.000152413
-8.78333e-05
0.000158152
-7.08609e-05
0.000156322
-4.57466e-05
0.000145518
-1.43197e-05
0.000119215
2.10822e-05
8.07787e-05
4.82622e-05
3.50142e-05
8.6513e-05
1.38396e-05
9.89023e-05
2.62169e-05
7.24268e-05
3.58347e-05
9.71737e-05
3.71198e-05
0.000139175
2.8467e-05
0.000140512
5.7953e-06
0.000149328
-8.76949e-06
0.000130853
5.38112e-06
0.000137208
5.86605e-06
0.000174504
4.08412e-06
0.000191166
0.000203436
7.79447e-05
-9.83579e-05
8.26362e-05
-9.2524e-05
8.48124e-05
-7.30363e-05
7.74755e-05
-3.84091e-05
5.79996e-05
5.15683e-06
3.30463e-05
4.60359e-05
1.02634e-05
7.10452e-05
-6.54856e-06
0.000103325
1.89536e-06
9.0458e-05
7.79482e-06
6.65268e-05
-2.365e-06
0.000107332
-2.22934e-06
0.000139039
4.79287e-07
0.000137802
-1.60826e-06
0.000151414
-1.81389e-05
0.000147382
-1.85294e-05
0.000137597
-5.3733e-06
0.000161348
-2.06886e-06
0.000187862
0.000201367
1.79377e-06
-9.46464e-05
-5.4167e-06
-8.53129e-05
-1.54599e-05
-6.29926e-05
-2.82821e-05
-2.55864e-05
-3.75174e-05
1.43925e-05
-4.05651e-05
4.90836e-05
-4.50246e-05
7.55047e-05
-3.84565e-05
9.67564e-05
-2.92166e-05
8.12174e-05
-4.62951e-05
8.36038e-05
-4.89172e-05
0.000109953
-3.57436e-05
0.000125863
-2.58667e-05
0.000127924
-1.86896e-05
0.000144236
-2.06328e-05
0.000149323
-3.87799e-05
0.000155743
-1.76707e-05
0.000140239
-7.62236e-06
0.000177813
0.000193745
-6.41667e-05
-8.34253e-05
-7.72106e-05
-7.22687e-05
-8.90995e-05
-5.11035e-05
-9.43949e-05
-2.02909e-05
-9.30261e-05
1.30239e-05
-8.81305e-05
4.41881e-05
-8.23757e-05
6.97497e-05
-7.21516e-05
8.65318e-05
-7.12387e-05
8.03034e-05
-7.66996e-05
8.90633e-05
-7.03608e-05
0.000103613
-5.71833e-05
0.000112685
-4.6355e-05
0.000117094
-3.27836e-05
0.000130664
-3.68791e-05
0.000153418
-3.41209e-05
0.000152985
-3.79281e-05
0.000144046
-1.25259e-05
0.000152411
0.000181219
-9.85491e-05
-6.97154e-05
-0.000111513
-5.9305e-05
-0.000121323
-4.12933e-05
-0.000124628
-1.6986e-05
-0.000121184
9.58037e-06
-0.000114888
3.78918e-05
-0.000106752
6.16132e-05
-9.67076e-05
7.64869e-05
-9.26486e-05
7.62435e-05
-8.93345e-05
8.57481e-05
-8.08085e-05
9.50854e-05
-6.99359e-05
0.000101811
-6.05361e-05
0.000107694
-4.89089e-05
0.000119037
-3.66372e-05
0.000141147
-3.99506e-05
0.000156299
-5.22983e-05
0.000156395
-2.31104e-05
0.000123224
0.000158109
-0.000107211
-5.67772e-05
-0.000119658
-4.68573e-05
-0.000128689
-3.22629e-05
-0.000132768
-1.29066e-05
-0.000132742
9.55389e-06
-0.000127288
3.24377e-05
-0.00011783
5.21548e-05
-0.000106133
6.47899e-05
-9.96012e-05
6.97108e-05
-9.2587e-05
7.87332e-05
-8.42489e-05
8.67467e-05
-7.56567e-05
9.32187e-05
-6.80837e-05
0.000100122
-5.97374e-05
0.000110691
-4.57836e-05
0.000127195
-3.90721e-05
0.00014959
-2.76811e-05
0.000145006
-1.10475e-05
0.000106592
0.000147062
-0.00010192
-4.55498e-05
-0.000113237
-3.55408e-05
-0.000122379
-2.31206e-05
-0.0001278
-7.48563e-06
-0.000128774
1.05275e-05
-0.000124753
2.84162e-05
-0.000116186
4.35879e-05
-0.000106008
5.4612e-05
-9.82936e-05
6.19957e-05
-9.03026e-05
7.07419e-05
-8.23355e-05
7.87794e-05
-7.51609e-05
8.60443e-05
-6.87246e-05
9.36859e-05
-6.15393e-05
0.000103507
-5.12067e-05
0.000116863
-3.57805e-05
0.000134165
-2.87615e-05
0.000137989
-3.0349e-05
0.000108182
0.000116713
-9.19279e-05
-3.59972e-05
-0.000101066
-2.64025e-05
-0.000108935
-1.52527e-05
-0.000113853
-2.56742e-06
-0.000115478
1.21521e-05
-0.000113138
2.60762e-05
-0.000106967
3.74171e-05
-9.88165e-05
4.64613e-05
-9.12852e-05
5.44643e-05
-8.3643e-05
6.30997e-05
-7.64193e-05
7.15558e-05
-7.00575e-05
7.9683e-05
-6.42001e-05
8.78294e-05
-5.75316e-05
9.68395e-05
-4.81909e-05
0.000107524
-3.41231e-05
0.000120098
-2.37318e-05
0.000127598
-2.35999e-05
0.00010805
9.31137e-05
-8.03612e-05
-2.87678e-05
-8.71723e-05
-1.95916e-05
-9.30072e-05
-9.41809e-06
-9.72798e-05
1.70492e-06
-9.85993e-05
1.34714e-05
-9.67749e-05
2.42517e-05
-9.23822e-05
3.30243e-05
-8.6564e-05
4.06431e-05
-8.05136e-05
4.84139e-05
-7.42724e-05
5.68587e-05
-6.81974e-05
6.54812e-05
-6.25019e-05
7.39882e-05
-5.6961e-05
8.22894e-05
-5.06691e-05
9.05486e-05
-4.21389e-05
9.89942e-05
-2.95262e-05
0.000107485
-1.44897e-05
0.000112561
-7.98712e-06
0.000101548
8.51264e-05
-7.05864e-05
-2.37699e-05
-7.51421e-05
-1.50361e-05
-7.89242e-05
-5.63623e-06
-8.15349e-05
4.31545e-06
-8.21083e-05
1.40447e-05
-8.05928e-05
2.27362e-05
-7.75901e-05
3.00217e-05
-7.36832e-05
3.67362e-05
-6.93094e-05
4.40402e-05
-6.45535e-05
5.21031e-05
-5.95704e-05
6.04987e-05
-5.44448e-05
6.88633e-05
-4.9099e-05
7.69444e-05
-4.31212e-05
8.45718e-05
-3.56809e-05
9.15548e-05
-2.57489e-05
9.75537e-05
-1.37015e-05
0.000100514
-5.60177e-06
9.34476e-05
7.95247e-05
-6.36895e-05
-2.04791e-05
-6.64111e-05
-1.23148e-05
-6.84159e-05
-3.6316e-06
-6.94257e-05
5.32501e-06
-6.91716e-05
1.37904e-05
-6.77506e-05
2.13152e-05
-6.55687e-05
2.78399e-05
-6.2905e-05
3.40726e-05
-5.97656e-05
4.0901e-05
-5.60868e-05
4.84247e-05
-5.18683e-05
5.62806e-05
-4.71467e-05
6.41423e-05
-4.19466e-05
7.17452e-05
-3.61883e-05
7.88143e-05
-2.95883e-05
8.49554e-05
-2.16957e-05
8.96615e-05
-1.26032e-05
9.14218e-05
-5.44006e-06
8.62849e-05
7.40847e-05
-5.90177e-05
-1.8234e-05
-6.05911e-05
-1.07416e-05
-6.13996e-05
-2.82337e-06
-6.13653e-05
5.29052e-06
-6.05028e-05
1.29279e-05
-5.90118e-05
1.98242e-05
-5.7174e-05
2.60021e-05
-5.50785e-05
3.19773e-05
-5.25449e-05
3.83676e-05
-4.93983e-05
4.52786e-05
-4.55691e-05
5.24519e-05
-4.10828e-05
5.96567e-05
-3.60153e-05
6.66784e-05
-3.04631e-05
7.32628e-05
-2.4474e-05
7.89669e-05
-1.79717e-05
8.31599e-05
-1.09894e-05
8.444e-05
-4.90991e-06
8.02056e-05
6.91752e-05
-5.54235e-05
-1.65044e-05
-5.64475e-05
-9.71791e-06
-5.67221e-05
-2.54893e-06
-5.62025e-05
4.77073e-06
-5.5047e-05
1.17723e-05
-5.3471e-05
1.82482e-05
-5.16786e-05
2.42099e-05
-4.96812e-05
2.998e-05
-4.72729e-05
3.59595e-05
-4.42553e-05
4.22614e-05
-4.05506e-05
4.87477e-05
-3.61834e-05
5.529e-05
-3.12584e-05
6.1754e-05
-2.59497e-05
6.79548e-05
-2.04701e-05
7.3488e-05
-1.49483e-05
7.76386e-05
-9.37795e-06
7.88702e-05
-4.18343e-06
7.50117e-05
6.49919e-05
-5.20399e-05
-1.49975e-05
-5.28901e-05
-8.86793e-06
-5.30107e-05
-2.42855e-06
-5.24204e-05
4.18027e-06
-5.124e-05
1.05918e-05
-4.96551e-05
1.66633e-05
-4.78168e-05
2.23717e-05
-4.57265e-05
2.78899e-05
-4.32275e-05
3.34607e-05
-4.01585e-05
3.91927e-05
-3.6458e-05
4.50476e-05
-3.216e-05
5.09925e-05
-2.73893e-05
5.69838e-05
-2.23569e-05
6.29229e-05
-1.73374e-05
6.8469e-05
-1.25372e-05
7.28389e-05
-7.84382e-06
7.41773e-05
-3.36539e-06
7.05336e-05
6.16269e-05
-4.84956e-05
-1.36188e-05
-4.93005e-05
-8.06326e-06
-4.94713e-05
-2.25798e-06
-4.89805e-05
3.68928e-06
-4.79226e-05
9.53385e-06
-4.64205e-05
1.51613e-05
-4.45782e-05
2.05294e-05
-4.24039e-05
2.57157e-05
-3.98027e-05
3.08597e-05
-3.66678e-05
3.60581e-05
-3.29642e-05
4.13443e-05
-2.87399e-05
4.67686e-05
-2.41364e-05
5.23807e-05
-1.93845e-05
5.81715e-05
-1.47732e-05
6.3858e-05
-1.05113e-05
6.85775e-05
-6.40969e-06
7.00761e-05
-2.67856e-06
6.68032e-05
5.89484e-05
-4.48145e-05
-1.23488e-05
-4.55936e-05
-7.28443e-06
-4.58241e-05
-2.02771e-06
-4.54779e-05
3.34299e-06
-4.45904e-05
8.64629e-06
-4.32308e-05
1.38017e-05
-4.14614e-05
1.87601e-05
-3.92922e-05
2.35467e-05
-3.66728e-05
2.82405e-05
-3.35421e-05
3.29276e-05
-2.9889e-05
3.76915e-05
-2.57748e-05
4.26548e-05
-2.13531e-05
4.79594e-05
-1.68674e-05
5.36861e-05
-1.25996e-05
5.95906e-05
-8.74078e-06
6.47191e-05
-5.21882e-06
6.65547e-05
-2.22356e-06
6.38081e-05
5.67253e-05
-4.11328e-05
-1.11829e-05
-4.18817e-05
-6.53576e-06
-4.21538e-05
-1.75583e-06
-4.19235e-05
3.11255e-06
-4.11961e-05
7.91888e-06
-3.99993e-05
1.2605e-05
-3.83624e-05
1.71232e-05
-3.62896e-05
2.1474e-05
-3.37532e-05
2.57043e-05
-3.07204e-05
2.9895e-05
-2.7195e-05
3.41664e-05
-2.3246e-05
3.8706e-05
-1.9033e-05
4.37467e-05
-1.48038e-05
4.94572e-05
-1.0829e-05
5.56161e-05
-7.28815e-06
6.11786e-05
-4.31586e-06
6.35826e-05
-1.9575e-06
6.14503e-05
5.47678e-05
-3.75777e-05
-1.0104e-05
-3.82852e-05
-5.8285e-06
-3.85854e-05
-1.45579e-06
-3.84474e-05
2.97446e-06
-3.78601e-05
7.33142e-06
-3.68282e-05
1.1573e-05
-3.53597e-05
1.56548e-05
-3.34516e-05
1.95659e-05
-3.10846e-05
2.33375e-05
-2.8239e-05
2.70495e-05
-2.49238e-05
3.08514e-05
-2.12075e-05
3.499e-05
-1.7246e-05
3.97854e-05
-1.32805e-05
4.54919e-05
-9.56872e-06
5.19046e-05
-6.3007e-06
5.79108e-05
-3.6948e-06
6.09771e-05
-1.75727e-06
5.95129e-05
5.30108e-05
-3.42029e-05
-9.09529e-06
-3.48876e-05
-5.144e-06
-3.52154e-05
-1.12817e-06
-3.51565e-05
2.91539e-06
-3.46972e-05
6.87208e-06
-3.38308e-05
1.07066e-05
-3.2554e-05
1.43779e-05
-3.08583e-05
1.78703e-05
-2.87275e-05
2.12067e-05
-2.61455e-05
2.44677e-05
-2.31201e-05
2.78261e-05
-1.97105e-05
3.15806e-05
-1.60546e-05
3.61297e-05
-1.2364e-05
4.18015e-05
-8.87485e-06
4.84156e-05
-5.79073e-06
5.4827e-05
-3.35624e-06
5.85428e-05
-1.57332e-06
5.77304e-05
5.14375e-05
-3.10317e-05
-8.13258e-06
-3.17119e-05
-4.46391e-06
-3.20726e-05
-7.67678e-07
-3.20957e-05
2.93842e-06
-3.17633e-05
6.5396e-06
-3.1066e-05
1.00093e-05
-2.99965e-05
1.33085e-05
-2.85455e-05
1.64194e-05
-2.66982e-05
1.93595e-05
-2.44399e-05
2.22095e-05
-2.17723e-05
2.51587e-05
-1.87374e-05
2.85457e-05
-1.54354e-05
3.28279e-05
-1.20196e-05
3.83859e-05
-8.6863e-06
4.50825e-05
-5.66071e-06
5.18016e-05
-3.22643e-06
5.61088e-05
-1.41989e-06
5.59239e-05
5.00178e-05
-2.8064e-05
-7.19179e-06
-2.87471e-05
-3.78096e-06
-2.91593e-05
-3.556e-07
-2.92669e-05
3.04595e-06
-2.90617e-05
6.33434e-06
-2.85339e-05
9.48139e-06
-2.76767e-05
1.24513e-05
-2.64831e-05
1.52258e-05
-2.49422e-05
1.78186e-05
-2.3041e-05
2.03083e-05
-2.0774e-05
2.28918e-05
-1.8157e-05
2.59288e-05
-1.52356e-05
2.99066e-05
-1.20832e-05
3.52336e-05
-8.84197e-06
4.18414e-05
-5.75807e-06
4.87178e-05
-3.18802e-06
5.35388e-05
-1.27626e-06
5.40124e-05
4.87415e-05
-2.52777e-05
-6.25928e-06
-2.5982e-05
-3.07679e-06
-2.64496e-05
1.11886e-07
-2.66438e-05
3.24007e-06
-2.65605e-05
6.25105e-06
-2.61913e-05
9.11214e-06
-2.55324e-05
1.17924e-05
-2.45815e-05
1.4275e-05
-2.33349e-05
1.6572e-05
-2.17851e-05
1.87585e-05
-1.99203e-05
2.10271e-05
-1.77272e-05
2.37358e-05
-1.51886e-05
2.73681e-05
-1.22925e-05
3.23376e-05
-9.11614e-06
3.86652e-05
-5.91027e-06
4.55121e-05
-3.13528e-06
5.0764e-05
-1.10852e-06
5.19856e-05
4.76331e-05
-2.26595e-05
-5.32333e-06
-2.33951e-05
-2.34118e-06
-2.39125e-05
6.29218e-07
-2.41861e-05
3.51361e-06
-2.42073e-05
6.27222e-06
-2.3969e-05
8.87386e-06
-2.3471e-05
1.12944e-05
-2.27179e-05
1.35219e-05
-2.17168e-05
1.55709e-05
-2.04704e-05
1.75121e-05
-1.89668e-05
1.95235e-05
-1.71674e-05
2.19365e-05
-1.5e-05
2.52007e-05
-1.2375e-05
2.97127e-05
-9.29585e-06
3.55861e-05
-5.98424e-06
4.22005e-05
-3.0082e-06
4.7788e-05
-9.07609e-07
4.98852e-05
4.67254e-05
-2.01898e-05
-4.37502e-06
-2.09527e-05
-1.57831e-06
-2.15127e-05
1.18927e-06
-2.18451e-05
3.84601e-06
-2.19385e-05
6.36556e-06
-2.17866e-05
8.722e-06
-2.13939e-05
1.09017e-05
-2.07742e-05
1.29022e-05
-1.99484e-05
1.47451e-05
-1.89338e-05
1.64976e-05
-1.77259e-05
1.83156e-05
-1.62721e-05
2.04828e-05
-1.44624e-05
2.3391e-05
-1.21465e-05
2.73968e-05
-9.25363e-06
3.26933e-05
-5.9374e-06
3.88844e-05
-2.8331e-06
4.46838e-05
-6.97786e-07
4.77498e-05
4.60277e-05
-1.78415e-05
-3.41752e-06
-1.86253e-05
-7.94425e-07
-1.9207e-05
1.77101e-06
-1.95644e-05
4.20341e-06
-1.96837e-05
6.48483e-06
-1.95637e-05
8.60202e-06
-1.92159e-05
1.05538e-05
-1.86665e-05
1.23528e-05
-1.79515e-05
1.40301e-05
-1.71053e-05
1.56513e-05
-1.61338e-05
1.73441e-05
-1.49818e-05
1.93308e-05
-1.35221e-05
2.19313e-05
-1.15641e-05
2.54389e-05
-8.97594e-06
3.01052e-05
-5.81749e-06
3.5726e-05
-2.70813e-06
4.15744e-05
-5.3853e-07
4.55803e-05
4.54891e-05
-1.55863e-05
-2.46044e-06
-1.63736e-05
-7.17535e-09
-1.69441e-05
2.3416e-06
-1.72792e-05
4.53847e-06
-1.73711e-05
6.57674e-06
-1.72282e-05
8.45915e-06
-1.68761e-05
1.02017e-05
-1.63562e-05
1.18329e-05
-1.5719e-05
1.3393e-05
-1.50102e-05
1.49425e-05
-1.42455e-05
1.65794e-05
-1.33719e-05
1.84572e-05
-1.22614e-05
2.08208e-05
-1.07054e-05
2.38829e-05
-8.53032e-06
2.79301e-05
-5.70735e-06
3.2903e-05
-2.73899e-06
3.86061e-05
-4.99492e-07
4.33407e-05
4.49897e-05
-1.34001e-05
-1.51923e-06
-1.41508e-05
7.43523e-07
-1.46617e-05
2.85253e-06
-1.49202e-05
4.79707e-06
-1.49325e-05
6.58899e-06
-1.47269e-05
8.25359e-06
-1.43484e-05
9.82318e-06
-1.38538e-05
1.13383e-05
-1.33019e-05
1.28411e-05
-1.27397e-05
1.43803e-05
-1.21838e-05
1.60234e-05
-1.1583e-05
1.78564e-05
-1.082e-05
2.00578e-05
-9.69025e-06
2.27531e-05
-7.99904e-06
2.62389e-05
-5.64798e-06
3.0552e-05
-2.95535e-06
3.59135e-05
-6.31186e-07
4.10166e-05
4.43584e-05
-1.12347e-05
-6.23803e-07
-1.18964e-05
1.40533e-06
-1.22899e-05
3.24608e-06
-1.24195e-05
4.92671e-06
-1.23195e-05
6.489e-06
-1.20441e-05
7.97823e-06
-1.16577e-05
9.43677e-06
-1.12241e-05
1.09047e-05
-1.07986e-05
1.24156e-05
-1.04148e-05
1.39965e-05
-1.00821e-05
1.56907e-05
-9.74955e-06
1.75239e-05
-9.31736e-06
1.96256e-05
-8.60513e-06
2.20409e-05
-7.41665e-06
2.50505e-05
-5.60479e-06
2.87402e-05
-3.28881e-06
3.35975e-05
-9.36259e-07
3.8664e-05
4.34222e-05
-9.01965e-06
1.61619e-07
-9.53095e-06
1.9167e-06
-9.75583e-06
3.47101e-06
-9.73374e-06
4.90467e-06
-9.53319e-06
6.28848e-06
-9.23191e-06
7.67697e-06
-8.89894e-06
9.10381e-06
-8.58876e-06
1.05945e-05
-8.33798e-06
1.21649e-05
-8.15929e-06
1.38178e-05
-8.04807e-06
1.55795e-05
-7.95982e-06
1.74356e-05
-7.81485e-06
1.94807e-05
-7.47196e-06
2.1698e-05
-6.7524e-06
2.43309e-05
-5.48153e-06
2.74693e-05
-3.6073e-06
3.17233e-05
-1.3611e-06
3.64179e-05
4.20611e-05
-6.66787e-06
7.81894e-07
-6.98335e-06
2.23228e-06
-7.02969e-06
3.51744e-06
-6.89529e-06
4.77033e-06
-6.67183e-06
6.06508e-06
-6.43323e-06
7.43842e-06
-6.23552e-06
8.90615e-06
-6.10281e-06
1.04618e-05
-6.04811e-06
1.21102e-05
-6.06688e-06
1.38366e-05
-6.14632e-06
1.5659e-05
-6.25121e-06
1.75405e-05
-6.32449e-06
1.9554e-05
-6.26883e-06
2.16423e-05
-5.93906e-06
2.40012e-05
-5.1577e-06
2.66879e-05
-3.75881e-06
3.03244e-05
-1.78399e-06
3.4443e-05
4.02771e-05
-4.16337e-06
1.11924e-06
-4.27108e-06
2.34007e-06
-4.21087e-06
3.4573e-06
-4.08205e-06
4.64158e-06
-3.95495e-06
5.93803e-06
-3.87238e-06
7.35588e-06
-3.85203e-06
8.88583e-06
-3.90065e-06
1.05105e-05
-4.01427e-06
1.22238e-05
-4.18325e-06
1.40056e-05
-4.39399e-06
1.58697e-05
-4.62404e-06
1.77706e-05
-4.837e-06
1.97669e-05
-4.97112e-06
2.17764e-05
-4.92353e-06
2.39536e-05
-4.53285e-06
2.62973e-05
-3.59721e-06
2.93888e-05
-2.01795e-06
3.28637e-05
3.82591e-05
-1.58228e-06
-1.65855e-06
-1.65835e-06
-1.65876e-06
-1.68976e-06
-1.76416e-06
-1.88513e-06
-2.05179e-06
-2.26111e-06
-2.50657e-06
-2.78183e-06
-3.07344e-06
-3.3572e-06
-3.59267e-06
-3.71011e-06
-3.57106e-06
-3.01356e-06
-1.84214e-06
)
;

boundaryField
{
    leftWall
    {
        type            calculated;
        value           uniform 0;
    }
    rightWall
    {
        type            calculated;
        value           uniform 0;
    }
    lowerWall
    {
        type            calculated;
        value           uniform 0;
    }
    atmosphere
    {
        type            calculated;
        value           nonuniform List<scalar> 
46
(
-6.59362e-06
-4.75158e-06
-4.81114e-06
-6.44781e-06
-8.94516e-06
-1.17423e-05
-1.44427e-05
-1.67871e-05
-1.86284e-05
-1.99078e-05
-2.06255e-05
-2.08155e-05
-2.0528e-05
-1.98182e-05
-1.87391e-05
-1.73377e-05
-1.56538e-05
-1.37314e-05
-1.15961e-05
-9.29811e-06
-6.89065e-06
-4.47933e-06
-2.29681e-06
-4.37337e-07
-1.43239e-07
9.09225e-08
2.99514e-07
1.35389e-06
2.41637e-06
3.45712e-06
4.64201e-06
5.96903e-06
7.43029e-06
9.00681e-06
1.06771e-05
1.24331e-05
1.4251e-05
1.6145e-05
1.80622e-05
2.00507e-05
2.20119e-05
2.4071e-05
2.61582e-05
2.88313e-05
3.16923e-05
3.6417e-05
)
;
    }
    defaultFaces
    {
        type            empty;
        value           nonuniform List<scalar> 0();
    }
}


// ************************************************************************* //
