/*--------------------------------*- C++ -*----------------------------------*\
| =========                 |                                                 |
| \\      /  F ield         | OpenFOAM: The Open Source CFD Toolbox           |
|  \\    /   O peration     | Version:  2312                                  |
|   \\  /    A nd           | Website:  www.openfoam.com                      |
|    \\/     M anipulation  |                                                 |
\*---------------------------------------------------------------------------*/
FoamFile
{
    version     2.0;
    format      ascii;
    arch        "LSB;label=32;scalar=64";
    class       volVectorField;
    location    "1.55";
    object      U;
}
// * * * * * * * * * * * * * * * * * * * * * * * * * * * * * * * * * * * * * //

dimensions      [0 1 -1 0 0 0 0];

internalField   nonuniform List<vector> 
2268
(
(0.0287759 -0.0124466 0)
(0.0406327 -0.00188114 0)
(0.0445485 -0.000638809 0)
(0.0468644 0.000280542 0)
(0.0459745 0.000569901 0)
(0.0420602 0.00125529 0)
(0.0349013 0.00176809 0)
(0.0267432 0.00171391 0)
(0.0202662 0.00103938 0)
(0.0172675 0.000131833 0)
(0.0180019 -0.000740636 0)
(0.0218547 -0.00140672 0)
(0.0279664 -0.00185138 0)
(0.0354774 -0.00206633 0)
(0.0434613 -0.00201412 0)
(0.050859 -0.00166689 0)
(0.056696 -0.0010919 0)
(0.0602609 -0.000369696 0)
(0.0609071 0.000483392 0)
(0.0577306 0.00169887 0)
(0.050497 0.00325585 0)
(0.0331569 0.0052962 0)
(0.0212499 0.00857791 0)
(0.0111673 -0.0226312 0)
(0.0284776 -0.00443502 0)
(0.0334955 -0.00402495 0)
(0.0396333 -0.00140513 0)
(0.0406598 0.000893186 0)
(0.0377738 0.00386619 0)
(0.0306485 0.00583623 0)
(0.0221949 0.00587127 0)
(0.0155673 0.00386723 0)
(0.0127328 0.0010702 0)
(0.0138331 -0.00154206 0)
(0.0181296 -0.00350896 0)
(0.0246667 -0.00484484 0)
(0.0325891 -0.00554965 0)
(0.0409828 -0.00552278 0)
(0.0487496 -0.00463952 0)
(0.0548791 -0.00313126 0)
(0.0586933 -0.0011967 0)
(0.059561 0.00119874 0)
(0.0564173 0.00429703 0)
(0.0489729 0.00772304 0)
(0.0312159 0.0117522 0)
(0.0185733 0.0159604 0)
(-0.00425852 -0.0290142 0)
(0.0132674 -0.00908967 0)
(0.0184395 -0.00767183 0)
(0.02873 -0.00275614 0)
(0.0316416 0.00123655 0)
(0.0300605 0.00608086 0)
(0.0230456 0.00951516 0)
(0.0143046 0.00934585 0)
(0.00767924 0.00557305 0)
(0.00552493 0.000733543 0)
(0.00765384 -0.00301925 0)
(0.0129397 -0.00618679 0)
(0.0203027 -0.00837467 0)
(0.0289259 -0.00955476 0)
(0.0379428 -0.00954214 0)
(0.0461814 -0.00803926 0)
(0.0525683 -0.00550618 0)
(0.0565593 -0.00228614 0)
(0.057688 0.00180471 0)
(0.0549767 0.00718787 0)
(0.0480114 0.0131132 0)
(0.0306043 0.0202516 0)
(0.0175908 0.0267884 0)
(-0.0151337 -0.0273594 0)
(-0.00320255 -0.0142075 0)
(0.00137019 -0.0138985 0)
(0.0161588 -0.0079111 0)
(0.0222016 -0.0011711 0)
(0.0235813 0.00740006 0)
(0.0174394 0.0139445 0)
(0.00845349 0.0146407 0)
(0.00209278 0.00947385 0)
(0.00138723 0.00224187 0)
(0.00494205 -0.00419551 0)
(0.0111685 -0.00897785 0)
(0.0193962 -0.0120012 0)
(0.0286531 -0.0134623 0)
(0.0381481 -0.0132503 0)
(0.0466365 -0.010939 0)
(0.052895 -0.00740517 0)
(0.0565291 -0.00319744 0)
(0.0575091 0.00229998 0)
(0.0552586 0.0102159 0)
(0.0490044 0.0185242 0)
(0.0320794 0.0288919 0)
(0.0185223 0.0374082 0)
(-0.018872 -0.0217799 0)
(-0.00962206 -0.0177008 0)
(-0.00398672 -0.0182431 0)
(0.015487 -0.0119636 0)
(0.0252888 -0.00282403 0)
(0.0285367 0.00937595 0)
(0.0213297 0.0164243 0)
(0.0101307 0.0147736 0)
(0.00274987 0.00692919 0)
(0.00206563 -0.00230646 0)
(0.0065589 -0.0107649 0)
(0.0143873 -0.0162808 0)
(0.0238792 -0.0191632 0)
(0.0338398 -0.0197574 0)
(0.043546 -0.0182664 0)
(0.0523236 -0.0138001 0)
(0.0587434 -0.00813681 0)
(0.0619738 -0.00300705 0)
(0.0619415 0.0023089 0)
(0.0593702 0.0128312 0)
(0.0534315 0.0230726 0)
(0.0364691 0.0373448 0)
(0.0215669 0.04838 0)
(-0.00844605 -0.0169282 0)
(0.0120101 -0.0223374 0)
(0.0158913 -0.0225777 0)
(0.028966 -0.0170248 0)
(0.0370757 -0.00634793 0)
(0.0370614 0.0091008 0)
(0.0227017 0.0205828 0)
(0.00247651 0.0217164 0)
(-0.0116727 0.0124755 0)
(-0.0147646 -0.000211458 0)
(-0.00846992 -0.0117773 0)
(0.00441531 -0.0200193 0)
(0.0204392 -0.0252249 0)
(0.0365102 -0.0284395 0)
(0.0479909 -0.0294733 0)
(0.0584253 -0.0254707 0)
(0.0687252 -0.0178311 0)
(0.0751436 -0.00621758 0)
(0.0771814 0.00421108 0)
(0.0741458 0.0170505 0)
(0.0668455 0.0280242 0)
(0.047909 0.0472953 0)
(0.029044 0.0622404 0)
(0.0990783 -0.0108476 0)
(0.13986 -0.0128433 0)
(0.118336 -0.0267886 0)
(0.0976017 -0.0257454 0)
(0.0735568 -0.0114932 0)
(0.0323347 0.0196661 0)
(-0.0546356 0.0438388 0)
(-0.109337 0.0416942 0)
(-0.128184 0.0205561 0)
(-0.123592 2.77987e-05 0)
(-0.113973 -0.0132696 0)
(-0.0984909 -0.0224907 0)
(-0.0761569 -0.0273658 0)
(-0.0506844 -0.027312 0)
(-0.0421199 -0.0245552 0)
(-0.023586 -0.0238157 0)
(0.0228559 -0.0158343 0)
(0.0741188 -0.00944949 0)
(0.106282 -0.001966 0)
(0.10209 0.0204064 0)
(0.0886728 0.0318825 0)
(0.0667943 0.0587988 0)
(0.0419009 0.08144 0)
(0.121965 -0.140966 0)
(0.241956 -0.0489746 0)
(0.301257 0.0069822 0)
(0.233148 0.00786452 0)
(0.158455 0.0168308 0)
(0.0904919 0.0556714 0)
(0.0288759 0.0740413 0)
(-0.00162058 0.0504984 0)
(-0.0203819 0.0137385 0)
(-0.0415568 -0.00880736 0)
(-0.0599162 -0.0211094 0)
(-0.0708764 -0.033171 0)
(-0.0724444 -0.0425625 0)
(-0.0734126 -0.0388967 0)
(-0.110578 -0.0276485 0)
(-0.145057 -0.0346894 0)
(-0.123266 -0.0470508 0)
(-0.0563264 -0.033452 0)
(0.00690224 -0.00966068 0)
(0.0852096 0.0195706 0)
(0.110657 0.0390094 0)
(0.0861581 0.0760295 0)
(0.0567187 0.111005 0)
(-0.0239941 0.0247538 0)
(-0.127686 0.00920189 0)
(-0.121259 0.0114737 0)
(-0.157147 0.00249647 0)
(-0.182985 -0.00976492 0)
(-0.204156 -0.0179714 0)
(-0.221395 -0.0150344 0)
(-0.223811 -0.00623214 0)
(-0.218216 0.000239008 0)
(-0.20624 0.00152577 0)
(-0.166101 -0.0143915 0)
(-0.107601 -0.015183 0)
(-0.0508492 -0.0144444 0)
(-0.00891977 -0.00909965 0)
(0.00772092 -0.00495593 0)
(0.0103709 -0.00524125 0)
(0.0301101 0.00183934 0)
(-0.0028173 -0.0012569 0)
(0.0399932 0.00992206 0)
(0.102368 0.0423661 0)
(0.00402726 0.0185372 0)
(0.0890026 0.00884064 0)
(0.0940028 0.0214823 0)
(0.0572413 0.0242729 0)
(-0.00183268 0.0355952 0)
(-0.0744055 0.0305056 0)
(-0.145878 0.0021319 0)
(-0.177699 -0.0113548 0)
(-0.194574 -0.0199609 0)
(-0.145074 -0.0407445 0)
(-0.105427 -0.0329697 0)
(-0.0535831 -0.0285744 0)
(-0.0265763 -0.0142452 0)
(-0.0255179 -0.00193452 0)
(-0.0312533 -0.00162775 0)
(-0.0261944 0.000944168 0)
(-0.0262474 -0.000998009 0)
(-0.012555 0.00518623 0)
(0.099208 -0.0175616 0)
(0.143608 0.00982777 0)
(0.187322 -0.0256121 0)
(0.227231 0.0251489 0)
(0.124448 0.0480841 0)
(0.00889371 0.033589 0)
(0.0131058 0.0424316 0)
(0.0499174 0.0283564 0)
(0.0540511 0.0263237 0)
(0.0344593 0.00345776 0)
(-0.0313817 -0.0522106 0)
(-0.043322 -0.052162 0)
(0.0158922 -0.0501997 0)
(0.0334174 -0.0142738 0)
(0.000256038 -0.00399371 0)
(-0.0310216 -0.00492983 0)
(-0.0254901 -0.00574468 0)
(-0.0074502 -0.00280518 0)
(-0.0167952 -0.0107823 0)
(-0.001283 -0.067697 0)
(0.150533 -0.0051655 0)
(0.170217 -0.043005 0)
(0.189704 0.0475136 0)
(0.141078 0.0941064 0)
(0.081038 0.080997 0)
(0.0993633 0.0125347 0)
(0.153378 -0.0134579 0)
(0.161351 0.0103871 0)
(0.150038 0.00819587 0)
(0.136991 -0.022281 0)
(0.0985004 -0.0537438 0)
(0.142484 -0.0763941 0)
(0.180646 -0.0209189 0)
(0.17041 0.035679 0)
(0.0296539 0.0182659 0)
(0.0397531 -0.0127328 0)
(0.0692856 -0.00386043 0)
(0.0784277 -0.00040561 0)
(-0.0397586 -0.0892206 0)
(0.111518 -0.0495172 0)
(0.149731 -0.0475111 0)
(0.136537 0.0572223 0)
(0.144655 0.088354 0)
(0.16377 0.0825595 0)
(0.205697 0.0077482 0)
(0.234006 -0.0125727 0)
(0.236845 0.027314 0)
(0.241833 0.0184897 0)
(0.236615 -0.0188797 0)
(0.207434 -0.0461508 0)
(0.212487 -0.0813589 0)
(0.190005 -0.0170619 0)
(0.108584 0.0820052 0)
(0.0953969 0.0260931 0)
(0.111501 -0.0183266 0)
(0.100863 -0.0191329 0)
(0.0906534 0.0457473 0)
(-0.0416297 -0.0926751 0)
(0.0679357 -0.0861445 0)
(0.117018 -0.0509069 0)
(0.130956 0.0486742 0)
(0.170913 0.0701401 0)
(0.222687 0.0442861 0)
(0.259147 -0.013336 0)
(0.283689 -0.0316005 0)
(0.316284 0.00992127 0)
(0.35755 0.0124427 0)
(0.373233 -0.0112196 0)
(0.350909 -0.0473461 0)
(0.30162 -0.0733635 0)
(0.197804 0.0178674 0)
(0.129806 0.0835061 0)
(0.159201 0.0175443 0)
(0.160441 -0.0129809 0)
(0.122304 -0.000299493 0)
(0.0905544 0.0830322 0)
(-0.00627716 -0.0949075 0)
(0.0584957 -0.123328 0)
(0.102765 -0.0605678 0)
(0.146445 0.0366066 0)
(0.247124 0.0650848 0)
(0.335073 0.044179 0)
(0.377778 -0.00520732 0)
(0.377329 -0.0315148 0)
(0.407813 -0.0203713 0)
(0.450974 -0.00733358 0)
(0.474882 -0.0108394 0)
(0.447048 -0.0200137 0)
(0.384491 -0.0147449 0)
(0.24681 0.0553661 0)
(0.17061 0.0895813 0)
(0.198222 0.017544 0)
(0.183239 -0.00538076 0)
(0.113611 0.0216529 0)
(0.0782403 0.123296 0)
(0.194864 -0.158648 0)
(0.175599 -0.149595 0)
(0.221907 -0.0948112 0)
(0.295242 -0.0310282 0)
(0.390638 -0.00171859 0)
(0.477349 -0.0042276 0)
(0.518045 -0.0210459 0)
(0.517714 -0.0315546 0)
(0.51313 -0.0313867 0)
(0.53017 -0.0210367 0)
(0.545819 -0.00684463 0)
(0.51249 -0.00747064 0)
(0.391547 0.0238506 0)
(0.228203 0.0990119 0)
(0.218615 0.0825768 0)
(0.246375 0.0191655 0)
(0.21704 0.018223 0)
(0.0933685 0.0547205 0)
(0.0610119 0.159125 0)
(0.0842606 -0.25221 0)
(0.184304 -0.143514 0)
(0.273273 -0.0121815 0)
(0.281801 0.0508939 0)
(0.234428 0.0697641 0)
(0.189307 0.0921451 0)
(0.169575 0.103221 0)
(0.170952 0.0804928 0)
(0.155812 0.0535313 0)
(0.0985366 0.0353471 0)
(0.0140369 0.00425229 0)
(-0.0468194 -0.0313359 0)
(-0.0686197 -0.0354497 0)
(-0.0859645 -0.0184914 0)
(-0.142907 0.00886146 0)
(-0.175296 -0.0205885 0)
(-0.146164 -0.0871853 0)
(-0.0854008 -0.0930881 0)
(-0.0125222 -0.0577417 0)
(-0.00170291 -0.0257106 0)
(0.0541871 0.0270105 0)
(0.10864 0.0888721 0)
(0.169839 0.140308 0)
(0.0466811 -0.373097 0)
(0.103831 -0.24603 0)
(0.1684 -0.0581411 0)
(0.168228 0.0316744 0)
(0.16184 0.0690018 0)
(0.166729 0.0862274 0)
(0.192475 0.0933207 0)
(0.241796 0.0783271 0)
(0.271244 0.0822841 0)
(0.249454 0.11168 0)
(0.203954 0.108057 0)
(0.119479 0.0676147 0)
(-0.00912295 0.00672468 0)
(-0.0605555 0.0144058 0)
(-0.118288 0.0410142 0)
(-0.149901 -0.0107503 0)
(-0.108945 -0.146898 0)
(-0.0644749 -0.168399 0)
(0.0203263 -0.121164 0)
(0.105612 -0.0648101 0)
(0.186871 -0.0412181 0)
(0.263442 -0.0235927 0)
(0.324117 -0.0924356 0)
(0.00116593 -0.406339 0)
(-0.00173703 -0.279741 0)
(0.0134676 -0.0193304 0)
(-0.115392 0.08541 0)
(-0.0759277 0.0862057 0)
(-0.00878872 0.0876178 0)
(0.0976339 0.0171558 0)
(0.222932 -0.00871697 0)
(0.331173 0.0450892 0)
(0.387071 0.122245 0)
(0.382002 0.170388 0)
(0.305648 0.172083 0)
(0.223733 0.128031 0)
(0.158146 0.0747356 0)
(0.0760099 0.111714 0)
(-0.0154882 0.010612 0)
(-0.0145244 -0.188115 0)
(-0.0170665 -0.229064 0)
(0.0366574 -0.206418 0)
(0.10796 -0.172008 0)
(0.197482 -0.137503 0)
(0.304984 -0.100958 0)
(0.422255 -0.110198 0)
(-0.05673 -0.347287 0)
(-0.132465 -0.195339 0)
(-0.219893 0.111048 0)
(-0.232245 0.0978062 0)
(-0.150598 -0.0581276 0)
(-0.032605 -0.110275 0)
(0.0911573 -0.160208 0)
(0.207467 -0.171291 0)
(0.339014 -0.0884663 0)
(0.437052 0.0622147 0)
(0.46314 0.176085 0)
(0.436915 0.229531 0)
(0.372676 0.203682 0)
(0.316147 0.136813 0)
(0.256088 0.162104 0)
(0.217194 0.117431 0)
(0.137204 -0.123185 0)
(0.0577521 -0.228524 0)
(0.0565121 -0.246771 0)
(0.110216 -0.23689 0)
(0.185969 -0.219955 0)
(0.268907 -0.210789 0)
(0.355248 -0.219038 0)
(-0.0793392 -0.247221 0)
(-0.154931 -0.128855 0)
(-0.162158 0.0570945 0)
(-0.0803901 0.0498023 0)
(-0.0377229 -0.122147 0)
(-0.0105011 -0.169172 0)
(0.0454266 -0.233567 0)
(0.128028 -0.280458 0)
(0.238848 -0.219786 0)
(0.392545 0.00354924 0)
(0.440562 0.167034 0)
(0.437471 0.24415 0)
(0.422946 0.247026 0)
(0.398815 0.184211 0)
(0.363906 0.190195 0)
(0.354791 0.156089 0)
(0.303366 -0.00406635 0)
(0.154639 -0.147683 0)
(0.111199 -0.257657 0)
(0.159534 -0.301787 0)
(0.234166 -0.298555 0)
(0.314654 -0.285009 0)
(0.393935 -0.276816 0)
(-0.0724108 -0.147714 0)
(-0.13284 -0.0886253 0)
(-0.131644 -0.00924674 0)
(-0.0661402 -0.0113273 0)
(-0.0715424 -0.108963 0)
(-0.0785179 -0.184216 0)
(-0.0650688 -0.277844 0)
(-0.0091068 -0.371403 0)
(0.0544177 -0.380487 0)
(0.24064 -0.106753 0)
(0.343833 0.13058 0)
(0.353535 0.226697 0)
(0.370606 0.235757 0)
(0.388022 0.193918 0)
(0.391773 0.188267 0)
(0.402788 0.151454 0)
(0.403588 0.107242 0)
(0.297169 -0.0298799 0)
(0.259104 -0.26187 0)
(0.312572 -0.372633 0)
(0.376542 -0.385112 0)
(0.451521 -0.366712 0)
(0.528567 -0.346243 0)
(-0.0690591 -0.0465981 0)
(-0.127364 -0.0237117 0)
(-0.14604 -0.00546356 0)
(-0.129431 -0.0241321 0)
(-0.131744 -0.0985695 0)
(-0.157063 -0.186272 0)
(-0.182788 -0.299465 0)
(-0.172605 -0.41856 0)
(-0.155567 -0.469449 0)
(-0.0591577 -0.25658 0)
(0.200877 0.117348 0)
(0.251953 0.209407 0)
(0.285947 0.207968 0)
(0.32382 0.176819 0)
(0.360003 0.165274 0)
(0.390508 0.13775 0)
(0.410618 0.128737 0)
(0.444054 0.0137578 0)
(0.4865 -0.242861 0)
(0.528391 -0.426355 0)
(0.562059 -0.450509 0)
(0.613918 -0.435171 0)
(0.676416 -0.409037 0)
(-0.0689916 0.0171611 0)
(-0.1272 -0.00562377 0)
(-0.163408 -0.0342784 0)
(-0.160385 -0.0666866 0)
(-0.165968 -0.117565 0)
(-0.223078 -0.195246 0)
(-0.290073 -0.314904 0)
(-0.301471 -0.439503 0)
(-0.302777 -0.474358 0)
(-0.288561 -0.387738 0)
(-0.175233 -0.148122 0)
(0.102238 0.139781 0)
(0.188232 0.147702 0)
(0.258879 0.146091 0)
(0.316603 0.140715 0)
(0.367964 0.111322 0)
(0.447225 0.0733035 0)
(0.584132 -0.0994352 0)
(0.683275 -0.319822 0)
(0.70313 -0.447659 0)
(0.718318 -0.484333 0)
(0.750666 -0.479743 0)
(0.794276 -0.45724 0)
(-0.0728915 0.128078 0)
(-0.0852564 0.0979619 0)
(-0.131551 0.0443938 0)
(-0.135111 -0.0200832 0)
(-0.103943 0.0057588 0)
(-0.319071 0.00257923 0)
(-0.418016 -0.262841 0)
(-0.40191 -0.437389 0)
(-0.368941 -0.477393 0)
(-0.317255 -0.418651 0)
(-0.258192 -0.290986 0)
(-0.131779 -0.100965 0)
(0.0667063 -0.0311719 0)
(0.19357 0.0199484 0)
(0.302396 0.0430056 0)
(0.409533 0.0197007 0)
(0.57097 -0.103291 0)
(0.694624 -0.22471 0)
(0.749941 -0.361284 0)
(0.770634 -0.451938 0)
(0.79168 -0.496727 0)
(0.816337 -0.500839 0)
(0.850552 -0.4807 0)
(-0.0735741 0.183253 0)
(-0.112437 0.147524 0)
(-0.0823849 0.0370693 0)
(-0.0494087 -0.0738348 0)
(0.00383925 0.0497841 0)
(0.0675016 0.129614 0)
(0.115308 0.0116216 0)
(-0.272031 -0.441201 0)
(-0.457922 -0.492178 0)
(-0.278871 -0.43715 0)
(-0.190639 -0.327606 0)
(-0.0788464 -0.207382 0)
(0.0551949 -0.144354 0)
(0.164839 -0.11477 0)
(0.307413 -0.135983 0)
(0.460935 -0.175679 0)
(0.588853 -0.241741 0)
(0.681869 -0.304301 0)
(0.742546 -0.378236 0)
(0.778502 -0.462004 0)
(0.830238 -0.510437 0)
(0.878887 -0.5262 0)
(0.917942 -0.544462 0)
(-0.0237231 0.23837 0)
(0.0853469 0.0894896 0)
(0.193631 -0.0433122 0)
(0.240746 -0.105793 0)
(0.314086 -0.114163 0)
(0.429303 -0.0801728 0)
(0.545246 -0.028242 0)
(0.531294 -0.0648686 0)
(0.397936 -0.215115 0)
(-0.0993376 -0.758506 0)
(-0.220368 -0.394776 0)
(-0.0744528 -0.311518 0)
(0.0638579 -0.235619 0)
(0.176153 -0.207266 0)
(0.291757 -0.205765 0)
(0.421555 -0.224265 0)
(0.528753 -0.267014 0)
(0.651899 -0.349776 0)
(0.757926 -0.390709 0)
(0.800806 -0.504795 0)
(0.714059 -0.623263 0)
(0.690121 -0.561349 0)
(0.69392 -0.53879 0)
(0.0653876 0.162819 0)
(0.225547 -0.0364716 0)
(0.306528 -0.118357 0)
(0.356399 -0.156844 0)
(0.399813 -0.184269 0)
(0.451781 -0.180113 0)
(0.529879 -0.144483 0)
(0.602523 -0.0934854 0)
(0.634612 -0.0351293 0)
(0.513685 -0.200636 0)
(0.361472 -0.359238 0)
(0.193949 -0.578487 0)
(0.179281 -0.405452 0)
(0.2457 -0.35865 0)
(0.352437 -0.381545 0)
(0.400134 -0.417062 0)
(0.460429 -0.43727 0)
(0.46721 -0.604052 0)
(0.463022 -0.502814 0)
(0.495141 -0.545364 0)
(0.481817 -0.544962 0)
(0.451965 -0.528876 0)
(0.434531 -0.531038 0)
(0.13458 -0.105493 0)
(0.221771 -0.150314 0)
(0.291276 -0.181596 0)
(0.337511 -0.200555 0)
(0.368037 -0.212322 0)
(0.391243 -0.216907 0)
(0.417319 -0.19248 0)
(0.448969 -0.145373 0)
(0.48485 -0.111032 0)
(0.496076 -0.138529 0)
(0.465898 -0.162798 0)
(0.399381 -0.264946 0)
(0.337296 -0.355643 0)
(0.31381 -0.401643 0)
(0.305006 -0.42924 0)
(0.305918 -0.428202 0)
(0.3148 -0.43917 0)
(0.299222 -0.476592 0)
(0.270809 -0.468887 0)
(0.247139 -0.474381 0)
(0.217351 -0.496835 0)
(0.173006 -0.50075 0)
(0.123412 -0.494186 0)
(0.0669631 -0.230703 0)
(0.138515 -0.222426 0)
(0.187702 -0.230304 0)
(0.21458 -0.236375 0)
(0.223989 -0.235845 0)
(0.221438 -0.226295 0)
(0.216173 -0.196521 0)
(0.223246 -0.156562 0)
(0.244516 -0.141255 0)
(0.263813 -0.168329 0)
(0.26669 -0.21359 0)
(0.247717 -0.264674 0)
(0.212764 -0.300024 0)
(0.177841 -0.329829 0)
(0.148463 -0.358781 0)
(0.125719 -0.384108 0)
(0.106457 -0.408517 0)
(0.0753509 -0.434973 0)
(0.0343491 -0.439892 0)
(-0.00789481 -0.44171 0)
(-0.0585284 -0.444994 0)
(-0.124591 -0.438835 0)
(-0.179495 -0.436729 0)
(0.0220465 -0.295615 0)
(0.0602769 -0.263075 0)
(0.0726689 -0.248988 0)
(0.0701204 -0.239102 0)
(0.0525077 -0.227204 0)
(0.0302617 -0.210436 0)
(0.0130696 -0.187263 0)
(0.0111702 -0.166159 0)
(0.0228961 -0.159982 0)
(0.0363066 -0.175173 0)
(0.0415334 -0.206805 0)
(0.0367685 -0.248292 0)
(0.0233289 -0.286891 0)
(0.00656593 -0.318034 0)
(-0.0141761 -0.34568 0)
(-0.0379748 -0.367702 0)
(-0.0680687 -0.38146 0)
(-0.106562 -0.390646 0)
(-0.150526 -0.390804 0)
(-0.198358 -0.387187 0)
(-0.245867 -0.383794 0)
(-0.287654 -0.386302 0)
(-0.322946 -0.39558 0)
(-0.00654567 -0.307607 0)
(-0.00802074 -0.261921 0)
(-0.0341322 -0.232289 0)
(-0.0645033 -0.211614 0)
(-0.100482 -0.195034 0)
(-0.131788 -0.181331 0)
(-0.153109 -0.16982 0)
(-0.160399 -0.162882 0)
(-0.154511 -0.165953 0)
(-0.140898 -0.182896 0)
(-0.126303 -0.211448 0)
(-0.115302 -0.245285 0)
(-0.110575 -0.277155 0)
(-0.112766 -0.303948 0)
(-0.122758 -0.325135 0)
(-0.140303 -0.33972 0)
(-0.164069 -0.348025 0)
(-0.191944 -0.352371 0)
(-0.221467 -0.353253 0)
(-0.251909 -0.352708 0)
(-0.285202 -0.351411 0)
(-0.32296 -0.350297 0)
(-0.363054 -0.350029 0)
(-0.0284259 -0.27585 0)
(-0.0656098 -0.225204 0)
(-0.118489 -0.190513 0)
(-0.165786 -0.16934 0)
(-0.208951 -0.157228 0)
(-0.240985 -0.152621 0)
(-0.258196 -0.154697 0)
(-0.259206 -0.163511 0)
(-0.246215 -0.17955 0)
(-0.224793 -0.202399 0)
(-0.201935 -0.229484 0)
(-0.183259 -0.256803 0)
(-0.171564 -0.280805 0)
(-0.167407 -0.29995 0)
(-0.1705 -0.314193 0)
(-0.179957 -0.323688 0)
(-0.194464 -0.328963 0)
(-0.212839 -0.330613 0)
(-0.234229 -0.328495 0)
(-0.258683 -0.323237 0)
(-0.287477 -0.316181 0)
(-0.321547 -0.308875 0)
(-0.358489 -0.301225 0)
(-0.0437297 -0.215746 0)
(-0.101347 -0.166411 0)
(-0.167656 -0.135864 0)
(-0.220129 -0.122301 0)
(-0.259903 -0.12234 0)
(-0.283095 -0.13336 0)
(-0.289616 -0.152078 0)
(-0.281713 -0.175415 0)
(-0.263652 -0.201007 0)
(-0.240948 -0.226973 0)
(-0.219006 -0.251407 0)
(-0.201617 -0.272563 0)
(-0.190465 -0.289355 0)
(-0.18577 -0.301573 0)
(-0.187066 -0.309545 0)
(-0.193536 -0.313758 0)
(-0.204217 -0.314813 0)
(-0.218198 -0.313059 0)
(-0.234823 -0.308248 0)
(-0.254181 -0.299967 0)
(-0.27739 -0.288355 0)
(-0.305371 -0.274529 0)
(-0.336012 -0.259468 0)
(-0.0500784 -0.140988 0)
(-0.113991 -0.0984197 0)
(-0.181273 -0.0788911 0)
(-0.229041 -0.0797176 0)
(-0.260642 -0.0960177 0)
(-0.275849 -0.123048 0)
(-0.276923 -0.155676 0)
(-0.267094 -0.189395 0)
(-0.250418 -0.220801 0)
(-0.23134 -0.247732 0)
(-0.213807 -0.269205 0)
(-0.200384 -0.285183 0)
(-0.192125 -0.29618 0)
(-0.189072 -0.302908 0)
(-0.190777 -0.306083 0)
(-0.196588 -0.306333 0)
(-0.20581 -0.304123 0)
(-0.217792 -0.299508 0)
(-0.232008 -0.292025 0)
(-0.248319 -0.280949 0)
(-0.267252 -0.265936 0)
(-0.289186 -0.247593 0)
(-0.312467 -0.227111 0)
(-0.0484458 -0.0649795 0)
(-0.109117 -0.0321726 0)
(-0.170628 -0.026577 0)
(-0.211636 -0.043096 0)
(-0.237623 -0.0747046 0)
(-0.249609 -0.115552 0)
(-0.24995 -0.159568 0)
(-0.2416 -0.201376 0)
(-0.228104 -0.236922 0)
(-0.213242 -0.264033 0)
(-0.200199 -0.282673 0)
(-0.190859 -0.294251 0)
(-0.185862 -0.300462 0)
(-0.185116 -0.302673 0)
(-0.188208 -0.301872 0)
(-0.194623 -0.298773 0)
(-0.203843 -0.293803 0)
(-0.215365 -0.28693 0)
(-0.228704 -0.277551 0)
(-0.243544 -0.264705 0)
(-0.259928 -0.2477 0)
(-0.27773 -0.226793 0)
(-0.295403 -0.203236 0)
(-0.0413625 0.00514881 0)
(-0.0942333 0.0301344 0)
(-0.148895 0.0213323 0)
(-0.184885 -0.0106428 0)
(-0.207219 -0.0560199 0)
(-0.218016 -0.108835 0)
(-0.219164 -0.162458 0)
(-0.213154 -0.210812 0)
(-0.203025 -0.249376 0)
(-0.192105 -0.276109 0)
(-0.183122 -0.291981 0)
(-0.1775 -0.299724 0)
(-0.175583 -0.301966 0)
(-0.177181 -0.300511 0)
(-0.181913 -0.296489 0)
(-0.189368 -0.290626 0)
(-0.199158 -0.283313 0)
(-0.210896 -0.274509 0)
(-0.224143 -0.263628 0)
(-0.238484 -0.249676 0)
(-0.253687 -0.231799 0)
(-0.269286 -0.209997 0)
(-0.283745 -0.18538 0)
(-0.0312502 0.0652926 0)
(-0.0746889 0.0833511 0)
(-0.121875 0.0628544 0)
(-0.153659 0.0186084 0)
(-0.174638 -0.039022 0)
(-0.184981 -0.101775 0)
(-0.18771 -0.16344 0)
(-0.184382 -0.2173 0)
(-0.177487 -0.258304 0)
(-0.170071 -0.284419 0)
(-0.164603 -0.297642 0)
(-0.162179 -0.30199 0)
(-0.162938 -0.300867 0)
(-0.166631 -0.29637 0)
(-0.172906 -0.289693 0)
(-0.181418 -0.28154 0)
(-0.191859 -0.272273 0)
(-0.203928 -0.261863 0)
(-0.217245 -0.249793 0)
(-0.231382 -0.235136 0)
(-0.245991 -0.216998 0)
(-0.260492 -0.195201 0)
(-0.273349 -0.170689 0)
(-0.0199849 0.106618 0)
(-0.0526659 0.125407 0)
(-0.0930435 0.0978857 0)
(-0.12065 0.0451539 0)
(-0.141332 -0.022414 0)
(-0.152083 -0.093523 0)
(-0.156881 -0.162068 0)
(-0.156319 -0.220835 0)
(-0.152394 -0.264048 0)
(-0.148053 -0.289475 0)
(-0.145597 -0.300211 0)
(-0.145859 -0.301565 0)
(-0.148841 -0.297586 0)
(-0.154276 -0.290559 0)
(-0.16184 -0.281693 0)
(-0.171231 -0.271657 0)
(-0.182188 -0.26078 0)
(-0.194462 -0.249052 0)
(-0.207727 -0.236045 0)
(-0.221585 -0.220939 0)
(-0.235684 -0.20285 0)
(-0.249434 -0.181472 0)
(-0.26138 -0.157571 0)
(-0.00976907 0.13251 0)
(-0.0300881 0.158247 0)
(-0.0638804 0.127956 0)
(-0.08784 0.0694904 0)
(-0.108524 -0.00567754 0)
(-0.120248 -0.0837051 0)
(-0.127269 -0.15816 0)
(-0.129346 -0.221548 0)
(-0.128054 -0.266965 0)
(-0.126426 -0.291716 0)
(-0.126579 -0.30016 0)
(-0.129099 -0.298903 0)
(-0.133906 -0.292513 0)
(-0.140744 -0.283387 0)
(-0.149323 -0.272729 0)
(-0.159371 -0.261173 0)
(-0.170656 -0.249014 0)
(-0.18296 -0.236254 0)
(-0.196002 -0.222551 0)
(-0.209425 -0.2072 0)
(-0.222894 -0.189354 0)
(-0.235867 -0.16858 0)
(-0.247001 -0.145467 0)
(-0.00216034 0.143798 0)
(-0.00951565 0.181025 0)
(-0.0361132 0.153425 0)
(-0.0563088 0.0922352 0)
(-0.0764758 0.0120042 0)
(-0.0902096 -0.0720192 0)
(-0.0991942 -0.151705 0)
(-0.103543 -0.219704 0)
(-0.104506 -0.2674 0)
(-0.105325 -0.291481 0)
(-0.107789 -0.297853 0)
(-0.112236 -0.294373 0)
(-0.118553 -0.285981 0)
(-0.12652 -0.275139 0)
(-0.135881 -0.263042 0)
(-0.146388 -0.250291 0)
(-0.157833 -0.237151 0)
(-0.170025 -0.223631 0)
(-0.182719 -0.209461 0)
(-0.195599 -0.194051 0)
(-0.208358 -0.176598 0)
(-0.220491 -0.15655 0)
(-0.230781 -0.13429 0)
(0.00287998 0.143033 0)
(0.00649121 0.193533 0)
(-0.0125493 0.173021 0)
(-0.0281125 0.112608 0)
(-0.0471895 0.02978 0)
(-0.0624373 -0.058636 0)
(-0.0729498 -0.143056 0)
(-0.0788736 -0.215741 0)
(-0.0817287 -0.265669 0)
(-0.0848274 -0.289008 0)
(-0.0893742 -0.293563 0)
(-0.0954909 -0.288254 0)
(-0.10308 -0.278247 0)
(-0.111966 -0.266038 0)
(-0.121926 -0.252822 0)
(-0.132739 -0.239171 0)
(-0.144221 -0.225322 0)
(-0.156206 -0.211283 0)
(-0.168491 -0.19685 0)
(-0.180801 -0.181541 0)
(-0.192851 -0.164616 0)
(-0.204162 -0.145416 0)
(-0.213614 -0.124088 0)
(0.00568915 0.134171 0)
(0.0164722 0.197566 0)
(0.00483452 0.186577 0)
(-0.00512642 0.128968 0)
(-0.0219556 0.0466108 0)
(-0.0374586 -0.0443076 0)
(-0.0487396 -0.133015 0)
(-0.0552205 -0.210255 0)
(-0.0597501 -0.262015 0)
(-0.0650307 -0.284462 0)
(-0.0714637 -0.287504 0)
(-0.0790359 -0.280767 0)
(-0.0877093 -0.269509 0)
(-0.0973503 -0.256258 0)
(-0.10777 -0.242214 0)
(-0.118778 -0.227931 0)
(-0.130213 -0.213615 0)
(-0.14194 -0.199268 0)
(-0.153792 -0.184737 0)
(-0.165549 -0.169649 0)
(-0.176957 -0.153347 0)
(-0.187548 -0.135097 0)
(-0.196267 -0.11479 0)
(0.00606362 0.119906 0)
(0.0213759 0.195845 0)
(0.0153097 0.193026 0)
(0.0115686 0.141191 0)
(-0.00113907 0.0608209 0)
(-0.0153439 -0.0305602 0)
(-0.026371 -0.122875 0)
(-0.0323216 -0.203941 0)
(-0.038635 -0.256545 0)
(-0.0460281 -0.277968 0)
(-0.0541611 -0.279877 0)
(-0.0629993 -0.272101 0)
(-0.0726042 -0.259924 0)
(-0.0828726 -0.24593 0)
(-0.0936433 -0.231327 0)
(-0.104764 -0.216651 0)
(-0.116102 -0.20208 0)
(-0.127548 -0.187605 0)
(-0.138975 -0.173107 0)
(-0.150217 -0.158318 0)
(-0.161065 -0.14269 0)
(-0.171069 -0.125457 0)
(-0.179198 -0.106258 0)
(0.0040432 0.105376 0)
(0.0216284 0.190478 0)
(0.0201823 0.193548 0)
(0.0218264 0.147109 0)
(0.0142108 0.0721636 0)
(0.00402304 -0.018512 0)
(-0.00487725 -0.11423 0)
(-0.0098253 -0.197402 0)
(-0.0183415 -0.249161 0)
(-0.0277993 -0.269611 0)
(-0.0374871 -0.270865 0)
(-0.0474409 -0.262417 0)
(-0.0578607 -0.249618 0)
(-0.0686662 -0.235157 0)
(-0.0797114 -0.220242 0)
(-0.0908881 -0.205383 0)
(-0.1021 -0.190741 0)
(-0.113264 -0.17629 0)
(-0.124287 -0.161934 0)
(-0.135056 -0.147492 0)
(-0.145421 -0.132543 0)
(-0.154961 -0.116345 0)
(-0.162651 -0.098312 0)
(0.00197408 0.0928355 0)
(0.0196364 0.182334 0)
(0.0219279 0.189758 0)
(0.0279505 0.147989 0)
(0.0251436 0.0776955 0)
(0.0202265 -0.0102116 0)
(0.0164595 -0.107302 0)
(0.0122867 -0.189659 0)
(0.00154374 -0.239379 0)
(-0.0100846 -0.259363 0)
(-0.0213368 -0.260555 0)
(-0.0323424 -0.251813 0)
(-0.0435096 -0.238671 0)
(-0.0548072 -0.224001 0)
(-0.0660867 -0.209009 0)
(-0.077285 -0.194161 0)
(-0.0883564 -0.179604 0)
(-0.0992505 -0.165306 0)
(-0.109902 -0.151181 0)
(-0.120241 -0.137114 0)
(-0.130184 -0.122815 0)
(-0.13936 -0.107625 0)
(-0.146735 -0.0907909 0)
(0.00090051 0.0825631 0)
(0.0177888 0.172395 0)
(0.0230245 0.182454 0)
(0.032509 0.144666 0)
(0.0336648 0.0783157 0)
(0.0339903 -0.0085078 0)
(0.0364114 -0.104654 0)
(0.0325377 -0.181386 0)
(0.0210398 -0.227129 0)
(0.00762331 -0.247048 0)
(-0.0054812 -0.248791 0)
(-0.0176579 -0.240233 0)
(-0.0295655 -0.227099 0)
(-0.0413435 -0.212486 0)
(-0.052855 -0.197649 0)
(-0.0640633 -0.182999 0)
(-0.07499 -0.168666 0)
(-0.0856286 -0.154628 0)
(-0.0959417 -0.14081 0)
(-0.105892 -0.127141 0)
(-0.115458 -0.113449 0)
(-0.124334 -0.0992035 0)
(-0.131489 -0.0835655 0)
(9.32907e-05 0.0732992 0)
(0.0174032 0.161142 0)
(0.0252259 0.172305 0)
(0.0374979 0.137769 0)
(0.0419165 0.0744986 0)
(0.0481809 -0.0125366 0)
(0.0544033 -0.10406 0)
(0.0503544 -0.173411 0)
(0.0388948 -0.214831 0)
(0.02487 -0.233256 0)
(0.0104552 -0.235495 0)
(-0.0034007 -0.227553 0)
(-0.0161329 -0.214838 0)
(-0.028347 -0.200609 0)
(-0.0400969 -0.186164 0)
(-0.0513193 -0.171901 0)
(-0.0620979 -0.157924 0)
(-0.0724871 -0.144236 0)
(-0.0824858 -0.130788 0)
(-0.0920805 -0.117536 0)
(-0.101301 -0.104402 0)
(-0.10992 -0.0910067 0)
(-0.116918 -0.0765184 0)
(-0.00314922 0.0648872 0)
(0.0184157 0.147372 0)
(0.0297962 0.159716 0)
(0.0442473 0.128039 0)
(0.0516707 0.0664026 0)
(0.0641891 -0.0205971 0)
(0.0707731 -0.104039 0)
(0.0663298 -0.1655 0)
(0.0549994 -0.202331 0)
(0.040647 -0.218814 0)
(0.0254363 -0.220873 0)
(0.0105749 -0.213866 0)
(-0.00335221 -0.201859 0)
(-0.0159792 -0.188347 0)
(-0.0279107 -0.17456 0)
(-0.039149 -0.160869 0)
(-0.0497736 -0.147381 0)
(-0.0599061 -0.134123 0)
(-0.0695977 -0.12109 0)
(-0.0788574 -0.108269 0)
(-0.0877533 -0.0956474 0)
(-0.0961347 -0.0829989 0)
(-0.103015 -0.0695799 0)
(-0.00762211 0.0591315 0)
(0.0193499 0.12771 0)
(0.0371197 0.144409 0)
(0.0531366 0.116166 0)
(0.0637471 0.0544207 0)
(0.0802116 -0.0297872 0)
(0.0855152 -0.103967 0)
(0.0804743 -0.157499 0)
(0.0691196 -0.189595 0)
(0.054505 -0.203906 0)
(0.0387725 -0.205472 0)
(0.0233021 -0.199105 0)
(0.00880409 -0.188385 0)
(-0.00445978 -0.175734 0)
(-0.0164522 -0.162855 0)
(-0.0276492 -0.149923 0)
(-0.0381049 -0.137051 0)
(-0.0479586 -0.1243 0)
(-0.0573269 -0.111714 0)
(-0.0662544 -0.0993285 0)
(-0.0748294 -0.0871786 0)
(-0.0829809 -0.0751689 0)
(-0.0897639 -0.06271 0)
(-0.00752475 0.0544184 0)
(0.0183989 0.100893 0)
(0.0428484 0.124752 0)
(0.0625059 0.101651 0)
(0.0779438 0.039757 0)
(0.0940532 -0.0382147 0)
(0.0978576 -0.103293 0)
(0.0921704 -0.149214 0)
(0.0805915 -0.17658 0)
(0.0657879 -0.188647 0)
(0.0498438 -0.189697 0)
(0.0341917 -0.183872 0)
(0.0195734 -0.174359 0)
(0.00617986 -0.163075 0)
(-0.00593807 -0.151111 0)
(-0.0169385 -0.139111 0)
(-0.027167 -0.126971 0)
(-0.036709 -0.114797 0)
(-0.045716 -0.10268 0)
(-0.0542859 -0.0907196 0)
(-0.0625318 -0.0789977 0)
(-0.0704402 -0.0675179 0)
(-0.0771228 -0.0558859 0)
(0.000172224 0.0484364 0)
(0.0204709 0.0746171 0)
(0.0432136 0.0999782 0)
(0.0672486 0.0816229 0)
(0.0895676 0.0226148 0)
(0.103827 -0.0456735 0)
(0.106415 -0.101554 0)
(0.10015 -0.140415 0)
(0.0883215 -0.163326 0)
(0.0735546 -0.173289 0)
(0.0578599 -0.173949 0)
(0.0425676 -0.168742 0)
(0.0283677 -0.160357 0)
(0.0153929 -0.150433 0)
(0.00352493 -0.139642 0)
(-0.00720432 -0.1285 0)
(-0.0170372 -0.117199 0)
(-0.0262067 -0.105668 0)
(-0.0348026 -0.0940335 0)
(-0.042967 -0.0824714 0)
(-0.0508429 -0.0711233 0)
(-0.058479 -0.0600681 0)
(-0.0650443 -0.0491109 0)
(0.00874672 0.0347362 0)
(0.0277618 0.0564862 0)
(0.0422514 0.0753575 0)
(0.0673991 0.0560895 0)
(0.0924162 0.00257625 0)
(0.106581 -0.0539484 0)
(0.108971 -0.0996713 0)
(0.102587 -0.131446 0)
(0.0908899 -0.150161 0)
(0.076644 -0.158296 0)
(0.0618033 -0.158783 0)
(0.0475546 -0.154336 0)
(0.0344187 -0.147044 0)
(0.0224644 -0.138287 0)
(0.0115117 -0.128691 0)
(0.00136757 -0.118386 0)
(-0.00788795 -0.107819 0)
(-0.0165028 -0.0969835 0)
(-0.0246147 -0.0858485 0)
(-0.0323063 -0.074652 0)
(-0.0397587 -0.0636057 0)
(-0.0470748 -0.0528587 0)
(-0.0534886 -0.0424096 0)
(0.0093331 0.0107761 0)
(0.031037 0.0424145 0)
(0.0432162 0.055255 0)
(0.0686757 0.0302128 0)
(0.0918361 -0.0164912 0)
(0.10392 -0.0612671 0)
(0.105054 -0.0972617 0)
(0.098342 -0.122465 0)
(0.0870738 -0.137517 0)
(0.0738715 -0.144268 0)
(0.0605156 -0.144887 0)
(0.0479936 -0.141348 0)
(0.0366492 -0.135173 0)
(0.0264143 -0.127397 0)
(0.0170561 -0.118679 0)
(0.00830247 -0.109235 0)
(-1.50977e-05 -0.0991344 0)
(-0.00777152 -0.0888334 0)
(-0.0152038 -0.0781854 0)
(-0.022317 -0.0673439 0)
(-0.0292501 -0.056527 0)
(-0.0361813 -0.0459658 0)
(-0.042416 -0.0358231 0)
(0.00426448 -0.0080375 0)
(0.024782 0.0276031 0)
(0.0435512 0.0353019 0)
(0.0693765 0.0049377 0)
(0.0872859 -0.0320899 0)
(0.0948827 -0.0661613 0)
(0.0937226 -0.0937583 0)
(0.0865001 -0.113517 0)
(0.075946 -0.125787 0)
(0.0642725 -0.131778 0)
(0.0529437 -0.132913 0)
(0.0427051 -0.130474 0)
(0.0337471 -0.125471 0)
(0.0259109 -0.118644 0)
(0.0188696 -0.110526 0)
(0.0123094 -0.101552 0)
(0.00589813 -0.0918616 0)
(-0.000472272 -0.0816355 0)
(-0.00681916 -0.0711335 0)
(-0.0130703 -0.0605516 0)
(-0.019341 -0.0498863 0)
(-0.0257642 -0.0394628 0)
(-0.0317872 -0.0294968 0)
(0.00263855 -0.0190792 0)
(0.0172761 0.0060432 0)
(0.0414081 0.00751613 0)
(0.0618526 -0.0155889 0)
(0.0737689 -0.0424309 0)
(0.077215 -0.06782 0)
(0.0741314 -0.0889279 0)
(0.0668523 -0.104725 0)
(0.0575715 -0.115277 0)
(0.0479739 -0.12119 0)
(0.0391066 -0.123218 0)
(0.0314605 -0.122069 0)
(0.0251291 -0.118347 0)
(0.0199593 -0.11255 0)
(0.0156555 -0.105095 0)
(0.0118445 -0.0963458 0)
(0.00816802 -0.0866842 0)
(0.00431291 -0.0764624 0)
(-0.000134236 -0.0654748 0)
(-0.00489757 -0.054634 0)
(-0.0101967 -0.0436834 0)
(-0.0158117 -0.0330328 0)
(-0.0214324 -0.0229571 0)
(0.00251986 -0.0275491 0)
(0.0140312 -0.0112555 0)
(0.0327046 -0.0128101 0)
(0.0456112 -0.0277921 0)
(0.0516761 -0.0471073 0)
(0.0518176 -0.0662109 0)
(0.0478603 -0.0829828 0)
(0.0416525 -0.0964775 0)
(0.0346595 -0.106383 0)
(0.0278663 -0.112755 0)
(0.0218321 -0.115842 0)
(0.0168101 -0.11598 0)
(0.0128589 -0.113528 0)
(0.00992077 -0.108837 0)
(0.00785769 -0.102228 0)
(0.00645578 -0.0939976 0)
(0.00544768 -0.0844351 0)
(0.00445542 -0.0738568 0)
(0.00312207 -0.0626495 0)
(0.00107225 -0.051231 0)
(-0.0022628 -0.0395644 0)
(-0.00655278 -0.028671 0)
(-0.0117192 -0.0184792 0)
(0.00130843 -0.035589 0)
(0.00763313 -0.0256114 0)
(0.0169646 -0.0259378 0)
(0.0223246 -0.0348075 0)
(0.0240571 -0.0483161 0)
(0.0230211 -0.0634328 0)
(0.02039 -0.0780162 0)
(0.0170305 -0.0906692 0)
(0.0135034 -0.100601 0)
(0.0101508 -0.107495 0)
(0.00716744 -0.111355 0)
(0.00465569 -0.112367 0)
(0.00266143 -0.110801 0)
(0.00120087 -0.106956 0)
(0.000273176 -0.101119 0)
(-0.000142857 -0.0935437 0)
(-6.8638e-05 -0.0844524 0)
(0.000400555 -0.0740656 0)
(0.00107991 -0.0625318 0)
(0.00163912 -0.0501244 0)
(0.00166381 -0.0371361 0)
(0.000779856 -0.0241374 0)
(-0.00188593 -0.0123777 0)
(0.248151 0.159447 0)
(0.29913 0.145787 0)
(0.33428 0.122445 0)
(0.384958 0.0577024 0)
(0.38524 -0.215958 0)
(0.432333 -0.300337 0)
(0.475167 -0.266477 0)
(0.515782 -0.224818 0)
(0.468391 -0.123596 0)
(0.494895 -0.139482 0)
(0.504437 -0.154844 0)
(0.511684 -0.163444 0)
(0.394708 -0.231475 0)
(0.42713 -0.24297 0)
(0.450138 -0.247269 0)
(0.467885 -0.247583 0)
(0.429633 -0.276697 0)
(0.459218 -0.276664 0)
(0.48149 -0.271633 0)
(0.498771 -0.266103 0)
(0.565781 -0.338825 0)
(0.59543 -0.332457 0)
(0.619131 -0.322391 0)
(0.639626 -0.310961 0)
(0.708705 -0.396453 0)
(0.736644 -0.384522 0)
(0.759643 -0.371262 0)
(0.78058 -0.356748 0)
(0.817662 -0.44447 0)
(0.839356 -0.431912 0)
(0.858944 -0.418696 0)
(0.877974 -0.402281 0)
(0.875863 -0.468006 0)
(0.901157 -0.456773 0)
(0.927372 -0.446283 0)
(0.959786 -0.431559 0)
(0.939371 -0.553795 0)
(0.964399 -0.482212 0)
(0.952244 -0.479457 0)
(0.921987 -0.470889 0)
(0.667341 -0.554218 0)
(0.66127 -0.5666 0)
(0.682623 -0.56647 0)
(0.705719 -0.557673 0)
(0.430798 -0.531999 0)
(0.421989 -0.513177 0)
(0.411361 -0.491459 0)
(0.405279 -0.470867 0)
(0.0874006 -0.488059 0)
(0.0610343 -0.48388 0)
(0.0456926 -0.482821 0)
(0.0340535 -0.48255 0)
(-0.215686 -0.43956 0)
(-0.232759 -0.448739 0)
(-0.250279 -0.45198 0)
(-0.273337 -0.446293 0)
(-0.357905 -0.401517 0)
(-0.380738 -0.401929 0)
(-0.407744 -0.395458 0)
(-0.442481 -0.381193 0)
(-0.406321 -0.345601 0)
(-0.432446 -0.341611 0)
(-0.461147 -0.333748 0)
(-0.494984 -0.322029 0)
(-0.398132 -0.289867 0)
(-0.421414 -0.282872 0)
(-0.447044 -0.273081 0)
(-0.477403 -0.260808 0)
(-0.368773 -0.242594 0)
(-0.38793 -0.233981 0)
(-0.409049 -0.223337 0)
(-0.434484 -0.210527 0)
(-0.336979 -0.205474 0)
(-0.351426 -0.195208 0)
(-0.367398 -0.183671 0)
(-0.386748 -0.170709 0)
(-0.31291 -0.178636 0)
(-0.323152 -0.167154 0)
(-0.334403 -0.154754 0)
(-0.348013 -0.141272 0)
(-0.296878 -0.159675 0)
(-0.30424 -0.147728 0)
(-0.312142 -0.135071 0)
(-0.321521 -0.121546 0)
(-0.2842 -0.145166 0)
(-0.289994 -0.133355 0)
(-0.295999 -0.120994 0)
(-0.302875 -0.107918 0)
(-0.271093 -0.132866 0)
(-0.276086 -0.121557 0)
(-0.281134 -0.10986 0)
(-0.286752 -0.0976056 0)
(-0.255907 -0.121755 0)
(-0.260439 -0.111047 0)
(-0.264972 -0.100123 0)
(-0.269962 -0.0887994 0)
(-0.238922 -0.111558 0)
(-0.243049 -0.101432 0)
(-0.247176 -0.0912514 0)
(-0.25173 -0.0808195 0)
(-0.220985 -0.102279 0)
(-0.22473 -0.0926549 0)
(-0.228479 -0.0831197 0)
(-0.232644 -0.0734689 0)
(-0.202951 -0.0938898 0)
(-0.206333 -0.0847042 0)
(-0.209728 -0.0757268 0)
(-0.213527 -0.0667518 0)
(-0.185317 -0.0862812 0)
(-0.188401 -0.0774871 0)
(-0.191498 -0.0689979 0)
(-0.19499 -0.0606171 0)
(-0.168351 -0.0792893 0)
(-0.171196 -0.0708512 0)
(-0.174061 -0.0627903 0)
(-0.177308 -0.0549322 0)
(-0.152133 -0.072767 0)
(-0.154805 -0.0646595 0)
(-0.1575 -0.0569747 0)
(-0.16057 -0.0495795 0)
(-0.1367 -0.0665874 0)
(-0.139248 -0.058797 0)
(-0.141826 -0.0514439 0)
(-0.144782 -0.044453 0)
(-0.122013 -0.0606212 0)
(-0.124487 -0.0531483 0)
(-0.126994 -0.0460932 0)
(-0.129878 -0.0394552 0)
(-0.108062 -0.0547745 0)
(-0.110492 -0.0476229 0)
(-0.112956 -0.0408357 0)
(-0.115804 -0.0344979 0)
(-0.0947819 -0.04899 0)
(-0.0971983 -0.0421768 0)
(-0.0996452 -0.0356419 0)
(-0.102478 -0.0295596 0)
(-0.0821395 -0.0432151 0)
(-0.0845575 -0.036757 0)
(-0.086994 -0.0304711 0)
(-0.0898213 -0.0246084 0)
(-0.0700301 -0.0374227 0)
(-0.0724658 -0.0313397 0)
(-0.074905 -0.0253116 0)
(-0.0777197 -0.0196474 0)
(-0.0584372 -0.0316128 0)
(-0.0608869 -0.0259176 0)
(-0.0633058 -0.020177 0)
(-0.0660878 -0.0147116 0)
(-0.0472325 -0.0258013 0)
(-0.0496882 -0.020503 0)
(-0.0520691 -0.0151051 0)
(-0.0547541 -0.00988449 0)
(-0.0364239 -0.0201624 0)
(-0.0388403 -0.0152559 0)
(-0.0410831 -0.0102792 0)
(-0.0435428 -0.00539084 0)
(-0.0256175 -0.014331 0)
(-0.0278993 -0.00992749 0)
(-0.0299079 -0.00560415 0)
(-0.0319402 -0.00133682 0)
(-0.0153564 -0.0102907 0)
(-0.017307 -0.00620928 0)
(-0.0188584 -0.00247203 0)
(-0.0202135 0.00119032 0)
(-0.00404005 -0.00499065 0)
(-0.00528632 -0.00164291 0)
(-0.00623502 0.00102068 0)
(-0.00702658 0.0033917 0)
(0.410309 -0.121451 0)
(0.401856 -0.150377 0)
(0.427782 -0.121499 0)
(0.479635 -0.0726377 0)
(0.540786 -0.0377947 0)
(0.589211 -0.0242299 0)
(0.61092 -0.0243118 0)
(0.607005 -0.0259926 0)
(0.588691 -0.028775 0)
(0.57036 -0.028122 0)
(0.555659 -0.00240042 0)
(0.52099 0.0582358 0)
(0.453104 0.123883 0)
(0.388299 0.143195 0)
(0.367192 0.0959676 0)
(0.337963 0.0431018 0)
(0.270686 0.0818224 0)
(0.119524 0.144313 0)
(0.0310196 0.216848 0)
(0.571822 -0.212639 0)
(0.58748 -0.198705 0)
(0.605041 -0.165175 0)
(0.636073 -0.121721 0)
(0.674081 -0.0829404 0)
(0.707177 -0.0536719 0)
(0.72563 -0.0313249 0)
(0.725279 -0.0135928 0)
(0.704125 -0.00132941 0)
(0.662273 0.00679537 0)
(0.612072 0.0319802 0)
(0.566836 0.0864954 0)
(0.529124 0.145931 0)
(0.504982 0.159173 0)
(0.476754 0.129294 0)
(0.414048 0.106003 0)
(0.319059 0.171395 0)
(0.152309 0.267866 0)
(0.020434 0.275697 0)
(0.537499 -0.183365 0)
(0.563701 -0.187665 0)
(0.58935 -0.168281 0)
(0.619441 -0.136121 0)
(0.653973 -0.10211 0)
(0.687276 -0.0696139 0)
(0.712634 -0.0386274 0)
(0.729042 -0.00991619 0)
(0.731445 0.022411 0)
(0.709764 0.0527515 0)
(0.665056 0.0846749 0)
(0.618826 0.12732 0)
(0.59179 0.165171 0)
(0.577854 0.180177 0)
(0.547129 0.177464 0)
(0.470066 0.194332 0)
(0.346603 0.284578 0)
(0.167553 0.404882 0)
(0.0355668 0.357897 0)
(0.500438 -0.245951 0)
(0.527254 -0.233878 0)
(0.552599 -0.209021 0)
(0.578749 -0.176219 0)
(0.608534 -0.140936 0)
(0.639221 -0.102306 0)
(0.666627 -0.0628446 0)
(0.688324 -0.0283753 0)
(0.701551 0.0199837 0)
(0.70151 0.0722424 0)
(0.68145 0.118938 0)
(0.651419 0.156376 0)
(0.630676 0.181302 0)
(0.61666 0.201023 0)
(0.579912 0.231452 0)
(0.485926 0.298377 0)
(0.34405 0.419584 0)
(0.163659 0.550188 0)
(0.0546352 0.456712 0)
(0.527567 -0.261184 0)
(0.551109 -0.246602 0)
(0.57297 -0.221571 0)
(0.594419 -0.19284 0)
(0.617641 -0.163812 0)
(0.642644 -0.127924 0)
(0.670623 -0.0858225 0)
(0.693604 -0.048038 0)
(0.708276 0.00658786 0)
(0.715 0.0704233 0)
(0.703793 0.132413 0)
(0.678973 0.17321 0)
(0.648413 0.195045 0)
(0.614605 0.225432 0)
(0.559475 0.29229 0)
(0.447546 0.411084 0)
(0.296254 0.560858 0)
(0.142421 0.668632 0)
(0.0668876 0.554643 0)
(0.669222 -0.29182 0)
(0.688736 -0.268071 0)
(0.706325 -0.238822 0)
(0.722272 -0.206199 0)
(0.734032 -0.172333 0)
(0.7426 -0.137546 0)
(0.757596 -0.0976863 0)
(0.777859 -0.0513531 0)
(0.793106 0.00571215 0)
(0.794805 0.0759569 0)
(0.763012 0.14991 0)
(0.68872 0.204386 0)
(0.609236 0.234754 0)
(0.547542 0.279053 0)
(0.473504 0.377764 0)
(0.348894 0.534268 0)
(0.212651 0.692489 0)
(0.119472 0.750945 0)
(0.0710719 0.645318 0)
(0.814475 -0.323863 0)
(0.83568 -0.292529 0)
(0.850903 -0.26493 0)
(0.866821 -0.238047 0)
(0.880974 -0.208411 0)
(0.889305 -0.18114 0)
(0.89718 -0.151452 0)
(0.910082 -0.104153 0)
(0.927849 -0.0218174 0)
(0.914115 0.0995758 0)
(0.811395 0.239524 0)
(0.612676 0.318047 0)
(0.480047 0.319297 0)
(0.418993 0.358102 0)
(0.33577 0.484556 0)
(0.231636 0.652341 0)
(0.161271 0.765739 0)
(0.107023 0.804134 0)
(0.0747111 0.727858 0)
(0.904149 -0.361111 0)
(0.915877 -0.321791 0)
(0.92412 -0.287098 0)
(0.940483 -0.254818 0)
(0.962295 -0.210376 0)
(0.973722 -0.164498 0)
(0.975525 -0.132659 0)
(0.982494 -0.0910229 0)
(0.994235 -0.0221682 0)
(0.931844 0.130185 0)
(0.753809 0.361138 0)
(0.45211 0.430858 0)
(0.343398 0.362969 0)
(0.300697 0.40471 0)
(0.243257 0.544402 0)
(0.178136 0.701159 0)
(0.145474 0.798293 0)
(0.112264 0.836889 0)
(0.0763699 0.805967 0)
(1.01181 -0.38756 0)
(1.03622 -0.31597 0)
(1.07247 -0.263886 0)
(1.07274 -0.220991 0)
(1.03084 -0.146711 0)
(0.975846 -0.0943735 0)
(0.929308 -0.0944903 0)
(0.87336 -0.0513888 0)
(0.640569 0.0722033 0)
(0.751394 0.279205 0)
(0.577023 0.62257 0)
(0.361304 0.691461 0)
(0.273846 0.417815 0)
(0.230682 0.438372 0)
(0.19968 0.567444 0)
(0.163592 0.714443 0)
(0.138182 0.817293 0)
(0.101496 0.871735 0)
(0.0664134 0.882363 0)
(0.929379 -0.333639 0)
(0.97231 -0.320983 0)
(1.02072 -0.27998 0)
(1.0371 -0.231053 0)
(1.01975 -0.161458 0)
(0.966608 -0.0984189 0)
(0.836105 -0.0671978 0)
(0.635625 0.0598051 0)
(0.332579 0.269251 0)
(0.106082 0.444669 0)
(0.263593 0.678076 0)
(0.289764 0.828355 0)
(0.251871 0.617037 0)
(0.0431043 0.507848 0)
(0.122316 0.598592 0)
(0.125321 0.735345 0)
(0.105574 0.843132 0)
(0.0699639 0.909535 0)
(0.0473718 0.948378 0)
(0.74492 -0.492 0)
(0.791562 -0.441973 0)
(0.829467 -0.367421 0)
(0.847772 -0.255462 0)
(0.830273 -0.111775 0)
(0.757994 0.0257425 0)
(0.526788 0.143743 0)
(0.324383 0.305558 0)
(0.0298189 0.46359 0)
(0.116239 0.413259 0)
(0.203895 0.49382 0)
(0.206261 0.662722 0)
(0.182312 0.666053 0)
(0.063416 0.740427 0)
(-0.0506357 0.624438 0)
(0.0340271 0.755551 0)
(0.0452627 0.871078 0)
(0.026726 0.937306 0)
(0.0242109 0.989624 0)
(0.407625 -0.459773 0)
(0.42481 -0.438354 0)
(0.436389 -0.359128 0)
(0.441474 -0.231661 0)
(0.40461 -0.0510882 0)
(0.231708 0.160377 0)
(0.129486 0.305077 0)
(-0.0138796 0.508248 0)
(-0.0509693 0.51398 0)
(0.0636045 0.332006 0)
(0.0315797 0.46247 0)
(-0.026896 0.690689 0)
(-0.0130054 0.675862 0)
(0.0101666 0.754108 0)
(-0.0881322 0.684302 0)
(-0.101085 0.757827 0)
(-0.022132 0.874342 0)
(-0.02059 0.939727 0)
(0.00548488 1.00172 0)
(0.0230563 -0.48226 0)
(-0.00758587 -0.455666 0)
(-0.0616076 -0.339189 0)
(-0.11965 -0.130751 0)
(-0.202355 0.0843828 0)
(-0.200482 0.268815 0)
(-0.21129 0.393448 0)
(-0.253204 0.523633 0)
(-0.147091 0.421512 0)
(-0.189868 0.329682 0)
(-0.282758 0.528901 0)
(-0.221711 0.653013 0)
(-0.173998 0.661805 0)
(-0.121361 0.722771 0)
(-0.0695945 0.694526 0)
(-0.25268 0.617506 0)
(-0.0846649 0.829677 0)
(-0.0645234 0.924055 0)
(-0.00965831 0.981769 0)
(-0.307899 -0.431588 0)
(-0.391829 -0.370085 0)
(-0.459446 -0.260431 0)
(-0.508051 -0.0932866 0)
(-0.516232 0.089874 0)
(-0.485722 0.255679 0)
(-0.441245 0.379842 0)
(-0.418116 0.457439 0)
(-0.365044 0.366924 0)
(-0.412118 0.42406 0)
(-0.402031 0.527906 0)
(-0.338501 0.580978 0)
(-0.272199 0.597069 0)
(-0.245082 0.676975 0)
(-0.113366 0.738685 0)
(-0.264482 0.716798 0)
(-0.189128 0.749331 0)
(-0.0876488 0.897484 0)
(-0.0320831 0.951509 0)
(-0.488198 -0.360694 0)
(-0.574619 -0.299178 0)
(-0.636647 -0.202258 0)
(-0.672649 -0.0756202 0)
(-0.668376 0.0671587 0)
(-0.634835 0.209399 0)
(-0.585965 0.319198 0)
(-0.541404 0.386032 0)
(-0.507054 0.378786 0)
(-0.493526 0.434574 0)
(-0.457296 0.486014 0)
(-0.403258 0.519911 0)
(-0.344851 0.543531 0)
(-0.301353 0.603581 0)
(-0.253367 0.735881 0)
(-0.132238 0.747527 0)
(-0.386093 0.587407 0)
(-0.126431 0.800141 0)
(-0.045625 0.921506 0)
(-0.534779 -0.309039 0)
(-0.617296 -0.259379 0)
(-0.674943 -0.181877 0)
(-0.711241 -0.0817913 0)
(-0.721767 0.0343532 0)
(-0.70176 0.160503 0)
(-0.655107 0.269542 0)
(-0.596246 0.339519 0)
(-0.550725 0.360095 0)
(-0.516251 0.402903 0)
(-0.473466 0.441837 0)
(-0.42789 0.472811 0)
(-0.384125 0.503801 0)
(-0.339676 0.554256 0)
(-0.312226 0.651965 0)
(-0.191929 0.759888 0)
(-0.198454 0.717209 0)
(-0.099993 0.347762 0)
(-0.0409679 0.722675 0)
(-0.51144 -0.246919 0)
(-0.581575 -0.202768 0)
(-0.639766 -0.135503 0)
(-0.678753 -0.0478644 0)
(-0.69524 0.048086 0)
(-0.685683 0.144126 0)
(-0.647397 0.229265 0)
(-0.593077 0.289373 0)
(-0.546525 0.321905 0)
(-0.505212 0.363415 0)
(-0.461511 0.40178 0)
(-0.420738 0.435323 0)
(-0.385871 0.471099 0)
(-0.349787 0.519775 0)
(-0.306814 0.589219 0)
(-0.255477 0.702294 0)
(-0.134274 0.686128 0)
(-0.184175 0.477836 0)
(-0.113152 0.57894 0)
(-0.463718 -0.195127 0)
(-0.520668 -0.148808 0)
(-0.568777 -0.0933189 0)
(-0.603042 -0.023808 0)
(-0.620478 0.0535666 0)
(-0.618318 0.128102 0)
(-0.592641 0.191369 0)
(-0.550965 0.241203 0)
(-0.508811 0.280914 0)
(-0.468161 0.323927 0)
(-0.427754 0.364724 0)
(-0.391387 0.402659 0)
(-0.360042 0.441343 0)
(-0.328648 0.48707 0)
(-0.287936 0.543753 0)
(-0.227834 0.614003 0)
(-0.143824 0.671115 0)
(-0.130294 0.548161 0)
(-0.0968977 0.445672 0)
(-0.409062 -0.155516 0)
(-0.45153 -0.110463 0)
(-0.486693 -0.0604313 0)
(-0.51439 -0.00328982 0)
(-0.530025 0.0583052 0)
(-0.527437 0.118506 0)
(-0.508888 0.167115 0)
(-0.479701 0.208039 0)
(-0.447603 0.247285 0)
(-0.414439 0.289502 0)
(-0.381232 0.331842 0)
(-0.349807 0.373076 0)
(-0.32054 0.413519 0)
(-0.290624 0.455298 0)
(-0.253533 0.500738 0)
(-0.19952 0.548835 0)
(-0.114904 0.5794 0)
(-0.0533044 0.528671 0)
(-0.0323536 0.4659 0)
(-0.36375 -0.125929 0)
(-0.392494 -0.0824024 0)
(-0.415414 -0.0346987 0)
(-0.4331 0.0152333 0)
(-0.442012 0.0655716 0)
(-0.438628 0.112009 0)
(-0.425096 0.150596 0)
(-0.405565 0.18534 0)
(-0.383328 0.222305 0)
(-0.358803 0.262883 0)
(-0.332743 0.304874 0)
(-0.305807 0.346586 0)
(-0.278162 0.386883 0)
(-0.248767 0.42537 0)
(-0.21451 0.46193 0)
(-0.170117 0.495141 0)
(-0.106518 0.511371 0)
(-0.0446253 0.465341 0)
(-0.0165194 0.391071 0)
(-0.332275 -0.106499 0)
(-0.350334 -0.0655021 0)
(-0.363131 -0.021384 0)
(-0.371558 0.0234717 0)
(-0.373601 0.0668546 0)
(-0.368443 0.105599 0)
(-0.357834 0.1388 0)
(-0.34439 0.170216 0)
(-0.329054 0.204762 0)
(-0.310931 0.242992 0)
(-0.289885 0.282903 0)
(-0.266057 0.322745 0)
(-0.239628 0.361143 0)
(-0.210635 0.396798 0)
(-0.178202 0.428006 0)
(-0.14056 0.452707 0)
(-0.0932183 0.462778 0)
(-0.0445495 0.433513 0)
(-0.0138986 0.369507 0)
(-0.310599 -0.0935658 0)
(-0.322138 -0.0555716 0)
(-0.328465 -0.0150823 0)
(-0.330577 0.0255668 0)
(-0.327953 0.0642675 0)
(-0.321104 0.0990151 0)
(-0.311601 0.129788 0)
(-0.300928 0.15953 0)
(-0.28885 0.191805 0)
(-0.273875 0.227082 0)
(-0.255297 0.263794 0)
(-0.233102 0.300549 0)
(-0.207517 0.336152 0)
(-0.17909 0.369236 0)
(-0.148278 0.397593 0)
(-0.115324 0.418384 0)
(-0.0784215 0.42509 0)
(-0.0411908 0.403277 0)
(-0.0116313 0.347542 0)
(-0.292924 -0.0842704 0)
(-0.301331 -0.0496821 0)
(-0.304736 -0.0129426 0)
(-0.303927 0.0240516 0)
(-0.299132 0.0594562 0)
(-0.291375 0.0919079 0)
(-0.281989 0.121504 0)
(-0.271826 0.150208 0)
(-0.260322 0.180382 0)
(-0.246023 0.212556 0)
(-0.228097 0.245774 0)
(-0.206502 0.279162 0)
(-0.181541 0.311861 0)
(-0.153988 0.342776 0)
(-0.124897 0.369788 0)
(-0.0956774 0.389598 0)
(-0.0654547 0.3953 0)
(-0.0361272 0.375962 0)
(-0.00907062 0.324898 0)
(-0.275392 -0.0765618 0)
(-0.28259 -0.0453143 0)
(-0.285156 -0.0122662 0)
(-0.283727 0.0212576 0)
(-0.278702 0.0538097 0)
(-0.270953 0.0843708 0)
(-0.261534 0.112895 0)
(-0.25101 0.140505 0)
(-0.238922 0.16867 0)
(-0.22418 0.197925 0)
(-0.20609 0.227875 0)
(-0.184641 0.25814 0)
(-0.160228 0.288287 0)
(-0.133746 0.317618 0)
(-0.106522 0.344321 0)
(-0.0804155 0.364756 0)
(-0.0545682 0.370821 0)
(-0.0301972 0.352546 0)
(-0.00635863 0.306443 0)
(-0.256679 -0.0696124 0)
(-0.263299 -0.0413361 0)
(-0.265912 -0.0116086 0)
(-0.264937 0.0186163 0)
(-0.260587 0.0483742 0)
(-0.253487 0.0768792 0)
(-0.244346 0.103943 0)
(-0.23356 0.130107 0)
(-0.220877 0.15623 0)
(-0.20561 0.1828 0)
(-0.187295 0.209835 0)
(-0.165988 0.23739 0)
(-0.142179 0.265478 0)
(-0.11686 0.293837 0)
(-0.0914262 0.320968 0)
(-0.0679959 0.342884 0)
(-0.0449584 0.349651 0)
(-0.0244674 0.33265 0)
(-0.00451648 0.292015 0)
(-0.23718 -0.0631714 0)
(-0.243329 -0.0374626 0)
(-0.246046 -0.0106537 0)
(-0.24568 0.0166199 0)
(-0.242255 0.0436652 0)
(-0.236079 0.0699033 0)
(-0.227568 0.0950884 0)
(-0.216976 0.119426 0)
(-0.204187 0.143398 0)
(-0.188821 0.167436 0)
(-0.170616 0.191839 0)
(-0.149702 0.217036 0)
(-0.126646 0.243491 0)
(-0.102508 0.271377 0)
(-0.0786709 0.299437 0)
(-0.0573607 0.323264 0)
(-0.0366345 0.33117 0)
(-0.0200272 0.316319 0)
(-0.0036391 0.280396 0)
(-0.217683 -0.0572477 0)
(-0.223376 -0.0337216 0)
(-0.226118 -0.0093829 0)
(-0.226212 0.0152716 0)
(-0.223587 0.0397762 0)
(-0.218341 0.0636854 0)
(-0.210666 0.0867483 0)
(-0.200688 0.109002 0)
(-0.188342 0.130724 0)
(-0.17342 0.152308 0)
(-0.155796 0.174256 0)
(-0.135645 0.197325 0)
(-0.113574 0.222424 0)
(-0.0906857 0.25016 0)
(-0.0682754 0.279422 0)
(-0.0486467 0.305364 0)
(-0.0298573 0.315447 0)
(-0.0171003 0.30351 0)
(-0.00338496 0.270445 0)
(-0.198819 -0.0518174 0)
(-0.204094 -0.0301839 0)
(-0.206798 -0.00796287 0)
(-0.207235 0.0144184 0)
(-0.205266 0.0366176 0)
(-0.200878 0.0582801 0)
(-0.19413 0.0791712 0)
(-0.185054 0.0992536 0)
(-0.173589 0.118702 0)
(-0.159604 0.137899 0)
(-0.143034 0.157505 0)
(-0.124068 0.178576 0)
(-0.103296 0.202462 0)
(-0.0818109 0.230199 0)
(-0.0607755 0.260762 0)
(-0.0425406 0.28889 0)
(-0.0251855 0.302085 0)
(-0.0152147 0.293348 0)
(-0.00298862 0.261517 0)
(-0.18088 -0.04676 0)
(-0.185855 -0.02678 0)
(-0.188564 -0.00642136 0)
(-0.189295 0.0139678 0)
(-0.1879 0.0341039 0)
(-0.184321 0.0536843 0)
(-0.178551 0.072492 0)
(-0.170567 0.0904578 0)
(-0.160303 0.107705 0)
(-0.147652 0.124623 0)
(-0.132569 0.141996 0)
(-0.115218 0.161159 0)
(-0.0961147 0.183875 0)
(-0.0762353 0.211582 0)
(-0.0564816 0.243334 0)
(-0.0393186 0.273587 0)
(-0.0227174 0.290102 0)
(-0.0140551 0.284608 0)
(-0.00228143 0.25346 0)
(-0.163961 -0.0419775 0)
(-0.168771 -0.0234799 0)
(-0.171548 -0.00473787 0)
(-0.172593 0.0139013 0)
(-0.171764 0.0322065 0)
(-0.16899 0.0499071 0)
(-0.164238 0.0668017 0)
(-0.157473 0.0828059 0)
(-0.148626 0.0980142 0)
(-0.137605 0.11282 0)
(-0.124361 0.12811 0)
(-0.109009 0.145451 0)
(-0.0919145 0.166953 0)
(-0.0737987 0.194367 0)
(-0.0551589 0.22689 0)
(-0.0385333 0.258936 0)
(-0.0219635 0.278506 0)
(-0.0134248 0.276085 0)
(-0.00137223 0.246216 0)
(-0.148059 -0.0373607 0)
(-0.152804 -0.0201778 0)
(-0.155723 -0.00285844 0)
(-0.157139 0.01424 0)
(-0.156878 0.0309309 0)
(-0.154903 0.0469649 0)
(-0.151178 0.0621559 0)
(-0.145672 0.0764118 0)
(-0.138338 0.0898061 0)
(-0.1291 0.102729 0)
(-0.117907 0.11613 0)
(-0.104799 0.131736 0)
(-0.0899213 0.151878 0)
(-0.0736238 0.178497 0)
(-0.0559316 0.211051 0)
(-0.0393672 0.244268 0)
(-0.0220651 0.266509 0)
(-0.012954 0.267125 0)
(-0.000384949 0.239661 0)
(-0.133093 -0.0328167 0)
(-0.137869 -0.0167964 0)
(-0.140987 -0.000755612 0)
(-0.142793 0.0150007 0)
(-0.143089 0.0302715 0)
(-0.141866 0.0448388 0)
(-0.139097 0.0585367 0)
(-0.134771 0.0712738 0)
(-0.128872 0.0831092 0)
(-0.121367 0.0944182 0)
(-0.112214 0.106162 0)
(-0.101376 0.120116 0)
(-0.088741 0.138676 0)
(-0.0742457 0.163854 0)
(-0.057463 0.195507 0)
(-0.0407552 0.229058 0)
(-0.0222181 0.253592 0)
(-0.0123017 0.257537 0)
(0.000706573 0.233823 0)
(-0.118996 -0.0282618 0)
(-0.123868 -0.0132868 0)
(-0.127209 0.00162093 0)
(-0.129366 0.0161778 0)
(-0.130153 0.0301777 0)
(-0.129562 0.0434361 0)
(-0.127572 0.055814 0)
(-0.124199 0.067235 0)
(-0.119479 0.0777574 0)
(-0.113441 0.0877343 0)
(-0.10608 0.0980788 0)
(-0.0973116 0.110493 0)
(-0.0867971 0.127274 0)
(-0.0741088 0.150409 0)
(-0.0583934 0.180225 0)
(-0.0417808 0.213144 0)
(-0.0218908 0.239573 0)
(-0.0113341 0.24745 0)
(0.00185889 0.228878 0)
(-0.105675 -0.0236736 0)
(-0.110657 -0.00963151 0)
(-0.114206 0.00425484 0)
(-0.116634 0.0177021 0)
(-0.117773 0.0305249 0)
(-0.117605 0.0425732 0)
(-0.116123 0.0537459 0)
(-0.113377 0.0640034 0)
(-0.109468 0.0734257 0)
(-0.10451 0.0823464 0)
(-0.098559 0.0915816 0)
(-0.0915397 0.102645 0)
(-0.0829563 0.117601 0)
(-0.0721394 0.138305 0)
(-0.0578421 0.165528 0)
(-0.0419384 0.196824 0)
(-0.0211228 0.22465 0)
(-0.0102784 0.237116 0)
(0.00303299 0.224979 0)
(-0.0930255 -0.0190297 0)
(-0.098091 -0.00583356 0)
(-0.101785 0.00706859 0)
(-0.104331 0.0194418 0)
(-0.105605 0.031119 0)
(-0.105586 0.0419975 0)
(-0.104298 0.0520311 0)
(-0.101843 0.0612414 0)
(-0.0983999 0.0697531 0)
(-0.0941745 0.0778884 0)
(-0.0892946 0.0863369 0)
(-0.0837352 0.0963386 0)
(-0.0769143 0.109628 0)
(-0.0680764 0.127812 0)
(-0.0556301 0.152008 0)
(-0.0412387 0.18082 0)
(-0.0204257 0.20934 0)
(-0.00966295 0.226664 0)
(0.00410817 0.222064 0)
(-0.0809208 -0.0143488 0)
(-0.0859917 -0.00197817 0)
(-0.0897064 0.00992932 0)
(-0.092144 0.0212013 0)
(-0.0932732 0.031713 0)
(-0.093104 0.0414313 0)
(-0.0917252 0.0503872 0)
(-0.0893187 0.0586801 0)
(-0.0861437 0.0664877 0)
(-0.0824858 0.0741194 0)
(-0.0785128 0.0821247 0)
(-0.0742666 0.0914181 0)
(-0.0691134 0.103363 0)
(-0.0623553 0.119208 0)
(-0.0521558 0.140298 0)
(-0.0399839 0.166068 0)
(-0.0204003 0.194377 0)
(-0.0100367 0.215979 0)
(0.00490402 0.21972 0)
(-0.0692427 -0.00968576 0)
(-0.0741906 0.00178457 0)
(-0.0776626 0.0126284 0)
(-0.0797076 0.0227198 0)
(-0.0803937 0.0320332 0)
(-0.0798169 0.0406277 0)
(-0.0781759 0.0486252 0)
(-0.0757512 0.0562008 0)
(-0.0728634 0.0635686 0)
(-0.0698352 0.0710002 0)
(-0.0668038 0.0788996 0)
(-0.0638617 0.0878358 0)
(-0.0603348 0.0988219 0)
(-0.0556888 0.112682 0)
(-0.0479844 0.130868 0)
(-0.0384674 0.153394 0)
(-0.0212146 0.180493 0)
(-0.0115687 0.204879 0)
(0.00507451 0.217204 0)
(-0.0577789 -0.00515637 0)
(-0.0624081 0.00527161 0)
(-0.0652833 0.0149072 0)
(-0.0666286 0.0237242 0)
(-0.0666325 0.0318489 0)
(-0.0655387 0.0394474 0)
(-0.0636716 0.0467204 0)
(-0.0613898 0.0538807 0)
(-0.0590114 0.0611298 0)
(-0.0568273 0.0686556 0)
(-0.0548704 0.0767264 0)
(-0.0532537 0.0855885 0)
(-0.0512843 0.0959689 0)
(-0.0486409 0.108268 0)
(-0.0434594 0.12392 0)
(-0.0367048 0.143285 0)
(-0.0225026 0.16826 0)
(-0.0138901 0.193427 0)
(0.00422448 0.213619 0)
(-0.0462606 -0.00100401 0)
(-0.050203 0.0082053 0)
(-0.0521383 0.0164683 0)
(-0.052573 0.0239937 0)
(-0.0518635 0.0310698 0)
(-0.0504122 0.0379554 0)
(-0.048622 0.0448722 0)
(-0.0468403 0.0519875 0)
(-0.0452859 0.0594314 0)
(-0.0441539 0.0672712 0)
(-0.0433431 0.0756654 0)
(-0.0429703 0.0846194 0)
(-0.0423781 0.0946528 0)
(-0.0414492 0.105811 0)
(-0.038556 0.119389 0)
(-0.034398 0.135865 0)
(-0.0235556 0.158053 0)
(-0.0162454 0.18211 0)
(0.00212497 0.208168 0)
(-0.0342159 0.00248863 0)
(-0.037094 0.0102402 0)
(-0.0379106 0.0170717 0)
(-0.037525 0.0234875 0)
(-0.0364421 0.0298746 0)
(-0.0351199 0.0364814 0)
(-0.0338976 0.0434551 0)
(-0.0329934 0.0508479 0)
(-0.0324645 0.058677 0)
(-0.0324111 0.0669083 0)
(-0.0326425 0.0756366 0)
(-0.0332763 0.0847277 0)
(-0.0337514 0.0945721 0)
(-0.0341029 0.104963 0)
(-0.033039 0.116971 0)
(-0.0310762 0.13098 0)
(-0.0235624 0.150099 0)
(-0.0177464 0.171695 0)
(-0.000899367 0.200456 0)
(-0.0216139 0.00477502 0)
(-0.0230132 0.0111958 0)
(-0.0229026 0.0168998 0)
(-0.0222757 0.0226842 0)
(-0.0215109 0.0288866 0)
(-0.0209144 0.0356288 0)
(-0.0206203 0.0429126 0)
(-0.0207045 0.0506869 0)
(-0.0211282 0.058894 0)
(-0.0219307 0.0674503 0)
(-0.0229188 0.0764299 0)
(-0.0242076 0.0856311 0)
(-0.0253729 0.0953641 0)
(-0.0265277 0.105275 0)
(-0.0267214 0.116206 0)
(-0.026367 0.128292 0)
(-0.021787 0.144521 0)
(-0.0175295 0.163033 0)
(-0.00382768 0.19103 0)
(-0.00802304 0.00654762 0)
(-0.00892308 0.0117115 0)
(-0.00889988 0.0167666 0)
(-0.00886869 0.0225198 0)
(-0.00892315 0.0289624 0)
(-0.00920611 0.0360566 0)
(-0.00972445 0.0437102 0)
(-0.0105048 0.0518191 0)
(-0.0115049 0.060344 0)
(-0.012756 0.0691695 0)
(-0.0141258 0.0783646 0)
(-0.0157183 0.0876737 0)
(-0.0172353 0.0973308 0)
(-0.0187824 0.106859 0)
(-0.0196836 0.116868 0)
(-0.0202337 0.127024 0)
(-0.0178131 0.140033 0)
(-0.0148503 0.153977 0)
(-0.0052538 0.17697 0)
)
;

boundaryField
{
    leftWall
    {
        type            noSlip;
    }
    rightWall
    {
        type            noSlip;
    }
    lowerWall
    {
        type            noSlip;
    }
    atmosphere
    {
        type            pressureInletOutletVelocity;
        value           nonuniform List<vector> 
46
(
(0 -0.035589 0)
(0 -0.0256114 0)
(0 -0.0259378 0)
(0 -0.0348075 0)
(0 -0.0483161 0)
(0 -0.0634328 0)
(0 -0.0780162 0)
(0 -0.0906692 0)
(0 -0.100601 0)
(0 -0.107495 0)
(0 -0.111355 0)
(0 -0.112367 0)
(0 -0.110801 0)
(0 -0.106956 0)
(0 -0.101119 0)
(0 -0.0935437 0)
(0 -0.0844524 0)
(0 -0.0740656 0)
(0 -0.0625318 0)
(0 -0.0501244 0)
(0 -0.0371361 0)
(0 -0.0241374 0)
(0 -0.0123777 0)
(0 -0.00499065 0)
(0 -0.00164291 0)
(-0.00623502 0.00102068 0)
(-0.00702658 0.0033917 0)
(-0.00802304 0.00654762 0)
(-0.00892308 0.0117115 0)
(-0.00889988 0.0167666 0)
(-0.00886869 0.0225198 0)
(-0.00892315 0.0289624 0)
(-0.00920611 0.0360566 0)
(-0.00972445 0.0437102 0)
(-0.0105048 0.0518191 0)
(-0.0115049 0.060344 0)
(-0.012756 0.0691695 0)
(-0.0141258 0.0783646 0)
(-0.0157183 0.0876737 0)
(-0.0172353 0.0973308 0)
(-0.0187824 0.106859 0)
(-0.0196836 0.116868 0)
(-0.0202337 0.127024 0)
(-0.0178131 0.140033 0)
(-0.0148503 0.153977 0)
(-0.0052538 0.17697 0)
)
;
    }
    defaultFaces
    {
        type            empty;
    }
}


// ************************************************************************* //
