/*--------------------------------*- C++ -*----------------------------------*\
| =========                 |                                                 |
| \\      /  F ield         | OpenFOAM: The Open Source CFD Toolbox           |
|  \\    /   O peration     | Version:  2312                                  |
|   \\  /    A nd           | Website:  www.openfoam.com                      |
|    \\/     M anipulation  |                                                 |
\*---------------------------------------------------------------------------*/
FoamFile
{
    version     2.0;
    format      ascii;
    arch        "LSB;label=32;scalar=64";
    class       surfaceScalarField;
    location    "1.45";
    object      phi;
}
// * * * * * * * * * * * * * * * * * * * * * * * * * * * * * * * * * * * * * //

dimensions      [0 3 -1 0 0 0 0];

oriented        oriented;

internalField   nonuniform List<scalar> 
4432
(
3.49717e-06
-3.49717e-06
3.70705e-06
-2.09873e-07
3.22403e-06
4.83015e-07
2.39691e-06
8.27125e-07
1.78384e-06
6.13065e-07
1.60734e-06
1.76501e-07
1.96188e-06
-3.54535e-07
2.78901e-06
-8.27134e-07
3.98431e-06
-1.1953e-06
5.46997e-06
-1.48566e-06
7.19073e-06
-1.72076e-06
9.10328e-06
-1.91256e-06
1.11498e-05
-2.04653e-06
1.3232e-05
-2.08218e-06
1.52011e-05
-1.96915e-06
1.68635e-05
-1.66234e-06
1.79794e-05
-1.11592e-06
1.82745e-05
-2.95096e-07
1.74805e-05
7.93956e-07
1.53398e-05
2.14073e-06
1.16594e-05
3.68036e-06
6.51961e-06
5.13983e-06
6.51961e-06
2.49965e-06
-5.99682e-06
2.87621e-06
-5.86432e-07
2.55442e-06
8.04805e-07
1.84561e-06
1.53594e-06
1.26108e-06
1.19759e-06
1.10297e-06
3.34611e-07
1.49498e-06
-7.46541e-07
2.3742e-06
-1.70636e-06
3.61726e-06
-2.43835e-06
5.1443e-06
-3.0127e-06
6.90069e-06
-3.47715e-06
8.84765e-06
-3.85952e-06
1.09328e-05
-4.13168e-06
1.30585e-05
-4.20792e-06
1.50755e-05
-3.98608e-06
1.67928e-05
-3.37963e-06
1.79651e-05
-2.28821e-06
1.83178e-05
-6.47849e-07
1.75523e-05
1.55942e-06
1.5417e-05
4.27604e-06
1.1697e-05
7.40039e-06
6.41519e-06
1.04216e-05
1.29348e-05
1.33224e-06
-7.32906e-06
1.84217e-06
-1.09637e-06
1.47263e-06
1.17435e-06
7.61565e-07
2.247e-06
2.05362e-07
1.75379e-06
1.47489e-07
3.92484e-07
6.25589e-07
-1.22464e-06
1.61305e-06
-2.69381e-06
2.94984e-06
-3.77514e-06
4.55193e-06
-4.61479e-06
6.36972e-06
-5.29495e-06
8.37741e-06
-5.8672e-06
1.05337e-05
-6.28793e-06
1.27458e-05
-6.42002e-06
1.48613e-05
-6.10159e-06
1.66897e-05
-5.20805e-06
1.79849e-05
-3.58344e-06
1.84518e-05
-1.11473e-06
1.78108e-05
2.20043e-06
1.57681e-05
6.31873e-06
1.20666e-05
1.11019e-05
6.64278e-06
1.58455e-05
1.95776e-05
1.82985e-07
-7.51205e-06
5.49108e-07
-1.46249e-06
7.43469e-08
1.64911e-06
-4.8603e-07
2.80738e-06
-9.56201e-07
2.22396e-06
-8.34398e-07
2.70681e-07
-1.40844e-07
-1.91819e-06
9.59886e-07
-3.79454e-06
2.40012e-06
-5.21538e-06
4.07509e-06
-6.28976e-06
5.94316e-06
-7.16302e-06
7.99891e-06
-7.92295e-06
1.02202e-05
-8.50923e-06
1.25224e-05
-8.72226e-06
1.47493e-05
-8.32851e-06
1.67213e-05
-7.17998e-06
1.82006e-05
-5.06275e-06
1.88753e-05
-1.78943e-06
1.84572e-05
2.6185e-06
1.66104e-05
8.16557e-06
1.29799e-05
1.47323e-05
7.29772e-06
2.15277e-05
2.68753e-05
-4.47547e-07
-7.0645e-06
6.3678e-08
-1.97372e-06
-1.67779e-07
1.88057e-06
-6.63798e-07
3.3034e-06
-1.15758e-06
2.71774e-06
-9.70932e-07
8.40384e-08
-2.01723e-07
-2.6874e-06
9.98248e-07
-4.99451e-06
2.50972e-06
-6.72685e-06
4.22761e-06
-8.00765e-06
6.10948e-06
-9.04488e-06
8.1715e-06
-9.98497e-06
1.04182e-05
-1.0756e-05
1.27833e-05
-1.10873e-05
1.50978e-05
-1.0643e-05
1.71918e-05
-9.27395e-06
1.88381e-05
-6.70907e-06
1.97913e-05
-2.74269e-06
1.96849e-05
2.72499e-06
1.81265e-05
9.72394e-06
1.45441e-05
1.83148e-05
8.36269e-06
2.7709e-05
3.5238e-05
3.51167e-07
-7.41567e-06
1.52064e-06
-3.14319e-06
1.42331e-06
1.9779e-06
6.30654e-07
4.09606e-06
-4.30348e-07
3.77874e-06
-7.33698e-07
3.87389e-07
1.33738e-07
-3.55484e-06
1.56043e-06
-6.42121e-06
3.2002e-06
-8.36661e-06
4.98757e-06
-9.79502e-06
6.94768e-06
-1.1005e-05
9.03831e-06
-1.20756e-05
1.12828e-05
-1.30005e-05
1.37112e-05
-1.35156e-05
1.62173e-05
-1.31491e-05
1.86278e-05
-1.16845e-05
2.06795e-05
-8.7608e-06
2.20235e-05
-4.08669e-06
2.2443e-05
2.30554e-06
2.13465e-05
1.08204e-05
1.78125e-05
2.18489e-05
1.05222e-05
3.49993e-05
4.57603e-05
7.22837e-06
-1.4644e-05
1.19661e-05
-7.88091e-06
1.29764e-05
9.67579e-07
1.00198e-05
7.05265e-06
4.88331e-06
8.91525e-06
1.65335e-06
3.61735e-06
1.13191e-06
-3.0334e-06
1.64298e-06
-6.93228e-06
2.32397e-06
-9.0476e-06
3.8234e-06
-1.12945e-05
6.34822e-06
-1.35298e-05
9.15469e-06
-1.48821e-05
1.19153e-05
-1.57611e-05
1.45499e-05
-1.61502e-05
1.72912e-05
-1.58905e-05
2.0274e-05
-1.46673e-05
2.3056e-05
-1.15428e-05
2.51451e-05
-6.17574e-06
2.61285e-05
1.32215e-06
2.53876e-05
1.15612e-05
2.17138e-05
2.55226e-05
1.34973e-05
4.32158e-05
5.92576e-05
1.60338e-05
-3.06779e-05
2.3741e-05
-1.55881e-05
2.55953e-05
-8.86684e-07
2.41946e-05
8.45337e-06
2.12592e-05
1.18506e-05
1.78505e-05
7.02602e-06
1.55446e-05
-7.27463e-07
1.38176e-05
-5.2053e-06
1.18961e-05
-7.12611e-06
1.04694e-05
-9.86776e-06
9.73452e-06
-1.27949e-05
9.6286e-06
-1.47762e-05
9.83148e-06
-1.5964e-05
1.07647e-05
-1.70833e-05
1.38791e-05
-1.90049e-05
1.88657e-05
-1.96539e-05
2.33672e-05
-1.60444e-05
2.65403e-05
-9.3488e-06
2.78144e-05
4.80616e-08
2.67247e-05
1.26509e-05
2.42283e-05
2.8019e-05
1.93967e-05
4.80474e-05
7.86543e-05
-2.35322e-06
2.35322e-06
-1.65595e-05
1.42063e-05
-1.80419e-05
1.48231e-06
-1.68056e-05
-1.23627e-06
-1.56671e-05
-1.13851e-06
-1.49491e-05
-7.18002e-07
-1.4157e-05
-7.92042e-07
-1.14367e-05
-2.72035e-06
-9.94812e-06
-1.48856e-06
-1.01558e-05
2.07659e-07
-1.04227e-05
2.66887e-07
-1.06544e-05
2.31714e-07
-9.27754e-06
-1.37684e-06
-6.68777e-06
-2.58978e-06
-3.99747e-06
-2.6903e-06
-1.68158e-06
-2.31589e-06
-8.95797e-07
-7.85784e-07
9.92196e-07
-1.88799e-06
9.92196e-07
7.32257e-07
1.62097e-06
-6.17335e-06
2.11119e-05
-1.65114e-06
-3.03989e-06
4.69014e-06
-7.57755e-06
1.01857e-05
-6.63403e-06
1.22189e-05
-2.75123e-06
6.0743e-06
5.35254e-06
-1.69085e-06
5.0448e-06
-6.16152e-06
2.9821e-06
-9.54391e-06
3.59005e-06
-1.14732e-05
2.19619e-06
-1.29874e-05
1.7459e-06
-1.23774e-05
-1.98686e-06
-1.05751e-05
-4.39205e-06
-8.43319e-06
-4.83223e-06
-6.4472e-06
-4.30188e-06
-4.43867e-06
-2.79432e-06
-2.87684e-06
-3.44982e-06
-1.88465e-06
1.47603e-06
1.44944e-07
4.21404e-07
2.21665e-05
2.23663e-06
-4.85513e-06
4.04438e-06
-9.3853e-06
7.75756e-06
-1.03472e-05
1.40077e-05
-9.00142e-06
2.05552e-05
-1.19486e-06
2.23223e-05
3.27767e-06
1.75943e-05
7.71007e-06
5.88073e-06
1.53036e-05
-6.0643e-06
1.41412e-05
-1.17087e-05
7.39033e-06
-1.26156e-05
-1.07998e-06
-1.06974e-05
-6.3103e-06
-8.90345e-06
-6.62615e-06
-6.89938e-06
-6.30595e-06
-4.07232e-06
-5.62139e-06
-2.50777e-06
-5.01436e-06
-4.39241e-06
-1.65891e-07
3.1084e-07
2.68615e-06
1.93145e-05
1.62442e-06
-3.7934e-06
3.66784e-06
-1.14287e-05
9.74422e-06
-1.64236e-05
1.48134e-05
-1.40706e-05
1.99048e-05
-6.28621e-06
2.18836e-05
1.29886e-06
2.10341e-05
8.55955e-06
1.38684e-05
2.24693e-05
2.22672e-06
2.57829e-05
-4.03241e-06
1.36495e-05
-4.4725e-06
-6.39885e-07
-1.5686e-06
-9.21421e-06
1.35232e-07
-8.33e-06
2.05462e-06
-8.22535e-06
5.26805e-06
-8.83483e-06
7.27502e-06
-7.02135e-06
2.88259e-06
-1.7733e-06
2.08414e-06
3.59212e-06
1.39491e-05
2.24468e-06
-2.44597e-06
5.85218e-06
-1.50362e-05
1.71506e-05
-2.7722e-05
2.55618e-05
-2.24818e-05
2.85117e-05
-9.2361e-06
2.6693e-05
3.11748e-06
2.34107e-05
1.18419e-05
1.96646e-05
2.62154e-05
1.15131e-05
3.39345e-05
6.89255e-06
1.827e-05
8.46577e-06
-2.2131e-06
9.96089e-06
-1.07093e-05
1.08701e-05
-9.23922e-06
1.07227e-05
-8.07794e-06
1.11231e-05
-9.23521e-06
1.0609e-05
-6.50729e-06
1.34917e-05
-1.57915e-06
3.66329e-06
5.24213e-06
7.12782e-06
6.81118e-06
-4.01502e-06
1.18753e-05
-2.01004e-05
2.05001e-05
-3.63468e-05
3.19661e-05
-3.39478e-05
4.20016e-05
-1.92716e-05
4.37982e-05
1.32085e-06
3.67883e-05
1.88518e-05
2.92447e-05
3.3759e-05
2.51037e-05
3.80755e-05
2.31633e-05
2.02103e-05
2.08618e-05
8.8365e-08
1.89792e-05
-8.82667e-06
1.7552e-05
-7.81205e-06
1.53677e-05
-5.89368e-06
1.33953e-05
-7.2628e-06
1.06131e-05
-3.72506e-06
2.41047e-05
4.00802e-07
3.26249e-06
1.10952e-05
-3.56661e-06
1.61257e-05
-9.04553e-06
2.1421e-05
-2.53956e-05
2.58356e-05
-4.07613e-05
3.24241e-05
-4.05364e-05
4.2414e-05
-2.92615e-05
4.79886e-05
-4.25372e-06
4.57591e-05
2.10813e-05
4.23359e-05
3.71822e-05
3.98592e-05
4.05521e-05
3.47586e-05
2.53109e-05
2.87986e-05
6.0484e-06
2.38695e-05
-3.89758e-06
1.99522e-05
-3.89477e-06
1.60878e-05
-2.02935e-06
1.23063e-05
-3.48127e-06
7.63495e-06
9.46258e-07
3.17396e-05
9.92423e-06
-6.66174e-06
2.53898e-05
-1.90322e-05
3.60442e-05
-1.96999e-05
3.69901e-05
-2.63416e-05
3.44682e-05
-3.82394e-05
3.52953e-05
-4.13635e-05
4.06472e-05
-3.46134e-05
4.6646e-05
-1.02524e-05
4.66917e-05
2.10355e-05
4.50566e-05
3.88174e-05
4.2854e-05
4.27547e-05
3.81979e-05
2.99671e-05
3.34173e-05
1.0829e-05
2.97791e-05
-2.59415e-07
2.41973e-05
1.68701e-06
1.774e-05
4.42799e-06
1.01913e-05
4.06734e-06
3.66385e-06
7.47375e-06
3.54035e-05
3.81178e-05
-6.87957e-05
6.83716e-05
-4.58418e-05
7.95696e-05
-1.20848e-05
8.04752e-05
7.54785e-06
7.71665e-05
1.51592e-05
7.11255e-05
1.3067e-05
6.27501e-05
7.64797e-06
5.14478e-05
6.09693e-06
4.02831e-05
4.03866e-06
3.23802e-05
-1.96487e-06
2.72276e-05
-7.64235e-06
2.31046e-05
-1.06532e-05
1.77654e-05
-1.06248e-05
1.00693e-05
-9.38728e-06
5.74911e-06
-1.46847e-05
1.24224e-05
-2.63272e-05
2.36485e-05
-2.72705e-05
3.46989e-05
-2.03992e-05
4.44021e-05
-9.65518e-06
5.35494e-05
3.5036e-06
6.52659e-05
1.63025e-05
8.51635e-05
2.81498e-05
3.56929e-05
0.000128125
2.37378e-05
-9.25335e-05
5.09344e-05
-7.30385e-05
6.17832e-05
-2.29335e-05
6.88467e-05
4.84312e-07
7.61901e-05
7.81584e-06
8.39488e-05
5.30837e-06
8.92907e-05
2.30607e-06
8.66012e-05
8.78645e-06
7.5476e-05
1.51639e-05
5.76707e-05
1.58404e-05
3.85584e-05
1.147e-05
2.35019e-05
4.40331e-06
1.12402e-05
1.63689e-06
-5.52229e-07
2.4052e-06
-2.31273e-06
-1.29242e-05
9.26799e-06
-3.79079e-05
2.5392e-05
-4.33945e-05
4.08902e-05
-3.58974e-05
5.54272e-05
-2.41922e-05
7.03494e-05
-1.14186e-05
8.6896e-05
-2.44047e-07
0.000106194
8.85147e-06
1.30519e-05
0.000128835
1.13664e-05
-0.0001039
3.07097e-05
-9.23817e-05
3.32258e-05
-2.54496e-05
3.09686e-05
2.74152e-06
4.17875e-05
-3.00303e-06
6.17988e-05
-1.47029e-05
8.52096e-05
-2.11048e-05
0.000102463
-8.46712e-06
0.000106721
1.09062e-05
9.64754e-05
2.60858e-05
7.89209e-05
2.90246e-05
5.87162e-05
2.4608e-05
3.3894e-05
2.64591e-05
6.95923e-06
2.934e-05
1.40356e-06
-7.36856e-06
1.47305e-05
-5.12348e-05
3.09248e-05
-5.95888e-05
4.7094e-05
-5.20666e-05
6.32837e-05
-4.03819e-05
8.00962e-05
-2.82311e-05
9.75138e-05
-1.76616e-05
0.000116229
-9.86424e-06
-6.51408e-06
0.000135795
-2.59354e-06
-0.000101306
-2.99487e-06
-9.19804e-05
-8.1848e-06
-2.02597e-05
-7.55343e-07
-4.68794e-06
2.48509e-05
-2.86093e-05
5.33176e-05
-4.31696e-05
7.84928e-05
-4.62801e-05
9.99817e-05
-2.9956e-05
0.000112268
-1.37999e-06
0.000112146
2.62079e-05
9.94629e-05
4.17074e-05
7.84008e-05
4.567e-05
5.04461e-05
5.44137e-05
2.09873e-05
5.87988e-05
1.65355e-05
-2.91676e-06
2.53418e-05
-6.0041e-05
3.56102e-05
-6.98573e-05
4.67807e-05
-6.32371e-05
5.87015e-05
-5.23026e-05
7.15929e-05
-4.11226e-05
8.54738e-05
-3.15425e-05
0.000100174
-2.45647e-05
-2.05574e-05
0.000114218
-1.10901e-05
-9.02163e-05
-2.26181e-05
-8.04525e-05
-9.81265e-06
-3.30651e-05
1.18778e-05
-2.63784e-05
2.90624e-05
-4.57939e-05
4.57788e-05
-5.9886e-05
6.5296e-05
-6.57973e-05
8.77153e-05
-5.23752e-05
0.00010225
-1.59144e-05
0.00010546
2.29979e-05
9.84676e-05
4.86996e-05
7.63743e-05
6.77633e-05
4.84402e-05
8.23478e-05
3.68968e-05
7.03423e-05
3.62932e-05
-2.31319e-06
3.78812e-05
-6.1629e-05
4.11963e-05
-7.31724e-05
4.55323e-05
-6.7573e-05
5.11657e-05
-5.7936e-05
5.84411e-05
-4.83981e-05
6.74026e-05
-4.0504e-05
7.75476e-05
-3.47097e-05
-3.10865e-05
8.80767e-05
-1.21773e-05
-7.8039e-05
-1.99127e-05
-7.27171e-05
-4.05765e-06
-4.89202e-05
9.80659e-06
-4.02426e-05
1.64938e-05
-5.24811e-05
2.4793e-05
-6.81852e-05
3.73971e-05
-7.84013e-05
5.84353e-05
-7.34135e-05
7.94561e-05
-3.69352e-05
8.44495e-05
1.80045e-05
8.17842e-05
5.13649e-05
6.29062e-05
8.66413e-05
4.47931e-05
0.000100461
4.93039e-05
6.58314e-05
5.15753e-05
-4.5845e-06
5.0094e-05
-6.01477e-05
4.79204e-05
-7.09988e-05
4.60252e-05
-6.56777e-05
4.5983e-05
-5.78939e-05
4.86896e-05
-5.11046e-05
5.42317e-05
-4.60461e-05
6.15912e-05
-4.20692e-05
-3.93961e-05
6.99008e-05
-1.09953e-05
-6.70436e-05
-1.76542e-05
-6.60583e-05
-9.98929e-06
-5.65851e-05
-2.55579e-06
-4.76761e-05
6.81689e-07
-5.57186e-05
3.48842e-06
-7.09919e-05
5.50134e-06
-8.04142e-05
1.13983e-05
-7.93104e-05
3.55564e-05
-6.10933e-05
4.77453e-05
5.81559e-06
4.87818e-05
5.03285e-05
4.79115e-05
8.75116e-05
5.47881e-05
9.35842e-05
6.52432e-05
5.53763e-05
7.11737e-05
-1.0515e-05
6.51204e-05
-5.40944e-05
5.79998e-05
-6.38782e-05
5.19788e-05
-5.96568e-05
4.85546e-05
-5.44697e-05
4.91691e-05
-5.17191e-05
5.38204e-05
-5.06974e-05
6.12039e-05
-4.94527e-05
-4.78916e-05
6.96994e-05
-1.20937e-05
-5.49499e-05
-2.15032e-05
-5.66488e-05
-2.01125e-05
-5.79758e-05
-1.40481e-05
-5.37404e-05
-9.91823e-06
-5.98485e-05
-9.11343e-06
-7.17967e-05
-1.09341e-05
-7.85936e-05
-1.32346e-05
-7.70098e-05
-1.05782e-05
-6.37497e-05
1.1844e-05
-1.66066e-05
3.19453e-05
3.02271e-05
5.0697e-05
6.876e-05
7.3046e-05
7.12353e-05
9.09908e-05
3.74316e-05
9.62264e-05
-1.57506e-05
8.61193e-05
-4.39873e-05
7.50784e-05
-5.28374e-05
6.76513e-05
-5.22297e-05
6.48623e-05
-5.16808e-05
6.72829e-05
-5.41396e-05
7.41105e-05
-5.7525e-05
8.38658e-05
-5.92081e-05
-5.89381e-05
9.49123e-05
-1.52013e-05
-3.97489e-05
-2.79197e-05
-4.39305e-05
-2.81188e-05
-5.77766e-05
-2.08422e-05
-6.10171e-05
-1.54381e-05
-6.52525e-05
-1.3928e-05
-7.33068e-05
-1.47453e-05
-7.77763e-05
-1.74319e-05
-7.43232e-05
-1.63922e-05
-6.47895e-05
-3.04675e-07
-3.2694e-05
2.32424e-05
6.68007e-06
5.86348e-05
3.33676e-05
8.89991e-05
4.08709e-05
0.000110619
1.58112e-05
0.000110589
-1.57196e-05
0.00010175
-3.51487e-05
9.32389e-05
-4.43263e-05
8.97858e-05
-4.87767e-05
9.22374e-05
-5.41323e-05
9.96585e-05
-6.15608e-05
0.000110207
-6.80739e-05
0.000122047
-7.10474e-05
-7.06829e-05
0.000133791
-2.61883e-05
-1.35607e-05
-4.01496e-05
-2.99691e-05
-3.45566e-05
-6.33694e-05
-2.36151e-05
-7.19587e-05
-1.7791e-05
-7.10765e-05
-1.48996e-05
-7.61982e-05
-1.28095e-05
-7.98664e-05
-1.25541e-05
-7.45785e-05
-1.23811e-05
-6.49625e-05
5.75316e-07
-4.56504e-05
2.47661e-05
-1.75107e-05
5.47843e-05
3.34936e-06
8.56456e-05
1.00096e-05
0.00010428
-2.82317e-06
0.000109725
-2.1165e-05
0.000111266
-3.66897e-05
0.000114854
-4.79141e-05
0.0001217
-5.5623e-05
0.000130722
-6.31542e-05
0.000141291
-7.21291e-05
0.000152527
-7.93106e-05
0.000163836
-8.23559e-05
-8.18739e-05
0.000175027
2.44187e-06
-1.60025e-05
1.52007e-05
-4.27275e-05
1.12346e-05
-5.94036e-05
-6.13816e-06
-5.4586e-05
-2.47653e-05
-5.24494e-05
-2.377e-05
-7.71937e-05
-1.24837e-05
-9.11532e-05
-4.73251e-06
-8.23298e-05
-7.30837e-07
-6.89642e-05
6.39061e-06
-5.27719e-05
2.40498e-05
-3.51699e-05
4.82355e-05
-2.08364e-05
7.53045e-05
-1.70594e-05
9.71171e-05
-2.46358e-05
0.000113784
-3.78323e-05
0.000128682
-5.15871e-05
0.000142504
-6.17361e-05
0.000153288
-6.64073e-05
0.000160734
-7.06003e-05
0.000168686
-8.00809e-05
0.000179226
-8.9851e-05
0.000191228
-9.43574e-05
-9.53368e-05
0.000204691
1.96424e-05
-3.56445e-05
5.45683e-05
-7.76531e-05
7.74868e-05
-8.23218e-05
8.92817e-05
-6.6381e-05
7.88168e-05
-4.19847e-05
3.75672e-05
-3.59448e-05
-5.61593e-06
-4.79707e-05
-2.54148e-05
-6.25308e-05
4.25453e-06
-9.86337e-05
2.17133e-05
-7.02308e-05
3.81602e-05
-5.16167e-05
5.91704e-05
-4.18467e-05
8.34452e-05
-4.13342e-05
0.000105843
-4.70334e-05
0.000125543
-5.75328e-05
0.000144243
-7.02866e-05
0.000162162
-7.96552e-05
0.000182617
-8.6862e-05
0.000193369
-8.13531e-05
0.000194727
-8.1439e-05
0.000196312
-9.14362e-05
0.000199185
-9.72307e-05
-9.55024e-05
0.00019935
2.70561e-05
-6.27005e-05
4.86168e-05
-9.92137e-05
6.91819e-05
-0.000102887
8.99111e-05
-8.71099e-05
0.000105334
-5.74069e-05
0.0001015
-3.21112e-05
8.04044e-05
-2.68745e-05
5.58109e-05
-3.79377e-05
1.49319e-05
-5.77549e-05
8.88975e-06
-6.4189e-05
3.6403e-05
-7.91303e-05
6.40696e-05
-6.95135e-05
8.6019e-05
-6.32836e-05
0.000105874
-6.68886e-05
0.000125329
-7.69874e-05
0.000145177
-9.01351e-05
0.000164626
-9.91037e-05
0.000167123
-8.93578e-05
0.000168873
-8.31034e-05
0.00017289
-8.5456e-05
0.000164387
-8.29327e-05
0.000152102
-8.49467e-05
-8.33437e-05
0.000139943
3.11203e-05
-9.38206e-05
4.31095e-05
-0.000111203
5.30733e-05
-0.000112851
6.3221e-05
-9.72574e-05
7.58951e-05
-7.00807e-05
9.10975e-05
-4.73131e-05
0.000101367
-3.71433e-05
0.000100682
-3.72523e-05
8.89752e-05
-4.60487e-05
8.17932e-05
-5.70073e-05
7.35902e-05
-7.09279e-05
7.77893e-05
-7.37133e-05
8.88154e-05
-7.43104e-05
0.000100693
-7.87667e-05
0.000111856
-8.81523e-05
0.000120281
-9.85606e-05
0.000126388
-0.00010521
0.000131237
-9.42061e-05
0.000126599
-7.84659e-05
0.000112714
-7.15703e-05
8.72501e-05
-5.74687e-05
5.0822e-05
-4.85187e-05
-3.18518e-05
-6.69476e-07
2.25986e-05
-0.000116419
2.98644e-05
-0.000118468
3.00781e-05
-0.000113064
2.92166e-05
-9.63957e-05
3.48196e-05
-7.56835e-05
4.66e-05
-5.90932e-05
5.88476e-05
-4.93907e-05
6.76803e-05
-4.60848e-05
6.98744e-05
-4.82426e-05
6.6815e-05
-5.39476e-05
5.78665e-05
-6.1979e-05
5.18526e-05
-6.76992e-05
4.95728e-05
-7.20307e-05
4.84787e-05
-7.76728e-05
4.66424e-05
-8.63164e-05
4.2398e-05
-9.43166e-05
3.42419e-05
-9.70548e-05
2.57632e-05
-8.57277e-05
1.16327e-05
-6.43353e-05
-1.83344e-05
-4.1603e-05
-5.26632e-05
-2.31398e-05
-8.14297e-05
-1.97518e-05
-1.16764e-05
-0.000101605
9.23532e-06
-0.000125654
8.58955e-06
-0.000117823
2.18263e-06
-0.000106657
-2.63779e-06
-9.15752e-05
-2.10229e-06
-7.62189e-05
2.4128e-06
-6.36081e-05
7.76873e-06
-5.47464e-05
1.16591e-05
-4.99751e-05
1.24732e-05
-4.90566e-05
9.77223e-06
-5.12464e-05
3.61127e-06
-5.58177e-05
-3.0953e-06
-6.09922e-05
-9.33638e-06
-6.57892e-05
-1.68237e-05
-7.01851e-05
-2.75094e-05
-7.56303e-05
-4.33389e-05
-7.84868e-05
-6.50728e-05
-7.53208e-05
-8.52701e-05
-6.55303e-05
-9.89227e-05
-5.06827e-05
-0.000105458
-3.5068e-05
-0.000104195
-2.44026e-05
-0.000107206
-1.67409e-05
-7.11392e-06
-0.000111768
-2.88968e-06
-0.000122765
-1.13055e-05
-0.000109407
-2.20382e-05
-9.59247e-05
-3.08729e-05
-8.27405e-05
-3.63911e-05
-7.07006e-05
-3.96136e-05
-6.03855e-05
-4.16982e-05
-5.26618e-05
-4.3635e-05
-4.80381e-05
-4.60951e-05
-4.65964e-05
-4.90902e-05
-4.82512e-05
-5.23636e-05
-5.2544e-05
-5.5527e-05
-5.78286e-05
-5.88383e-05
-6.24776e-05
-6.27422e-05
-6.6281e-05
-6.92987e-05
-6.90736e-05
-7.87394e-05
-6.90459e-05
-8.93069e-05
-6.47531e-05
-9.85028e-05
-5.63344e-05
-0.000104254
-4.49312e-05
-0.000106281
-3.30417e-05
-0.000107319
-2.33639e-05
-0.000109025
-1.50351e-05
-5.7833e-06
-0.000110356
-1.21416e-05
-0.000110623
-2.67231e-05
-9.48254e-05
-4.13356e-05
-8.13122e-05
-5.42385e-05
-6.98376e-05
-6.49816e-05
-5.99575e-05
-7.32729e-05
-5.20942e-05
-7.89447e-05
-4.699e-05
-8.19198e-05
-4.5063e-05
-8.23469e-05
-4.61692e-05
-8.08662e-05
-4.97318e-05
-7.87587e-05
-5.46514e-05
-7.71592e-05
-5.94279e-05
-7.66128e-05
-6.30239e-05
-7.77481e-05
-6.51454e-05
-8.12841e-05
-6.55374e-05
-8.67889e-05
-6.3541e-05
-9.2846e-05
-5.8696e-05
-9.80124e-05
-5.1168e-05
-0.000101097
-4.18461e-05
-0.000101916
-3.22234e-05
-0.000101774
-2.35053e-05
-0.000101492
-1.53182e-05
-6.39582e-06
-0.000100879
-1.79698e-05
-9.26536e-05
-3.6328e-05
-7.64673e-05
-5.34683e-05
-6.41719e-05
-6.83702e-05
-5.49357e-05
-8.01764e-05
-4.81513e-05
-8.81582e-05
-4.41124e-05
-9.20899e-05
-4.30583e-05
-9.24151e-05
-4.47378e-05
-9.01538e-05
-4.84305e-05
-8.67033e-05
-5.31822e-05
-8.34134e-05
-5.79413e-05
-8.10758e-05
-6.17655e-05
-7.99995e-05
-6.41001e-05
-8.0394e-05
-6.47509e-05
-8.23504e-05
-6.35809e-05
-8.54703e-05
-6.04211e-05
-8.89272e-05
-5.5239e-05
-9.18014e-05
-4.82938e-05
-9.3422e-05
-4.02255e-05
-9.37236e-05
-3.19218e-05
-9.32373e-05
-2.39918e-05
-9.23677e-05
-1.61877e-05
-7.67839e-06
-9.10853e-05
-2.01415e-05
-7.25122e-05
-3.94933e-05
-5.71156e-05
-5.65982e-05
-4.7067e-05
-7.05519e-05
-4.09821e-05
-8.06741e-05
-3.80291e-05
-8.6769e-05
-3.80175e-05
-8.91846e-05
-4.06427e-05
-8.86872e-05
-4.52352e-05
-8.62711e-05
-5.08466e-05
-8.30323e-05
-5.64209e-05
-7.99729e-05
-6.10007e-05
-7.77728e-05
-6.39656e-05
-7.67573e-05
-6.51155e-05
-7.70069e-05
-6.45013e-05
-7.83758e-05
-6.22119e-05
-8.04743e-05
-5.83226e-05
-8.27462e-05
-5.29671e-05
-8.46161e-05
-4.64239e-05
-8.5684e-05
-3.91577e-05
-8.58958e-05
-3.171e-05
-8.54832e-05
-2.44044e-05
-8.46161e-05
-1.70551e-05
-8.96921e-06
-8.33254e-05
-1.94215e-05
-5.30908e-05
-3.76977e-05
-3.88394e-05
-5.33352e-05
-3.14296e-05
-6.56432e-05
-2.86741e-05
-7.42683e-05
-2.94041e-05
-7.92899e-05
-3.29958e-05
-8.11262e-05
-3.88064e-05
-8.04839e-05
-4.58775e-05
-7.82866e-05
-5.30439e-05
-7.55379e-05
-5.91696e-05
-7.30973e-05
-6.34412e-05
-7.15006e-05
-6.55623e-05
-7.095e-05
-6.56661e-05
-7.14072e-05
-6.40441e-05
-7.26652e-05
-6.09539e-05
-7.43961e-05
-5.65917e-05
-7.62117e-05
-5.11515e-05
-7.7742e-05
-4.48937e-05
-7.87378e-05
-3.8162e-05
-7.91387e-05
-3.13092e-05
-7.90271e-05
-2.45162e-05
-7.8475e-05
-1.76071e-05
-1.00191e-05
-7.74253e-05
-1.6991e-05
-3.60999e-05
-3.3177e-05
-2.26535e-05
-4.697e-05
-1.76366e-05
-5.76588e-05
-1.79854e-05
-6.50388e-05
-2.2024e-05
-6.92783e-05
-2.87564e-05
-7.08234e-05
-3.72612e-05
-7.03318e-05
-4.63691e-05
-6.8625e-05
-5.47507e-05
-6.65837e-05
-6.12108e-05
-6.49452e-05
-6.50798e-05
-6.41212e-05
-6.63863e-05
-6.41987e-05
-6.55887e-05
-6.50574e-05
-6.31854e-05
-6.64736e-05
-5.95377e-05
-6.81768e-05
-5.48885e-05
-6.98883e-05
-4.944e-05
-7.13667e-05
-4.34153e-05
-7.2454e-05
-3.70747e-05
-7.30975e-05
-3.06657e-05
-7.33105e-05
-2.43033e-05
-7.30988e-05
-1.78191e-05
-1.07685e-05
-7.23494e-05
-1.37523e-05
-2.23476e-05
-2.72873e-05
-9.11854e-06
-3.9108e-05
-5.81598e-06
-4.82483e-05
-8.84509e-06
-5.46172e-05
-1.56552e-05
-5.83623e-05
-2.50112e-05
-5.98788e-05
-3.57448e-05
-5.97303e-05
-4.65175e-05
-5.8632e-05
-5.58491e-05
-5.73664e-05
-6.24764e-05
-5.65666e-05
-6.58796e-05
-5.65257e-05
-6.64272e-05
-5.72324e-05
-6.4882e-05
-5.85225e-05
-6.18954e-05
-6.01839e-05
-5.78763e-05
-6.1997e-05
-5.30754e-05
-6.37552e-05
-4.76819e-05
-6.52911e-05
-4.18795e-05
-6.65001e-05
-3.58657e-05
-6.73433e-05
-2.98226e-05
-6.78097e-05
-2.38369e-05
-6.78677e-05
-1.7761e-05
-1.12208e-05
-6.74155e-05
-1.03362e-05
-1.20115e-05
-2.0885e-05
1.43019e-06
-3.07452e-05
4.04417e-06
-3.84947e-05
-1.09555e-06
-4.40138e-05
-1.01362e-05
-4.74771e-05
-2.15479e-05
-4.91554e-05
-3.40665e-05
-4.94724e-05
-4.62005e-05
-4.90252e-05
-5.62963e-05
-4.85202e-05
-6.29815e-05
-4.85066e-05
-6.58932e-05
-4.91699e-05
-6.57639e-05
-5.04249e-05
-6.3627e-05
-5.2093e-05
-6.02272e-05
-5.39899e-05
-5.59794e-05
-5.59419e-05
-5.11235e-05
-5.77916e-05
-4.58322e-05
-5.94153e-05
-4.02558e-05
-6.07385e-05
-3.45425e-05
-6.17302e-05
-2.88309e-05
-6.23766e-05
-2.31906e-05
-6.26285e-05
-1.75093e-05
-1.14616e-05
-6.23877e-05
-7.01352e-06
-4.99806e-06
-1.47654e-05
9.18206e-06
-2.25446e-05
1.18233e-05
-2.91461e-05
5.50593e-06
-3.39965e-05
-5.28587e-06
-3.73138e-05
-1.82306e-05
-3.92364e-05
-3.2144e-05
-4.0023e-05
-4.54139e-05
-4.0171e-05
-5.61484e-05
-4.03468e-05
-6.28056e-05
-4.10216e-05
-6.52184e-05
-4.22758e-05
-6.45097e-05
-4.39734e-05
-6.19295e-05
-4.59434e-05
-5.82573e-05
-4.80338e-05
-5.3889e-05
-5.0109e-05
-4.90483e-05
-5.20473e-05
-4.38939e-05
-5.37529e-05
-3.85503e-05
-5.51672e-05
-3.31282e-05
-5.62651e-05
-2.7733e-05
-5.70303e-05
-2.24254e-05
-5.74158e-05
-1.71237e-05
-1.15425e-05
-5.73351e-05
-4.64328e-06
-3.54856e-07
-1.00134e-05
1.45521e-05
-1.55046e-05
1.73145e-05
-2.08784e-05
1.08797e-05
-2.51726e-05
-9.91646e-07
-2.83145e-05
-1.50888e-05
-3.04121e-05
-3.00464e-05
-3.15498e-05
-4.42762e-05
-3.21639e-05
-5.55344e-05
-3.29135e-05
-6.2056e-05
-3.41707e-05
-6.39612e-05
-3.59043e-05
-6.2776e-05
-3.79488e-05
-5.98851e-05
-4.01537e-05
-5.60523e-05
-4.23958e-05
-5.1647e-05
-4.45667e-05
-4.68775e-05
-4.65721e-05
-4.18885e-05
-4.83387e-05
-3.67837e-05
-4.98194e-05
-3.16475e-05
-5.09934e-05
-2.65591e-05
-5.18462e-05
-2.15726e-05
-5.23351e-05
-1.6635e-05
-1.14994e-05
-5.23782e-05
-3.06036e-06
2.70551e-06
-6.71358e-06
1.82053e-05
-1.04272e-05
2.10281e-05
-1.42729e-05
1.47254e-05
-1.7844e-05
2.57941e-06
-2.06991e-05
-1.22337e-05
-2.27662e-05
-2.79793e-05
-2.40374e-05
-4.3005e-05
-2.49602e-05
-5.46115e-05
-2.61866e-05
-6.08296e-05
-2.79322e-05
-6.22157e-05
-3.00491e-05
-6.06591e-05
-3.23629e-05
-5.75713e-05
-3.47497e-05
-5.36656e-05
-3.71084e-05
-4.92883e-05
-3.93506e-05
-4.46354e-05
-4.14018e-05
-3.98373e-05
-4.32069e-05
-3.49788e-05
-4.47314e-05
-3.0123e-05
-4.59589e-05
-2.53316e-05
-4.6878e-05
-2.06535e-05
-4.7453e-05
-1.606e-05
-1.13434e-05
-4.76091e-05
-2.00072e-06
4.70618e-06
-4.29272e-06
2.04973e-05
-6.71351e-06
2.34489e-05
-9.29834e-06
1.73102e-05
-1.20232e-05
5.30425e-06
-1.44358e-05
-9.82114e-06
-1.62008e-05
-2.62143e-05
-1.73639e-05
-4.18419e-05
-1.848e-05
-5.34955e-05
-2.01233e-05
-5.91863e-05
-2.22787e-05
-6.00604e-05
-2.46984e-05
-5.82394e-05
-2.7219e-05
-5.50508e-05
-2.97414e-05
-5.11433e-05
-3.21828e-05
-4.68469e-05
-3.44706e-05
-4.23476e-05
-3.65467e-05
-3.77613e-05
-3.83704e-05
-3.3155e-05
-3.99195e-05
-2.8574e-05
-4.11852e-05
-2.4066e-05
-4.21589e-05
-1.96799e-05
-4.28134e-05
-1.54056e-05
-1.10778e-05
-4.30791e-05
-1.69534e-06
6.40153e-06
-3.13216e-06
2.19341e-05
-4.47797e-06
2.47947e-05
-6.01511e-06
1.88473e-05
-7.70766e-06
6.99679e-06
-9.2959e-06
-8.23292e-06
-1.04677e-05
-2.50424e-05
-1.13563e-05
-4.09534e-05
-1.26558e-05
-5.2196e-05
-1.46959e-05
-5.71462e-05
-1.71893e-05
-5.7567e-05
-1.98423e-05
-5.55864e-05
-2.25167e-05
-5.23764e-05
-2.51324e-05
-4.85277e-05
-2.76221e-05
-4.43572e-05
-2.99293e-05
-4.00405e-05
-3.20107e-05
-3.56799e-05
-3.3838e-05
-3.13278e-05
-3.53972e-05
-2.70147e-05
-3.66872e-05
-2.2776e-05
-3.77061e-05
-1.8661e-05
-3.84321e-05
-1.46796e-05
-1.07054e-05
-3.88046e-05
-1.38992e-06
7.79141e-06
-2.23352e-06
2.27777e-05
-2.76516e-06
2.53263e-05
-3.38718e-06
1.94693e-05
-4.14224e-06
7.75183e-06
-4.84054e-06
-7.53463e-06
-5.2267e-06
-2.46563e-05
-5.84838e-06
-4.03318e-05
-7.45285e-06
-5.05915e-05
-9.87965e-06
-5.47195e-05
-1.26361e-05
-5.48105e-05
-1.54587e-05
-5.27638e-05
-1.82395e-05
-4.95957e-05
-2.09089e-05
-4.58583e-05
-2.34136e-05
-4.18525e-05
-2.5714e-05
-3.77402e-05
-2.77816e-05
-3.36123e-05
-2.95983e-05
-2.95112e-05
-3.11564e-05
-2.54566e-05
-3.24594e-05
-2.14731e-05
-3.35145e-05
-1.76059e-05
-3.43064e-05
-1.38878e-05
-1.02269e-05
-3.47849e-05
-9.57728e-07
8.74917e-06
-1.24292e-06
2.30629e-05
-1.17026e-06
2.52537e-05
-1.05544e-06
1.93545e-05
-1.02718e-06
7.72357e-06
-6.8401e-07
-7.87782e-06
-1.58547e-07
-2.51818e-05
-7.32519e-07
-3.97578e-05
-2.84704e-06
-4.8477e-05
-5.62516e-06
-5.19414e-05
-8.57034e-06
-5.18653e-05
-1.15077e-05
-4.98265e-05
-1.43535e-05
-4.675e-05
-1.70435e-05
-4.31683e-05
-1.9536e-05
-3.936e-05
-2.18073e-05
-3.5469e-05
-2.38446e-05
-3.1575e-05
-2.56402e-05
-2.77156e-05
-2.7191e-05
-2.39059e-05
-2.85022e-05
-2.01618e-05
-2.95846e-05
-1.65236e-05
-3.04339e-05
-1.30386e-05
-9.65503e-06
-3.10058e-05
-4.30075e-07
9.17923e-06
8.79983e-08
2.25448e-05
5.38547e-07
2.48031e-05
1.26941e-06
1.86236e-05
2.09836e-06
6.89461e-06
3.59942e-06
-9.37888e-06
4.61359e-06
-2.61959e-05
3.71387e-06
-3.88581e-05
1.25765e-06
-4.60208e-05
-1.82649e-06
-4.88572e-05
-4.9191e-06
-4.87727e-05
-7.9357e-06
-4.68099e-05
-1.08158e-05
-4.38699e-05
-1.35017e-05
-4.04824e-05
-1.59621e-05
-3.68995e-05
-1.81879e-05
-3.32433e-05
-2.01813e-05
-2.95816e-05
-2.19456e-05
-2.59513e-05
-2.34821e-05
-2.23695e-05
-2.47955e-05
-1.88484e-05
-2.58983e-05
-1.54208e-05
-2.67968e-05
-1.21401e-05
-8.9961e-06
-2.74557e-05
-1.52405e-07
9.33167e-06
1.79222e-06
2.06002e-05
2.87567e-06
2.37197e-05
4.04032e-06
1.74589e-05
5.82476e-06
5.11016e-06
8.07832e-06
-1.16324e-05
8.80209e-06
-2.69197e-05
7.44443e-06
-3.75005e-05
4.80818e-06
-4.33846e-05
1.64557e-06
-4.56946e-05
-1.60238e-06
-4.55248e-05
-4.69285e-06
-4.37194e-05
-7.58871e-06
-4.09741e-05
-1.02524e-05
-3.78188e-05
-1.26668e-05
-3.44851e-05
-1.48357e-05
-3.10744e-05
-1.6775e-05
-2.76423e-05
-1.84986e-05
-2.42277e-05
-2.00135e-05
-2.08545e-05
-2.13247e-05
-1.75372e-05
-2.24442e-05
-1.43013e-05
-2.33838e-05
-1.12006e-05
-8.26297e-06
-2.41169e-05
3.4694e-07
8.98473e-06
3.604e-06
1.73432e-05
5.49551e-06
2.18282e-05
7.15031e-06
1.58042e-05
9.89984e-06
2.36063e-06
1.22127e-05
-1.39453e-05
1.2326e-05
-2.7033e-05
1.06191e-05
-3.57936e-05
7.88627e-06
-4.06517e-05
4.69397e-06
-4.25023e-05
1.39382e-06
-4.22247e-05
-1.75728e-06
-4.05683e-05
-4.65067e-06
-3.80807e-05
-7.27387e-06
-3.51956e-05
-9.62982e-06
-3.21291e-05
-1.17338e-05
-2.89704e-05
-1.36101e-05
-2.57661e-05
-1.52835e-05
-2.25543e-05
-1.67688e-05
-1.93692e-05
-1.80717e-05
-1.62343e-05
-1.92011e-05
-1.31718e-05
-2.01719e-05
-1.02298e-05
-7.4629e-06
-2.0972e-05
1.09237e-06
7.89241e-06
4.60888e-06
1.38267e-05
7.8692e-06
1.85679e-05
1.0523e-05
1.31503e-05
1.37989e-05
-9.15226e-07
1.55496e-05
-1.5696e-05
1.51628e-05
-2.66462e-05
1.32486e-05
-3.38793e-05
1.04576e-05
-3.78607e-05
7.25946e-06
-3.93042e-05
3.98626e-06
-3.89515e-05
8.55321e-07
-3.74374e-05
-1.99636e-06
-3.5229e-05
-4.55566e-06
-3.26363e-05
-6.83669e-06
-2.98481e-05
-8.86601e-06
-2.69411e-05
-1.06726e-05
-2.39594e-05
-1.22865e-05
-2.09404e-05
-1.37319e-05
-1.79239e-05
-1.50188e-05
-1.49474e-05
-1.6153e-05
-1.20377e-05
-1.71485e-05
-9.23433e-06
-6.60626e-06
-1.80051e-05
2.63329e-06
5.25914e-06
5.40548e-06
1.10545e-05
9.30723e-06
1.46661e-05
1.35195e-05
8.93809e-06
1.69353e-05
-4.33098e-06
1.79884e-05
-1.67492e-05
1.72664e-05
-2.59242e-05
1.52351e-05
-3.18481e-05
1.24311e-05
-3.50566e-05
9.29028e-06
-3.61634e-05
6.12027e-06
-3.57815e-05
3.11127e-06
-3.44284e-05
3.64823e-07
-3.24826e-05
-2.08923e-06
-3.01822e-05
-4.27356e-06
-2.76638e-05
-6.21647e-06
-2.49982e-05
-7.9462e-06
-2.22297e-05
-9.49393e-06
-1.93927e-05
-1.08882e-05
-1.65296e-05
-1.21484e-05
-1.36872e-05
-1.32795e-05
-1.09066e-05
-1.42922e-05
-8.22164e-06
-5.70577e-06
-1.51927e-05
3.90857e-06
1.35061e-06
6.55206e-06
8.41103e-06
1.03132e-05
1.0905e-05
1.53207e-05
3.93061e-06
1.85866e-05
-7.5969e-06
1.94374e-05
-1.76e-05
1.8506e-05
-2.49927e-05
1.64199e-05
-2.97621e-05
1.36885e-05
-3.23252e-05
1.07105e-05
-3.31853e-05
7.75263e-06
-3.28236e-05
4.96653e-06
-3.16423e-05
2.41833e-06
-2.99344e-05
1.2238e-07
-2.78863e-05
-1.93231e-06
-2.56091e-05
-3.77089e-06
-2.31596e-05
-5.41617e-06
-2.05844e-05
-6.89003e-06
-1.79188e-05
-8.22495e-06
-1.51947e-05
-9.44669e-06
-1.24654e-05
-1.05643e-05
-9.78892e-06
-1.1589e-05
-7.197e-06
-4.76967e-06
-1.25251e-05
3.76826e-06
-2.41763e-06
7.11308e-06
5.06624e-06
1.14798e-05
6.5383e-06
1.64254e-05
-1.01491e-06
1.91666e-05
-1.03381e-05
1.96969e-05
-1.81303e-05
1.86408e-05
-2.39366e-05
1.66155e-05
-2.77368e-05
1.40941e-05
-2.98038e-05
1.14164e-05
-3.05076e-05
8.79698e-06
-3.02042e-05
6.34384e-06
-2.91892e-05
4.09204e-06
-2.76826e-05
2.04039e-06
-2.58346e-05
1.72126e-07
-2.37408e-05
-1.52617e-06
-2.14613e-05
-3.06633e-06
-1.90443e-05
-4.45804e-06
-1.65271e-05
-5.72658e-06
-1.39261e-05
-6.89957e-06
-1.12924e-05
-7.99526e-06
-8.69325e-06
-9.0133e-06
-6.17889e-06
-3.80929e-06
-9.97371e-06
2.80883e-06
-5.22644e-06
6.86844e-06
1.00665e-06
1.20776e-05
1.32917e-06
1.63628e-05
-5.30017e-06
1.83542e-05
-1.23295e-05
1.85489e-05
-1.8325e-05
1.74725e-05
-2.28602e-05
1.56423e-05
-2.59066e-05
1.34634e-05
-2.76249e-05
1.12123e-05
-2.82565e-05
9.04995e-06
-2.80418e-05
7.04493e-06
-2.71841e-05
5.20578e-06
-2.58434e-05
3.51241e-06
-2.41413e-05
1.94027e-06
-2.21686e-05
4.73781e-07
-1.99948e-05
-9.1032e-07
-1.76602e-05
-2.18966e-06
-1.52477e-05
-3.38562e-06
-1.27302e-05
-4.49278e-06
-1.01853e-05
-5.55328e-06
-7.63272e-06
-6.57121e-06
-5.16103e-06
-2.82863e-06
-7.55183e-06
2.22466e-06
-7.45108e-06
6.33342e-06
-3.1021e-06
1.13434e-05
-3.68075e-06
1.45442e-05
-8.50102e-06
1.59152e-05
-1.37005e-05
1.58516e-05
-1.82613e-05
1.4823e-05
-2.18316e-05
1.32581e-05
-2.43417e-05
1.14902e-05
-2.5857e-05
9.73668e-06
-2.6503e-05
8.11316e-06
-2.64183e-05
6.6569e-06
-2.57279e-05
5.35706e-06
-2.45436e-05
4.1754e-06
-2.29596e-05
3.06721e-06
-2.10604e-05
1.99137e-06
-1.8919e-05
9.31377e-07
-1.66002e-05
-1.44518e-07
-1.41718e-05
-1.21812e-06
-1.16565e-05
-2.24878e-06
-9.15463e-06
-3.24948e-06
-6.63203e-06
-4.22164e-06
-4.1888e-06
-1.87549e-06
-5.17479e-06
2.07006e-06
-9.52113e-06
5.53509e-06
-6.56712e-06
9.1383e-06
-7.28394e-06
1.11703e-05
-1.0533e-05
1.18273e-05
-1.43575e-05
1.14705e-05
-1.79045e-05
1.04924e-05
-2.08535e-05
9.22484e-06
-2.30741e-05
7.9065e-06
-2.45387e-05
6.68345e-06
-2.52799e-05
5.62463e-06
-2.53595e-05
4.74847e-06
-2.48517e-05
4.03871e-06
-2.38338e-05
3.45864e-06
-2.23795e-05
2.95875e-06
-2.05605e-05
2.48292e-06
-1.84431e-05
1.97592e-06
-1.60932e-05
1.38242e-06
-1.35783e-05
6.86891e-07
-1.0961e-05
-1.44027e-07
-8.32369e-06
-1.06698e-06
-5.70903e-06
-2.03345e-06
-3.22234e-06
-9.1807e-07
-2.99084e-06
1.35543e-06
3.35519e-06
5.08969e-06
5.92595e-06
5.97042e-06
5.52528e-06
4.83752e-06
4.07817e-06
3.35245e-06
2.71777e-06
2.20166e-06
1.81246e-06
1.54702e-06
1.39544e-06
1.34048e-06
1.35746e-06
1.41088e-06
1.45034e-06
1.41089e-06
1.21193e-06
8.12822e-07
1.77723e-07
-5.16874e-07
0.000117596
1.05285e-05
0.000112204
5.39247e-06
0.000109784
2.4195e-06
6.91407e-07
0.000109093
0.00013591
3.45369e-06
0.000141601
-2.97891e-07
0.000146355
-2.33546e-06
-4.06312e-06
0.00015111
0.000143084
-3.83488e-06
0.000147721
-4.93474e-06
0.000151328
-5.94294e-06
-6.77954e-06
0.000154045
0.000119964
-9.581e-06
0.000124779
-9.74963e-06
0.000128936
-1.01e-05
-1.05002e-05
0.000132656
9.26886e-05
-1.41929e-05
9.68412e-05
-1.39022e-05
0.000100579
-1.38382e-05
-1.3922e-05
0.000104001
7.38193e-05
-1.81114e-05
7.75966e-05
-1.76795e-05
8.10419e-05
-1.72835e-05
-1.71979e-05
8.43178e-05
7.39966e-05
-2.24085e-05
7.82555e-05
-2.19384e-05
8.2277e-05
-2.1305e-05
-2.10796e-05
8.61587e-05
0.000100115
-2.76116e-05
0.000105339
-2.71617e-05
0.000110448
-2.64148e-05
-2.58926e-05
0.000115262
0.000139422
-3.32426e-05
0.000145065
-3.28046e-05
0.000150357
-3.17061e-05
-3.1732e-05
0.000156196
0.000180931
-3.91463e-05
0.000187999
-3.98728e-05
0.000192289
-3.59961e-05
-3.69869e-05
0.000197544
0.000211621
-4.60753e-05
0.00021494
-4.31914e-05
0.000220234
-4.12911e-05
-3.77732e-05
0.00022102
0.000196966
-4.3691e-05
0.000196304
-4.25294e-05
0.000199265
-4.42521e-05
-4.3144e-05
0.000204635
0.000123204
-2.69525e-05
0.000103501
-2.2827e-05
8.06699e-05
-2.14213e-05
-1.93306e-05
5.68566e-05
-2.58344e-05
-1.78765e-06
-4.93895e-05
7.27954e-07
-7.17077e-05
8.97167e-07
9.39236e-07
-9.19775e-05
-0.000103957
5.6389e-07
-0.000105867
2.6392e-06
-0.000109269
4.29832e-06
5.89441e-06
-0.000114224
-0.000113946
2.7413e-06
-0.000116011
4.70401e-06
-0.000118206
6.49362e-06
8.20305e-06
-0.000120514
-0.000110335
2.72102e-06
-0.000110597
4.96607e-06
-0.000111134
7.03058e-06
8.92019e-06
-0.000111851
-0.000100283
2.12441e-06
-9.97234e-05
4.40645e-06
-9.92429e-05
6.55033e-06
8.50105e-06
-9.88239e-05
-9.01914e-05
1.23048e-06
-8.92401e-05
3.45548e-06
-8.8251e-05
5.56113e-06
7.47801e-06
-8.7228e-05
-8.23725e-05
2.77493e-07
-8.13069e-05
2.38947e-06
-8.01361e-05
4.39047e-06
6.21859e-06
-7.88768e-05
-7.65636e-05
-5.84286e-07
-7.55554e-05
1.3815e-06
-7.44096e-05
3.24441e-06
4.95708e-06
-7.31481e-05
-7.16503e-05
-1.28351e-06
-7.07909e-05
5.2181e-07
-6.97858e-05
2.23939e-06
3.82555e-06
-6.86544e-05
-6.6875e-05
-1.82398e-06
-6.61794e-05
-1.73615e-07
-6.53465e-05
1.40641e-06
2.86883e-06
-6.43898e-05
-6.19791e-05
-2.23264e-06
-6.14292e-05
-7.23749e-07
-6.0757e-05
7.3426e-07
2.08188e-06
-5.99701e-05
-5.70245e-05
-2.54328e-06
-5.65982e-05
-1.14996e-06
-5.60558e-05
1.9177e-07
1.43881e-06
-5.54128e-05
-5.21494e-05
-2.77208e-06
-5.18183e-05
-1.48122e-06
-5.13818e-05
-2.44715e-07
9.18434e-07
-5.08615e-05
-4.74532e-05
-2.92799e-06
-4.72007e-05
-1.73359e-06
-4.68652e-05
-5.80271e-07
5.01853e-07
-4.64487e-05
-4.29902e-05
-3.01695e-06
-4.28181e-05
-1.90575e-06
-4.25667e-05
-8.31689e-07
1.79827e-07
-4.22447e-05
-3.87833e-05
-3.03827e-06
-3.8682e-05
-2.00709e-06
-3.85115e-05
-1.00222e-06
-5.56472e-08
-3.82761e-05
-3.48288e-05
-2.99443e-06
-3.47976e-05
-2.03837e-06
-3.47007e-05
-1.09915e-06
-2.13086e-07
-3.45433e-05
-3.11105e-05
-2.88976e-06
-3.1143e-05
-2.0059e-06
-3.11158e-05
-1.12639e-06
-2.87903e-07
-3.1041e-05
-2.76183e-05
-2.72724e-06
-2.77134e-05
-1.91081e-06
-2.77509e-05
-1.08895e-06
-2.98599e-07
-2.77402e-05
-2.43315e-05
-2.51262e-06
-2.44825e-05
-1.75991e-06
-2.45782e-05
-9.93267e-07
-2.42297e-07
-2.46345e-05
-2.12339e-05
-2.2507e-06
-2.14373e-05
-1.5565e-06
-2.15882e-05
-8.42345e-07
-1.30244e-07
-2.17003e-05
-1.83084e-05
-1.9474e-06
-1.85585e-05
-1.30649e-06
-1.87583e-05
-6.42543e-07
3.46782e-08
-1.89233e-05
-1.55328e-05
-1.60718e-06
-1.58255e-05
-1.01376e-06
-1.60703e-05
-3.97718e-07
2.44371e-07
-1.628e-05
-1.28955e-05
-1.23674e-06
-1.32249e-05
-6.84384e-07
-1.35081e-05
-1.1444e-07
4.90129e-07
-1.37539e-05
-1.03681e-05
-8.42365e-07
-1.0727e-05
-3.25368e-07
-1.10457e-05
2.04257e-07
7.60805e-07
-1.13164e-05
-7.96148e-06
-4.32731e-07
-8.33661e-06
4.96489e-08
-8.66025e-06
5.2795e-07
1.02811e-06
-8.92758e-06
-5.56712e-06
-4.03833e-08
-5.9462e-06
4.28855e-07
-6.26301e-06
8.44723e-07
1.26088e-06
-6.49577e-06
-3.36183e-06
3.30637e-07
-3.64787e-06
7.14806e-07
-3.85961e-06
1.0565e-06
1.3774e-06
-3.97611e-06
-7.91932e-07
-1.01928e-06
-1.18342e-06
-1.27031e-06
0.000114327
-1.18956e-05
0.00011428
-1.89855e-05
0.000115794
-2.12133e-05
0.000111228
-2.17756e-05
9.95303e-05
-2.65422e-05
8.98708e-05
-3.1704e-05
8.81208e-05
-3.28634e-05
9.68457e-05
-1.89774e-05
0.000107462
1.04191e-05
0.00010905
3.72298e-05
0.000106287
4.5517e-05
9.94476e-05
3.6807e-05
8.93151e-05
2.09614e-05
7.85654e-05
1.04903e-05
6.40809e-05
1.61715e-05
4.69879e-05
2.15211e-05
2.74426e-05
2.36126e-05
9.28916e-06
2.56271e-05
4.46926e-05
0.000154995
-1.5781e-05
0.000154442
-1.84316e-05
0.000151673
-1.84449e-05
0.000146975
-1.70775e-05
0.000137129
-1.66958e-05
0.00012376
-1.83353e-05
0.000110452
-1.95554e-05
0.000108444
-1.69689e-05
0.000118066
7.97088e-07
0.000127258
2.80371e-05
0.000128413
4.4362e-05
0.000123166
4.2054e-05
0.000114252
2.98757e-05
0.000102556
2.21863e-05
8.98233e-05
2.89043e-05
7.23704e-05
3.8974e-05
5.00678e-05
4.59152e-05
2.20938e-05
5.36012e-05
6.67864e-05
0.00015698
-1.8716e-05
0.000157044
-1.84956e-05
0.000155536
-1.69373e-05
0.000153674
-1.5215e-05
0.000150971
-1.39932e-05
0.000145847
-1.32114e-05
0.000137464
-1.11721e-05
0.000131413
-1.09184e-05
0.000132098
1.12587e-07
0.000139552
2.05829e-05
0.000143891
4.00231e-05
0.000139847
4.60981e-05
0.00012952
4.02027e-05
0.000118585
3.31212e-05
0.000109183
3.83062e-05
9.49289e-05
5.32279e-05
7.37085e-05
6.71357e-05
3.68839e-05
9.04258e-05
0.00010367
0.000138368
-2.44278e-05
0.000140879
-2.10068e-05
0.000141545
-1.76029e-05
0.000142975
-1.66452e-05
0.000145606
-1.66238e-05
0.000147809
-1.54152e-05
0.000149111
-1.24736e-05
0.000145647
-7.4548e-06
0.000140409
5.35034e-06
0.000139858
2.11342e-05
0.000141036
3.88456e-05
0.000139028
4.8106e-05
0.000133931
4.52999e-05
0.000126714
4.03383e-05
0.000120387
4.46324e-05
0.000109793
6.3822e-05
8.79267e-05
8.90023e-05
4.50805e-05
0.000133272
0.000148751
0.000110941
-3.13674e-05
0.000116058
-2.61236e-05
0.000120701
-2.22464e-05
0.000127809
-2.37535e-05
0.000136224
-2.50379e-05
0.000145011
-2.42025e-05
0.000150801
-1.82633e-05
0.000145837
-2.4908e-06
0.000132638
1.85486e-05
0.000125109
2.86632e-05
0.000124558
3.93967e-05
0.000127116
4.55486e-05
0.000130005
4.24102e-05
0.000131297
3.90468e-05
0.000131538
4.43912e-05
0.00012492
7.04405e-05
8.8313e-05
0.000125609
4.05924e-05
0.000180993
0.000189343
9.26637e-05
-3.97133e-05
0.000101616
-3.50756e-05
0.000111321
-3.19523e-05
0.000121759
-3.4191e-05
0.000133137
-3.64157e-05
0.000146344
-3.74093e-05
0.000154918
-2.68381e-05
0.000131769
2.06581e-05
0.000107865
4.24529e-05
9.95302e-05
3.69982e-05
0.000102367
3.65602e-05
0.000111251
3.6664e-05
0.000121578
3.20835e-05
0.000132273
2.83521e-05
0.000141259
3.54046e-05
0.000138711
7.2989e-05
7.17256e-05
0.000192594
2.42721e-05
0.000228446
0.000213615
9.66843e-05
-5.02389e-05
0.00010826
-4.66517e-05
0.000118539
-4.22312e-05
0.00012785
-4.35015e-05
0.000136782
-4.5348e-05
0.000153369
-5.39962e-05
0.000137938
-1.14071e-05
7.97697e-05
7.88267e-05
6.22477e-05
5.99748e-05
6.93531e-05
2.98927e-05
8.13637e-05
2.45496e-05
9.57818e-05
2.22458e-05
0.000109067
1.87985e-05
0.000131553
5.86564e-06
0.000140251
2.67076e-05
0.000102538
0.000110702
3.53381e-05
0.000259794
1.15441e-05
0.00025224
0.000225159
0.000127406
-6.23831e-05
0.00013836
-5.76058e-05
0.000142103
-4.59745e-05
0.000161667
-6.3065e-05
0.000159481
-4.3162e-05
0.000107535
-2.05034e-06
7.08534e-06
8.90426e-05
-1.60815e-05
0.000101994
1.76976e-05
2.61957e-05
3.78719e-05
9.71849e-06
6.29696e-05
-5.48096e-07
9.24496e-05
-7.23422e-06
0.000129572
-1.83238e-05
8.04318e-05
5.5006e-05
2.57247e-05
8.14143e-05
-1.85034e-07
0.000136612
3.35325e-06
0.000256256
-1.03598e-05
0.000265952
0.000214799
0.000179008
-8.51955e-05
0.000216592
-9.51892e-05
0.000261621
-9.10042e-05
0.000234303
-3.5747e-05
0.00015295
3.8191e-05
5.70948e-05
9.38056e-05
-1.2576e-05
0.000158714
5.44239e-06
8.39753e-05
3.16994e-05
-6.13101e-08
4.08566e-05
5.61291e-07
3.3163e-05
7.14548e-06
1.04444e-05
1.54843e-05
-2.62017e-05
1.83222e-05
-3.94061e-05
6.82103e-05
-5.14563e-05
9.34646e-05
-5.49699e-05
0.000140126
-2.07485e-05
0.000222036
-1.84223e-06
0.000247046
0.000212956
0.000224056
-0.000111707
0.000242199
-0.000113332
0.000256644
-0.000105449
0.000240224
-1.93279e-05
0.000128572
0.000149843
3.16592e-05
0.000190719
-4.20262e-06
0.000194576
1.18589e-05
6.79138e-05
1.93364e-05
-7.53891e-06
-3.57102e-06
2.34687e-05
-3.4558e-05
3.81325e-05
-5.88661e-05
3.97924e-05
-8.45212e-05
4.39773e-05
-8.78154e-05
7.15044e-05
-8.90506e-05
9.47e-05
-8.0078e-05
0.000131154
-4.65679e-05
0.000188526
-1.38909e-05
0.00021437
0.000199065
0.000228675
-0.000119364
0.000234197
-0.000118855
0.000203914
-7.51647e-05
0.000116399
6.81871e-05
3.08872e-05
0.000235355
-3.20721e-06
0.000224814
5.95228e-06
0.000185416
5.76062e-06
6.81055e-05
-2.91269e-05
2.73486e-05
-5.13035e-05
4.56452e-05
-6.50482e-05
5.18772e-05
-7.86884e-05
5.34327e-05
-9.42058e-05
5.94947e-05
-9.83044e-05
7.5603e-05
-9.77688e-05
9.41643e-05
-8.69574e-05
0.000120342
-5.64962e-05
0.000158065
-2.33953e-05
0.000181269
0.00017567
0.000176461
-9.11915e-05
0.000107548
-4.99422e-05
7.89985e-06
2.44837e-05
-5.91425e-05
0.00013523
-4.91703e-05
0.000225383
-2.78797e-05
0.000203524
-4.39186e-06
0.000161929
-2.24819e-05
8.61956e-05
-5.20806e-05
5.69473e-05
-6.40739e-05
5.76387e-05
-7.14247e-05
5.92281e-05
-7.84447e-05
6.04527e-05
-8.61732e-05
6.72232e-05
-8.98127e-05
7.92424e-05
-8.89309e-05
9.32826e-05
-7.96988e-05
0.00011111
-5.58627e-05
0.000134229
-2.48668e-05
0.000150273
0.000150803
-1.7963e-05
-1.63717e-05
-8.13504e-05
1.34454e-05
-0.000119839
6.2972e-05
-0.0001216
0.000136991
-8.03955e-05
0.000184178
-4.82583e-05
0.000171387
-3.12767e-05
0.000144947
-4.17834e-05
9.67024e-05
-5.64414e-05
7.16053e-05
-6.31525e-05
6.43499e-05
-6.58716e-05
6.19473e-05
-6.8092e-05
6.26731e-05
-7.08311e-05
6.99623e-05
-7.29193e-05
8.13306e-05
-7.20804e-05
9.24437e-05
-6.51909e-05
0.000104221
-4.82163e-05
0.000117254
-2.40668e-05
0.000126123
0.000126737
-0.000111336
2.98673e-06
-0.000128972
3.10819e-05
-0.000139802
7.38025e-05
-0.000124499
0.000121689
-9.0174e-05
0.000149853
-6.44681e-05
0.000145681
-4.89468e-05
0.000129426
-5.00012e-05
9.7757e-05
-5.44042e-05
7.60083e-05
-5.64063e-05
6.63521e-05
-5.66043e-05
6.21454e-05
-5.63847e-05
6.24536e-05
-5.61688e-05
6.97464e-05
-5.60255e-05
8.11874e-05
-5.42699e-05
9.06882e-05
-4.86332e-05
9.8584e-05
-3.68267e-05
0.000105448
-1.96298e-05
0.000108926
0.000107107
-0.000128954
1.77177e-05
-0.000138454
4.05814e-05
-0.000136296
7.16449e-05
-0.000117766
0.00010316
-9.09081e-05
0.000122995
-6.90437e-05
0.000123817
-5.36162e-05
0.000113999
-4.92607e-05
9.34015e-05
-4.86644e-05
7.54121e-05
-4.79187e-05
6.56065e-05
-4.70002e-05
6.12271e-05
-4.63797e-05
6.18331e-05
-4.50569e-05
6.84237e-05
-4.28385e-05
7.8969e-05
-3.97348e-05
8.75846e-05
-3.45265e-05
9.33757e-05
-2.60177e-05
9.6939e-05
-1.42995e-05
9.7208e-05
9.28074e-05
-0.000126716
2.39191e-05
-0.000128704
4.25698e-05
-0.000121928
6.48694e-05
-0.000105233
8.64649e-05
-8.36081e-05
0.00010137
-6.4712e-05
0.000104921
-5.08259e-05
0.000100112
-4.41913e-05
8.6767e-05
-4.07369e-05
7.19578e-05
-3.84602e-05
6.33299e-05
-3.72869e-05
6.00538e-05
-3.69214e-05
6.14677e-05
-3.58239e-05
6.73263e-05
-3.30622e-05
7.62073e-05
-2.92167e-05
8.37391e-05
-2.4321e-05
8.84801e-05
-1.79784e-05
9.05964e-05
-9.98213e-06
8.92118e-05
8.28253e-05
-0.000113466
2.5534e-05
-0.000111484
4.05878e-05
-0.000103673
5.70584e-05
-8.99748e-05
7.27665e-05
-7.31818e-05
8.45773e-05
-5.76401e-05
8.93791e-05
-4.50465e-05
8.75189e-05
-3.70686e-05
7.87892e-05
-3.23944e-05
6.72838e-05
-3.00385e-05
6.0974e-05
-2.92518e-05
5.92673e-05
-2.91972e-05
6.14131e-05
-2.83756e-05
6.65048e-05
-2.58068e-05
7.36386e-05
-2.19909e-05
7.99233e-05
-1.7589e-05
8.40782e-05
-1.26996e-05
8.5707e-05
-7.02789e-06
8.35401e-05
7.57974e-05
-9.77015e-05
2.44117e-05
-9.3934e-05
3.68203e-05
-8.65303e-05
4.96547e-05
-7.56156e-05
6.18518e-05
-6.25645e-05
7.15262e-05
-4.96764e-05
7.6491e-05
-3.84715e-05
7.63141e-05
-3.06559e-05
7.09738e-05
-2.64067e-05
6.30346e-05
-2.46145e-05
5.91819e-05
-2.41542e-05
5.8807e-05
-2.40247e-05
6.12837e-05
-2.31264e-05
6.56065e-05
-2.07258e-05
7.1238e-05
-1.72264e-05
7.64239e-05
-1.33767e-05
8.02285e-05
-9.46098e-06
8.17913e-05
-5.17027e-06
7.92494e-05
7.06271e-05
-8.46016e-05
2.17853e-05
-8.01665e-05
3.23851e-05
-7.34928e-05
4.29809e-05
-6.46165e-05
5.29755e-05
-5.41924e-05
6.11021e-05
-4.3592e-05
6.58905e-05
-3.41318e-05
6.68539e-05
-2.73024e-05
6.41444e-05
-2.38025e-05
5.95347e-05
-2.23335e-05
5.77129e-05
-2.17404e-05
5.82138e-05
-2.11139e-05
6.06572e-05
-1.98042e-05
6.42968e-05
-1.73801e-05
6.8814e-05
-1.41668e-05
7.32107e-05
-1.07867e-05
7.68485e-05
-7.51761e-06
7.85222e-05
-4.02279e-06
7.57547e-05
6.66043e-05
-7.56522e-05
1.85606e-05
-7.11643e-05
2.78972e-05
-6.52135e-05
3.703e-05
-5.77794e-05
4.55413e-05
-4.92524e-05
5.25751e-05
-4.05632e-05
5.72013e-05
-3.27657e-05
5.90564e-05
-2.7007e-05
5.83857e-05
-2.38868e-05
5.64145e-05
-2.22001e-05
5.60263e-05
-2.10249e-05
5.70387e-05
-1.96792e-05
5.93115e-05
-1.78036e-05
6.24213e-05
-1.5204e-05
6.62144e-05
-1.21558e-05
7.01625e-05
-9.12962e-06
7.38224e-05
-6.26708e-06
7.56597e-05
-3.16838e-06
7.2656e-05
6.3436e-05
-6.99084e-05
1.53208e-05
-6.57191e-05
2.37078e-05
-6.04769e-05
3.17878e-05
-5.41735e-05
3.92379e-05
-4.71046e-05
4.55061e-05
-3.99318e-05
5.00286e-05
-3.34482e-05
5.25728e-05
-2.84314e-05
5.33689e-05
-2.52377e-05
5.32209e-05
-2.29886e-05
5.37772e-05
-2.10471e-05
5.50972e-05
-1.89521e-05
5.72166e-05
-1.65126e-05
5.99818e-05
-1.36793e-05
6.33812e-05
-1.07044e-05
6.71875e-05
-7.9222e-06
7.10402e-05
-5.27231e-06
7.30098e-05
-2.3682e-06
6.97519e-05
6.10678e-05
-6.57211e-05
1.23875e-05
-6.20123e-05
1.99989e-05
-5.74785e-05
2.72539e-05
-5.21452e-05
3.39046e-05
-4.62478e-05
3.96086e-05
-4.025e-05
4.40307e-05
-3.47067e-05
4.70295e-05
-3.01097e-05
4.87719e-05
-2.66512e-05
4.97624e-05
-2.38e-05
5.09261e-05
-2.11529e-05
5.24501e-05
-1.84166e-05
5.44803e-05
-1.55006e-05
5.70658e-05
-1.24504e-05
6.0331e-05
-9.4982e-06
6.42353e-05
-6.87425e-06
6.84163e-05
-4.29903e-06
7.04346e-05
-1.69177e-06
6.71446e-05
5.9376e-05
-6.18802e-05
9.87783e-06
-5.87049e-05
1.68234e-05
-5.48474e-05
2.33963e-05
-5.03553e-05
2.94124e-05
-4.54093e-05
3.46626e-05
-4.0324e-05
3.89454e-05
-3.54679e-05
4.21733e-05
-3.11483e-05
4.44523e-05
-2.748e-05
4.60941e-05
-2.41841e-05
4.76301e-05
-2.10214e-05
4.92874e-05
-1.7821e-05
5.128e-05
-1.45557e-05
5.38005e-05
-1.13317e-05
5.7107e-05
-8.37919e-06
6.12828e-05
-5.84338e-06
6.58805e-05
-3.36083e-06
6.79521e-05
-1.26084e-06
6.50447e-05
5.81152e-05
-5.78795e-05
7.78714e-06
-5.5205e-05
1.41488e-05
-5.195e-05
2.01412e-05
-4.81688e-05
2.56312e-05
-4.39952e-05
3.04889e-05
-3.96387e-05
3.45888e-05
-3.53383e-05
3.78728e-05
-3.12896e-05
4.04036e-05
-2.75709e-05
4.23754e-05
-2.40507e-05
4.411e-05
-2.05981e-05
4.58347e-05
-1.71214e-05
4.78032e-05
-1.36401e-05
5.03192e-05
-1.03011e-05
5.3768e-05
-7.33482e-06
5.83165e-05
-4.83252e-06
6.33782e-05
-2.63196e-06
6.57515e-05
-1.05824e-06
6.34709e-05
5.7057e-05
-5.36863e-05
6.0606e-06
-5.14453e-05
1.19077e-05
-4.87037e-05
1.73995e-05
-4.55135e-05
2.24408e-05
-4.19728e-05
2.69482e-05
-3.82206e-05
3.08366e-05
-3.44118e-05
3.40641e-05
-3.06735e-05
3.66652e-05
-2.70622e-05
3.87641e-05
-2.35224e-05
4.05701e-05
-1.99818e-05
4.22942e-05
-1.63994e-05
4.42208e-05
-1.28256e-05
4.67454e-05
-9.4446e-06
5.03871e-05
-6.48768e-06
5.53596e-05
-4.0246e-06
6.09151e-05
-2.15359e-06
6.38805e-05
-9.81271e-07
6.22987e-05
5.60757e-05
-4.94452e-05
4.64421e-06
-4.75731e-05
1.00355e-05
-4.5266e-05
1.50923e-05
-4.25705e-05
1.97453e-05
-3.9559e-05
2.39366e-05
-3.63255e-05
2.7603e-05
-3.29708e-05
3.07094e-05
-2.95791e-05
3.32734e-05
-2.6191e-05
3.5376e-05
-2.27844e-05
3.71635e-05
-1.93203e-05
3.883e-05
-1.5783e-05
4.06835e-05
-1.22399e-05
4.32023e-05
-8.89776e-06
4.70449e-05
-5.9972e-06
5.24591e-05
-3.62201e-06
5.85399e-05
-1.94519e-06
6.22037e-05
-9.25749e-07
6.12792e-05
5.51499e-05
-4.53004e-05
3.49583e-06
-4.3749e-05
8.48406e-06
-4.18168e-05
1.316e-05
-3.95456e-05
1.7474e-05
-3.69893e-05
2.13802e-05
-3.42125e-05
2.4826e-05
-3.12833e-05
2.77802e-05
-2.82582e-05
3.02483e-05
-2.51675e-05
3.22853e-05
-2.20032e-05
3.39991e-05
-1.87413e-05
3.55681e-05
-1.53783e-05
3.73205e-05
-1.1986e-05
3.981e-05
-8.76587e-06
4.38247e-05
-5.94736e-06
4.96405e-05
-3.64137e-06
5.62339e-05
-1.99419e-06
6.05565e-05
-8.93617e-07
6.01786e-05
5.42563e-05
-4.13386e-05
2.58963e-06
-4.00735e-05
7.21879e-06
-3.84741e-05
1.15605e-05
-3.65765e-05
1.55764e-05
-3.44219e-05
1.92255e-05
-3.20564e-05
2.24604e-05
-2.9528e-05
2.52518e-05
-2.68785e-05
2.75987e-05
-2.4131e-05
2.95378e-05
-2.12837e-05
3.11518e-05
-1.83196e-05
3.2604e-05
-1.52392e-05
3.424e-05
-1.2108e-05
3.66788e-05
-9.07839e-06
4.07951e-05
-6.33266e-06
4.68948e-05
-4.00171e-06
5.39029e-05
-2.22307e-06
5.87779e-05
-9.12123e-07
5.88676e-05
5.33442e-05
-3.75925e-05
1.90593e-06
-3.65895e-05
6.2157e-06
-3.52912e-05
1.02622e-05
-3.37292e-05
1.40144e-05
-3.1936e-05
1.74322e-05
-2.99466e-05
2.04711e-05
-2.77984e-05
2.31036e-05
-2.55241e-05
2.53243e-05
-2.31444e-05
2.7158e-05
-2.06603e-05
2.86677e-05
-1.8061e-05
3.00047e-05
-1.53453e-05
3.15242e-05
-1.25598e-05
3.38933e-05
-9.76484e-06
3.80001e-05
-7.05269e-06
4.41826e-05
-4.56905e-06
5.14193e-05
-2.51945e-06
5.67282e-05
-9.39951e-07
5.72881e-05
5.24042e-05
-3.40672e-05
1.42979e-06
-3.33047e-05
5.45307e-06
-3.22818e-05
9.23922e-06
-3.1025e-05
1.27575e-05
-2.95604e-05
1.59675e-05
-2.79171e-05
1.88277e-05
-2.61253e-05
2.13117e-05
-2.4215e-05
2.34139e-05
-2.22051e-05
2.51481e-05
-2.01007e-05
2.65633e-05
-1.78953e-05
2.77992e-05
-1.55848e-05
2.92137e-05
-1.3176e-05
3.14845e-05
-1.06193e-05
3.54434e-05
-7.89866e-06
4.1462e-05
-5.16019e-06
4.86808e-05
-2.75673e-06
5.43248e-05
-9.23298e-07
5.54547e-05
5.14809e-05
-3.07523e-05
1.14098e-06
-3.02105e-05
4.91122e-06
-2.94401e-05
8.46871e-06
-2.84611e-05
1.17784e-05
-2.7295e-05
1.48013e-05
-2.59658e-05
1.74985e-05
-2.44995e-05
1.98453e-05
-2.29226e-05
2.1837e-05
-2.12547e-05
2.34801e-05
-1.95057e-05
2.48143e-05
-1.76764e-05
2.59699e-05
-1.57534e-05
2.72907e-05
-1.36938e-05
2.94249e-05
-1.13529e-05
3.31025e-05
-8.61448e-06
3.87236e-05
-5.60103e-06
4.56673e-05
-2.841e-06
5.15647e-05
-8.32321e-07
5.3446e-05
5.06486e-05
-2.76298e-05
1.03051e-06
-2.7293e-05
4.57439e-06
-2.67514e-05
7.92704e-06
-2.60231e-05
1.10501e-05
-2.51227e-05
1.39008e-05
-2.40681e-05
1.64439e-05
-2.28818e-05
1.86589e-05
-2.15846e-05
2.05398e-05
-2.01974e-05
2.20929e-05
-1.87389e-05
2.33558e-05
-1.72186e-05
2.44495e-05
-1.56185e-05
2.56907e-05
-1.3852e-05
2.76582e-05
-1.17103e-05
3.09607e-05
-9.00967e-06
3.6023e-05
-5.80571e-06
4.24634e-05
-2.76683e-06
4.85258e-05
-6.78066e-07
5.13572e-05
4.99705e-05
-2.46837e-05
1.0797e-06
-2.45337e-05
4.42431e-06
-2.4198e-05
7.59125e-06
-2.36887e-05
1.05408e-05
-2.30137e-05
1.32258e-05
-2.21838e-05
1.5614e-05
-2.12142e-05
1.76893e-05
-2.01226e-05
1.94482e-05
-1.89337e-05
2.0904e-05
-1.76784e-05
2.21004e-05
-1.63825e-05
2.31535e-05
-1.50269e-05
2.43351e-05
-1.35069e-05
2.61382e-05
-1.15818e-05
2.90357e-05
-9.03171e-06
3.34729e-05
-5.81373e-06
3.92454e-05
-2.63651e-06
4.53486e-05
-5.17412e-07
4.92381e-05
4.94531e-05
-2.18976e-05
1.27696e-06
-2.19115e-05
4.43818e-06
-2.17563e-05
7.43593e-06
-2.14272e-05
1.02117e-05
-2.09268e-05
1.27254e-05
-2.02573e-05
1.49444e-05
-1.94296e-05
1.68615e-05
-1.84632e-05
1.84818e-05
-1.73934e-05
1.98342e-05
-1.62668e-05
2.09739e-05
-1.51296e-05
2.20162e-05
-1.39684e-05
2.3174e-05
-1.2681e-05
2.48507e-05
-1.10206e-05
2.73753e-05
-8.75372e-06
3.12059e-05
-5.74825e-06
3.62399e-05
-2.61474e-06
4.22151e-05
-4.33419e-07
4.70568e-05
4.90196e-05
-1.92494e-05
1.60306e-06
-1.94086e-05
4.59735e-06
-1.93947e-05
7.42197e-06
-1.91967e-05
1.00137e-05
-1.88046e-05
1.23334e-05
-1.8222e-05
1.43618e-05
-1.74608e-05
1.61003e-05
-1.65536e-05
1.75746e-05
-1.55516e-05
1.88322e-05
-1.45218e-05
1.9944e-05
-1.35243e-05
2.10187e-05
-1.25515e-05
2.22012e-05
-1.1515e-05
2.38143e-05
-1.01798e-05
2.604e-05
-8.3093e-06
2.93355e-05
-5.71972e-06
3.36503e-05
-2.81774e-06
3.93131e-05
-5.06225e-07
4.47453e-05
4.85134e-05
-1.67185e-05
2.04147e-06
-1.69916e-05
4.87048e-06
-1.70721e-05
7.50239e-06
-1.69374e-05
9.87905e-06
-1.65801e-05
1.1976e-05
-1.6009e-05
1.37907e-05
-1.52553e-05
1.53465e-05
-1.43737e-05
1.66931e-05
-1.34371e-05
1.78956e-05
-1.25201e-05
1.90271e-05
-1.16878e-05
2.01864e-05
-1.09331e-05
2.14465e-05
-1.01782e-05
2.30593e-05
-9.21319e-06
2.50751e-05
-7.80659e-06
2.79289e-05
-5.75326e-06
3.1597e-05
-3.21964e-06
3.67795e-05
-7.71304e-07
4.22969e-05
4.77421e-05
-1.42798e-05
2.56741e-06
-1.46181e-05
5.20874e-06
-1.47245e-05
7.60879e-06
-1.4577e-05
9.73154e-06
-1.41783e-05
1.15773e-05
-1.35648e-05
1.31772e-05
-1.27977e-05
1.45794e-05
-1.1957e-05
1.58524e-05
-1.11279e-05
1.70665e-05
-1.03792e-05
1.82784e-05
-9.7602e-06
1.95675e-05
-9.25568e-06
2.09419e-05
-8.79531e-06
2.25989e-05
-8.20786e-06
2.44876e-05
-7.27375e-06
2.69948e-05
-5.78153e-06
3.01048e-05
-3.68238e-06
3.46803e-05
-1.21444e-06
3.9829e-05
4.65277e-05
-1.1887e-05
3.13804e-06
-1.22233e-05
5.54499e-06
-1.22727e-05
7.65818e-06
-1.20326e-05
9.49143e-06
-1.15446e-05
1.10893e-05
-1.08831e-05
1.25156e-05
-1.01408e-05
1.38371e-05
-9.40728e-06
1.51189e-05
-8.75761e-06
1.64168e-05
-8.23413e-06
1.77549e-05
-7.86198e-06
1.91953e-05
-7.61375e-06
2.06937e-05
-7.42598e-06
2.24112e-05
-7.17351e-06
2.42352e-05
-6.66576e-06
2.6487e-05
-5.69413e-06
2.91332e-05
-4.05498e-06
3.30412e-05
-1.76681e-06
3.75408e-05
4.47608e-05
-9.46711e-06
3.67758e-06
-9.70812e-06
5.78599e-06
-9.6208e-06
7.57086e-06
-9.25149e-06
9.12211e-06
-8.69277e-06
1.05305e-05
-8.05451e-06
1.18774e-05
-7.43138e-06
1.3214e-05
-6.89391e-06
1.45814e-05
-6.48408e-06
1.6007e-05
-6.21352e-06
1.74843e-05
-6.07656e-06
1.90584e-05
-6.04978e-06
2.06669e-05
-6.07507e-06
2.24365e-05
-6.07496e-06
2.42351e-05
-5.90142e-06
2.63135e-05
-5.37242e-06
2.86042e-05
-4.20024e-06
3.1869e-05
-2.28277e-06
3.56233e-05
4.24781e-05
-6.9123e-06
4.09411e-06
-6.97872e-06
5.85241e-06
-6.73252e-06
7.32468e-06
-6.28962e-06
8.67921e-06
-5.77419e-06
1.00151e-05
-5.28248e-06
1.13857e-05
-4.88524e-06
1.28168e-05
-4.60164e-06
1.42978e-05
-4.4399e-06
1.58453e-05
-4.39196e-06
1.74364e-05
-4.44034e-06
1.91068e-05
-4.56624e-06
2.07929e-05
-4.72532e-06
2.25956e-05
-4.87828e-06
2.4388e-05
-4.92264e-06
2.63579e-05
-4.72373e-06
2.84053e-05
-3.98705e-06
3.11324e-05
-2.5402e-06
3.41765e-05
3.99379e-05
-4.15769e-06
4.27571e-06
-4.04926e-06
5.744e-06
-3.74899e-06
7.02443e-06
-3.39655e-06
8.3268e-06
-3.07964e-06
9.69823e-06
-2.84424e-06
1.11503e-05
-2.70116e-06
1.26737e-05
-2.65161e-06
1.42483e-05
-2.68362e-06
1.58773e-05
-2.78668e-06
1.75395e-05
-2.94243e-06
1.92625e-05
-3.14294e-06
2.09934e-05
-3.36145e-06
2.28141e-05
-3.5786e-06
2.46052e-05
-3.7361e-06
2.65154e-05
-3.73353e-06
2.84027e-05
-3.33948e-06
3.07383e-05
-2.35019e-06
3.31872e-05
3.75877e-05
-1.34601e-06
-1.2565e-06
-1.11444e-06
-9.98935e-07
-9.34085e-07
-9.2488e-07
-9.67541e-07
-1.05677e-06
-1.18608e-06
-1.34976e-06
-1.54334e-06
-1.7642e-06
-1.9955e-06
-2.22549e-06
-2.41594e-06
-2.49726e-06
-2.31895e-06
-1.6718e-06
)
;

boundaryField
{
    leftWall
    {
        type            calculated;
        value           uniform 0;
    }
    rightWall
    {
        type            calculated;
        value           uniform 0;
    }
    lowerWall
    {
        type            calculated;
        value           uniform 0;
    }
    atmosphere
    {
        type            calculated;
        value           nonuniform List<scalar> 
46
(
-1.08765e-05
-8.56687e-06
-9.01843e-06
-1.13692e-05
-1.4402e-05
-1.74593e-05
-2.01657e-05
-2.23147e-05
-2.3813e-05
-2.46452e-05
-2.48433e-05
-2.44625e-05
-2.35683e-05
-2.22279e-05
-2.05056e-05
-1.84601e-05
-1.61466e-05
-1.36178e-05
-1.09215e-05
-8.12471e-06
-5.30992e-06
-2.58722e-06
-2.23442e-07
6.05721e-07
9.42247e-07
1.22067e-06
1.46431e-06
4.35142e-06
5.65451e-06
6.88237e-06
8.21131e-06
9.63339e-06
1.11411e-05
1.27164e-05
1.43375e-05
1.60066e-05
1.77032e-05
1.94561e-05
2.12143e-05
2.30454e-05
2.48352e-05
2.67058e-05
2.84841e-05
3.056e-05
3.25401e-05
3.59159e-05
)
;
    }
    defaultFaces
    {
        type            empty;
        value           nonuniform List<scalar> 0();
    }
}


// ************************************************************************* //
