/*--------------------------------*- C++ -*----------------------------------*\
| =========                 |                                                 |
| \\      /  F ield         | OpenFOAM: The Open Source CFD Toolbox           |
|  \\    /   O peration     | Version:  2312                                  |
|   \\  /    A nd           | Website:  www.openfoam.com                      |
|    \\/     M anipulation  |                                                 |
\*---------------------------------------------------------------------------*/
FoamFile
{
    version     2.0;
    format      ascii;
    arch        "LSB;label=32;scalar=64";
    class       volVectorField;
    location    "3";
    object      U;
}
// * * * * * * * * * * * * * * * * * * * * * * * * * * * * * * * * * * * * * //

dimensions      [0 1 -1 0 0 0 0];

internalField   nonuniform List<vector> 
2268
(
(0.000567449 -0.00128989 0)
(-0.0156719 0.00350906 0)
(-0.0370558 0.00487867 0)
(-0.0581746 0.00504919 0)
(-0.077183 0.00432666 0)
(-0.0919425 0.00319303 0)
(-0.101495 0.0018307 0)
(-0.105228 0.000449832 0)
(-0.1034 -0.000785837 0)
(-0.0967923 -0.00181376 0)
(-0.086471 -0.00260147 0)
(-0.0739059 -0.00301038 0)
(-0.0608209 -0.00299228 0)
(-0.0486395 -0.00269908 0)
(-0.0381418 -0.00227394 0)
(-0.0296602 -0.00178893 0)
(-0.0233554 -0.00128688 0)
(-0.0192656 -0.000818373 0)
(-0.0169732 -0.000552346 0)
(-0.0153965 -0.000571647 0)
(-0.0132966 -0.000824122 0)
(-0.00998294 -0.00110738 0)
(-0.00718985 -0.0023638 0)
(-0.0107473 0.00855432 0)
(-0.028494 0.0145824 0)
(-0.0500595 0.0150654 0)
(-0.0693454 0.0141515 0)
(-0.0865564 0.0118701 0)
(-0.0998912 0.00859881 0)
(-0.10834 0.00468258 0)
(-0.111136 0.000602355 0)
(-0.108497 -0.0031492 0)
(-0.101177 -0.00623252 0)
(-0.0901597 -0.00846987 0)
(-0.0768921 -0.00949607 0)
(-0.0632127 -0.0092359 0)
(-0.0506252 -0.00817714 0)
(-0.0398569 -0.00677277 0)
(-0.0311579 -0.00523832 0)
(-0.0246413 -0.00365236 0)
(-0.0203797 -0.00210865 0)
(-0.0179613 -0.00114512 0)
(-0.0161919 -0.00105909 0)
(-0.0136914 -0.0017284 0)
(-0.00986275 -0.002568 0)
(-0.00617691 -0.00585915 0)
(-0.0161453 0.0178081 0)
(-0.0370002 0.0236126 0)
(-0.0595534 0.0240548 0)
(-0.0788784 0.0222513 0)
(-0.0957857 0.0185147 0)
(-0.108657 0.0132587 0)
(-0.116434 0.00694097 0)
(-0.118346 0.000407178 0)
(-0.114729 -0.0055951 0)
(-0.1064 -0.0106054 0)
(-0.0942717 -0.0143357 0)
(-0.0797953 -0.0160432 0)
(-0.0650481 -0.0155559 0)
(-0.0517114 -0.0137745 0)
(-0.0404424 -0.0114548 0)
(-0.0313305 -0.00892864 0)
(-0.0243751 -0.00629659 0)
(-0.0197442 -0.0036822 0)
(-0.0170926 -0.00210152 0)
(-0.0150473 -0.00205708 0)
(-0.012039 -0.00337352 0)
(-0.00779625 -0.00481678 0)
(-0.00277044 -0.00890039 0)
(-0.0196372 0.0329318 0)
(-0.0434657 0.0360466 0)
(-0.0675477 0.0348157 0)
(-0.0877054 0.0315222 0)
(-0.105057 0.0259158 0)
(-0.117997 0.0183277 0)
(-0.125397 0.00928016 0)
(-0.126554 -0.000131281 0)
(-0.122025 -0.00875052 0)
(-0.112638 -0.015902 0)
(-0.0992258 -0.021268 0)
(-0.0833056 -0.023677 0)
(-0.0672913 -0.0227847 0)
(-0.0530118 -0.0200042 0)
(-0.040981 -0.0164518 0)
(-0.0311365 -0.012683 0)
(-0.0233872 -0.00887786 0)
(-0.0180546 -0.00500598 0)
(-0.0149943 -0.002733 0)
(-0.0126952 -0.00274505 0)
(-0.00936245 -0.00482652 0)
(-0.00528419 -0.00696841 0)
(0.000439363 -0.0100618 0)
(-0.0199992 0.0472939 0)
(-0.0449659 0.0480267 0)
(-0.0708141 0.0453486 0)
(-0.0929084 0.040699 0)
(-0.112252 0.033423 0)
(-0.126777 0.0234256 0)
(-0.134786 0.011267 0)
(-0.13556 -0.000942018 0)
(-0.129679 -0.0122538 0)
(-0.118671 -0.021513 0)
(-0.103879 -0.0288516 0)
(-0.0868879 -0.0321141 0)
(-0.0701801 -0.0306353 0)
(-0.0553549 -0.02673 0)
(-0.0426393 -0.022071 0)
(-0.0320273 -0.0174974 0)
(-0.0238299 -0.0126897 0)
(-0.0180756 -0.0070424 0)
(-0.0147305 -0.00408957 0)
(-0.012278 -0.00486881 0)
(-0.00900588 -0.00854114 0)
(-0.00569714 -0.0124385 0)
(0.000527034 -0.0147298 0)
(-0.0175554 0.0573373 0)
(-0.0419202 0.0566041 0)
(-0.0693101 0.0536842 0)
(-0.092912 0.0485322 0)
(-0.113635 0.039995 0)
(-0.128741 0.0276743 0)
(-0.136185 0.0125312 0)
(-0.136078 -0.00339148 0)
(-0.12963 -0.0175235 0)
(-0.118764 -0.0290915 0)
(-0.104839 -0.0376202 0)
(-0.0891028 -0.0404467 0)
(-0.0737331 -0.0372424 0)
(-0.059812 -0.0316869 0)
(-0.0470757 -0.0265694 0)
(-0.0368189 -0.0228231 0)
(-0.031521 -0.0191591 0)
(-0.0271088 -0.0137366 0)
(-0.0229448 -0.00884621 0)
(-0.0201016 -0.0077563 0)
(-0.0174692 -0.0104038 0)
(-0.0137612 -0.0135979 0)
(-0.00737372 -0.0113666 0)
(-0.0141984 0.069901 0)
(-0.0352953 0.0685322 0)
(-0.0620981 0.0646996 0)
(-0.0851071 0.0583461 0)
(-0.105231 0.0487133 0)
(-0.120551 0.0348495 0)
(-0.130424 0.0170641 0)
(-0.132035 -0.00155431 0)
(-0.123472 -0.0170021 0)
(-0.113172 -0.0287361 0)
(-0.0999358 -0.0385844 0)
(-0.0852478 -0.0432321 0)
(-0.0698414 -0.0419943 0)
(-0.0527451 -0.0386227 0)
(-0.0325572 -0.0343604 0)
(-0.0221812 -0.0241958 0)
(-0.0424502 -0.0055131 0)
(-0.0766448 -0.000152659 0)
(-0.0923833 0.00063702 0)
(-0.101685 -0.000613315 0)
(-0.103062 -0.00440039 0)
(-0.0849433 -0.0104916 0)
(-0.085119 -0.0250963 0)
(-0.00148418 0.0896827 0)
(0.00187101 0.0905336 0)
(-0.00994199 0.0866128 0)
(-0.0236008 0.0769808 0)
(-0.0395318 0.0601526 0)
(-0.0455568 0.0392325 0)
(-0.0370882 0.0138571 0)
(-0.00926015 -0.010158 0)
(0.0119329 -0.0289534 0)
(-0.00495598 -0.0408072 0)
(-0.0137847 -0.0543542 0)
(-0.0182317 -0.0584697 0)
(-0.0290113 -0.0538232 0)
(-0.0413298 -0.0473681 0)
(-0.0499039 -0.039862 0)
(-0.0897889 -0.0144875 0)
(-0.124801 0.00372259 0)
(-0.115387 -0.00264412 0)
(-0.114755 -0.00315663 0)
(-0.117476 -0.00645533 0)
(-0.119055 -0.0130406 0)
(-0.110281 -0.0340003 0)
(-0.13243 -0.0959043 0)
(-0.0379061 0.0211788 0)
(-0.0732988 0.0134446 0)
(-0.115645 0.00832394 0)
(-0.133929 0.00100166 0)
(-0.126249 -0.00289176 0)
(-0.105619 -0.00345208 0)
(-0.0875354 -0.00338936 0)
(-0.0739406 -0.00208909 0)
(-0.0737453 0.00125929 0)
(-0.0903624 0.00298565 0)
(-0.110707 0.00105525 0)
(-0.121416 -0.00337869 0)
(-0.115852 -0.00761675 0)
(-0.0945904 -0.0104661 0)
(-0.0642543 -0.0113413 0)
(-0.0343047 -0.0101442 0)
(-0.0100408 -0.00587746 0)
(0.0100186 -0.000682386 0)
(0.00182668 -0.00232024 0)
(-0.0110125 0.020787 0)
(-0.0453436 0.0203111 0)
(-0.0815644 0.0175735 0)
(-0.0977136 0.0037272 0)
(-0.086829 -0.010546 0)
(-0.0619319 -0.0135642 0)
(-0.0422562 -0.0112039 0)
(-0.0254427 -0.00564376 0)
(-0.0181811 0.00726389 0)
(-0.0312831 0.0146748 0)
(-0.0518946 0.013008 0)
(-0.0663083 0.00561192 0)
(-0.0724585 -0.00333811 0)
(-0.0692721 -0.0122624 0)
(-0.0567795 -0.0172881 0)
(-0.0449185 -0.0165952 0)
(-0.0308079 -0.0129479 0)
(-0.0118069 -0.00574856 0)
(-0.000562679 0.00758141 0)
(-0.0183917 0.0422923 0)
(-0.064228 0.0392486 0)
(-0.0954753 0.0270555 0)
(-0.103644 0.00333263 0)
(-0.0931914 -0.0186973 0)
(-0.0689351 -0.0227631 0)
(-0.0429575 -0.0194813 0)
(-0.0215289 -0.0130022 0)
(-0.00713757 0.0033109 0)
(-0.012472 0.0166207 0)
(-0.0365324 0.0161075 0)
(-0.0595068 0.00595557 0)
(-0.07272 -0.00680339 0)
(-0.0761968 -0.0160242 0)
(-0.0712491 -0.0207414 0)
(-0.0661441 -0.0191912 0)
(-0.0606979 -0.0162293 0)
(-0.0556248 -0.012006 0)
(-0.0218039 -0.00798948 0)
(-0.0270901 0.0650575 0)
(-0.0163552 0.0740827 0)
(-0.106306 0.0492983 0)
(-0.161183 1.77009e-05 0)
(-0.150767 -0.0258028 0)
(-0.120513 -0.0312275 0)
(-0.0797551 -0.0285021 0)
(-0.0377559 -0.0182849 0)
(-0.0138309 0.00310555 0)
(-0.0191835 0.0275728 0)
(-0.0765418 0.0322622 0)
(-0.141012 0.0236332 0)
(-0.169675 0.00374088 0)
(-0.138061 -0.0139873 0)
(-0.0814662 -0.0225131 0)
(-0.0295238 -0.017259 0)
(-0.0109458 -0.0125157 0)
(-0.0366455 -0.0236147 0)
(-0.00392001 -0.0305349 0)
(-0.038148 0.0692076 0)
(0.029191 0.0516866 0)
(0.0145799 0.0914351 0)
(-0.0700943 0.0256607 0)
(-0.18431 -0.0405399 0)
(-0.213217 -0.0569565 0)
(-0.193515 -0.0641315 0)
(-0.162231 -0.0424696 0)
(-0.139056 -0.000714591 0)
(-0.153929 0.0487394 0)
(-0.213155 0.0688069 0)
(-0.259389 0.0517381 0)
(-0.235002 -0.0127472 0)
(-0.140029 -0.0639175 0)
(-0.0605423 -0.0702058 0)
(0.0398351 -0.0536768 0)
(0.122256 -0.0132048 0)
(0.0874702 -0.000653081 0)
(0.0264001 -0.0235122 0)
(0.0393429 0.0693249 0)
(0.103183 0.0540502 0)
(0.0636019 0.109348 0)
(-0.0213577 0.0845511 0)
(-0.160379 0.0291234 0)
(-0.24548 -0.0413581 0)
(-0.244034 -0.0670212 0)
(-0.236036 -0.0419987 0)
(-0.230682 0.0069028 0)
(-0.223744 0.0496476 0)
(-0.234807 0.0712186 0)
(-0.230488 0.0409904 0)
(-0.173835 -0.0481145 0)
(-0.122717 -0.0951237 0)
(-0.0921269 -0.096524 0)
(-0.0357654 -0.0997141 0)
(0.077329 -0.0431585 0)
(0.119839 0.0207554 0)
(0.0771488 0.00953513 0)
(0.0595578 0.00149132 0)
(0.101046 0.0411863 0)
(0.0678273 0.132408 0)
(-0.0361221 0.122978 0)
(-0.143338 0.0719838 0)
(-0.237644 -0.0141024 0)
(-0.283955 -0.0616181 0)
(-0.317149 -0.036928 0)
(-0.319176 0.0108131 0)
(-0.266849 0.0385571 0)
(-0.214242 0.0653022 0)
(-0.16834 0.0363812 0)
(-0.114535 -0.0589186 0)
(-0.134103 -0.0966871 0)
(-0.136892 -0.105911 0)
(-0.113181 -0.125145 0)
(-0.0439771 -0.0879332 0)
(0.0708119 0.0216411 0)
(0.0610793 0.0406639 0)
(-0.0133638 -0.00682563 0)
(0.0100069 0.0318084 0)
(0.00742545 0.166038 0)
(-0.08107 0.159485 0)
(-0.150554 0.106824 0)
(-0.240249 0.0204257 0)
(-0.298892 -0.0416581 0)
(-0.329076 -0.0302474 0)
(-0.322266 -0.00335184 0)
(-0.260693 -0.00136543 0)
(-0.187568 0.0284569 0)
(-0.115973 0.0143106 0)
(-0.101162 -0.0520945 0)
(-0.167115 -0.08016 0)
(-0.189316 -0.106433 0)
(-0.182921 -0.138791 0)
(-0.154656 -0.13188 0)
(0.000193113 0.00432465 0)
(0.0517969 0.0550675 0)
(-0.00339553 0.0738728 0)
(0.0141789 0.0757388 0)
(0.0202838 0.0772151 0)
(0.0311409 0.0721358 0)
(0.0405108 0.0574475 0)
(0.0654924 0.0307895 0)
(0.0889644 0.00265145 0)
(0.105761 -0.0190746 0)
(0.111314 -0.0190518 0)
(0.108096 -0.0160105 0)
(0.0971564 -0.0240994 0)
(0.0806536 -0.0322761 0)
(0.05902 -0.0301837 0)
(0.0370413 -0.0228546 0)
(0.0173814 -0.0191259 0)
(-0.0187686 0.0247132 0)
(-0.0518601 0.0296697 0)
(-0.0516238 -0.0033354 0)
(-0.0737271 0.00767655 0)
(-0.090042 0.00629068 0)
(-0.104307 -0.00156592 0)
(-0.122739 -0.0317899 0)
(-0.171689 -0.091609 0)
(-0.0087163 0.07602 0)
(0.00218498 0.0688102 0)
(0.0101417 0.0692382 0)
(0.0293488 0.063036 0)
(0.0577211 0.0314398 0)
(0.0910528 -0.0060903 0)
(0.115869 -0.0269981 0)
(0.135218 -0.0297901 0)
(0.145632 -0.0262923 0)
(0.144145 -0.0264082 0)
(0.133143 -0.0283162 0)
(0.11224 -0.0241079 0)
(0.0842659 -0.0136181 0)
(0.0602078 -0.00381589 0)
(0.0358584 0.00625868 0)
(0.0131001 0.0351118 0)
(0.0284882 0.0198678 0)
(0.0249838 0.0135274 0)
(-0.00179822 0.0242002 0)
(-0.0201244 0.0222673 0)
(-0.033305 0.0189376 0)
(-0.0440468 0.0139584 0)
(-0.120129 0.00791741 0)
(-0.00160148 0.0724203 0)
(0.0236086 0.0509926 0)
(0.0370929 0.0368293 0)
(0.0738048 0.0103598 0)
(0.105445 -0.0111295 0)
(0.120331 -0.0313624 0)
(0.124878 -0.0505796 0)
(0.136048 -0.054216 0)
(0.15445 -0.0324375 0)
(0.153509 -0.0114684 0)
(0.132772 0.00245391 0)
(0.104857 0.0140148 0)
(0.0762978 0.0221917 0)
(0.0482458 0.0244754 0)
(0.0151478 0.0311042 0)
(0.00423633 0.0364585 0)
(-0.00304223 0.0231014 0)
(-0.0318028 0.0436048 0)
(-0.0568432 0.0546464 0)
(-0.0806467 0.0447396 0)
(-0.104821 0.0308223 0)
(-0.133836 0.0474085 0)
(-0.178201 0.115016 0)
(0.0204409 0.0601145 0)
(0.0510207 0.0407452 0)
(0.0802337 0.0213791 0)
(0.110526 -0.000104355 0)
(0.128896 -0.00611689 0)
(0.136775 -0.0165404 0)
(0.125913 -0.0280368 0)
(0.102829 -0.0614783 0)
(0.110174 -0.0364173 0)
(0.099576 0.00351217 0)
(0.0763967 0.0225303 0)
(0.0583889 0.0330892 0)
(0.0429077 0.0450936 0)
(0.0251543 0.0541705 0)
(0.00621751 0.0574372 0)
(-0.00597066 0.0529132 0)
(-0.0222357 0.0500453 0)
(-0.0363485 0.0604462 0)
(-0.040408 0.0647962 0)
(-0.0474625 0.0643529 0)
(-0.0619703 0.0639287 0)
(-0.0849826 0.0839599 0)
(-0.107777 0.132576 0)
(0.011177 0.00329976 0)
(0.0330143 -0.0050833 0)
(0.0414168 -0.0221172 0)
(0.0503973 -0.0350303 0)
(0.0651487 -0.042744 0)
(0.0814793 -0.046045 0)
(0.0988716 -0.0192323 0)
(0.0441427 -0.0495054 0)
(0.0200522 -0.0185746 0)
(0.0172692 0.0243331 0)
(0.0285848 0.0286358 0)
(0.0449211 0.0357294 0)
(0.0605834 0.0471323 0)
(0.0724225 0.056929 0)
(0.0790325 0.0601344 0)
(0.078757 0.0617317 0)
(0.0679311 0.0625188 0)
(0.0499356 0.0666634 0)
(0.0346048 0.0706492 0)
(0.0185825 0.0749351 0)
(-0.00246645 0.0794865 0)
(-0.0249869 0.0944841 0)
(-0.0334929 0.128033 0)
(-0.0152861 0.00155308 0)
(-0.0030518 0.00258654 0)
(-0.0198016 -0.0122596 0)
(-0.00635591 -0.0299414 0)
(-0.0100866 -0.0457343 0)
(-0.0438497 -0.0347378 0)
(-0.0267077 0.0423461 0)
(-0.0311817 -0.00204109 0)
(-0.011613 -0.00722002 0)
(0.0385491 0.00179038 0)
(0.0854689 0.00120662 0)
(0.123654 0.0117388 0)
(0.155377 0.0273027 0)
(0.179665 0.0426421 0)
(0.193336 0.0561879 0)
(0.195142 0.0699733 0)
(0.184269 0.0825904 0)
(0.165331 0.0907493 0)
(0.14566 0.0958031 0)
(0.122513 0.104981 0)
(0.089868 0.114676 0)
(0.0528258 0.121844 0)
(0.032338 0.131468 0)
(-0.0164822 0.0307375 0)
(-0.100186 0.0135949 0)
(-0.178183 -0.00641237 0)
(-0.146443 -0.0284808 0)
(-0.165136 -0.012976 0)
(-0.139684 -0.0319195 0)
(-0.0459464 -0.0577654 0)
(0.0383747 -0.0497579 0)
(0.0647621 -0.0919898 0)
(0.112597 -0.0836555 0)
(0.160007 -0.07032 0)
(0.201592 -0.048197 0)
(0.235672 -0.0219742 0)
(0.257498 0.00383502 0)
(0.267955 0.0268329 0)
(0.26496 0.0502787 0)
(0.250748 0.0708818 0)
(0.234848 0.0812619 0)
(0.220454 0.0904492 0)
(0.199332 0.113026 0)
(0.168534 0.137225 0)
(0.136641 0.144237 0)
(0.11418 0.13568 0)
(0.05273 0.0645583 0)
(0.112019 0.103216 0)
(0.201485 0.0734227 0)
(0.236664 -0.0379466 0)
(0.264572 -0.0704186 0)
(0.339724 -0.0913075 0)
(0.421432 -0.144219 0)
(0.514864 -0.114568 0)
(0.588681 -0.0769617 0)
(0.559304 -0.068513 0)
(0.436211 -0.031088 0)
(0.289702 -0.00920741 0)
(0.157292 0.00414756 0)
(0.110955 0.027633 0)
(0.0201244 0.0701362 0)
(0.0660873 0.090681 0)
(0.0949446 0.111151 0)
(0.127812 0.117423 0)
(0.157931 0.11998 0)
(0.174623 0.142437 0)
(0.177321 0.163495 0)
(0.16651 0.166089 0)
(0.152899 0.150278 0)
(0.0406607 -0.0802166 0)
(0.15554 -0.0970584 0)
(0.27079 -0.0863547 0)
(0.362572 -0.0996844 0)
(0.42215 -0.135935 0)
(0.44618 -0.211039 0)
(0.442274 -0.250136 0)
(0.424525 -0.19672 0)
(0.408747 -0.0833208 0)
(0.385024 0.021412 0)
(0.365407 0.0921045 0)
(0.36141 0.12163 0)
(0.36587 0.12006 0)
(0.378228 0.0958319 0)
(0.323749 0.105364 0)
(0.320116 0.0758045 0)
(0.294699 0.0461965 0)
(0.261274 0.0824366 0)
(0.230144 0.0769818 0)
(0.161717 0.138676 0)
(0.0387992 0.20031 0)
(0.0700172 0.176104 0)
(0.0911859 0.152454 0)
(0.0723004 -0.166215 0)
(0.164731 -0.179511 0)
(0.255901 -0.18276 0)
(0.336395 -0.178852 0)
(0.404021 -0.168251 0)
(0.440882 -0.164943 0)
(0.428624 -0.155763 0)
(0.382663 -0.111402 0)
(0.346283 -0.0399438 0)
(0.345187 0.0126293 0)
(0.371471 0.0437011 0)
(0.41055 0.0563454 0)
(0.454633 0.0558985 0)
(0.500642 0.0590038 0)
(0.533834 0.0760823 0)
(0.564803 0.0911642 0)
(0.5741 0.110522 0)
(0.556514 0.148008 0)
(0.512605 0.184186 0)
(0.444543 0.251496 0)
(0.358637 0.328286 0)
(0.257408 0.186097 0)
(0.139118 0.119505 0)
(0.0629344 -0.289999 0)
(0.145472 -0.272643 0)
(0.218371 -0.255369 0)
(0.275356 -0.239492 0)
(0.31656 -0.219728 0)
(0.342922 -0.190457 0)
(0.350791 -0.152838 0)
(0.346148 -0.108481 0)
(0.34701 -0.0594583 0)
(0.363491 -0.0170587 0)
(0.392861 0.00845426 0)
(0.430391 0.0175306 0)
(0.470367 0.0140617 0)
(0.50898 0.0156063 0)
(0.548013 0.0309034 0)
(0.58243 0.0567513 0)
(0.606395 0.092604 0)
(0.617963 0.141493 0)
(0.616366 0.199742 0)
(0.610084 0.268188 0)
(0.615617 0.323016 0)
(0.631259 0.314122 0)
(0.6023 0.249099 0)
(0.0386863 -0.376899 0)
(0.103924 -0.346018 0)
(0.157 -0.313679 0)
(0.199265 -0.281621 0)
(0.22833 -0.246213 0)
(0.24837 -0.203269 0)
(0.262104 -0.157045 0)
(0.271405 -0.110631 0)
(0.282464 -0.0692321 0)
(0.302014 -0.0384395 0)
(0.329899 -0.0262937 0)
(0.359684 -0.022499 0)
(0.386603 -0.023814 0)
(0.412092 -0.0207329 0)
(0.441104 -0.00336237 0)
(0.477925 0.0281666 0)
(0.516283 0.0712235 0)
(0.553153 0.12644 0)
(0.58757 0.190185 0)
(0.62251 0.254876 0)
(0.660712 0.294766 0)
(0.692845 0.293378 0)
(0.703919 0.273234 0)
(0.0188431 -0.431105 0)
(0.0609204 -0.393631 0)
(0.089425 -0.351715 0)
(0.114453 -0.310131 0)
(0.131902 -0.2672 0)
(0.146438 -0.220696 0)
(0.159108 -0.171976 0)
(0.169866 -0.12577 0)
(0.181467 -0.0901878 0)
(0.193932 -0.0646043 0)
(0.205005 -0.0502578 0)
(0.214299 -0.0395207 0)
(0.220157 -0.0382472 0)
(0.231275 -0.0388566 0)
(0.253153 -0.0312402 0)
(0.281946 -0.0133265 0)
(0.326065 0.0210079 0)
(0.380401 0.0748875 0)
(0.434053 0.138282 0)
(0.48935 0.198684 0)
(0.545444 0.240578 0)
(0.593032 0.257529 0)
(0.622448 0.259315 0)
(0.00387176 -0.457108 0)
(0.0222835 -0.415911 0)
(0.0270031 -0.367954 0)
(0.0335887 -0.321742 0)
(0.0351257 -0.276682 0)
(0.0370837 -0.229521 0)
(0.0393203 -0.180007 0)
(0.0401887 -0.132839 0)
(0.03788 -0.0931204 0)
(0.0312103 -0.0626439 0)
(0.0229675 -0.045943 0)
(0.0233814 -0.0360231 0)
(0.0282246 -0.0460671 0)
(0.0354993 -0.053767 0)
(0.0457953 -0.0498506 0)
(0.0571976 -0.0411092 0)
(0.0790869 -0.0179333 0)
(0.123586 0.0313168 0)
(0.194809 0.090176 0)
(0.264657 0.142926 0)
(0.334202 0.184421 0)
(0.394609 0.212186 0)
(0.440084 0.229659 0)
(-0.00816228 -0.458044 0)
(-0.0116206 -0.414224 0)
(-0.0277044 -0.36261 0)
(-0.039659 -0.313698 0)
(-0.0557501 -0.26782 0)
(-0.070815 -0.21964 0)
(-0.0864018 -0.168122 0)
(-0.103134 -0.117121 0)
(-0.120321 -0.0703413 0)
(-0.134932 -0.0412651 0)
(-0.139144 -0.0401591 0)
(-0.132312 -0.0484283 0)
(-0.123409 -0.052955 0)
(-0.123408 -0.0524862 0)
(-0.125417 -0.0515649 0)
(-0.121506 -0.0522498 0)
(-0.10747 -0.0432333 0)
(-0.0818424 -0.0232676 0)
(-0.0349718 0.00615794 0)
(0.0320674 0.0554829 0)
(0.099359 0.110812 0)
(0.163561 0.155005 0)
(0.220394 0.191639 0)
(-0.0182001 -0.437857 0)
(-0.0393049 -0.392368 0)
(-0.0709873 -0.339248 0)
(-0.0982383 -0.288454 0)
(-0.12841 -0.240933 0)
(-0.158145 -0.190267 0)
(-0.186697 -0.136628 0)
(-0.211145 -0.0872363 0)
(-0.225123 -0.0517842 0)
(-0.223622 -0.044013 0)
(-0.212711 -0.0555344 0)
(-0.204062 -0.0608332 0)
(-0.201398 -0.0523861 0)
(-0.20218 -0.0495123 0)
(-0.201983 -0.0551322 0)
(-0.19763 -0.0641361 0)
(-0.188033 -0.0606515 0)
(-0.175034 -0.0446496 0)
(-0.16119 -0.026895 0)
(-0.137147 0.00672115 0)
(-0.0938309 0.0544042 0)
(-0.0457625 0.100204 0)
(0.00733116 0.147147 0)
(-0.0253149 -0.4029 0)
(-0.0574123 -0.357536 0)
(-0.0980103 -0.304898 0)
(-0.132364 -0.254351 0)
(-0.166682 -0.207085 0)
(-0.197066 -0.160133 0)
(-0.219416 -0.115134 0)
(-0.229853 -0.0802192 0)
(-0.227506 -0.0595808 0)
(-0.219098 -0.0561136 0)
(-0.214301 -0.0614496 0)
(-0.21462 -0.0616049 0)
(-0.213545 -0.0548407 0)
(-0.208997 -0.0531016 0)
(-0.205239 -0.0586638 0)
(-0.205791 -0.0678321 0)
(-0.208863 -0.0655662 0)
(-0.211494 -0.0507305 0)
(-0.213945 -0.0344653 0)
(-0.211263 -0.0109005 0)
(-0.194276 0.0213411 0)
(-0.165983 0.0576885 0)
(-0.130593 0.0960557 0)
(-0.0288098 -0.359617 0)
(-0.0650944 -0.316803 0)
(-0.107314 -0.267808 0)
(-0.140137 -0.22157 0)
(-0.168533 -0.179391 0)
(-0.18967 -0.140998 0)
(-0.201219 -0.107038 0)
(-0.202961 -0.0816512 0)
(-0.198011 -0.066346 0)
(-0.191661 -0.0612983 0)
(-0.188352 -0.0619861 0)
(-0.187635 -0.061543 0)
(-0.186198 -0.0584909 0)
(-0.183422 -0.0567262 0)
(-0.182332 -0.0580643 0)
(-0.186618 -0.0609808 0)
(-0.195349 -0.057257 0)
(-0.203241 -0.0451539 0)
(-0.208465 -0.0314463 0)
(-0.210809 -0.0145715 0)
(-0.20734 0.00674469 0)
(-0.195228 0.0324792 0)
(-0.176729 0.060221 0)
(-0.0293315 -0.314026 0)
(-0.0650786 -0.275932 0)
(-0.104742 -0.233369 0)
(-0.132897 -0.194299 0)
(-0.154386 -0.159266 0)
(-0.167918 -0.128711 0)
(-0.17365 -0.103168 0)
(-0.172687 -0.0842114 0)
(-0.167748 -0.0722884 0)
(-0.162202 -0.0665628 0)
(-0.158516 -0.0644031 0)
(-0.156772 -0.0626463 0)
(-0.155691 -0.060202 0)
(-0.154974 -0.0580102 0)
(-0.155917 -0.0565251 0)
(-0.159901 -0.0545568 0)
(-0.16616 -0.0492068 0)
(-0.172447 -0.0396166 0)
(-0.177608 -0.0274285 0)
(-0.180974 -0.0129317 0)
(-0.181337 0.00367196 0)
(-0.177394 0.022149 0)
(-0.168846 0.041875 0)
(-0.0281924 -0.269813 0)
(-0.0613971 -0.237527 0)
(-0.0976235 -0.202632 0)
(-0.12178 -0.171702 0)
(-0.138871 -0.144416 0)
(-0.148364 -0.121073 0)
(-0.151498 -0.101959 0)
(-0.149812 -0.087467 0)
(-0.145443 -0.0775145 0)
(-0.140614 -0.0713327 0)
(-0.136894 -0.0674265 0)
(-0.134662 -0.064212 0)
(-0.133532 -0.0609684 0)
(-0.133342 -0.0577597 0)
(-0.134508 -0.0544817 0)
(-0.137411 -0.0502732 0)
(-0.141551 -0.0438011 0)
(-0.145827 -0.0346856 0)
(-0.149402 -0.0234204 0)
(-0.151658 -0.0104395 0)
(-0.152037 0.00360532 0)
(-0.150329 0.0181004 0)
(-0.145893 0.033013 0)
(-0.0264701 -0.228452 0)
(-0.0568196 -0.202089 0)
(-0.0901112 -0.174912 0)
(-0.111724 -0.151964 0)
(-0.126722 -0.132081 0)
(-0.134818 -0.11513 0)
(-0.137494 -0.101128 0)
(-0.136267 -0.0900761 0)
(-0.132849 -0.0817093 0)
(-0.128819 -0.0754581 0)
(-0.125293 -0.07053 0)
(-0.122749 -0.0661677 0)
(-0.121219 -0.0619261 0)
(-0.120695 -0.0576184 0)
(-0.121281 -0.0529839 0)
(-0.122981 -0.0474703 0)
(-0.125419 -0.0404248 0)
(-0.127946 -0.0315988 0)
(-0.129943 -0.0211441 0)
(-0.130887 -0.00940405 0)
(-0.130429 0.00303104 0)
(-0.128691 0.0154668 0)
(-0.125489 0.0277353 0)
(-0.0247338 -0.19014 0)
(-0.0525563 -0.169323 0)
(-0.083583 -0.149355 0)
(-0.103667 -0.133778 0)
(-0.117837 -0.120683 0)
(-0.125831 -0.109482 0)
(-0.129058 -0.0999016 0)
(-0.128839 -0.0917808 0)
(-0.126548 -0.0848955 0)
(-0.123374 -0.0789343 0)
(-0.120186 -0.0735425 0)
(-0.117491 -0.0684002 0)
(-0.115523 -0.0632823 0)
(-0.114386 -0.0580193 0)
(-0.114124 -0.0523832 0)
(-0.114651 -0.0460302 0)
(-0.115679 -0.0386117 0)
(-0.116773 -0.0299642 0)
(-0.117475 -0.0201462 0)
(-0.117366 -0.00941288 0)
(-0.116173 0.00176611 0)
(-0.113998 0.0127764 0)
(-0.110945 0.0233963 0)
(-0.0232033 -0.154556 0)
(-0.0489667 -0.13875 0)
(-0.078255 -0.125331 0)
(-0.0973519 -0.116392 0)
(-0.111188 -0.109382 0)
(-0.119454 -0.103331 0)
(-0.123394 -0.0977466 0)
(-0.124111 -0.0923893 0)
(-0.122731 -0.0871114 0)
(-0.120227 -0.0818101 0)
(-0.117357 -0.0764119 0)
(-0.114636 -0.070865 0)
(-0.112375 -0.0651255 0)
(-0.110739 -0.0591286 0)
(-0.109773 -0.0527505 0)
(-0.109395 -0.0458045 0)
(-0.10939 -0.0381064 0)
(-0.109443 -0.0295647 0)
(-0.109205 -0.0202215 0)
(-0.108338 -0.0102736 0)
(-0.106627 -8.70185e-05 0)
(-0.104127 0.00988409 0)
(-0.101027 0.0193513 0)
(-0.0219217 -0.121237 0)
(-0.0460586 -0.109932 0)
(-0.0739925 -0.102466 0)
(-0.0923758 -0.099559 0)
(-0.105986 -0.0981007 0)
(-0.114448 -0.0967904 0)
(-0.118836 -0.094957 0)
(-0.12009 -0.0923025 0)
(-0.119186 -0.0887396 0)
(-0.117007 -0.0843177 0)
(-0.114277 -0.0791654 0)
(-0.111528 -0.0734348 0)
(-0.109103 -0.0672539 0)
(-0.107178 -0.0606929 0)
(-0.105796 -0.0537488 0)
(-0.104882 -0.046359 0)
(-0.104261 -0.0384484 0)
(-0.10369 -0.0299848 0)
(-0.102892 -0.0210152 0)
(-0.101599 -0.0116934 0)
(-0.0996124 -0.00230172 0)
(-0.0969606 0.00683732 0)
(-0.0939008 0.0154421 0)
(-0.0208587 -0.0897603 0)
(-0.0437109 -0.0825084 0)
(-0.0705703 -0.0804948 0)
(-0.0884059 -0.0831491 0)
(-0.101792 -0.0868707 0)
(-0.110278 -0.0900659 0)
(-0.114788 -0.0918868 0)
(-0.116151 -0.0919539 0)
(-0.115282 -0.0901955 0)
(-0.11305 -0.0867646 0)
(-0.1102 -0.0819554 0)
(-0.1073 -0.0761127 0)
(-0.104713 -0.0695506 0)
(-0.102616 -0.0624962 0)
(-0.101033 -0.0550724 0)
(-0.0998766 -0.0473183 0)
(-0.0989818 -0.0392349 0)
(-0.0981376 -0.0308332 0)
(-0.0971127 -0.0221662 0)
(-0.0956833 -0.0133515 0)
(-0.0936793 -0.00459339 0)
(-0.0911132 0.00384744 0)
(-0.0882451 0.0117659 0)
(-0.0199393 -0.0598076 0)
(-0.0417235 -0.0562301 0)
(-0.0676826 -0.0592494 0)
(-0.0850555 -0.0671185 0)
(-0.0981773 -0.0757931 0)
(-0.10652 -0.0833974 0)
(-0.110881 -0.0888807 0)
(-0.11203 -0.0917342 0)
(-0.110875 -0.0918521 0)
(-0.108311 -0.0894557 0)
(-0.105128 -0.0849894 0)
(-0.101937 -0.0789988 0)
(-0.0991304 -0.0720081 0)
(-0.0968866 -0.0644282 0)
(-0.0952103 -0.0565191 0)
(-0.0939893 -0.0484109 0)
(-0.0930472 -0.0401584 0)
(-0.092179 -0.0317974 0)
(-0.0911751 -0.0233785 0)
(-0.0898407 -0.0149862 0)
(-0.0880329 -0.00675947 0)
(-0.0857408 0.00110608 0)
(-0.0832086 0.00847093 0)
(-0.019061 -0.0312587 0)
(-0.0398233 -0.031008 0)
(-0.0648977 -0.0386851 0)
(-0.0817582 -0.0515023 0)
(-0.094495 -0.0649977 0)
(-0.102503 -0.0769986 0)
(-0.10649 -0.0861993 0)
(-0.107216 -0.0919066 0)
(-0.105614 -0.0939409 0)
(-0.102616 -0.0925769 0)
(-0.0990407 -0.0884066 0)
(-0.0955255 -0.0821837 0)
(-0.0924883 -0.074661 0)
(-0.09012 -0.0664581 0)
(-0.0884164 -0.0579907 0)
(-0.087242 -0.0494816 0)
(-0.0863986 -0.0410264 0)
(-0.0856726 -0.0326679 0)
(-0.0848603 -0.0244427 0)
(-0.0837848 -0.0163998 0)
(-0.0823215 -0.00861843 0)
(-0.0804452 -0.00122467 0)
(-0.0783493 0.00567799 0)
(-0.0180902 -0.00424129 0)
(-0.0376786 -0.00694418 0)
(-0.0616887 -0.0189401 0)
(-0.0778067 -0.0364568 0)
(-0.0899251 -0.0546756 0)
(-0.0973572 -0.0710808 0)
(-0.10077 -0.0840292 0)
(-0.100952 -0.0925953 0)
(-0.0988945 -0.0965099 0)
(-0.0955467 -0.0961183 0)
(-0.0917113 -0.0921706 0)
(-0.0880084 -0.0856271 0)
(-0.0848551 -0.0774679 0)
(-0.0824565 -0.0685314 0)
(-0.0808157 -0.0594075 0)
(-0.0797875 -0.0504223 0)
(-0.0791549 -0.0417087 0)
(-0.0786902 -0.0333039 0)
(-0.0781874 -0.025218 0)
(-0.0774796 -0.0174599 0)
(-0.076456 -0.0100512 0)
(-0.0750786 -0.00305145 0)
(-0.0734779 0.00347102 0)
(-0.0167216 0.0216809 0)
(-0.0347054 0.0162217 0)
(-0.0574816 -0.000260423 0)
(-0.072474 -0.0222483 0)
(-0.0836643 -0.0450742 0)
(-0.0902653 -0.065853 0)
(-0.0929367 -0.0824965 0)
(-0.0925351 -0.093806 0)
(-0.0901344 -0.099441 0)
(-0.0866732 -0.0998788 0)
(-0.082876 -0.0960544 0)
(-0.0792784 -0.0891256 0)
(-0.0762513 -0.0802687 0)
(-0.074003 -0.0705239 0)
(-0.0725605 -0.0606618 0)
(-0.0717917 -0.0511282 0)
(-0.0714743 -0.0420999 0)
(-0.0713691 -0.0336023 0)
(-0.0712648 -0.0256087 0)
(-0.0710003 -0.0180824 0)
(-0.0704747 -0.0109893 0)
(-0.0696366 -0.00432356 0)
(-0.0685584 0.00188486 0)
(-0.0148176 0.0446886 0)
(-0.0303332 0.0372198 0)
(-0.0513657 0.0173498 0)
(-0.065142 -0.00914755 0)
(-0.0751058 -0.0364293 0)
(-0.080705 -0.0614658 0)
(-0.0825612 -0.0816654 0)
(-0.0816134 -0.0954531 0)
(-0.0790706 -0.102495 0)
(-0.0758255 -0.103521 0)
(-0.0724613 -0.0996916 0)
(-0.0693568 -0.0923484 0)
(-0.0667792 -0.0828045 0)
(-0.064916 -0.072249 0)
(-0.0638297 -0.0616174 0)
(-0.0634318 -0.0514896 0)
(-0.0635189 -0.0421039 0)
(-0.0638505 -0.0334787 0)
(-0.0642102 -0.0255446 0)
(-0.0644397 -0.018214 0)
(-0.0644454 -0.0113968 0)
(-0.0641622 -0.00502391 0)
(-0.0636102 0.000918846 0)
(-0.0125209 0.0642202 0)
(-0.0247521 0.0553355 0)
(-0.0433232 0.0329141 0)
(-0.0554155 0.00274409 0)
(-0.0640131 -0.0288802 0)
(-0.0685379 -0.0579548 0)
(-0.0696539 -0.0814953 0)
(-0.0683217 -0.0973801 0)
(-0.0659051 -0.105367 0)
(-0.0632349 -0.106648 0)
(-0.0607155 -0.102656 0)
(-0.0585077 -0.0949091 0)
(-0.0567188 -0.0847753 0)
(-0.0554801 -0.0735038 0)
(-0.05489 -0.0621458 0)
(-0.0549372 -0.051419 0)
(-0.0554752 -0.041651 0)
(-0.0562817 -0.0328733 0)
(-0.0571385 -0.0249776 0)
(-0.0578856 -0.0178214 0)
(-0.0584332 -0.0112582 0)
(-0.0587005 -0.0051555 0)
(-0.0586585 0.000549225 0)
(-0.0100656 0.0797227 0)
(-0.0183187 0.0700524 0)
(-0.0336622 0.0459598 0)
(-0.0433649 0.0130814 0)
(-0.0506153 -0.0225157 0)
(-0.0539779 -0.0552626 0)
(-0.0545832 -0.081769 0)
(-0.0532142 -0.0993147 0)
(-0.0512872 -0.107726 0)
(-0.0495359 -0.10887 0)
(-0.0482167 -0.104544 0)
(-0.0472471 -0.0964393 0)
(-0.0465394 -0.085896 0)
(-0.046128 -0.0741119 0)
(-0.0461257 -0.0621656 0)
(-0.0466239 -0.050889 0)
(-0.047582 -0.0407317 0)
(-0.0488334 -0.0317781 0)
(-0.0501674 -0.0238995 0)
(-0.0514177 -0.0169014 0)
(-0.0524897 -0.0105797 0)
(-0.0532848 -0.00473992 0)
(-0.0537229 0.000737709 0)
(-0.00758688 0.090879 0)
(-0.0114768 0.0808191 0)
(-0.0230381 0.055877 0)
(-0.0296147 0.0212029 0)
(-0.0351912 -0.0174499 0)
(-0.0374565 -0.0532155 0)
(-0.0380046 -0.0821164 0)
(-0.0371256 -0.10082 0)
(-0.0361711 -0.109204 0)
(-0.0356696 -0.109858 0)
(-0.0358 -0.105048 0)
(-0.0362795 -0.0966596 0)
(-0.0368378 -0.0859453 0)
(-0.0373869 -0.0739492 0)
(-0.0380078 -0.0616611 0)
(-0.0388884 -0.0499572 0)
(-0.0401412 -0.0394236 0)
(-0.0417134 -0.0302586 0)
(-0.0434305 -0.0223586 0)
(-0.0451166 -0.0154917 0)
(-0.0466604 -0.00939883 0)
(-0.0479335 -0.00382141 0)
(-0.0487991 0.00142357 0)
(-0.00527193 0.0976724 0)
(-0.00475869 0.0872734 0)
(-0.0121119 0.0620765 0)
(-0.0147899 0.0266097 0)
(-0.0181799 -0.0138722 0)
(-0.0194473 -0.0514746 0)
(-0.020692 -0.0819584 0)
(-0.0210812 -0.101345 0)
(-0.0216849 -0.109376 0)
(-0.0227379 -0.10937 0)
(-0.0244364 -0.104012 0)
(-0.0263996 -0.0954453 0)
(-0.0282476 -0.0848153 0)
(-0.0297843 -0.0729599 0)
(-0.0310094 -0.0606739 0)
(-0.0321557 -0.0487599 0)
(-0.0334987 -0.0379025 0)
(-0.0351674 -0.0284725 0)
(-0.0370823 -0.0204732 0)
(-0.0390717 -0.0136775 0)
(-0.0409918 -0.00778064 0)
(-0.0426753 -0.00246264 0)
(-0.0439013 0.0025373 0)
(-0.0031533 0.100399 0)
(0.00143055 0.0893917 0)
(-0.00165861 0.0645628 0)
(0.000431759 0.0287635 0)
(-0.00015274 -0.0120486 0)
(-0.000625142 -0.0496565 0)
(-0.00339316 -0.080395 0)
(-0.00606255 -0.100104 0)
(-0.00891431 -0.107773 0)
(-0.011767 -0.107238 0)
(-0.0150362 -0.101436 0)
(-0.0183537 -0.0928551 0)
(-0.0213388 -0.0825546 0)
(-0.0237501 -0.0711793 0)
(-0.0254978 -0.0592836 0)
(-0.0267834 -0.0474724 0)
(-0.0279885 -0.0364201 0)
(-0.0294581 -0.026674 0)
(-0.0312944 -0.0184449 0)
(-0.0333768 -0.0116026 0)
(-0.0355292 -0.00582806 0)
(-0.0375194 -0.000743717 0)
(-0.0390197 0.00400552 0)
(-0.00120985 0.099312 0)
(0.00696307 0.0870697 0)
(0.00792592 0.0624645 0)
(0.0145139 0.0263826 0)
(0.0170011 -0.012095 0)
(0.0168786 -0.0468337 0)
(0.0127594 -0.0759104 0)
(0.00724194 -0.0958026 0)
(0.00155289 -0.10384 0)
(-0.00338875 -0.103294 0)
(-0.00819952 -0.0974037 0)
(-0.012643 -0.0890939 0)
(-0.0164888 -0.079372 0)
(-0.0195258 -0.0687571 0)
(-0.0216371 -0.0576033 0)
(-0.0229471 -0.0462555 0)
(-0.023838 -0.0352368 0)
(-0.0248177 -0.0251797 0)
(-0.0262397 -0.0165577 0)
(-0.0281344 -0.00947412 0)
(-0.0303237 -0.00368084 0)
(-0.0324906 0.00123709 0)
(-0.0341894 0.00572841 0)
(0.000955284 0.0944894 0)
(0.01175 0.0809467 0)
(0.016741 0.0560505 0)
(0.0259568 0.020851 0)
(0.0302765 -0.013891 0)
(0.0301078 -0.044199 0)
(0.0251914 -0.0698503 0)
(0.0176554 -0.0885873 0)
(0.00951508 -0.0972333 0)
(0.00234986 -0.0974197 0)
(-0.00403928 -0.0920344 0)
(-0.00932463 -0.0844456 0)
(-0.0137131 -0.0755895 0)
(-0.0170584 -0.0659516 0)
(-0.019315 -0.0557882 0)
(-0.0205486 -0.0452225 0)
(-0.0210551 -0.0345374 0)
(-0.0213683 -0.0242889 0)
(-0.0220646 -0.0151464 0)
(-0.0234379 -0.00756384 0)
(-0.0254154 -0.00152259 0)
(-0.0275938 0.003368 0)
(-0.0293974 0.00762262 0)
(0.00327387 0.0861646 0)
(0.0155608 0.0718366 0)
(0.0239961 0.0468851 0)
(0.0335663 0.0141734 0)
(0.0379833 -0.0161865 0)
(0.0374448 -0.041395 0)
(0.0320944 -0.0629925 0)
(0.0237051 -0.0799121 0)
(0.0142029 -0.0887366 0)
(0.00551702 -0.089817 0)
(-0.0021231 -0.0856167 0)
(-0.00790749 -0.0792416 0)
(-0.0125164 -0.0715591 0)
(-0.0158834 -0.0630653 0)
(-0.0180821 -0.0540192 0)
(-0.0191747 -0.0444336 0)
(-0.0193453 -0.0343689 0)
(-0.0190149 -0.0241729 0)
(-0.0188298 -0.0145175 0)
(-0.0193765 -0.00618576 0)
(-0.0208462 0.000418148 0)
(-0.0228411 0.00550586 0)
(-0.0246224 0.00960915 0)
(0.00501963 0.0749786 0)
(0.0173906 0.0607295 0)
(0.0276247 0.0366754 0)
(0.0359174 0.00783515 0)
(0.0392066 -0.017971 0)
(0.0380916 -0.0384172 0)
(0.0329239 -0.056037 0)
(0.0248408 -0.0708843 0)
(0.0153139 -0.0793625 0)
(0.00626918 -0.0812961 0)
(-0.00162013 -0.0786756 0)
(-0.00741584 -0.0738484 0)
(-0.0119107 -0.0675587 0)
(-0.0150975 -0.0603102 0)
(-0.017132 -0.0524094 0)
(-0.0181028 -0.0438685 0)
(-0.0181029 -0.0346195 0)
(-0.0173695 -0.0247765 0)
(-0.0164285 -0.0148129 0)
(-0.016013 -0.00562513 0)
(-0.016694 0.00187849 0)
(-0.0183158 0.00746297 0)
(-0.0199807 0.0115676 0)
(0.00536951 0.0628155 0)
(0.0164607 0.0490085 0)
(0.0262884 0.0270147 0)
(0.0324652 0.00277453 0)
(0.034217 -0.018701 0)
(0.0326162 -0.0353424 0)
(0.0282524 -0.0497934 0)
(0.0215138 -0.0625113 0)
(0.01332 -0.0702922 0)
(0.00535956 -0.0729531 0)
(-0.00158029 -0.0718887 0)
(-0.00673844 -0.0686172 0)
(-0.0107412 -0.0637204 0)
(-0.013585 -0.057689 0)
(-0.015433 -0.0508652 0)
(-0.0163838 -0.0433235 0)
(-0.0164672 -0.0349765 0)
(-0.015737 -0.0257666 0)
(-0.0144687 -0.0158702 0)
(-0.0132878 -0.00599537 0)
(-0.0130553 0.00263555 0)
(-0.0140929 0.00911986 0)
(-0.0155686 0.0134169 0)
(0.00449892 0.0531263 0)
(0.0133339 0.0394666 0)
(0.0207907 0.0199877 0)
(0.0244476 -9.32986e-05 0)
(0.0247151 -0.0180734 0)
(0.0230244 -0.0322365 0)
(0.0199173 -0.0446624 0)
(0.01519 -0.0555482 0)
(0.00938406 -0.0626284 0)
(0.00368353 -0.0658616 0)
(-0.00131931 -0.0660256 0)
(-0.00519384 -0.0639932 0)
(-0.00826495 -0.0602311 0)
(-0.0105259 -0.0551955 0)
(-0.0120995 -0.0492338 0)
(-0.01307 -0.0424982 0)
(-0.0134369 -0.0349739 0)
(-0.0131331 -0.0265572 0)
(-0.0121667 -0.0171709 0)
(-0.0108291 -0.00710656 0)
(-0.00987858 0.00254177 0)
(-0.010254 0.0101438 0)
(-0.0115555 0.0149047 0)
(0.00275153 0.0438419 0)
(0.00787138 0.0309652 0)
(0.0116032 0.0149156 0)
(0.0129583 -0.00152901 0)
(0.0126482 -0.0171372 0)
(0.0115982 -0.0302108 0)
(0.0100499 -0.0416543 0)
(0.00764748 -0.0513712 0)
(0.00470166 -0.0580581 0)
(0.00180299 -0.0616738 0)
(-0.000766061 -0.0625513 0)
(-0.00285241 -0.0612494 0)
(-0.00454615 -0.0581554 0)
(-0.00585366 -0.0536945 0)
(-0.00684629 -0.0481971 0)
(-0.00758693 -0.0418672 0)
(-0.00809121 -0.0347882 0)
(-0.00830213 -0.0269371 0)
(-0.0081163 -0.0181934 0)
(-0.00751332 -0.00848862 0)
(-0.00688149 0.00186352 0)
(-0.00712575 0.0113049 0)
(-0.00826305 0.01707 0)
(-0.195674 -0.063401 0)
(-0.188993 -0.054167 0)
(-0.179429 -0.0489732 0)
(-0.16961 -0.0364422 0)
(-0.230845 0.0591022 0)
(-0.288844 0.0434296 0)
(-0.322186 0.00784724 0)
(-0.343415 -0.00162905 0)
(-0.21172 0.15092 0)
(-0.230852 0.121772 0)
(-0.26147 0.0605834 0)
(-0.299159 0.0136487 0)
(-0.114319 0.165358 0)
(-0.113328 0.1606 0)
(-0.118044 0.132228 0)
(-0.124476 0.0914784 0)
(-0.0255806 0.142196 0)
(-0.0183118 0.140435 0)
(-0.0145019 0.122052 0)
(-0.0106578 0.0896197 0)
(0.0355368 0.131856 0)
(0.0396333 0.127281 0)
(0.0441552 0.108774 0)
(0.047001 0.080975 0)
(0.108013 0.12881 0)
(0.103132 0.121286 0)
(0.101371 0.103156 0)
(0.102245 0.0805429 0)
(0.148092 0.143503 0)
(0.139603 0.136623 0)
(0.134276 0.117139 0)
(0.135448 0.0965692 0)
(0.100876 0.153397 0)
(0.11008 0.150897 0)
(0.114355 0.122686 0)
(0.121842 0.0957507 0)
(0.178479 0.0932289 0)
(0.221493 0.0947644 0)
(0.259411 0.116209 0)
(0.262308 0.104492 0)
(0.512204 0.0489581 0)
(0.428669 -0.063217 0)
(0.371668 0.0623922 0)
(0.37533 0.137025 0)
(0.694128 0.25162 0)
(0.667555 0.232684 0)
(0.631032 0.198661 0)
(0.573408 0.148043 0)
(0.627747 0.252199 0)
(0.625428 0.243791 0)
(0.617812 0.233097 0)
(0.602926 0.222727 0)
(0.455908 0.23346 0)
(0.467341 0.234931 0)
(0.473453 0.233129 0)
(0.477129 0.226459 0)
(0.240907 0.204132 0)
(0.257284 0.211412 0)
(0.269999 0.212232 0)
(0.281843 0.208993 0)
(0.0390919 0.169929 0)
(0.0583696 0.176562 0)
(0.0759441 0.178927 0)
(0.0939366 0.180321 0)
(-0.0957956 0.123692 0)
(-0.078296 0.133332 0)
(-0.0603455 0.140676 0)
(-0.041213 0.146404 0)
(-0.152658 0.0857347 0)
(-0.139541 0.0967729 0)
(-0.125294 0.106126 0)
(-0.109181 0.113952 0)
(-0.15542 0.0621551 0)
(-0.147085 0.071956 0)
(-0.137579 0.0808543 0)
(-0.126076 0.0888526 0)
(-0.138299 0.048686 0)
(-0.133108 0.0566909 0)
(-0.126909 0.0643074 0)
(-0.118993 0.0714157 0)
(-0.120344 0.0402641 0)
(-0.116739 0.0467696 0)
(-0.112341 0.0531015 0)
(-0.106546 0.059125 0)
(-0.106775 0.0338708 0)
(-0.103924 0.0392591 0)
(-0.100456 0.0445572 0)
(-0.0958564 0.0496416 0)
(-0.0972837 0.0284422 0)
(-0.0948381 0.0330056 0)
(-0.0919134 0.0374899 0)
(-0.088046 0.0418021 0)
(-0.0904814 0.0235714 0)
(-0.0883148 0.0275222 0)
(-0.0857673 0.0313794 0)
(-0.0824283 0.0350684 0)
(-0.0851724 0.0191808 0)
(-0.0832588 0.0226631 0)
(-0.0810399 0.0260236 0)
(-0.0781465 0.0292064 0)
(-0.0805694 0.0153277 0)
(-0.0789219 0.0184286 0)
(-0.0770278 0.0213817 0)
(-0.0745593 0.0241393 0)
(-0.0762081 0.012081 0)
(-0.0748489 0.0148619 0)
(-0.073294 0.0174657 0)
(-0.071253 0.0198553 0)
(-0.071874 0.0095026 0)
(-0.0708168 0.0120061 0)
(-0.0696096 0.0143035 0)
(-0.068 0.0163654 0)
(-0.0674957 0.00760984 0)
(-0.0667428 0.00987547 0)
(-0.0658811 0.0119013 0)
(-0.0646964 0.0136686 0)
(-0.0630684 0.00639239 0)
(-0.0626083 0.00845204 0)
(-0.0620772 0.0102381 0)
(-0.0612975 0.0117397 0)
(-0.0586036 0.00581246 0)
(-0.0584133 0.00769728 0)
(-0.0581857 0.0092702 0)
(-0.0577797 0.0105297 0)
(-0.0541012 0.00581577 0)
(-0.0541526 0.00754672 0)
(-0.0541966 0.00892887 0)
(-0.0541197 0.00996588 0)
(-0.0495528 0.00633463 0)
(-0.0498094 0.00792808 0)
(-0.0500868 0.00913255 0)
(-0.0502887 0.00995987 0)
(-0.0449547 0.00727917 0)
(-0.0453827 0.00874794 0)
(-0.0458463 0.00978761 0)
(-0.0462694 0.0104128 0)
(-0.0403045 0.0085622 0)
(-0.0408683 0.00990777 0)
(-0.0414635 0.0107916 0)
(-0.0420524 0.0112188 0)
(-0.0356259 0.0100799 0)
(-0.0362725 0.0113072 0)
(-0.0369515 0.0120401 0)
(-0.0376445 0.0122709 0)
(-0.0309302 0.0117272 0)
(-0.0316092 0.0128358 0)
(-0.03232 0.0134249 0)
(-0.0330624 0.0134632 0)
(-0.0262124 0.0134271 0)
(-0.0268899 0.014403 0)
(-0.0275931 0.0148471 0)
(-0.0283295 0.0146994 0)
(-0.0215304 0.0151053 0)
(-0.0221696 0.0159265 0)
(-0.0228173 0.0162174 0)
(-0.0234995 0.0158923 0)
(-0.016958 0.0166768 0)
(-0.0175356 0.0173225 0)
(-0.018094 0.0174414 0)
(-0.0186713 0.0169568 0)
(-0.0127374 0.0179403 0)
(-0.0132199 0.0184371 0)
(-0.0136536 0.0183968 0)
(-0.0140885 0.0178021 0)
(-0.00924416 0.0196502 0)
(-0.0096639 0.0198632 0)
(-0.010026 0.0195156 0)
(-0.0103472 0.0187322 0)
(-0.170636 -0.00185364 0)
(-0.186998 0.0695043 0)
(-0.147171 0.183557 0)
(-0.161319 0.188105 0)
(-0.163392 0.140432 0)
(-0.204974 0.0658028 0)
(-0.247251 -0.0166502 0)
(-0.251852 -0.0349073 0)
(-0.238173 -0.0247227 0)
(-0.21387 -0.0364559 0)
(-0.188653 -0.0196521 0)
(-0.158114 -0.0212594 0)
(-0.160931 -0.0338574 0)
(-0.20462 -0.0536956 0)
(-0.226923 -0.101254 0)
(-0.225512 -0.144783 0)
(-0.209352 -0.159219 0)
(-0.158381 -0.0933772 0)
(0.0391366 0.0587614 0)
(-0.351351 0.0055942 0)
(-0.326816 0.0520971 0)
(-0.255843 0.135533 0)
(-0.206599 0.161619 0)
(-0.166192 0.135302 0)
(-0.158811 0.0868409 0)
(-0.168412 0.00727998 0)
(-0.158424 -0.0443783 0)
(-0.170183 -0.0316402 0)
(-0.189562 -0.0219674 0)
(-0.21149 -0.010176 0)
(-0.221956 -0.0192544 0)
(-0.239111 -0.0152849 0)
(-0.264257 -0.0296844 0)
(-0.273672 -0.100673 0)
(-0.271359 -0.156815 0)
(-0.258571 -0.185489 0)
(-0.216845 -0.152463 0)
(-0.0922017 -0.0624222 0)
(-0.322602 -0.0147879 0)
(-0.32306 -0.0026793 0)
(-0.285473 0.0625107 0)
(-0.22667 0.101108 0)
(-0.169914 0.0997173 0)
(-0.13429 0.0736419 0)
(-0.114423 0.00952095 0)
(-0.0884338 -0.0487697 0)
(-0.150361 0.000357269 0)
(-0.20374 0.0220169 0)
(-0.211685 0.00567161 0)
(-0.206888 0.00176819 0)
(-0.234055 0.0105478 0)
(-0.262464 -0.0101501 0)
(-0.259733 -0.0978257 0)
(-0.256299 -0.167403 0)
(-0.245169 -0.207289 0)
(-0.208627 -0.230509 0)
(-0.124517 -0.262381 0)
(-0.136855 0.0430684 0)
(-0.199836 0.0195309 0)
(-0.235356 0.0314126 0)
(-0.207648 0.047612 0)
(-0.166663 0.0531298 0)
(-0.12781 0.0364109 0)
(-0.0908895 -0.0134764 0)
(-0.0941848 -0.0174595 0)
(-0.188093 0.0666941 0)
(-0.22061 0.0467712 0)
(-0.191189 -0.0250679 0)
(-0.187829 -0.000676631 0)
(-0.207202 0.0315109 0)
(-0.215591 -0.0104235 0)
(-0.208035 -0.0970006 0)
(-0.194063 -0.180687 0)
(-0.170804 -0.224237 0)
(-0.148106 -0.272637 0)
(-0.0671611 -0.386581 0)
(-0.00366688 0.0557232 0)
(-0.023218 0.0709262 0)
(-0.0651006 0.0700402 0)
(-0.105852 0.0400249 0)
(-0.114521 0.0173288 0)
(-0.10473 0.00214849 0)
(-0.0854031 -0.0208853 0)
(-0.137384 0.0347819 0)
(-0.17761 0.0934378 0)
(-0.159519 0.0445332 0)
(-0.158265 -0.0244957 0)
(-0.183824 0.0127302 0)
(-0.18391 0.0389326 0)
(-0.157337 -0.0207871 0)
(-0.15957 -0.093388 0)
(-0.127948 -0.19905 0)
(-0.0991546 -0.245442 0)
(-0.0919002 -0.294463 0)
(-0.0277818 -0.466221 0)
(0.0501184 0.05238 0)
(0.049612 0.077909 0)
(0.0412885 0.0976541 0)
(0.0260089 0.0817291 0)
(0.00845106 0.0433434 0)
(-0.0211332 0.00740346 0)
(-0.0602124 0.00568614 0)
(-0.104251 0.0672468 0)
(-0.115474 0.0948353 0)
(-0.104458 0.0475497 0)
(-0.142834 -0.00355991 0)
(-0.167614 0.00515988 0)
(-0.172454 0.0245156 0)
(-0.138428 -0.0452235 0)
(-0.125959 -0.119038 0)
(-0.0748324 -0.234372 0)
(-0.0390504 -0.269668 0)
(-0.0441565 -0.300176 0)
(-0.0028438 -0.507946 0)
(0.0950384 0.0548053 0)
(0.078849 0.0776439 0)
(0.0722253 0.097633 0)
(0.0736439 0.088614 0)
(0.0694949 0.0667793 0)
(0.0508161 0.0508871 0)
(0.0235759 0.0536242 0)
(-0.00403809 0.083622 0)
(-0.0147503 0.095428 0)
(-0.0210653 0.0718807 0)
(-0.0511429 0.0428173 0)
(-0.107432 0.0296209 0)
(-0.129999 0.0131784 0)
(-0.115089 -0.062711 0)
(-0.0896014 -0.153852 0)
(-0.0494855 -0.280201 0)
(-0.000258288 -0.293643 0)
(-0.00204666 -0.299177 0)
(0.0121223 -0.512792 0)
(0.114072 0.0833076 0)
(0.0831635 0.0949323 0)
(0.0772949 0.0974792 0)
(0.0887478 0.0834866 0)
(0.0984923 0.0684952 0)
(0.0988355 0.061748 0)
(0.0886912 0.069589 0)
(0.0729083 0.0939775 0)
(0.0572001 0.106586 0)
(0.0341784 0.0992704 0)
(-0.00374586 0.0789289 0)
(-0.0454007 0.0641929 0)
(-0.0683624 0.0257606 0)
(-0.0701708 -0.0615976 0)
(-0.071116 -0.175372 0)
(-0.0467544 -0.31702 0)
(-0.000591757 -0.32161 0)
(0.01577 -0.30051 0)
(0.0214771 -0.500019 0)
(0.09767 0.108543 0)
(0.0717956 0.111901 0)
(0.0687316 0.0907419 0)
(0.0834462 0.069709 0)
(0.106533 0.0575261 0)
(0.12603 0.0590343 0)
(0.133611 0.0694898 0)
(0.125839 0.0907141 0)
(0.109987 0.107783 0)
(0.0818395 0.117006 0)
(0.0445868 0.106657 0)
(-0.00205743 0.0900804 0)
(-0.031063 0.0436846 0)
(-0.0494576 -0.0469958 0)
(-0.0723838 -0.16975 0)
(-0.0677703 -0.325573 0)
(-0.0359357 -0.35066 0)
(0.0026268 -0.309776 0)
(0.0235088 -0.48647 0)
(0.150187 0.147376 0)
(0.135742 0.125102 0)
(0.17795 0.0845288 0)
(0.216397 0.0509173 0)
(0.25902 0.0256105 0)
(0.279579 0.0462559 0)
(0.223802 0.0930664 0)
(0.143052 0.113406 0)
(0.0781945 0.125675 0)
(0.0231285 0.146222 0)
(-0.0324798 0.139782 0)
(-0.0743591 0.117185 0)
(-0.0890742 0.0626824 0)
(-0.0914177 -0.00821068 0)
(-0.133581 -0.144377 0)
(-0.133934 -0.340438 0)
(-0.0916829 -0.397469 0)
(-0.0297061 -0.355255 0)
(0.0239439 -0.484077 0)
(0.432119 0.215182 0)
(0.384557 0.090124 0)
(0.322065 0.0204497 0)
(0.370121 0.0047552 0)
(0.414941 -0.00689304 0)
(0.442428 0.0361709 0)
(0.458511 0.141583 0)
(0.426015 0.293145 0)
(0.0892021 0.324729 0)
(-0.292989 0.261368 0)
(-0.321621 0.181582 0)
(-0.340693 0.127265 0)
(-0.334518 0.0661103 0)
(-0.320455 -0.0198348 0)
(-0.271175 -0.178963 0)
(-0.204855 -0.388633 0)
(-0.13411 -0.453496 0)
(-0.0639099 -0.430622 0)
(0.0162006 -0.490625 0)
(0.563515 0.222127 0)
(0.56475 0.152978 0)
(0.554161 0.0764254 0)
(0.519687 -0.0139896 0)
(0.464082 -0.0272345 0)
(0.456992 0.0154508 0)
(0.424179 0.132637 0)
(0.357551 0.361982 0)
(0.186292 0.648918 0)
(-0.310856 0.490211 0)
(-0.561884 0.373199 0)
(-0.603283 0.0955417 0)
(-0.518644 -0.0402526 0)
(-0.424398 -0.126843 0)
(-0.324891 -0.255573 0)
(-0.230908 -0.432976 0)
(-0.145723 -0.494036 0)
(-0.077007 -0.479777 0)
(0.00723585 -0.504312 0)
(0.592982 0.205783 0)
(0.59806 0.153977 0)
(0.588821 0.0977416 0)
(0.555014 0.0619545 0)
(0.489564 0.0559985 0)
(0.378837 0.0778724 0)
(0.266285 0.24262 0)
(0.226609 0.503325 0)
(0.160735 0.859108 0)
(-0.0265224 0.89539 0)
(-0.345495 0.410934 0)
(-0.431086 0.0991803 0)
(-0.418046 -0.12637 0)
(-0.411516 -0.202811 0)
(-0.336905 -0.355758 0)
(-0.254611 -0.55309 0)
(-0.188902 -0.59054 0)
(-0.0917608 -0.53783 0)
(0.00453679 -0.534249 0)
(0.484012 0.198895 0)
(0.481797 0.153816 0)
(0.458531 0.114619 0)
(0.409161 0.0975792 0)
(0.343265 0.114563 0)
(0.268748 0.175529 0)
(0.198305 0.321554 0)
(0.158553 0.578876 0)
(0.193599 0.900606 0)
(0.25345 1.01366 0)
(0.136561 0.69128 0)
(0.0122189 0.247414 0)
(0.0500053 -0.0219771 0)
(-0.10355 -0.244671 0)
(-0.0604109 -0.38852 0)
(-0.0913995 -0.596418 0)
(-0.122824 -0.688083 0)
(-0.118723 -0.726431 0)
(-0.0354369 -0.634624 0)
(0.29709 0.187341 0)
(0.296546 0.162327 0)
(0.279594 0.146638 0)
(0.247951 0.148692 0)
(0.203446 0.168522 0)
(0.160848 0.228002 0)
(0.139241 0.349177 0)
(0.16033 0.545716 0)
(0.258327 0.782858 0)
(0.449266 0.875698 0)
(0.567076 0.728799 0)
(0.593657 0.312702 0)
(0.57485 -0.0388833 0)
(0.485729 -0.114194 0)
(0.374286 -0.261551 0)
(0.222516 -0.45406 0)
(0.0902121 -0.593582 0)
(-0.0116902 -0.663927 0)
(-0.000653535 -0.691615 0)
(0.115353 0.173974 0)
(0.129285 0.164258 0)
(0.131293 0.160712 0)
(0.126677 0.175199 0)
(0.108283 0.195784 0)
(0.0906574 0.245245 0)
(0.0995761 0.33447 0)
(0.158941 0.467428 0)
(0.285996 0.616467 0)
(0.47243 0.675887 0)
(0.633151 0.563427 0)
(0.702328 0.320904 0)
(0.698797 0.0905606 0)
(0.637513 -0.0806915 0)
(0.550258 -0.207625 0)
(0.439371 -0.311849 0)
(0.290222 -0.43024 0)
(0.127852 -0.549589 0)
(0.0539554 -0.629991 0)
(-0.0205338 0.150179 0)
(0.00910667 0.150548 0)
(0.0256166 0.154359 0)
(0.0410638 0.176202 0)
(0.0485366 0.202247 0)
(0.0570385 0.242088 0)
(0.0826706 0.298511 0)
(0.150778 0.382994 0)
(0.269027 0.473738 0)
(0.422439 0.502671 0)
(0.57244 0.436179 0)
(0.649068 0.281111 0)
(0.656809 0.125847 0)
(0.627895 -0.00242531 0)
(0.571254 -0.106687 0)
(0.483779 -0.206746 0)
(0.35437 -0.317609 0)
(0.202231 -0.429665 0)
(0.0949435 -0.514987 0)
(-0.0915348 0.120749 0)
(-0.0604953 0.12749 0)
(-0.0391942 0.136458 0)
(-0.0161569 0.15759 0)
(0.00661125 0.184603 0)
(0.0355922 0.219284 0)
(0.073986 0.253673 0)
(0.137747 0.303244 0)
(0.237303 0.360485 0)
(0.356619 0.374744 0)
(0.475799 0.334099 0)
(0.550853 0.231073 0)
(0.574488 0.104692 0)
(0.560328 0.00490572 0)
(0.524432 -0.0697515 0)
(0.451103 -0.133398 0)
(0.336444 -0.210307 0)
(0.204558 -0.320678 0)
(0.112029 -0.386285 0)
(-0.112943 0.0959586 0)
(-0.0877869 0.105288 0)
(-0.0679766 0.116387 0)
(-0.0456625 0.134178 0)
(-0.0197773 0.156528 0)
(0.0140057 0.184035 0)
(0.0566105 0.206968 0)
(0.110671 0.233258 0)
(0.187783 0.266645 0)
(0.277172 0.276198 0)
(0.364664 0.253696 0)
(0.423854 0.187289 0)
(0.449499 0.0901124 0)
(0.45083 0.01175 0)
(0.421488 -0.0238506 0)
(0.358142 -0.0469662 0)
(0.266454 -0.115621 0)
(0.168132 -0.228866 0)
(0.111389 -0.25661 0)
(-0.109567 0.0779055 0)
(-0.0907299 0.087848 0)
(-0.0741317 0.0988156 0)
(-0.0549328 0.113135 0)
(-0.0313862 0.130198 0)
(-0.00137593 0.149804 0)
(0.0364922 0.166694 0)
(0.0794317 0.182668 0)
(0.134547 0.20154 0)
(0.196454 0.208954 0)
(0.256214 0.200541 0)
(0.298454 0.161429 0)
(0.3066 0.081162 0)
(0.311796 0.0350816 0)
(0.301619 0.024318 0)
(0.25202 0.0169198 0)
(0.182303 -0.0588388 0)
(0.124091 -0.16615 0)
(0.09977 -0.145079 0)
(-0.099413 0.0647512 0)
(-0.0848601 0.0742877 0)
(-0.0708543 0.0841601 0)
(-0.0544536 0.095464 0)
(-0.0343313 0.108123 0)
(-0.00937689 0.12171 0)
(0.0212917 0.134106 0)
(0.0554513 0.145281 0)
(0.095327 0.157249 0)
(0.13865 0.16432 0)
(0.180932 0.165254 0)
(0.215709 0.146204 0)
(0.214049 0.0779186 0)
(0.202952 0.0389398 0)
(0.197218 0.0546074 0)
(0.17064 0.0596191 0)
(0.133062 -0.0173372 0)
(0.0892964 -0.132627 0)
(0.0804311 -0.0534031 0)
(-0.0900581 0.0544526 0)
(-0.0781639 0.063107 0)
(-0.0660541 0.0715862 0)
(-0.0518629 0.0804177 0)
(-0.0347786 0.0896821 0)
(-0.0141354 0.0990838 0)
(0.0103181 0.107854 0)
(0.0378507 0.116027 0)
(0.068501 0.124502 0)
(0.101236 0.131237 0)
(0.134041 0.13653 0)
(0.165351 0.130501 0)
(0.171518 0.0857681 0)
(0.148185 0.0518673 0)
(0.137861 0.0776685 0)
(0.124885 0.0855826 0)
(0.106521 0.00798958 0)
(0.0567823 -0.110431 0)
(0.0565752 0.0110698 0)
(-0.0830983 0.0458905 0)
(-0.0730067 0.0535163 0)
(-0.062461 0.0606309 0)
(-0.0502015 0.0674948 0)
(-0.0357645 0.0742222 0)
(-0.0187529 0.0807103 0)
(0.000822576 0.0867072 0)
(0.0229669 0.0925055 0)
(0.0474166 0.0986736 0)
(0.0736095 0.104631 0)
(0.100581 0.110817 0)
(0.127868 0.111544 0)
(0.141316 0.0908676 0)
(0.129818 0.0680014 0)
(0.12075 0.0856597 0)
(0.112167 0.087273 0)
(0.100783 0.0319363 0)
(0.0319208 -0.0753003 0)
(0.021466 0.0464304 0)
(-0.0781118 0.038539 0)
(-0.0694152 0.0451878 0)
(-0.060259 0.051124 0)
(-0.0497591 0.0564733 0)
(-0.0376725 0.0613545 0)
(-0.0237844 0.0657997 0)
(-0.00811315 0.0697975 0)
(0.00934484 0.0736712 0)
(0.0287057 0.0779605 0)
(0.0496651 0.0827604 0)
(0.0718651 0.088462 0)
(0.0948723 0.0924184 0)
(0.110752 0.0857364 0)
(0.108934 0.0769576 0)
(0.107577 0.0924581 0)
(0.104373 0.0941616 0)
(0.102557 0.0605736 0)
(0.0236796 -0.0251941 0)
(-0.0139076 0.055995 0)
(-0.074372 0.0321538 0)
(-0.066871 0.0379493 0)
(-0.058965 0.0429285 0)
(-0.0500249 0.0471505 0)
(-0.0399521 0.0507358 0)
(-0.0286647 0.0537944 0)
(-0.0161878 0.056441 0)
(-0.00259843 0.058947 0)
(0.0122557 0.0617747 0)
(0.0284159 0.0653299 0)
(0.0457923 0.0701418 0)
(0.0640349 0.0751945 0)
(0.0794973 0.0763143 0)
(0.0832373 0.0766904 0)
(0.0873183 0.0934134 0)
(0.0887463 0.101488 0)
(0.0919976 0.0864397 0)
(0.024917 0.0398319 0)
(-0.0208397 0.056901 0)
(-0.0712978 0.0266375 0)
(-0.0649004 0.0316963 0)
(-0.0581324 0.0359007 0)
(-0.0505492 0.0392829 0)
(-0.0421411 0.0419736 0)
(-0.0329171 0.0441336 0)
(-0.0229511 0.0459469 0)
(-0.0123557 0.0476663 0)
(-0.00117991 0.0496371 0)
(0.0107486 0.0522999 0)
(0.0234087 0.0561582 0)
(0.0367227 0.0613307 0)
(0.0496558 0.0663279 0)
(0.056124 0.071912 0)
(0.0637433 0.0883958 0)
(0.0684226 0.101311 0)
(0.0746013 0.103212 0)
(0.0319861 0.0889995 0)
(-0.00721867 0.0587426 0)
(-0.068503 0.0219594 0)
(-0.0631731 0.0263707 0)
(-0.057468 0.0299231 0)
(-0.0510814 0.0326476 0)
(-0.0440481 0.0346951 0)
(-0.0364279 0.0362721 0)
(-0.0283375 0.0376156 0)
(-0.0199407 0.0389893 0)
(-0.0114027 0.0406895 0)
(-0.00277441 0.0430505 0)
(0.00596791 0.0464419 0)
(0.0148411 0.0513797 0)
(0.0240849 0.0578126 0)
(0.0304533 0.065715 0)
(0.0388196 0.0810088 0)
(0.045651 0.0966311 0)
(0.0558064 0.111655 0)
(0.0394094 0.119375 0)
(0.00920351 0.0772641 0)
(-0.0657626 0.0181158 0)
(-0.0614799 0.0219433 0)
(-0.0567889 0.0249179 0)
(-0.0514896 0.0270824 0)
(-0.0456291 0.0286156 0)
(-0.0392824 0.0297701 0)
(-0.0325818 0.0308396 0)
(-0.0257217 0.0321277 0)
(-0.0189417 0.033924 0)
(-0.0124699 0.0365054 0)
(-0.00645698 0.0401222 0)
(-0.000889664 0.0451379 0)
(0.00473844 0.0519354 0)
(0.00912401 0.0603639 0)
(0.0155537 0.0739444 0)
(0.0225532 0.089292 0)
(0.0340253 0.11054 0)
(0.0381555 0.129451 0)
(0.0177546 0.100871 0)
(-0.0629625 0.0150977 0)
(-0.0596935 0.0183907 0)
(-0.0559717 0.0208318 0)
(-0.0516818 0.022482 0)
(-0.0468632 0.0235493 0)
(-0.0415823 0.0243312 0)
(-0.0359588 0.0251812 0)
(-0.0301808 0.0264658 0)
(-0.0245109 0.0285181 0)
(-0.0192648 0.0316002 0)
(-0.0147484 0.0358971 0)
(-0.0111387 0.0415711 0)
(-0.00826522 0.0487781 0)
(-0.00624266 0.0573455 0)
(-0.00302111 0.06896 0)
(0.00174239 0.0820974 0)
(0.0104503 0.102989 0)
(0.0225675 0.126765 0)
(0.0129311 0.126203 0)
(-0.060044 0.0128753 0)
(-0.0577301 0.0156753 0)
(-0.0549181 0.0176146 0)
(-0.0515655 0.0187718 0)
(-0.0476967 0.0193823 0)
(-0.0433582 0.0197821 0)
(-0.03864 0.0203795 0)
(-0.0336928 0.0216118 0)
(-0.0287477 0.0238872 0)
(-0.0241242 0.0275183 0)
(-0.0202052 0.0326708 0)
(-0.0173508 0.0393521 0)
(-0.0157303 0.0474319 0)
(-0.0153315 0.0565849 0)
(-0.014962 0.066859 0)
(-0.0135507 0.0777719 0)
(-0.00911174 0.095378 0)
(0.00240389 0.119813 0)
(0.00182649 0.139265 0)
(-0.0569688 0.011394 0)
(-0.0555227 0.0137371 0)
(-0.0535375 0.0152018 0)
(-0.0510377 0.0158828 0)
(-0.0480361 0.016037 0)
(-0.04456 0.0160295 0)
(-0.0406652 0.0163103 0)
(-0.0364498 0.0173781 0)
(-0.0320766 0.0197213 0)
(-0.0277991 0.0237396 0)
(-0.0239736 0.0296549 0)
(-0.021029 0.0374373 0)
(-0.0193554 0.0467626 0)
(-0.0191626 0.0569814 0)
(-0.0200976 0.0670978 0)
(-0.0213787 0.0764706 0)
(-0.0203804 0.0908021 0)
(-0.0120057 0.112208 0)
(-0.00769323 0.135654 0)
(-0.0537014 0.0105759 0)
(-0.0530103 0.0124915 0)
(-0.0517445 0.0135085 0)
(-0.0499933 0.0137351 0)
(-0.0477678 0.013445 0)
(-0.0450859 0.0130199 0)
(-0.0419765 0.0129332 0)
(-0.0384842 0.0137227 0)
(-0.0346888 0.0159408 0)
(-0.030738 0.0200769 0)
(-0.0268837 0.0264515 0)
(-0.0235002 0.0350959 0)
(-0.0210414 0.0456391 0)
(-0.019917 0.0572126 0)
(-0.0203838 0.0682972 0)
(-0.022517 0.0775053 0)
(-0.0237406 0.0886772 0)
(-0.0182258 0.104655 0)
(-0.0123561 0.123421 0)
(-0.0502048 0.0103258 0)
(-0.0501398 0.0118347 0)
(-0.0494674 0.0124293 0)
(-0.0483419 0.0122326 0)
(-0.0467868 0.0115308 0)
(-0.0448251 0.0107101 0)
(-0.042473 0.0102454 0)
(-0.039732 0.0106845 0)
(-0.0366015 0.0126133 0)
(-0.033111 0.0165901 0)
(-0.0293711 0.0230405 0)
(-0.0256252 0.0321111 0)
(-0.0222678 0.0435027 0)
(-0.0197881 0.056311 0)
(-0.0187241 0.0688807 0)
(-0.0197406 0.0791581 0)
(-0.0214665 0.0882551 0)
(-0.0183413 0.098799 0)
(-0.0125372 0.108953 0)
(-0.0464555 0.0105373 0)
(-0.0468758 0.0116498 0)
(-0.0466597 0.011845 0)
(-0.0460255 0.0112649 0)
(-0.0450225 0.010207 0)
(-0.0436948 0.00905057 0)
(-0.042062 0.00824942 0)
(-0.0400988 0.00832892 0)
(-0.0377369 0.00987079 0)
(-0.0348946 0.0134692 0)
(-0.031535 0.0196378 0)
(-0.0277403 0.0286575 0)
(-0.0237721 0.0403745 0)
(-0.0200813 0.0539924 0)
(-0.0173001 0.0679229 0)
(-0.0162931 0.0798177 0)
(-0.0169042 0.0884158 0)
(-0.0151522 0.0948874 0)
(-0.0100649 0.0961535 0)
(-0.0424421 0.011098 0)
(-0.043205 0.0118148 0)
(-0.043307 0.0116304 0)
(-0.043028 0.0107143 0)
(-0.0424548 0.00937593 0)
(-0.0416644 0.00797804 0)
(-0.0406942 0.00693198 0)
(-0.0395086 0.00670825 0)
(-0.0379907 0.00784518 0)
(-0.0359659 0.0109334 0)
(-0.0332624 0.0165459 0)
(-0.0297975 0.0250933 0)
(-0.0256685 0.0366047 0)
(-0.0212104 0.0504786 0)
(-0.0170215 0.0653104 0)
(-0.0140263 0.0786937 0)
(-0.0127532 0.0880342 0)
(-0.0111695 0.0922302 0)
(-0.00689071 0.0865013 0)
(-0.0381723 0.0118954 0)
(-0.0391373 0.0122097 0)
(-0.0394264 0.0116638 0)
(-0.0393759 0.0104649 0)
(-0.0391167 0.0089366 0)
(-0.0387643 0.00741609 0)
(-0.038381 0.00625374 0)
(-0.0379338 0.00583697 0)
(-0.0372785 0.00662456 0)
(-0.0361752 0.00916352 0)
(-0.0343428 0.0140504 0)
(-0.0315478 0.021804 0)
(-0.0277134 0.0326457 0)
(-0.0230187 0.0462205 0)
(-0.0179497 0.0613672 0)
(-0.0133718 0.0758326 0)
(-0.0101045 0.086356 0)
(-0.00798545 0.0899104 0)
(-0.0043144 0.0798819 0)
(-0.0336643 0.0128211 0)
(-0.0347016 0.0127233 0)
(-0.0350628 0.0118352 0)
(-0.0351346 0.0104136 0)
(-0.0350935 0.00879474 0)
(-0.0350888 0.00728095 0)
(-0.035204 0.00614718 0)
(-0.0354149 0.00567868 0)
(-0.0355713 0.00622774 0)
(-0.0354017 0.00826229 0)
(-0.0345532 0.0123617 0)
(-0.0326717 0.019118 0)
(-0.0295128 0.0289287 0)
(-0.0250699 0.0417072 0)
(-0.0196789 0.0565796 0)
(-0.0140872 0.0715659 0)
(-0.00913564 0.0832903 0)
(-0.00605261 0.0873848 0)
(-0.00254864 0.0753832 0)
(-0.028951 0.0137764 0)
(-0.0299465 0.0132585 0)
(-0.0302902 0.0120554 0)
(-0.0304117 0.01048 0)
(-0.0305266 0.00887422 0)
(-0.0308012 0.00749156 0)
(-0.0313258 0.00652273 0)
(-0.0320822 0.00614518 0)
(-0.0329314 0.00659392 0)
(-0.0336067 0.00823298 0)
(-0.033731 0.0115835 0)
(-0.0328738 0.0172629 0)
(-0.030651 0.0258048 0)
(-0.0268609 0.0373776 0)
(-0.021646 0.0514384 0)
(-0.0156075 0.0663527 0)
(-0.00946212 0.0789797 0)
(-0.00525839 0.084285 0)
(-0.00144801 0.0721006 0)
(-0.0240891 0.0146757 0)
(-0.0249538 0.0137404 0)
(-0.0252285 0.0122652 0)
(-0.0253747 0.0106183 0)
(-0.0256284 0.00912791 0)
(-0.0261454 0.00798073 0)
(-0.0270001 0.00728091 0)
(-0.0281728 0.0071077 0)
(-0.0295453 0.00758828 0)
(-0.0308875 0.0089747 0)
(-0.0318474 0.0116961 0)
(-0.031975 0.0163396 0)
(-0.0307957 0.0235149 0)
(-0.0279378 0.0335984 0)
(-0.0233198 0.0463877 0)
(-0.0173408 0.0606645 0)
(-0.0105578 0.0737022 0)
(-0.00531641 0.0803883 0)
(-0.000840012 0.0693395 0)
(-0.0191904 0.0154444 0)
(-0.0198765 0.0141216 0)
(-0.0200857 0.0124464 0)
(-0.020289 0.0108263 0)
(-0.0207064 0.00954435 0)
(-0.0214526 0.00870428 0)
(-0.0225682 0.0083287 0)
(-0.0240252 0.00842205 0)
(-0.0257286 0.00902934 0)
(-0.0275027 0.0103014 0)
(-0.029059 0.0125578 0)
(-0.029986 0.0163053 0)
(-0.0297851 0.0221587 0)
(-0.0279732 0.0306306 0)
(-0.0242622 0.0418135 0)
(-0.018797 0.0549476 0)
(-0.0119273 0.0678334 0)
(-0.00594235 0.0756758 0)
(-0.000646904 0.0665802 0)
(-0.0145007 0.0160448 0)
(-0.0150222 0.014411 0)
(-0.0152277 0.0126322 0)
(-0.0155582 0.0111252 0)
(-0.0161706 0.0100928 0)
(-0.0171248 0.00956007 0)
(-0.0184252 0.00948656 0)
(-0.0200348 0.00983532 0)
(-0.0218808 0.010603 0)
(-0.0238418 0.0118671 0)
(-0.0257061 0.0138456 0)
(-0.0271401 0.0169361 0)
(-0.0276873 0.0216839 0)
(-0.0268378 0.0286458 0)
(-0.0241658 0.0381391 0)
(-0.0195698 0.0498137 0)
(-0.0131506 0.062037 0)
(-0.00687518 0.0705255 0)
(-0.000815653 0.0636176 0)
(-0.0106652 0.0167346 0)
(-0.0110994 0.0148863 0)
(-0.0113808 0.0131789 0)
(-0.0118777 0.0119959 0)
(-0.0126545 0.0113859 0)
(-0.0137343 0.0112871 0)
(-0.0150994 0.0116076 0)
(-0.0167096 0.0122815 0)
(-0.0185077 0.0132698 0)
(-0.0204093 0.0145809 0)
(-0.0222677 0.016316 0)
(-0.0238446 0.0187135 0)
(-0.0247732 0.0221722 0)
(-0.0245788 0.0271988 0)
(-0.0228092 0.0342518 0)
(-0.0192578 0.0434299 0)
(-0.0138034 0.0539333 0)
(-0.00790756 0.0621695 0)
(-0.00139665 0.0573951 0)
)
;

boundaryField
{
    leftWall
    {
        type            noSlip;
    }
    rightWall
    {
        type            noSlip;
    }
    lowerWall
    {
        type            noSlip;
    }
    atmosphere
    {
        type            pressureInletOutletVelocity;
        value           nonuniform List<vector> 
46
(
(0.00275153 0.0438419 0)
(0.00787138 0.0309652 0)
(0.0116032 0.0149156 0)
(0 -0.00152901 0)
(0 -0.0171372 0)
(0 -0.0302108 0)
(0 -0.0416543 0)
(0 -0.0513712 0)
(0 -0.0580581 0)
(0 -0.0616738 0)
(0 -0.0625513 0)
(0 -0.0612494 0)
(0 -0.0581554 0)
(0 -0.0536945 0)
(0 -0.0481971 0)
(0 -0.0418672 0)
(0 -0.0347882 0)
(0 -0.0269371 0)
(0 -0.0181934 0)
(0 -0.00848862 0)
(-0.00688149 0.00186352 0)
(-0.00712575 0.0113049 0)
(-0.00826305 0.01707 0)
(-0.00924416 0.0196502 0)
(-0.0096639 0.0198632 0)
(-0.010026 0.0195156 0)
(-0.0103472 0.0187322 0)
(-0.0106652 0.0167346 0)
(-0.0110994 0.0148863 0)
(-0.0113808 0.0131789 0)
(-0.0118777 0.0119959 0)
(-0.0126545 0.0113859 0)
(-0.0137343 0.0112871 0)
(-0.0150994 0.0116076 0)
(-0.0167096 0.0122815 0)
(-0.0185077 0.0132698 0)
(-0.0204093 0.0145809 0)
(-0.0222677 0.016316 0)
(-0.0238446 0.0187135 0)
(-0.0247732 0.0221722 0)
(-0.0245788 0.0271988 0)
(-0.0228092 0.0342518 0)
(-0.0192578 0.0434299 0)
(-0.0138034 0.0539333 0)
(-0.00790756 0.0621695 0)
(-0.00139665 0.0573951 0)
)
;
    }
    defaultFaces
    {
        type            empty;
    }
}


// ************************************************************************* //
