/*--------------------------------*- C++ -*----------------------------------*\
| =========                 |                                                 |
| \\      /  F ield         | OpenFOAM: The Open Source CFD Toolbox           |
|  \\    /   O peration     | Version:  2312                                  |
|   \\  /    A nd           | Website:  www.openfoam.com                      |
|    \\/     M anipulation  |                                                 |
\*---------------------------------------------------------------------------*/
FoamFile
{
    version     2.0;
    format      ascii;
    arch        "LSB;label=32;scalar=64";
    class       volVectorField;
    location    "4.45";
    object      U;
}
// * * * * * * * * * * * * * * * * * * * * * * * * * * * * * * * * * * * * * //

dimensions      [0 1 -1 0 0 0 0];

internalField   nonuniform List<vector> 
2268
(
(0.0133418 -0.00758345 0)
(0.027074 -0.00449285 0)
(0.0412376 -0.00384817 0)
(0.0555942 -0.00359154 0)
(0.0700305 -0.00342163 0)
(0.0839502 -0.00317844 0)
(0.0966955 -0.00280588 0)
(0.10777 -0.00232984 0)
(0.116843 -0.00176477 0)
(0.12348 -0.00109224 0)
(0.127116 -0.000325701 0)
(0.127409 0.00045618 0)
(0.124267 0.001251 0)
(0.117722 0.00203409 0)
(0.10804 0.00271322 0)
(0.0958212 0.00322374 0)
(0.0818805 0.00354929 0)
(0.0669328 0.00369893 0)
(0.0518115 0.00359443 0)
(0.0374135 0.00332437 0)
(0.0246057 0.0029229 0)
(0.0130315 0.00275506 0)
(0.00047257 0.000969843 0)
(0.00635779 -0.0129266 0)
(0.0205432 -0.0100032 0)
(0.0343202 -0.0101229 0)
(0.0489439 -0.010339 0)
(0.0638278 -0.0102702 0)
(0.0782873 -0.00969381 0)
(0.0916173 -0.00865589 0)
(0.103276 -0.00735777 0)
(0.112936 -0.00577998 0)
(0.120142 -0.00383765 0)
(0.124251 -0.00157406 0)
(0.124904 0.000826587 0)
(0.122045 0.00328087 0)
(0.115706 0.00566777 0)
(0.10617 0.00772972 0)
(0.0940888 0.00928033 0)
(0.0803208 0.010241 0)
(0.0655694 0.0107004 0)
(0.0507053 0.0104884 0)
(0.0366917 0.00975365 0)
(0.024682 0.00856674 0)
(0.0140431 0.00840435 0)
(0.00274857 0.00556092 0)
(0.00436903 -0.0178817 0)
(0.0177425 -0.0163245 0)
(0.0308484 -0.0167372 0)
(0.0452856 -0.0172776 0)
(0.0601754 -0.0173104 0)
(0.0747265 -0.016441 0)
(0.0881967 -0.0147458 0)
(0.100086 -0.0125805 0)
(0.110109 -0.00987444 0)
(0.117729 -0.00647204 0)
(0.122194 -0.00249637 0)
(0.123119 0.0015766 0)
(0.120447 0.00567256 0)
(0.114204 0.00960358 0)
(0.104704 0.0129365 0)
(0.0926716 0.015407 0)
(0.07908 0.0168495 0)
(0.0645967 0.017467 0)
(0.0500461 0.0169243 0)
(0.0364342 0.0154535 0)
(0.0253627 0.0130868 0)
(0.0157804 0.0125213 0)
(0.00616886 0.00878208 0)
(0.00463804 -0.0227704 0)
(0.0174438 -0.0223605 0)
(0.0302567 -0.0230108 0)
(0.0444298 -0.0238452 0)
(0.0591191 -0.0239193 0)
(0.0736047 -0.0228185 0)
(0.0870683 -0.0206427 0)
(0.098994 -0.0178301 0)
(0.109171 -0.0142761 0)
(0.117015 -0.00971245 0)
(0.121534 -0.0042286 0)
(0.12235 0.00154702 0)
(0.119518 0.00752711 0)
(0.113037 0.0133616 0)
(0.103333 0.0183385 0)
(0.09127 0.0220788 0)
(0.0779713 0.0242243 0)
(0.0640821 0.0253469 0)
(0.050247 0.0246818 0)
(0.0372075 0.0225937 0)
(0.0269702 0.0190101 0)
(0.0175556 0.0182746 0)
(0.00965802 0.01711 0)
(0.00639503 -0.0298569 0)
(0.0191778 -0.0300545 0)
(0.0321896 -0.03075 0)
(0.0460945 -0.0316783 0)
(0.0604313 -0.0317831 0)
(0.0751964 -0.0301563 0)
(0.0892517 -0.0269292 0)
(0.101406 -0.0230949 0)
(0.111455 -0.0185301 0)
(0.119256 -0.0125201 0)
(0.123735 -0.00509902 0)
(0.124075 0.00267607 0)
(0.120452 0.0103157 0)
(0.112789 0.0174284 0)
(0.101865 0.0229863 0)
(0.0884953 0.0269912 0)
(0.0743801 0.0282546 0)
(0.0610846 0.0288345 0)
(0.0485209 0.027221 0)
(0.0373817 0.0239724 0)
(0.0277824 0.0193943 0)
(0.0165155 0.0174714 0)
(0.0113447 0.0182534 0)
(0.00888104 -0.039277 0)
(0.0229406 -0.0386996 0)
(0.0368066 -0.0384469 0)
(0.0501436 -0.0382838 0)
(0.0630703 -0.038132 0)
(0.0775633 -0.0368374 0)
(0.0928812 -0.0332331 0)
(0.105648 -0.0280144 0)
(0.11392 -0.0217381 0)
(0.117739 -0.0141075 0)
(0.118397 -0.00519412 0)
(0.11721 0.00366534 0)
(0.113868 0.0124753 0)
(0.107383 0.0209217 0)
(0.0980711 0.0271261 0)
(0.0868695 0.0319711 0)
(0.0742913 0.0327467 0)
(0.0626107 0.0332733 0)
(0.05192 0.0315281 0)
(0.042317 0.0282321 0)
(0.031408 0.0253493 0)
(0.00498462 0.0231575 0)
(0.00147202 0.0281353 0)
(0.0100061 -0.0407866 0)
(0.0249805 -0.0410249 0)
(0.0396214 -0.0419011 0)
(0.0523908 -0.0416332 0)
(0.0636111 -0.0404941 0)
(0.0764058 -0.0382019 0)
(0.0923525 -0.0339189 0)
(0.108298 -0.0278088 0)
(0.12237 -0.0204578 0)
(0.134262 -0.0125999 0)
(0.141257 -0.00373955 0)
(0.140685 0.00563543 0)
(0.133558 0.0156468 0)
(0.121269 0.0264344 0)
(0.105784 0.0349705 0)
(0.089941 0.0423912 0)
(0.0740882 0.0456303 0)
(0.0576246 0.0473225 0)
(0.0448403 0.0455417 0)
(0.0314445 0.0431407 0)
(0.0154431 0.0466218 0)
(-0.0329523 0.0410603 0)
(-0.0236564 0.0173108 0)
(0.0141807 -0.0486289 0)
(0.0364164 -0.0474014 0)
(0.0541387 -0.0467278 0)
(0.0628528 -0.0473121 0)
(0.0643592 -0.0505545 0)
(0.0692725 -0.0558463 0)
(0.0799719 -0.0554536 0)
(0.0888048 -0.048197 0)
(0.0814258 -0.0352733 0)
(0.0505623 -0.019936 0)
(0.0270169 -0.00749482 0)
(0.0252868 0.00511715 0)
(0.0237412 0.018444 0)
(0.0260105 0.0324521 0)
(0.0281576 0.0409146 0)
(0.0306354 0.0470873 0)
(0.0332092 0.0505907 0)
(0.0354866 0.0480861 0)
(0.0378611 0.0441789 0)
(0.0352249 0.043218 0)
(0.0324719 0.0491746 0)
(0.0143729 0.0481073 0)
(0.0367768 0.008471 0)
(-0.00979682 0.00684329 0)
(-0.0144168 0.00398426 0)
(-0.0254544 0.0060125 0)
(-0.0471996 0.00633789 0)
(-0.0676117 0.00374991 0)
(-0.0792333 0.000922285 0)
(-0.082371 -0.00090832 0)
(-0.0808682 -0.00108549 0)
(-0.0755006 -0.00253739 0)
(-0.0650509 -0.00410023 0)
(-0.0522879 -0.00443818 0)
(-0.0419261 -0.00337754 0)
(-0.0358027 -0.00246993 0)
(-0.0330273 -0.00194305 0)
(-0.0304328 -0.00162796 0)
(-0.0262887 -0.00216647 0)
(-0.0191443 -0.00239132 0)
(-0.0109812 -0.00140716 0)
(-0.00234982 -0.000784333 0)
(0.00283919 0.00398846 0)
(0.00139372 0.00159347 0)
(-0.0142305 0.00928725 0)
(-0.0350581 0.0141054 0)
(-0.0564687 0.0101176 0)
(-0.0696839 0.00555739 0)
(-0.0741322 0.00278473 0)
(-0.0722513 -0.000270196 0)
(-0.0658667 -0.00533503 0)
(-0.0562426 -0.00868568 0)
(-0.0464745 -0.00754835 0)
(-0.0407855 -0.0047696 0)
(-0.0373453 -0.00165726 0)
(-0.0370859 0.000359408 0)
(-0.0368685 0.000176222 0)
(-0.0348797 -0.00314121 0)
(-0.0279645 -0.00512333 0)
(-0.017101 -0.00522187 0)
(-0.00410944 -0.0049988 0)
(-0.00151586 0.00324423 0)
(-0.00458821 0.0112496 0)
(-0.0279249 0.017911 0)
(-0.0405177 0.0218945 0)
(-0.0534739 0.0156451 0)
(-0.0662103 0.00751498 0)
(-0.076736 -0.000691983 0)
(-0.0699571 -0.00727976 0)
(-0.0475126 -0.0121575 0)
(-0.0437447 -0.0156032 0)
(-0.04841 -0.0118796 0)
(-0.0503511 -0.00822898 0)
(-0.0489431 -0.00506617 0)
(-0.0498351 -0.00275462 0)
(-0.0503559 -0.00268378 0)
(-0.0483901 -0.00691157 0)
(-0.0436617 -0.00926679 0)
(-0.0334251 -0.00979223 0)
(-0.0135166 -0.00969053 0)
(-0.0197582 0.0117468 0)
(-0.0200335 0.0195707 0)
(-0.0545375 0.0263868 0)
(-0.0592261 0.027978 0)
(-0.0545645 0.0221125 0)
(-0.0461697 0.0156051 0)
(-0.0293349 0.00883742 0)
(0.00824458 -0.00716149 0)
(0.0536989 -0.0148997 0)
(0.0807335 -0.00387473 0)
(0.0256305 0.00722491 0)
(0.0165356 -0.000333084 0)
(-0.00603782 0.00217679 0)
(-0.0401577 0.00402929 0)
(-0.0296245 0.003528 0)
(-0.0264685 -0.00251521 0)
(-0.0246164 -0.0121722 0)
(-0.0083904 -0.0201561 0)
(0.00395472 -0.0255286 0)
(-0.0511118 0.0161814 0)
(-0.079341 0.0340791 0)
(-0.120309 0.0351925 0)
(-0.114558 0.0195061 0)
(-0.0840055 0.00533266 0)
(-0.0584767 -0.0037406 0)
(-0.0441878 -0.0168305 0)
(0.000500676 -0.0354769 0)
(0.043873 -0.0476503 0)
(0.121245 -0.0118763 0)
(0.0830882 0.0225197 0)
(0.0638495 -0.00834055 0)
(0.0502036 0.0214811 0)
(-0.0180133 0.00395131 0)
(0.0336248 -0.0239004 0)
(0.0745062 -0.00948985 0)
(0.0995611 -0.0158088 0)
(0.100608 -0.0183381 0)
(0.0867263 -0.00476881 0)
(-0.0724603 0.0497926 0)
(-0.101416 0.0515542 0)
(-0.115077 0.0374521 0)
(-0.074819 0.00510003 0)
(-0.0208864 -0.0109366 0)
(-0.0124091 0.00142754 0)
(-0.0382302 -0.01651 0)
(-0.033813 -0.0509124 0)
(-0.0158711 -0.0776971 0)
(0.053227 -0.0196903 0)
(0.0781628 0.0317677 0)
(0.0954087 0.000221461 0)
(0.098267 0.0341064 0)
(0.0742457 0.0234874 0)
(0.0711193 -0.0341097 0)
(0.0888087 -0.0272935 0)
(0.103053 -0.0251281 0)
(0.0939437 -0.012147 0)
(0.0747791 0.0377716 0)
(-0.0584089 0.0806067 0)
(-0.0722491 0.060861 0)
(-0.0817061 0.0280071 0)
(-0.0233566 -0.0229625 0)
(0.0111109 -0.0277499 0)
(0.0107216 0.00991327 0)
(-0.0292147 -0.00336324 0)
(-0.0387827 -0.0505652 0)
(-0.0531217 -0.0843575 0)
(-0.0182078 -0.0382427 0)
(0.045982 0.0163562 0)
(0.0868032 -0.00849861 0)
(0.10583 0.0331078 0)
(0.0958489 0.0237256 0)
(0.07972 -0.0311772 0)
(0.0737279 -0.0295514 0)
(0.07081 -0.0236428 0)
(0.0594018 0.00159434 0)
(0.062036 0.0624059 0)
(-0.04305 0.102324 0)
(-0.0311157 0.0714093 0)
(-0.0319349 0.0216823 0)
(0.0183978 -0.036856 0)
(0.016772 -0.0282616 0)
(-0.00543263 0.0209033 0)
(-0.0348606 0.00407521 0)
(-0.0492262 -0.0421 0)
(-0.0784584 -0.0783296 0)
(-0.0662704 -0.0577722 0)
(-0.00582939 -0.0279185 0)
(0.0560013 -0.0328363 0)
(0.0966281 0.0283317 0)
(0.0926425 0.0276095 0)
(0.0746473 -0.0220741 0)
(0.0494531 -0.0206769 0)
(0.030156 -0.0161124 0)
(-0.00194426 0.00594475 0)
(0.0504931 0.0804177 0)
(0.00518137 -0.0725468 0)
(0.0152616 -0.0700857 0)
(0.0247716 -0.0625621 0)
(0.0279846 -0.0538712 0)
(0.0170977 -0.0489904 0)
(0.00859027 -0.0508941 0)
(0.00329524 -0.0433695 0)
(-0.00235484 -0.0222706 0)
(-0.00490076 0.00130888 0)
(-0.00348753 0.00766573 0)
(-1.14569e-05 0.00387741 0)
(0.00358163 0.00788222 0)
(0.00684683 0.0172795 0)
(0.0130241 0.0263311 0)
(0.0235595 0.0322487 0)
(0.0366365 0.0374865 0)
(0.0495603 0.0424974 0)
(0.0609152 0.0425102 0)
(0.0667569 0.0443199 0)
(0.0651804 0.0479274 0)
(0.0609761 0.0524233 0)
(0.0576388 0.0491675 0)
(0.0526921 0.0351525 0)
(-0.00743512 -0.066788 0)
(-0.014183 -0.0638967 0)
(-0.0199742 -0.0491937 0)
(-0.0153629 -0.03403 0)
(-0.0101763 -0.0369156 0)
(-0.0100646 -0.041513 0)
(-0.012994 -0.0427063 0)
(-0.0133117 -0.0417237 0)
(-0.00469375 -0.0346677 0)
(0.00826552 -0.0222186 0)
(0.0185366 -0.00876062 0)
(0.0222638 0.00417825 0)
(0.0224489 0.012824 0)
(0.0261569 0.0162881 0)
(0.0384845 0.014732 0)
(0.0560049 0.0171823 0)
(0.0694329 0.0238461 0)
(0.0725151 0.0298764 0)
(0.0661056 0.038765 0)
(0.056763 0.0473695 0)
(0.049109 0.0518195 0)
(0.0416866 0.0466455 0)
(0.0253844 0.0406955 0)
(-0.00999093 -0.0556954 0)
(-0.019083 -0.0595842 0)
(-0.0300237 -0.0605066 0)
(-0.0265606 -0.0576786 0)
(-0.0266185 -0.0488993 0)
(-0.0322297 -0.0454911 0)
(-0.0362996 -0.0409546 0)
(-0.0383391 -0.0388099 0)
(-0.0329414 -0.0359498 0)
(-0.0212234 -0.0308376 0)
(-0.00280589 -0.0210518 0)
(0.00271259 -0.00267661 0)
(0.00188185 0.00937001 0)
(0.00183512 0.00983117 0)
(0.00399594 0.0014292 0)
(-0.000399289 0.0111358 0)
(-0.01986 0.0301308 0)
(-0.0303885 0.0479056 0)
(-0.0325428 0.0572842 0)
(-0.0387148 0.0587775 0)
(-0.0427398 0.0606462 0)
(-0.054021 0.0612587 0)
(-0.0695859 0.0697063 0)
(-0.0155836 -0.0336667 0)
(-0.0343508 -0.036589 0)
(-0.0617193 -0.0416727 0)
(-0.0794095 -0.0412314 0)
(-0.0948194 -0.0351112 0)
(-0.107439 -0.0345575 0)
(-0.117541 -0.0368362 0)
(-0.126327 -0.0407231 0)
(-0.13492 -0.0442591 0)
(-0.146807 -0.037126 0)
(-0.153979 -0.018038 0)
(-0.147503 0.00581188 0)
(-0.154289 0.0179459 0)
(-0.173564 0.021431 0)
(-0.201116 0.0216897 0)
(-0.220836 0.0340074 0)
(-0.220871 0.0409029 0)
(-0.212553 0.0475933 0)
(-0.202133 0.0540557 0)
(-0.198703 0.0589392 0)
(-0.194295 0.0648722 0)
(-0.190065 0.0730333 0)
(-0.180724 0.0802708 0)
(-0.0310702 -0.000224632 0)
(-0.0689711 -0.00170628 0)
(-0.114772 -0.0107868 0)
(-0.155207 -0.0134572 0)
(-0.192806 -0.0106771 0)
(-0.228041 -0.00658351 0)
(-0.26283 -0.00543496 0)
(-0.295963 -0.00885773 0)
(-0.317936 -0.0227133 0)
(-0.327772 -0.0281729 0)
(-0.328765 -0.0206745 0)
(-0.321598 -0.000600611 0)
(-0.317476 0.0239676 0)
(-0.320067 0.0370654 0)
(-0.32634 0.0338621 0)
(-0.325173 0.0293264 0)
(-0.317427 0.0274015 0)
(-0.307206 0.0339341 0)
(-0.296316 0.0429577 0)
(-0.287078 0.0495839 0)
(-0.277896 0.0540014 0)
(-0.267452 0.057496 0)
(-0.252248 0.0580095 0)
(-0.0349618 0.0410044 0)
(-0.0730563 0.0393786 0)
(-0.126293 0.0308277 0)
(-0.177801 0.0250022 0)
(-0.221955 0.0222661 0)
(-0.254576 0.0227631 0)
(-0.275639 0.019176 0)
(-0.288688 0.00980842 0)
(-0.302572 -0.00758804 0)
(-0.320347 -0.0192767 0)
(-0.336066 -0.0169566 0)
(-0.344355 -0.000298627 0)
(-0.343582 0.0235079 0)
(-0.3381 0.0394108 0)
(-0.331619 0.0375997 0)
(-0.325754 0.0276248 0)
(-0.320538 0.0242399 0)
(-0.315948 0.0296114 0)
(-0.309964 0.037192 0)
(-0.302708 0.042865 0)
(-0.294779 0.0457547 0)
(-0.285616 0.0443425 0)
(-0.275205 0.0383523 0)
(-0.0189423 0.079824 0)
(-0.0534439 0.0782756 0)
(-0.111941 0.07299 0)
(-0.172618 0.0637056 0)
(-0.220146 0.0502084 0)
(-0.244606 0.034857 0)
(-0.25154 0.0180392 0)
(-0.254776 0.00647008 0)
(-0.26225 0.00215234 0)
(-0.278975 0.00403125 0)
(-0.300254 0.00322255 0)
(-0.316961 0.00537674 0)
(-0.321599 0.0135434 0)
(-0.315653 0.0222232 0)
(-0.305572 0.0221164 0)
(-0.296742 0.0161942 0)
(-0.290934 0.0145763 0)
(-0.287184 0.0204222 0)
(-0.282122 0.0271717 0)
(-0.275443 0.0323054 0)
(-0.268456 0.0354891 0)
(-0.262317 0.0341094 0)
(-0.256988 0.0258902 0)
(0.00385575 0.114028 0)
(0.0696372 0.154254 0)
(0.063066 0.196628 0)
(-0.0645223 0.210578 0)
(-0.284023 0.116192 0)
(-0.363691 0.0749825 0)
(-0.492441 0.0550032 0)
(-0.591021 0.0348047 0)
(-0.55238 0.0241145 0)
(-0.489812 0.0236565 0)
(-0.431198 0.0277058 0)
(-0.377178 0.028221 0)
(-0.337595 0.0295199 0)
(-0.313607 0.0293173 0)
(-0.296152 0.0237633 0)
(-0.281909 0.0154684 0)
(-0.270905 0.013164 0)
(-0.260964 0.0169893 0)
(-0.250992 0.0235078 0)
(-0.24197 0.0280275 0)
(-0.233838 0.0309123 0)
(-0.226596 0.0305929 0)
(-0.219584 0.0248601 0)
(0.0237109 0.0183844 0)
(0.150209 0.0639573 0)
(0.160827 0.167192 0)
(0.111664 0.39854 0)
(-0.104695 0.273649 0)
(-0.142015 0.170623 0)
(-0.254216 0.131859 0)
(-0.333811 0.0672135 0)
(-0.304534 -0.155809 0)
(-0.494289 -0.147616 0)
(-0.694254 -0.106848 0)
(-0.637569 -0.0880445 0)
(-0.536683 -0.0454879 0)
(-0.448266 -0.0091249 0)
(-0.3832 0.00248004 0)
(-0.333817 0.00529017 0)
(-0.29996 0.0105465 0)
(-0.274831 0.0161426 0)
(-0.25587 0.0236068 0)
(-0.243293 0.0285107 0)
(-0.233091 0.0315446 0)
(-0.224355 0.0317031 0)
(-0.216582 0.0281659 0)
(0.0037422 -0.0848412 0)
(0.1448 -0.0293131 0)
(0.0756698 0.242647 0)
(0.0624899 0.482824 0)
(0.0506793 0.401637 0)
(0.0733529 0.285338 0)
(0.0450366 0.253965 0)
(0.0152607 0.192364 0)
(0.0443487 0.20895 0)
(-0.00779839 0.247296 0)
(-0.0992566 0.19725 0)
(-0.169325 -0.100946 0)
(-0.241441 -0.306188 0)
(-0.296238 -0.222226 0)
(-0.325651 -0.149964 0)
(-0.373921 -0.0991578 0)
(-0.400644 -0.0660856 0)
(-0.359725 -0.0485374 0)
(-0.315325 -0.0215853 0)
(-0.287984 -0.00680558 0)
(-0.274602 -0.00115871 0)
(-0.270806 0.00129599 0)
(-0.277608 0.00166379 0)
(-0.0719923 -0.175747 0)
(-0.0897527 0.0669508 0)
(-0.0878659 0.31187 0)
(-0.0185496 0.443241 0)
(0.0593908 0.339942 0)
(0.104599 0.252478 0)
(0.113956 0.23278 0)
(0.110027 0.155467 0)
(0.111264 0.0789787 0)
(0.111766 0.131641 0)
(0.112366 0.167108 0)
(0.114898 0.111698 0)
(0.111033 0.0915072 0)
(0.0268213 0.122107 0)
(-0.0430466 0.0654296 0)
(-0.0675794 0.0390623 0)
(-0.0922199 0.0269026 0)
(-0.103899 -0.0664528 0)
(-0.0438694 -0.0712482 0)
(-0.0463501 -0.0176775 0)
(-0.0851647 0.0176237 0)
(-0.105587 0.0371806 0)
(-0.215502 0.0689823 0)
(-0.0964693 -0.0215915 0)
(-0.113698 0.0849036 0)
(-0.111958 0.2114 0)
(-0.0224778 0.281642 0)
(0.055663 0.243529 0)
(0.0888063 0.207207 0)
(0.107499 0.185486 0)
(0.120367 0.125492 0)
(0.126751 0.0882668 0)
(0.139314 0.0915351 0)
(0.162611 0.107373 0)
(0.176639 0.0512114 0)
(0.163731 -0.0125514 0)
(0.152791 -0.0213168 0)
(0.147355 -0.00534369 0)
(0.138722 0.00389518 0)
(0.129843 -0.00822923 0)
(0.121585 -0.0699489 0)
(0.0990655 -0.0726175 0)
(0.0831801 0.00695092 0)
(0.0740317 0.0450354 0)
(0.0966889 0.0729399 0)
(0.103822 0.11948 0)
(-0.0474754 0.0476653 0)
(-0.0619289 0.0925368 0)
(-0.0592372 0.165834 0)
(0.0034535 0.207655 0)
(0.0495384 0.204472 0)
(0.0751873 0.194023 0)
(0.096981 0.173064 0)
(0.115293 0.121236 0)
(0.121823 0.0904982 0)
(0.125039 0.0834365 0)
(0.141215 0.074751 0)
(0.159111 0.043602 0)
(0.166579 0.0127612 0)
(0.172257 0.00867188 0)
(0.178462 0.0126027 0)
(0.183261 0.0140095 0)
(0.182792 0.00453663 0)
(0.171836 -0.0166073 0)
(0.151087 -0.0267444 0)
(0.149455 -0.00214605 0)
(0.169025 0.0250422 0)
(0.195294 0.0509382 0)
(0.224909 0.0514475 0)
(-0.0140186 0.0883857 0)
(-0.0214952 0.0984943 0)
(-0.0180255 0.139107 0)
(0.0171226 0.163809 0)
(0.0463322 0.172099 0)
(0.0706795 0.17097 0)
(0.0945539 0.152027 0)
(0.111734 0.116017 0)
(0.116744 0.091612 0)
(0.118111 0.0785134 0)
(0.126162 0.063743 0)
(0.137926 0.0370503 0)
(0.142801 0.0150631 0)
(0.144594 0.00729503 0)
(0.149374 0.013373 0)
(0.152527 0.0175521 0)
(0.149903 0.00925669 0)
(0.144201 -0.0172662 0)
(0.145219 -0.0408265 0)
(0.162456 -0.0325821 0)
(0.189125 -0.00603448 0)
(0.209183 0.0210584 0)
(0.216219 0.0356067 0)
(-0.000632376 0.097332 0)
(-0.00322626 0.100099 0)
(0.00215191 0.123733 0)
(0.0222423 0.139659 0)
(0.0427857 0.147713 0)
(0.0653381 0.146916 0)
(0.0872097 0.130826 0)
(0.102107 0.106272 0)
(0.109014 0.0878162 0)
(0.113329 0.074185 0)
(0.119216 0.0574226 0)
(0.123489 0.0350105 0)
(0.12178 0.0172189 0)
(0.116262 0.00766388 0)
(0.114442 0.0109113 0)
(0.115539 0.0173771 0)
(0.116387 0.0124846 0)
(0.117305 -0.0144941 0)
(0.118678 -0.047062 0)
(0.128368 -0.0500224 0)
(0.146104 -0.0201968 0)
(0.155098 0.0153015 0)
(0.150947 0.0395702 0)
(0.00201594 0.0961286 0)
(0.00368542 0.0990789 0)
(0.00887042 0.113156 0)
(0.022084 0.122901 0)
(0.0376899 0.127642 0)
(0.0565912 0.125416 0)
(0.0743971 0.11278 0)
(0.0867371 0.0956668 0)
(0.0942948 0.0812328 0)
(0.100268 0.0683143 0)
(0.105944 0.0524503 0)
(0.107919 0.0343576 0)
(0.105372 0.0209722 0)
(0.10009 0.0130278 0)
(0.095439 0.0129172 0)
(0.095236 0.0165734 0)
(0.0979042 0.00995348 0)
(0.0971646 -0.0171071 0)
(0.0896018 -0.0503334 0)
(0.082131 -0.0597786 0)
(0.0891953 -0.0228861 0)
(0.0915333 0.0237078 0)
(0.0794376 0.0598533 0)
(0.00165815 0.0937221 0)
(0.00520225 0.0959947 0)
(0.00981743 0.104546 0)
(0.0198351 0.110244 0)
(0.0319338 0.11199 0)
(0.0466791 0.108687 0)
(0.0604322 0.0988033 0)
(0.0706252 0.0861897 0)
(0.0780614 0.0742438 0)
(0.0842995 0.0622779 0)
(0.0892257 0.0485701 0)
(0.0904853 0.0344227 0)
(0.0886412 0.0238222 0)
(0.0858285 0.0174127 0)
(0.0838193 0.0150605 0)
(0.0852085 0.0146261 0)
(0.0891324 0.00758517 0)
(0.0887975 -0.00942229 0)
(0.076013 -0.0363166 0)
(0.0558923 -0.0538244 0)
(0.0504527 -0.0240407 0)
(0.0537092 0.0317395 0)
(0.0434398 0.0791385 0)
(0.00112026 0.0909249 0)
(0.00489026 0.0923475 0)
(0.00879811 0.097613 0)
(0.0168807 0.100377 0)
(0.0263994 0.0999951 0)
(0.0377504 0.0959802 0)
(0.0484426 0.0878969 0)
(0.0570685 0.0778897 0)
(0.0640535 0.0675746 0)
(0.0698997 0.0568202 0)
(0.0741295 0.0454053 0)
(0.0756359 0.0341803 0)
(0.0751217 0.0252143 0)
(0.0741662 0.0189449 0)
(0.0740808 0.0149217 0)
(0.0762027 0.0115399 0)
(0.0794276 0.00498451 0)
(0.0801204 -0.0051092 0)
(0.0733787 -0.0194414 0)
(0.0544548 -0.0356205 0)
(0.0374801 -0.0216207 0)
(0.0403359 0.0343005 0)
(0.0415937 0.0881631 0)
(0.000681498 0.0884231 0)
(0.00397713 0.0890733 0)
(0.00714285 0.0919574 0)
(0.0137516 0.0924988 0)
(0.021409 0.0905996 0)
(0.0303615 0.0860534 0)
(0.0390203 0.078957 0)
(0.0466295 0.0704356 0)
(0.0531578 0.0614084 0)
(0.0585916 0.0520174 0)
(0.0625297 0.0424213 0)
(0.0645265 0.0331979 0)
(0.0650627 0.0253451 0)
(0.0651023 0.0190815 0)
(0.0655384 0.0140136 0)
(0.0669613 0.00919192 0)
(0.0685687 0.0030917 0)
(0.0686137 -0.00403409 0)
(0.0653627 -0.011145 0)
(0.0555555 -0.018057 0)
(0.0407025 -0.0122553 0)
(0.0401386 0.0295155 0)
(0.0526188 0.0821768 0)
(0.000241218 0.0864969 0)
(0.00279938 0.0864524 0)
(0.00515486 0.0873945 0)
(0.0105057 0.0861785 0)
(0.0167304 0.0830318 0)
(0.0240152 0.0779559 0)
(0.0313555 0.0712488 0)
(0.0382479 0.0635904 0)
(0.0444291 0.0555573 0)
(0.0496326 0.0473902 0)
(0.0535746 0.039277 0)
(0.0560723 0.0315604 0)
(0.0573598 0.0247012 0)
(0.057988 0.0187719 0)
(0.0584529 0.0135053 0)
(0.0589749 0.00835642 0)
(0.0591399 0.00279968 0)
(0.0582417 -0.00276358 0)
(0.0557454 -0.00722149 0)
(0.051006 -0.00892606 0)
(0.0440977 -0.00378379 0)
(0.0436889 0.0214917 0)
(0.0606995 0.0647604 0)
(-0.000236202 0.0853786 0)
(0.00145221 0.0846411 0)
(0.00289336 0.0838794 0)
(0.00702489 0.0811338 0)
(0.0120382 0.0768353 0)
(0.0180948 0.0711359 0)
(0.0244902 0.0644179 0)
(0.0308274 0.0572019 0)
(0.0367211 0.0499104 0)
(0.0418364 0.0427538 0)
(0.0459045 0.0358745 0)
(0.0487883 0.0293886 0)
(0.0506283 0.0234812 0)
(0.0517167 0.0181469 0)
(0.0523095 0.0132103 0)
(0.0524757 0.00839237 0)
(0.0520116 0.00353705 0)
(0.0506662 -0.00103301 0)
(0.0484202 -0.0044898 0)
(0.0456124 -0.00539336 0)
(0.0432375 -0.00115231 0)
(0.0447488 0.0134696 0)
(0.0616671 0.0434854 0)
(-0.000801985 0.0852087 0)
(-7.41524e-05 0.0838057 0)
(0.000405288 0.081416 0)
(0.00336357 0.0772149 0)
(0.00731587 0.0717642 0)
(0.0123935 0.0652904 0)
(0.0180846 0.0582627 0)
(0.0239972 0.0511806 0)
(0.0296887 0.0444103 0)
(0.0347596 0.0381038 0)
(0.0389269 0.0322483 0)
(0.042069 0.0268214 0)
(0.0442604 0.0218131 0)
(0.0456765 0.0171804 0)
(0.0464674 0.0128114 0)
(0.0466703 0.00857567 0)
(0.0461956 0.00444379 0)
(0.0449716 0.000641346 0)
(0.043106 -0.00231068 0)
(0.0411479 -0.00348544 0)
(0.0401721 -0.00143111 0)
(0.0422314 0.00642583 0)
(0.0559819 0.023971 0)
(-0.00137835 0.0860503 0)
(-0.00167533 0.0840225 0)
(-0.00219699 0.0800099 0)
(-0.000303802 0.0743528 0)
(0.00274968 0.0676241 0)
(0.00707917 0.060185 0)
(0.0122666 0.052606 0)
(0.0178941 0.0454311 0)
(0.0234589 0.0390183 0)
(0.0285144 0.0334235 0)
(0.032749 0.0284915 0)
(0.0360261 0.0240247 0)
(0.0383917 0.0198852 0)
(0.0399754 0.0159743 0)
(0.040898 0.0122302 0)
(0.0412277 0.00860748 0)
(0.0409559 0.00512694 0)
(0.0400954 0.00193593 0)
(0.0387883 -0.000670707 0)
(0.0374177 -0.00217953 0)
(0.0368022 -0.00189924 0)
(0.0383168 0.00135135 0)
(0.046728 0.00963875 0)
(-0.00194695 0.0879543 0)
(-0.0032615 0.0852541 0)
(-0.0047441 0.079619 0)
(-0.00377536 0.072401 0)
(-0.00145065 0.0642223 0)
(0.00233481 0.0556256 0)
(0.00720209 0.0472741 0)
(0.0126619 0.0398422 0)
(0.0181647 0.0336737 0)
(0.0232238 0.0287227 0)
(0.0275073 0.0246648 0)
(0.0308593 0.0211276 0)
(0.0332899 0.0178482 0)
(0.0349157 0.0146699 0)
(0.0358736 0.0115439 0)
(0.0362714 0.00847985 0)
(0.0361723 0.00552678 0)
(0.0356406 0.00278749 0)
(0.0348148 0.000419291 0)
(0.0339756 -0.00133835 0)
(0.0336281 -0.0021162 0)
(0.0345814 -0.00144001 0)
(0.038714 0.00151404 0)
(-0.00248761 0.09089 0)
(-0.00475869 0.0874467 0)
(-0.00712087 0.080125 0)
(-0.00692865 0.0711982 0)
(-0.00516815 0.0613842 0)
(-0.00175023 0.0514159 0)
(0.00290998 0.0421449 0)
(0.00827842 0.0343374 0)
(0.0137432 0.0283423 0)
(0.0188132 0.0239936 0)
(0.0231355 0.0207915 0)
(0.0265371 0.0181922 0)
(0.0290031 0.0157917 0)
(0.0306274 0.0133669 0)
(0.0315581 0.0108512 0)
(0.0319496 0.00828221 0)
(0.0319204 0.00573841 0)
(0.0315777 0.00330559 0)
(0.0310611 0.00107203 0)
(0.0305836 -0.000855917 0)
(0.0304471 -0.00230093 0)
(0.0311374 -0.00297673 0)
(0.0333079 -0.00248307 0)
(-0.00299252 0.0947899 0)
(-0.00614007 0.090517 0)
(-0.00928153 0.0814012 0)
(-0.00972327 0.070596 0)
(-0.00839094 0.058962 0)
(-0.00521569 0.0474426 0)
(-0.000680323 0.0371362 0)
(0.00460943 0.0288933 0)
(0.010017 0.0230269 0)
(0.0150735 0.0192427 0)
(0.0194296 0.0168738 0)
(0.0228916 0.0152129 0)
(0.0253993 0.0137217 0)
(0.0270247 0.0120882 0)
(0.0279213 0.010202 0)
(0.0282675 0.00809843 0)
(0.0282266 0.00588762 0)
(0.0279353 0.00366792 0)
(0.0275387 0.00149103 0)
(0.0272041 -0.000601822 0)
(0.0271414 -0.00252541 0)
(0.0276558 -0.00403989 0)
(0.0290332 -0.00478995 0)
(-0.00345309 0.0995744 0)
(-0.00739239 0.0943735 0)
(-0.0112203 0.0833334 0)
(-0.0121813 0.0704741 0)
(-0.011171 0.0568365 0)
(-0.00815261 0.0436276 0)
(-0.00369447 0.0322041 0)
(0.00147298 0.0235423 0)
(0.0067741 0.0177563 0)
(0.0117743 0.0144778 0)
(0.0161394 0.0129071 0)
(0.0196669 0.0121712 0)
(0.0222634 0.0116095 0)
(0.0239461 0.0108095 0)
(0.0248343 0.00958559 0)
(0.0251298 0.00796457 0)
(0.0250386 0.00606312 0)
(0.024713 0.00400721 0)
(0.0242991 0.00185917 0)
(0.0239436 -0.000377935 0)
(0.023789 -0.00266072 0)
(0.0240622 -0.00478494 0)
(0.0249186 -0.00635018 0)
(-0.00387133 0.105162 0)
(-0.00852327 0.0989319 0)
(-0.0129579 0.0858294 0)
(-0.0143574 0.0707395 0)
(-0.0135947 0.0549236 0)
(-0.0106607 0.039906 0)
(-0.0062665 0.027384 0)
(-0.00127662 0.0183391 0)
(0.00381499 0.0126028 0)
(0.00871229 0.00975332 0)
(0.0130635 0.00890442 0)
(0.0166522 0.00904298 0)
(0.0193641 0.00941278 0)
(0.0211597 0.00948473 0)
(0.0221159 0.00898273 0)
(0.0224061 0.00788404 0)
(0.0222508 0.00631014 0)
(0.0218509 0.00441792 0)
(0.0213513 0.00230211 0)
(0.0208745 -3.93044e-05 0)
(0.0205366 -0.00259091 0)
(0.0205009 -0.00517271 0)
(0.0208908 -0.00735016 0)
(-0.00423794 0.111461 0)
(-0.00952556 0.104113 0)
(-0.0145109 0.0888203 0)
(-0.0163009 0.0713258 0)
(-0.0157389 0.0531526 0)
(-0.012819 0.0361965 0)
(-0.00847733 0.0227112 0)
(-0.00374212 0.0133939 0)
(0.00105685 0.00764198 0)
(0.00576433 0.00512732 0)
(0.010027 0.00489275 0)
(0.013653 0.005814 0)
(0.0165067 0.00705974 0)
(0.0184904 0.00802983 0)
(0.0195915 0.00832588 0)
(0.0199415 0.0078204 0)
(0.0197642 0.0066242 0)
(0.0192851 0.00493386 0)
(0.0186712 0.00287894 0)
(0.0180364 0.00048599 0)
(0.0174631 -0.002251 0)
(0.0170953 -0.00516606 0)
(0.0170637 -0.00780812 0)
(-0.0044928 0.118371 0)
(-0.0103219 0.109836 0)
(-0.0157986 0.0922451 0)
(-0.0179351 0.0721662 0)
(-0.0175303 0.0514609 0)
(-0.0146705 0.0324975 0)
(-0.0104879 0.0182046 0)
(-0.00601038 0.00876363 0)
(-0.00149263 0.00290169 0)
(0.00293506 0.000639921 0)
(0.00700716 0.000916776 0)
(0.0105859 0.00250602 0)
(0.0135511 0.00453178 0)
(0.0157602 0.00636604 0)
(0.0170999 0.00750951 0)
(0.0176076 0.00769878 0)
(0.0174743 0.00696845 0)
(0.0169472 0.00553262 0)
(0.0162253 0.00359043 0)
(0.0154291 0.00120429 0)
(0.0146304 -0.00163286 0)
(0.013949 -0.00478124 0)
(0.0135307 -0.00778259 0)
(-0.00450439 0.125662 0)
(-0.0106649 0.115997 0)
(-0.0164855 0.0960229 0)
(-0.0188769 0.073223 0)
(-0.0186953 0.0499008 0)
(-0.0161148 0.0290381 0)
(-0.0123011 0.0138817 0)
(-0.00802441 0.00430553 0)
(-0.00365884 -0.00159789 0)
(0.000411983 -0.00355654 0)
(0.00414898 -0.00287153 0)
(0.00750645 -0.000791637 0)
(0.010467 0.00185458 0)
(0.0128728 0.00445175 0)
(0.0145102 0.00644921 0)
(0.0152833 0.00742939 0)
(0.0152912 0.00728232 0)
(0.0147793 0.0061931 0)
(0.0139887 0.00442426 0)
(0.013061 0.00210234 0)
(0.0120594 -0.000762893 0)
(0.0111056 -0.00406393 0)
(0.0103621 -0.00735041 0)
(-0.00416037 0.132897 0)
(-0.0102677 0.122363 0)
(-0.0161594 0.100031 0)
(-0.0187048 0.0745318 0)
(-0.0188263 0.0487315 0)
(-0.0166742 0.0260548 0)
(-0.0132661 0.00985791 0)
(-0.00917866 -0.000156384 0)
(-0.00509474 -0.00577244 0)
(-0.00153654 -0.00732221 0)
(0.00167596 -0.0062721 0)
(0.00463098 -0.00387109 0)
(0.00735072 -0.000857371 0)
(0.00982354 0.00231594 0)
(0.0117452 0.00507946 0)
(0.0128689 0.00690178 0)
(0.0131383 0.00747075 0)
(0.0127347 0.00685394 0)
(0.0119301 0.00534019 0)
(0.0109139 0.00314431 0)
(0.00976623 0.000314849 0)
(0.00859595 -0.00306045 0)
(0.00759627 -0.00655997 0)
(-0.00341994 0.139479 0)
(-0.00896438 0.128534 0)
(-0.0145802 0.104062 0)
(-0.0171487 0.0760914 0)
(-0.0176175 0.048053 0)
(-0.0158148 0.0235383 0)
(-0.0126037 0.00604295 0)
(-0.00883717 -0.00431107 0)
(-0.00542651 -0.00938187 0)
(-0.00264211 -0.0104238 0)
(-0.000190044 -0.00905445 0)
(0.00213234 -0.00651524 0)
(0.00442588 -0.00336586 0)
(0.00671469 7.46661e-05 0)
(0.00879901 0.00340647 0)
(0.0102917 0.00602425 0)
(0.0109397 0.00741388 0)
(0.0107663 0.00741475 0)
(0.0100353 0.00626841 0)
(0.00899661 0.00427105 0)
(0.00775981 0.00154193 0)
(0.00644119 -0.00183791 0)
(0.00524889 -0.0054952 0)
(-0.00232797 0.144763 0)
(-0.00678429 0.134035 0)
(-0.0117066 0.107837 0)
(-0.0140287 0.0777856 0)
(-0.014732 0.047828 0)
(-0.0129325 0.021191 0)
(-0.00997606 0.00247171 0)
(-0.00696691 -0.00767846 0)
(-0.0045876 -0.0120944 0)
(-0.0028081 -0.0126178 0)
(-0.00129999 -0.0110174 0)
(0.000202922 -0.0084829 0)
(0.0018711 -0.00544282 0)
(0.00375404 -0.00203879 0)
(0.0057628 0.00153281 0)
(0.00753106 0.00476227 0)
(0.00862036 0.00698857 0)
(0.00881525 0.0077599 0)
(0.0082713 0.00712765 0)
(0.00728482 0.00541935 0)
(0.00603304 0.00285342 0)
(0.00462254 -0.000474864 0)
(0.00330969 -0.00423253 0)
(-0.000983901 0.148192 0)
(-0.00387684 0.138391 0)
(-0.00768712 0.110989 0)
(-0.00942572 0.0793697 0)
(-0.0100041 0.0477355 0)
(-0.00775587 0.0189598 0)
(-0.00562593 -0.000320638 0)
(-0.00384011 -0.0099148 0)
(-0.00273442 -0.0136724 0)
(-0.00210146 -0.0137384 0)
(-0.00162464 -0.0120104 0)
(-0.00105112 -0.00961859 0)
(-0.00014964 -0.00687469 0)
(0.00114894 -0.00378497 0)
(0.00280876 -0.000349838 0)
(0.00464199 0.00317485 0)
(0.00613242 0.00611481 0)
(0.00681855 0.00776177 0)
(0.00660053 0.00781443 0)
(0.00576133 0.00651486 0)
(0.00455685 0.00418373 0)
(0.00313088 0.000957556 0)
(0.00176079 -0.00284728 0)
(0.00040987 0.149428 0)
(-0.000557531 0.141256 0)
(-0.00287811 0.113243 0)
(-0.00368505 0.0806169 0)
(-0.00334948 0.0473301 0)
(-0.000795189 0.0168214 0)
(-0.000302133 -0.00184334 0)
(0.000137323 -0.0107787 0)
(-0.000159408 -0.0139654 0)
(-0.000719641 -0.0137211 0)
(-0.0012556 -0.0119831 0)
(-0.0016074 -0.00986979 0)
(-0.00152566 -0.00754885 0)
(-0.000938046 -0.00495752 0)
(0.000195585 -0.00194712 0)
(0.00179933 0.00146127 0)
(0.00349777 0.00481799 0)
(0.00469674 0.00730234 0)
(0.00494918 0.00820373 0)
(0.00437447 0.00747209 0)
(0.00329265 0.00545643 0)
(0.00190567 0.00239731 0)
(0.000543578 -0.00141819 0)
(0.00156447 0.148312 0)
(0.00258688 0.141989 0)
(0.00209756 0.114195 0)
(0.00246791 0.0807515 0)
(0.00436129 0.045783 0)
(0.00636172 0.0163921 0)
(0.00567677 -0.00126889 0)
(0.004541 -0.00992915 0)
(0.0028232 -0.0128627 0)
(0.00104199 -0.012575 0)
(-0.000397038 -0.0110293 0)
(-0.00157527 -0.00928506 0)
(-0.00223 -0.00747043 0)
(-0.00234577 -0.00545105 0)
(-0.00185899 -0.00302988 0)
(-0.000748349 -9.09289e-05 0)
(0.000842435 0.00324128 0)
(0.00239909 0.0063145 0)
(0.00322822 0.00815293 0)
(0.00306367 0.00819056 0)
(0.00219091 0.00661049 0)
(0.000906196 0.0037744 0)
(-0.000404754 -4.63151e-06 0)
(0.00243644 0.145151 0)
(0.00512844 0.140685 0)
(0.00627517 0.11341 0)
(0.0079775 0.0792388 0)
(0.011008 0.0440339 0)
(0.0124898 0.0163019 0)
(0.0111159 -0.000125041 0)
(0.00858477 -0.00788075 0)
(0.00570566 -0.0104686 0)
(0.00279685 -0.0104303 0)
(0.000611265 -0.00932446 0)
(-0.00112588 -0.00802816 0)
(-0.00234334 -0.00673381 0)
(-0.00304513 -0.0052885 0)
(-0.00319044 -0.00350425 0)
(-0.00269929 -0.0011957 0)
(-0.00155981 0.0016988 0)
(2.47901e-06 0.00490209 0)
(0.00134146 0.00754896 0)
(0.00172691 0.00854029 0)
(0.00116626 0.0075887 0)
(3.48646e-05 0.00503852 0)
(-0.00118032 0.00134581 0)
(0.00293922 0.14058 0)
(0.00673258 0.137894 0)
(0.00897247 0.111268 0)
(0.0118979 0.0764454 0)
(0.0155478 0.0420374 0)
(0.0166534 0.0166606 0)
(0.0147087 0.00198182 0)
(0.0111762 -0.00481093 0)
(0.00741895 -0.00718625 0)
(0.00402705 -0.00757842 0)
(0.00137959 -0.00710527 0)
(-0.00056655 -0.00637281 0)
(-0.00205993 -0.00556667 0)
(-0.00310847 -0.00460947 0)
(-0.00373381 -0.003378 0)
(-0.00384758 -0.0017061 0)
(-0.00333909 0.000557067 0)
(-0.00218312 0.00342045 0)
(-0.000724097 0.00641656 0)
(0.000225162 0.0083758 0)
(8.61876e-05 0.00827318 0)
(-0.00083536 0.00614576 0)
(-0.00191389 0.00258667 0)
(0.00298872 0.135363 0)
(0.00719105 0.134342 0)
(0.00984585 0.108248 0)
(0.0136384 0.0727291 0)
(0.0174457 0.0398391 0)
(0.018015 0.017357 0)
(0.0154654 0.00491212 0)
(0.0114213 -0.000993498 0)
(0.00740081 -0.00343917 0)
(0.00413124 -0.00445431 0)
(0.00158864 -0.00470971 0)
(-0.000216102 -0.00458144 0)
(-0.00163655 -0.00420474 0)
(-0.00273324 -0.00361681 0)
(-0.00356472 -0.00278201 0)
(-0.00409012 -0.00160795 0)
(-0.00419521 4.22033e-05 0)
(-0.00371706 0.0022945 0)
(-0.0026596 0.00510666 0)
(-0.00152052 0.00771409 0)
(-0.00120507 0.00863207 0)
(-0.00185501 0.00712381 0)
(-0.00275747 0.00370859 0)
(0.00258807 0.130315 0)
(0.00649962 0.130849 0)
(0.00877535 0.104992 0)
(0.0126571 0.0686893 0)
(0.0158756 0.0380671 0)
(0.0156492 0.0188255 0)
(0.0127305 0.00841506 0)
(0.00898183 0.0029869 0)
(0.00564258 2.85186e-05 0)
(0.00306991 -0.00164112 0)
(0.00115687 -0.00250881 0)
(-0.000217801 -0.00285821 0)
(-0.00130945 -0.00281666 0)
(-0.00219482 -0.00247763 0)
(-0.00293955 -0.00187958 0)
(-0.00356215 -0.00101865 0)
(-0.00401602 0.000188857 0)
(-0.00416078 0.00187746 0)
(-0.00383366 0.00416165 0)
(-0.00314225 0.006777 0)
(-0.00276732 0.00845714 0)
(-0.00326864 0.00764733 0)
(-0.00410032 0.00453782 0)
(0.00188013 0.124803 0)
(0.00488342 0.127498 0)
(0.00599983 0.101725 0)
(0.00844354 0.0642635 0)
(0.00975987 0.0366328 0)
(0.00881577 0.0209699 0)
(0.0067167 0.0121002 0)
(0.00454761 0.00647202 0)
(0.00283184 0.00268788 0)
(0.0014922 0.000216297 0)
(0.000413467 -0.00121105 0)
(-0.000394002 -0.00192237 0)
(-0.00103793 -0.00209314 0)
(-0.00158096 -0.00185627 0)
(-0.00207699 -0.00127978 0)
(-0.0025357 -0.000401331 0)
(-0.0029778 0.000798888 0)
(-0.00337287 0.00234224 0)
(-0.0036949 0.00437423 0)
(-0.00388611 0.00689959 0)
(-0.00419285 0.00906379 0)
(-0.004795 0.00874335 0)
(-0.00536742 0.00527794 0)
(0.0397912 0.0362775 0)
(0.0208464 0.0413783 0)
(-0.000556821 0.0382967 0)
(-0.0122085 0.0384807 0)
(0.00618232 0.044928 0)
(-0.0101976 0.0512097 0)
(-0.0208735 0.0337387 0)
(-0.0267322 0.0175393 0)
(-0.0808889 0.0801363 0)
(-0.0882953 0.077271 0)
(-0.0972727 0.0557503 0)
(-0.101362 0.0451211 0)
(-0.168807 0.0832344 0)
(-0.164641 0.0825499 0)
(-0.165737 0.0626521 0)
(-0.16865 0.0493668 0)
(-0.231309 0.0572416 0)
(-0.219876 0.0639332 0)
(-0.209628 0.0602285 0)
(-0.203489 0.0519665 0)
(-0.260598 0.0333724 0)
(-0.249986 0.0361493 0)
(-0.236357 0.0355044 0)
(-0.219547 0.0310382 0)
(-0.253451 0.0150958 0)
(-0.249645 0.00942821 0)
(-0.24108 0.00166527 0)
(-0.228835 -0.00356591 0)
(-0.215159 0.0133003 0)
(-0.215043 0.00595036 0)
(-0.215107 -0.00472244 0)
(-0.215589 -0.0136217 0)
(-0.209901 0.0204199 0)
(-0.210257 0.0183979 0)
(-0.214096 0.0125629 0)
(-0.221612 0.00534754 0)
(-0.29166 -0.000396067 0)
(-0.294084 0.0114622 0)
(-0.283284 0.00222542 0)
(-0.274919 -0.00307891 0)
(-0.244997 -0.0271218 0)
(-0.186183 1.74575e-05 0)
(-0.149652 -0.0331128 0)
(-0.108585 -0.0203728 0)
(0.127003 0.00739324 0)
(0.133418 -0.0981783 0)
(0.103301 -0.153604 0)
(0.0917607 -0.094632 0)
(0.234704 0.029174 0)
(0.227985 -0.00316701 0)
(0.204332 -0.015894 0)
(0.176 -0.017971 0)
(0.212587 0.018741 0)
(0.203225 0.00370517 0)
(0.189525 -0.00891459 0)
(0.175008 -0.0137684 0)
(0.139152 0.0395468 0)
(0.123965 0.0388451 0)
(0.108216 0.0353094 0)
(0.0968058 0.0237769 0)
(0.0600555 0.0751955 0)
(0.0377121 0.0833871 0)
(0.0228282 0.056984 0)
(0.0229902 0.009737 0)
(0.0276805 0.110605 0)
(0.0103066 0.119789 0)
(0.00178444 0.0489073 0)
(0.00118454 -0.022911 0)
(0.0393033 0.124484 0)
(0.0373087 0.137851 0)
(0.0366974 0.0751156 0)
(0.0265185 0.00748777 0)
(0.0612263 0.112273 0)
(0.0704567 0.126419 0)
(0.0767133 0.0908741 0)
(0.0719775 0.0438474 0)
(0.073418 0.0862466 0)
(0.0870682 0.098473 0)
(0.0968224 0.0848482 0)
(0.0988032 0.0595941 0)
(0.0748097 0.0585139 0)
(0.088996 0.0694166 0)
(0.100322 0.067603 0)
(0.107128 0.0577503 0)
(0.0675918 0.0341822 0)
(0.0802549 0.04322 0)
(0.0912426 0.0459017 0)
(0.100166 0.0430078 0)
(0.0551473 0.0156678 0)
(0.0643934 0.0215431 0)
(0.0731473 0.0243294 0)
(0.0814589 0.0237528 0)
(0.0434784 0.00443906 0)
(0.0487998 0.00718132 0)
(0.0542866 0.00844051 0)
(0.0601625 0.00787623 0)
(0.0358431 -0.00114975 0)
(0.0386402 -0.000253223 0)
(0.0416246 -0.000346899 0)
(0.0451275 -0.00152381 0)
(0.0306515 -0.00430686 0)
(0.0323608 -0.00436813 0)
(0.0341359 -0.00525939 0)
(0.0362985 -0.00691267 0)
(0.0260546 -0.00651329 0)
(0.0272285 -0.00720745 0)
(0.0284473 -0.00859506 0)
(0.0299456 -0.0105931 0)
(0.0216447 -0.00805812 0)
(0.0224304 -0.00921632 0)
(0.0232608 -0.0109556 0)
(0.0243099 -0.0132255 0)
(0.0174469 -0.00900442 0)
(0.0179145 -0.0105285 0)
(0.018441 -0.012548 0)
(0.0191367 -0.0150511 0)
(0.0135725 -0.00942497 0)
(0.0137639 -0.0112411 0)
(0.0140224 -0.0134996 0)
(0.014428 -0.0161915 0)
(0.010073 -0.00939554 0)
(0.0100426 -0.0114327 0)
(0.0100805 -0.013871 0)
(0.0102006 -0.0167495 0)
(0.00704484 -0.00896256 0)
(0.00683206 -0.0111634 0)
(0.00665463 -0.0137611 0)
(0.0065332 -0.0167945 0)
(0.00447278 -0.00819897 0)
(0.00412731 -0.0105267 0)
(0.00379577 -0.0132509 0)
(0.00348791 -0.016411 0)
(0.00238909 -0.00719598 0)
(0.00194327 -0.00962031 0)
(0.00149958 -0.0124346 0)
(0.00105599 -0.0156988 0)
(0.000738586 -0.00603444 0)
(0.000242586 -0.00854139 0)
(-0.000270256 -0.0114281 0)
(-0.000812151 -0.0147737 0)
(-0.000504561 -0.00478952 0)
(-0.00102631 -0.00737213 0)
(-0.00156252 -0.010303 0)
(-0.00215878 -0.0137005 0)
(-0.00143865 -0.00352184 0)
(-0.00195379 -0.0061813 0)
(-0.00248067 -0.0091548 0)
(-0.00307196 -0.0125784 0)
(-0.00215507 -0.00230715 0)
(-0.00264186 -0.00504786 0)
(-0.00312103 -0.00806789 0)
(-0.00366696 -0.0115053 0)
(-0.00280397 -0.00117683 0)
(-0.00322758 -0.00400741 0)
(-0.0036362 -0.00710248 0)
(-0.00408207 -0.0105681 0)
(-0.00350422 -0.00022579 0)
(-0.00385935 -0.00320883 0)
(-0.00417866 -0.00642266 0)
(-0.00446882 -0.0099258 0)
(-0.00468747 0.000642373 0)
(-0.00484149 -0.00237847 0)
(-0.00483649 -0.00578186 0)
(-0.00472786 -0.00952146 0)
(-0.00540743 0.000413574 0)
(-0.00518443 -0.00319043 0)
(-0.00467387 -0.00732075 0)
(-0.00408162 -0.0111203 0)
(-0.0280416 0.11068 0)
(0.030649 0.060684 0)
(0.0600228 0.00240849 0)
(0.0486914 -0.0349508 0)
(0.0251829 -0.022095 0)
(-0.0315766 0.0580134 0)
(-0.042007 0.0141814 0)
(-0.0652534 -0.0301577 0)
(-0.0819363 -0.0737247 0)
(-0.0738836 -0.0748626 0)
(-0.0388593 -0.0706092 0)
(-0.00355117 -0.0635678 0)
(0.0472399 0.0329449 0)
(0.0655107 0.0256458 0)
(0.058839 -0.0100804 0)
(0.030482 0.000597197 0)
(0.00210533 -0.00208373 0)
(-0.0488169 -0.00918675 0)
(0.0240544 0.0854602 0)
(-0.0276895 0.0781603 0)
(0.0249339 0.0232585 0)
(-0.0010197 0.00139557 0)
(-0.0542759 0.00702308 0)
(-0.0822494 0.0361353 0)
(-0.0788144 0.0531645 0)
(-0.077472 0.0250265 0)
(-0.0813514 -0.0177869 0)
(-0.0851901 -0.067232 0)
(-0.0830144 -0.0756067 0)
(-0.0794524 -0.0881877 0)
(-0.0679636 -0.0771094 0)
(-0.0329837 -0.0201918 0)
(0.003329 -0.00227223 0)
(-0.00710574 0.00535237 0)
(-0.0334809 0.0237371 0)
(-0.067481 0.0331625 0)
(-0.0890758 0.0211086 0)
(-0.0282373 0.064034 0)
(-0.0893053 0.052849 0)
(-0.0822725 0.0300343 0)
(-0.0887674 0.0355271 0)
(-0.103795 0.0333184 0)
(-0.120163 0.0412652 0)
(-0.126818 0.0365441 0)
(-0.127713 0.0239286 0)
(-0.124877 -0.0232191 0)
(-0.119665 -0.0697888 0)
(-0.103227 -0.0850908 0)
(-0.0919918 -0.104522 0)
(-0.0946823 -0.0910291 0)
(-0.09289 -0.0422295 0)
(-0.0939683 0.00104602 0)
(-0.12127 0.0353266 0)
(-0.14096 0.0537742 0)
(-0.141233 0.0401614 0)
(-0.113868 -0.0140887 0)
(-0.0680549 -0.0596342 0)
(-0.166715 0.0459201 0)
(-0.165194 0.0260763 0)
(-0.156814 0.0209994 0)
(-0.139491 0.0374101 0)
(-0.136191 0.058152 0)
(-0.150296 0.0440488 0)
(-0.155592 0.0253497 0)
(-0.146667 -0.0328903 0)
(-0.138827 -0.0737089 0)
(-0.137818 -0.0965418 0)
(-0.141452 -0.0980333 0)
(-0.161264 -0.0722972 0)
(-0.187657 -0.0177121 0)
(-0.207635 0.0282867 0)
(-0.202469 0.0470163 0)
(-0.182691 0.0444747 0)
(-0.144961 0.00992344 0)
(-0.0884853 -0.0540609 0)
(-0.0332951 -0.125445 0)
(-0.196806 0.0429454 0)
(-0.184894 0.0183563 0)
(-0.174527 0.00414051 0)
(-0.157442 0.021286 0)
(-0.146943 0.0613812 0)
(-0.154177 0.0536325 0)
(-0.152498 0.0167056 0)
(-0.150431 -0.0391418 0)
(-0.164603 -0.0669745 0)
(-0.188098 -0.086519 0)
(-0.212523 -0.0783603 0)
(-0.226917 -0.0478903 0)
(-0.22176 -0.0103728 0)
(-0.198512 0.0109601 0)
(-0.168031 0.0166046 0)
(-0.130773 0.00407385 0)
(-0.0846757 -0.0400334 0)
(-0.0322417 -0.106492 0)
(-0.0047973 -0.160671 0)
(-0.202386 0.0237853 0)
(-0.177434 0.00792647 0)
(-0.171636 -0.00224333 0)
(-0.172141 0.0128324 0)
(-0.165975 0.0589229 0)
(-0.16283 0.058931 0)
(-0.169045 0.0122226 0)
(-0.17926 -0.026039 0)
(-0.19311 -0.046616 0)
(-0.205919 -0.0652377 0)
(-0.210395 -0.0702088 0)
(-0.201833 -0.0581068 0)
(-0.178271 -0.0385979 0)
(-0.142619 -0.0248669 0)
(-0.100026 -0.0214053 0)
(-0.0549318 -0.0348427 0)
(-0.00752023 -0.0784261 0)
(0.0282046 -0.134682 0)
(0.0163338 -0.156522 0)
(-0.215912 -0.004239 0)
(-0.196832 -0.00340123 0)
(-0.19351 0.0031293 0)
(-0.19452 0.0185256 0)
(-0.181629 0.0499023 0)
(-0.160182 0.0565092 0)
(-0.154381 0.0161176 0)
(-0.163134 -0.0163126 0)
(-0.17366 -0.0368587 0)
(-0.182294 -0.0602625 0)
(-0.185257 -0.076838 0)
(-0.175921 -0.0783429 0)
(-0.151605 -0.0726242 0)
(-0.114388 -0.0703949 0)
(-0.0674351 -0.0741725 0)
(-0.0152755 -0.0864724 0)
(0.0387239 -0.115016 0)
(0.0578346 -0.138421 0)
(0.0240755 -0.140157 0)
(-0.217375 -0.0141259 0)
(-0.216252 -0.0148686 0)
(-0.208849 -0.0105866 0)
(-0.196695 0.0023826 0)
(-0.174539 0.0218282 0)
(-0.144029 0.0314499 0)
(-0.12388 0.0124508 0)
(-0.124916 -0.00694024 0)
(-0.14083 -0.0248952 0)
(-0.161223 -0.0559339 0)
(-0.173429 -0.0791506 0)
(-0.169933 -0.0908615 0)
(-0.151839 -0.0960332 0)
(-0.118651 -0.102268 0)
(-0.0719203 -0.112875 0)
(-0.01729 -0.129146 0)
(0.0381612 -0.150994 0)
(0.0572451 -0.126035 0)
(0.0219576 -0.0995079 0)
(-0.228937 0.00350019 0)
(-0.230729 -0.00086739 0)
(-0.216066 -0.00215678 0)
(-0.194409 0.00557689 0)
(-0.168309 0.0135564 0)
(-0.137948 0.0179426 0)
(-0.112881 0.0114981 0)
(-0.101325 0.00173651 0)
(-0.103856 -0.00560394 0)
(-0.130626 -0.0308227 0)
(-0.151721 -0.0634345 0)
(-0.160675 -0.0874478 0)
(-0.150932 -0.104382 0)
(-0.123848 -0.125786 0)
(-0.0785552 -0.149676 0)
(-0.0282893 -0.173071 0)
(-0.00325736 -0.181341 0)
(0.003307 -0.106349 0)
(0.0127496 -0.0545296 0)
(-0.271495 -0.00687437 0)
(-0.258292 -0.0266566 0)
(-0.233313 -0.0432722 0)
(-0.195815 -0.0374808 0)
(-0.150655 -0.0310319 0)
(-0.103043 -0.0233548 0)
(-0.0696154 -0.0192714 0)
(-0.0917395 -0.00820907 0)
(-0.146373 0.0332635 0)
(-0.137629 0.00609106 0)
(-0.107989 -0.0352979 0)
(-0.125143 -0.0507696 0)
(-0.180263 -0.0970356 0)
(-0.193807 -0.158139 0)
(-0.209312 -0.192722 0)
(-0.228628 -0.1912 0)
(-0.215583 -0.171424 0)
(-0.146485 -0.121991 0)
(-0.0541664 -0.0439002 0)
(-0.110193 -0.00175885 0)
(-0.126776 -0.0365827 0)
(-0.174431 -0.0692503 0)
(-0.19427 -0.0955704 0)
(-0.196024 -0.0931224 0)
(-0.204878 -0.0728211 0)
(-0.189099 -0.0114019 0)
(-0.174058 0.048194 0)
(-0.189406 0.0187554 0)
(0.181372 -0.0400787 0)
(-0.142953 -0.0404385 0)
(-0.0648116 -0.0937805 0)
(-0.0597163 -0.13793 0)
(-0.0955195 -0.162741 0)
(-0.127763 -0.175131 0)
(-0.144228 -0.186264 0)
(-0.129217 -0.211236 0)
(-0.0866833 -0.224998 0)
(-0.0329974 -0.193558 0)
(0.0991083 -0.0132983 0)
(0.0847683 0.0159005 0)
(0.0745848 0.0384708 0)
(0.0489838 -0.0462637 0)
(-0.0119009 -0.0563012 0)
(-0.0259144 -0.0353847 0)
(-0.0108033 -0.065419 0)
(0.00550328 -0.0410724 0)
(0.0634636 -0.232534 0)
(0.085636 -0.0525292 0)
(0.116252 0.0304617 0)
(0.124045 -0.00561051 0)
(0.126142 -0.0661011 0)
(0.0726388 -0.108314 0)
(-0.00134691 -0.130081 0)
(-0.0455765 -0.16539 0)
(-0.0499188 -0.228539 0)
(-0.0337837 -0.263365 0)
(-0.0126059 -0.228375 0)
(0.157186 0.000192944 0)
(0.14896 0.0140121 0)
(0.153132 0.0123131 0)
(0.146283 0.000314597 0)
(0.125315 -0.025206 0)
(0.119114 -0.0456116 0)
(0.120635 -0.0485621 0)
(0.133422 -0.0599701 0)
(0.121567 -0.0830594 0)
(0.0996623 -0.0538673 0)
(0.0979969 -0.028866 0)
(0.11514 -0.0423518 0)
(0.133517 -0.0403939 0)
(0.122539 -0.0233314 0)
(0.0723518 -0.0492833 0)
(0.0292386 -0.11802 0)
(0.0106519 -0.2181 0)
(0.0050855 -0.269887 0)
(0.000960688 -0.236444 0)
(0.161067 0.00298383 0)
(0.159337 0.0157488 0)
(0.166958 0.0151332 0)
(0.168639 -0.00082813 0)
(0.158427 -0.0155746 0)
(0.128994 -0.0234593 0)
(0.0852475 -0.0345396 0)
(0.0548978 -0.0618719 0)
(0.0501278 -0.0865817 0)
(0.044163 -0.0700055 0)
(0.0532219 -0.0429107 0)
(0.0661389 -0.0659998 0)
(0.0743012 -0.0733912 0)
(0.0643892 -0.0545262 0)
(0.0477991 -0.0532904 0)
(0.0423936 -0.110725 0)
(0.037402 -0.202635 0)
(0.0258336 -0.259741 0)
(0.00770457 -0.226227 0)
(0.102703 0.0123991 0)
(0.124462 0.00197837 0)
(0.141601 0.00711956 0)
(0.134116 0.007042 0)
(0.0989067 0.0111598 0)
(0.0327185 0.0287448 0)
(-0.0294159 0.00979343 0)
(-0.0206858 -0.0656856 0)
(0.00690418 -0.0803889 0)
(0.0113518 -0.0715981 0)
(0.019891 -0.0551058 0)
(0.00756967 -0.0669581 0)
(-0.00227505 -0.0438204 0)
(-0.0145656 -0.0245523 0)
(0.00616164 -0.0577555 0)
(0.0307622 -0.125275 0)
(0.0392849 -0.20192 0)
(0.0307657 -0.246378 0)
(0.00841764 -0.210553 0)
(0.0516341 -0.0187454 0)
(0.0723959 -0.031013 0)
(0.0896434 0.0113064 0)
(0.0652653 0.0360489 0)
(0.0204083 0.0634994 0)
(-0.0453449 0.0796651 0)
(-0.0621695 0.00310656 0)
(-0.0274165 -0.0920929 0)
(-0.0247436 -0.0913297 0)
(-0.0379446 -0.0692866 0)
(-0.0514067 -0.0425871 0)
(-0.0750191 -0.0497522 0)
(-0.0664461 -0.0438771 0)
(-0.0381204 -0.0579193 0)
(0.00568974 -0.0896489 0)
(0.0311359 -0.135151 0)
(0.0389642 -0.199853 0)
(0.030709 -0.231213 0)
(0.00924536 -0.194162 0)
(0.0126251 -0.0450157 0)
(0.00382706 -0.0430017 0)
(0.0208813 0.0318585 0)
(0.0067942 0.0633356 0)
(-0.00881938 0.101868 0)
(-0.0377459 0.110613 0)
(-0.0329744 -0.0146235 0)
(-0.037936 -0.0881524 0)
(-0.079568 -0.0685725 0)
(-0.0950609 -0.0476947 0)
(-0.0899516 -0.0386313 0)
(-0.07285 -0.0539086 0)
(-0.0457854 -0.0733637 0)
(-0.0138901 -0.0916221 0)
(0.0149524 -0.118805 0)
(0.033646 -0.146904 0)
(0.0381422 -0.196729 0)
(0.0302879 -0.218456 0)
(0.0119938 -0.175969 0)
(0.00247638 -0.0310606 0)
(-0.0293155 -0.0296634 0)
(-0.0278079 0.0249367 0)
(-0.0138156 0.0636424 0)
(0.00388629 0.107717 0)
(0.01132 0.114991 0)
(0.0338921 0.00695833 0)
(-0.00100229 -0.0491713 0)
(-0.0560127 -0.0564295 0)
(-0.0517923 -0.0594212 0)
(-0.0365433 -0.0666972 0)
(-0.0147961 -0.0803864 0)
(0.00262046 -0.0945906 0)
(0.0164971 -0.110243 0)
(0.0268564 -0.134803 0)
(0.0348509 -0.155237 0)
(0.0366181 -0.192404 0)
(0.029505 -0.209283 0)
(0.0133371 -0.156483 0)
(0.0470973 0.00329694 0)
(0.0120371 -0.00800933 0)
(-0.0117369 0.014622 0)
(0.00207652 0.0441167 0)
(0.0302606 0.0810456 0)
(0.0599204 0.0853856 0)
(0.0838824 0.0176098 0)
(0.0697247 -0.0120125 0)
(0.0484157 -0.0282925 0)
(0.0389087 -0.0550308 0)
(0.0409857 -0.0736846 0)
(0.0482259 -0.0863016 0)
(0.0514214 -0.0990429 0)
(0.0501399 -0.113749 0)
(0.0457219 -0.137117 0)
(0.0395138 -0.157017 0)
(0.0370027 -0.189263 0)
(0.0283117 -0.20005 0)
(0.0121376 -0.137453 0)
(0.087779 0.0277607 0)
(0.0709114 0.0166804 0)
(0.0544775 0.0212298 0)
(0.0539554 0.0300361 0)
(0.0702979 0.0460737 0)
(0.0978657 0.0479347 0)
(0.118776 0.0146394 0)
(0.121947 -0.00902146 0)
(0.121317 -0.0270255 0)
(0.119826 -0.0502473 0)
(0.117301 -0.0705376 0)
(0.113032 -0.0822151 0)
(0.10578 -0.0915248 0)
(0.0945213 -0.103051 0)
(0.0772541 -0.123191 0)
(0.0564989 -0.146009 0)
(0.0432769 -0.181182 0)
(0.0264227 -0.187071 0)
(0.00930097 -0.120328 0)
(0.110502 0.0357025 0)
(0.108084 0.0253321 0)
(0.10614 0.0259773 0)
(0.109335 0.0281099 0)
(0.119632 0.02988 0)
(0.137175 0.0264093 0)
(0.153552 0.00773055 0)
(0.161739 -0.0126086 0)
(0.165641 -0.0299834 0)
(0.167009 -0.0499878 0)
(0.163577 -0.0683066 0)
(0.15674 -0.0775044 0)
(0.147675 -0.0822425 0)
(0.133473 -0.087453 0)
(0.110577 -0.100499 0)
(0.0813401 -0.123685 0)
(0.054923 -0.16138 0)
(0.0253224 -0.167999 0)
(0.00576876 -0.104987 0)
(0.11187 0.0294859 0)
(0.11911 0.0215405 0)
(0.127232 0.0207306 0)
(0.13748 0.0212715 0)
(0.150385 0.0193682 0)
(0.165641 0.0132945 0)
(0.18018 -0.00056549 0)
(0.189463 -0.0174636 0)
(0.193248 -0.033087 0)
(0.192743 -0.0488358 0)
(0.187639 -0.062096 0)
(0.178642 -0.0693456 0)
(0.166711 -0.0713423 0)
(0.151464 -0.0711309 0)
(0.130119 -0.0766703 0)
(0.100358 -0.0961585 0)
(0.0666783 -0.130255 0)
(0.0255432 -0.141799 0)
(0.00091207 -0.0915214 0)
(0.0948048 0.0155882 0)
(0.106407 0.0102742 0)
(0.11968 0.00903536 0)
(0.134157 0.00838064 0)
(0.149581 0.00551929 0)
(0.165183 -0.000646981 0)
(0.178882 -0.0111843 0)
(0.188476 -0.0232026 0)
(0.19348 -0.0349869 0)
(0.193682 -0.0462754 0)
(0.188595 -0.0552709 0)
(0.178927 -0.059345 0)
(0.166254 -0.0587486 0)
(0.151523 -0.055518 0)
(0.13313 -0.0548512 0)
(0.106203 -0.0682387 0)
(0.0713605 -0.0945821 0)
(0.0262342 -0.109554 0)
(-0.00232908 -0.0804893 0)
(0.0700858 0.00218042 0)
(0.0807185 -0.00223488 0)
(0.0934177 -0.00467098 0)
(0.107453 -0.00660051 0)
(0.122275 -0.00980886 0)
(0.13686 -0.0149789 0)
(0.14962 -0.0222257 0)
(0.159343 -0.0305484 0)
(0.165402 -0.0385648 0)
(0.167493 -0.0453681 0)
(0.165294 -0.0497695 0)
(0.159042 -0.050442 0)
(0.149555 -0.0472942 0)
(0.137443 -0.0416921 0)
(0.122338 -0.0362659 0)
(0.0996179 -0.0421654 0)
(0.0675888 -0.0605747 0)
(0.0258519 -0.0763456 0)
(-0.00116888 -0.0706263 0)
(0.0508553 -0.00639575 0)
(0.0579057 -0.0110688 0)
(0.066266 -0.0152343 0)
(0.0758682 -0.0189101 0)
(0.0867912 -0.0227325 0)
(0.0983258 -0.0273178 0)
(0.109304 -0.032717 0)
(0.118665 -0.0383749 0)
(0.125675 -0.0433671 0)
(0.1299 -0.046764 0)
(0.130954 -0.0475707 0)
(0.128649 -0.0450041 0)
(0.123093 -0.0391359 0)
(0.114442 -0.030832 0)
(0.102745 -0.0214599 0)
(0.0850066 -0.0198187 0)
(0.0582104 -0.0309174 0)
(0.0239963 -0.0482055 0)
(0.00325638 -0.0591882 0)
(0.0397724 -0.0114621 0)
(0.0445378 -0.0161029 0)
(0.0498517 -0.0208914 0)
(0.055728 -0.0257116 0)
(0.0624206 -0.03067 0)
(0.0698786 -0.0357664 0)
(0.0775318 -0.0408153 0)
(0.0847361 -0.0453729 0)
(0.0909062 -0.0487262 0)
(0.0955932 -0.0499755 0)
(0.0983092 -0.0481895 0)
(0.0985799 -0.0427803 0)
(0.0959377 -0.0339803 0)
(0.0899613 -0.0226768 0)
(0.0805326 -0.00971833 0)
(0.0659726 -0.00108642 0)
(0.0463998 -0.00722947 0)
(0.0224404 -0.0266246 0)
(0.00720426 -0.0458177 0)
(0.0322297 -0.015073 0)
(0.0357918 -0.019793 0)
(0.039716 -0.0248372 0)
(0.0439248 -0.03005 0)
(0.0485013 -0.0353875 0)
(0.0532877 -0.0407622 0)
(0.0581006 -0.0458374 0)
(0.0626654 -0.0501015 0)
(0.0667292 -0.0528431 0)
(0.0701063 -0.0530885 0)
(0.0725126 -0.0497787 0)
(0.0735066 -0.0422198 0)
(0.0722905 -0.0306666 0)
(0.0679206 -0.0161 0)
(0.0596755 0.000729918 0)
(0.0474992 0.0133316 0)
(0.0352127 0.00811537 0)
(0.0204141 -0.0115809 0)
(0.00891397 -0.0324675 0)
(0.0258485 -0.0177056 0)
(0.0285441 -0.0226863 0)
(0.0315801 -0.027956 0)
(0.0348467 -0.0333916 0)
(0.0382863 -0.0388452 0)
(0.0417176 -0.044129 0)
(0.0449007 -0.0489599 0)
(0.0476454 -0.0528635 0)
(0.0498536 -0.0551914 0)
(0.0515083 -0.0549748 0)
(0.0526606 -0.0509422 0)
(0.0532395 -0.0420126 0)
(0.0525616 -0.0281964 0)
(0.0493419 -0.0105776 0)
(0.0427414 0.009266 0)
(0.0347971 0.0214843 0)
(0.0275979 0.0162252 0)
(0.0181859 -0.00108492 0)
(0.00894604 -0.0202462 0)
(0.0201213 -0.0194992 0)
(0.0220551 -0.0247873 0)
(0.0242713 -0.0303811 0)
(0.0267224 -0.0360385 0)
(0.0293172 -0.0415448 0)
(0.0318468 -0.0466604 0)
(0.034067 -0.0510932 0)
(0.0357406 -0.0544506 0)
(0.0367269 -0.0562134 0)
(0.0370225 -0.0555724 0)
(0.0368463 -0.051212 0)
(0.0365687 -0.0416514 0)
(0.0360856 -0.0263835 0)
(0.0341129 -0.00648761 0)
(0.0301371 0.0151071 0)
(0.0256318 0.0262699 0)
(0.022562 0.0208558 0)
(0.0158182 0.00730288 0)
(0.00799425 -0.00936785 0)
(0.0149289 -0.0206435 0)
(0.0161277 -0.0262704 0)
(0.0176197 -0.0321555 0)
(0.0193687 -0.0379995 0)
(0.0212595 -0.0435502 0)
(0.0230909 -0.0484827 0)
(0.0246277 -0.052496 0)
(0.0256093 -0.0552397 0)
(0.0258183 -0.0563118 0)
(0.0251838 -0.0551326 0)
(0.0239295 -0.050568 0)
(0.0226896 -0.0409947 0)
(0.0221706 -0.0253102 0)
(0.0215802 -0.00423286 0)
(0.0205459 0.0181002 0)
(0.0191665 0.0278884 0)
(0.0188166 0.0235573 0)
(0.0133992 0.0140475 0)
(0.00665935 9.46431e-05 0)
(0.0102968 -0.0211977 0)
(0.010844 -0.027157 0)
(0.0116937 -0.0333163 0)
(0.012793 -0.0393545 0)
(0.0140491 -0.044961 0)
(0.0152755 -0.0497535 0)
(0.016255 -0.0533851 0)
(0.0167495 -0.0555136 0)
(0.0164728 -0.0558191 0)
(0.0152829 -0.0539524 0)
(0.0133071 -0.0491148 0)
(0.01117 -0.0398944 0)
(0.0102653 -0.0248802 0)
(0.0108657 -0.00398542 0)
(0.0130605 0.0181416 0)
(0.0144495 0.0271938 0)
(0.0157893 0.0251005 0)
(0.0110438 0.0196652 0)
(0.00489444 0.00808272 0)
(0.00631103 -0.0212286 0)
(0.00628971 -0.0275012 0)
(0.00656631 -0.0339223 0)
(0.00706845 -0.0401494 0)
(0.00772691 -0.0458166 0)
(0.00837792 -0.0505247 0)
(0.00884803 -0.053851 0)
(0.00895064 -0.0554321 0)
(0.0083869 -0.0549935 0)
(0.0069505 -0.0523172 0)
(0.0046178 -0.0470278 0)
(0.00180667 -0.0382156 0)
(0.000196744 -0.0247097 0)
(0.00129716 -0.00560231 0)
(0.00667289 0.015372 0)
(0.0105346 0.0248161 0)
(0.0131354 0.0259471 0)
(0.00849142 0.0249685 0)
(0.0030394 0.0134724 0)
(0.00301508 -0.0208323 0)
(0.00252491 -0.0273785 0)
(0.00230838 -0.0340213 0)
(0.00226832 -0.0404075 0)
(0.00234773 -0.0461403 0)
(0.00243338 -0.0508033 0)
(0.00241367 -0.0539243 0)
(0.00214897 -0.0550983 0)
(0.00141712 -0.0540162 0)
(-1.13317e-05 -0.0505188 0)
(-0.00234969 -0.0445306 0)
(-0.00545634 -0.0358063 0)
(-0.00768889 -0.0241491 0)
(-0.00706781 -0.00916359 0)
(0.00058002 0.0101499 0)
(0.00680988 0.0210192 0)
(0.010612 0.0261563 0)
(0.00629155 0.0298757 0)
(0.00178953 0.0174834 0)
(0.000404833 -0.020117 0)
(-0.000445894 -0.026886 0)
(-0.00105975 -0.0336961 0)
(-0.00157163 -0.0401911 0)
(-0.00203236 -0.0459661 0)
(-0.00250584 -0.0505982 0)
(-0.00303391 -0.0536103 0)
(-0.003665 -0.0545507 0)
(-0.00451286 -0.053019 0)
(-0.00576164 -0.0488333 0)
(-0.00769102 -0.0421308 0)
(-0.0104094 -0.0333377 0)
(-0.012947 -0.0230434 0)
(-0.012728 -0.0126883 0)
(-0.00547287 0.00235393 0)
(0.00278158 0.0160427 0)
(0.00768659 0.0254984 0)
(0.00437979 0.0340152 0)
(0.00116531 0.0201626 0)
(-0.00157233 -0.0191895 0)
(-0.0026667 -0.0260953 0)
(-0.003588 -0.0330094 0)
(-0.00449638 -0.0395496 0)
(-0.00543964 -0.045324 0)
(-0.00644033 -0.0499277 0)
(-0.00746788 -0.0529112 0)
(-0.00846657 -0.0537984 0)
(-0.00940932 -0.0521346 0)
(-0.01034 -0.0476492 0)
(-0.011455 -0.0404696 0)
(-0.0130332 -0.0313249 0)
(-0.0148662 -0.0218052 0)
(-0.0150922 -0.015203 0)
(-0.0106829 -0.0049653 0)
(-0.00282554 0.00960921 0)
(0.00372822 0.0238877 0)
(0.00246819 0.0366514 0)
(0.0011914 0.0219596 0)
(-0.00296213 -0.0181071 0)
(-0.00418965 -0.0250966 0)
(-0.00531414 -0.0320328 0)
(-0.00653 -0.0385308 0)
(-0.00788614 -0.0442361 0)
(-0.0093704 -0.0487995 0)
(-0.0108827 -0.0518227 0)
(-0.0122644 -0.0528385 0)
(-0.0133485 -0.0513523 0)
(-0.0140121 -0.0470009 0)
(-0.0142613 -0.0398015 0)
(-0.0142855 -0.0305005 0)
(-0.0144767 -0.0211116 0)
(-0.0152 -0.0157862 0)
(-0.0140991 -0.00937928 0)
(-0.008895 0.00322151 0)
(-0.00179875 0.0204588 0)
(0.00049975 0.036931 0)
(0.00148858 0.023145 0)
(-0.00385871 -0.016983 0)
(-0.00510273 -0.0239951 0)
(-0.0063178 -0.0308675 0)
(-0.00773401 -0.037223 0)
(-0.00940835 -0.0427695 0)
(-0.0113061 -0.047246 0)
(-0.0132746 -0.0503341 0)
(-0.0150715 -0.0516077 0)
(-0.0164124 -0.0505616 0)
(-0.0170254 -0.0467599 0)
(-0.0167396 -0.040077 0)
(-0.0156197 -0.0310692 0)
(-0.014188 -0.0215381 0)
(-0.0140857 -0.0150083 0)
(-0.0149889 -0.0106142 0)
(-0.0135328 -0.00148467 0)
(-0.00771378 0.0158486 0)
(-0.00184101 0.0337971 0)
(0.0013537 0.0235677 0)
(-0.00437756 -0.015912 0)
(-0.00552019 -0.0228985 0)
(-0.00669704 -0.0296238 0)
(-0.00817601 -0.0357307 0)
(-0.0100319 -0.0410116 0)
(-0.0122255 -0.0453183 0)
(-0.0145815 -0.0484381 0)
(-0.0168096 -0.0500146 0)
(-0.0185429 -0.0495636 0)
(-0.0193933 -0.0466001 0)
(-0.01905 -0.0408542 0)
(-0.0174482 -0.0326024 0)
(-0.015025 -0.0231172 0)
(-0.0132472 -0.0149327 0)
(-0.0138652 -0.00979558 0)
(-0.0148937 -0.00341966 0)
(-0.0118552 0.0108132 0)
(-0.00483406 0.0281881 0)
(0.000187075 0.0227388 0)
(-0.0046495 -0.0149973 0)
(-0.00553896 -0.0219312 0)
(-0.00650869 -0.0284396 0)
(-0.00786436 -0.0342018 0)
(-0.00970262 -0.0391084 0)
(-0.0119998 -0.043135 0)
(-0.0145981 -0.0461897 0)
(-0.0172113 -0.0480126 0)
(-0.0194393 -0.0481772 0)
(-0.0208098 -0.046183 0)
(-0.020882 -0.0416357 0)
(-0.0194247 -0.034512 0)
(-0.0166796 -0.0255214 0)
(-0.0137351 -0.0163844 0)
(-0.0126205 -0.00910775 0)
(-0.0138118 -0.00317954 0)
(-0.013569 0.00737414 0)
(-0.0080509 0.0217886 0)
(-0.00191993 0.0196871 0)
(-0.00476689 -0.0143783 0)
(-0.00515791 -0.0212529 0)
(-0.0056928 -0.027512 0)
(-0.00669411 -0.032871 0)
(-0.00825895 -0.0373268 0)
(-0.0103812 -0.040969 0)
(-0.0129571 -0.0438194 0)
(-0.0157691 -0.0457349 0)
(-0.0184599 -0.0463894 0)
(-0.0205322 -0.0453169 0)
(-0.0214357 -0.042049 0)
(-0.020723 -0.0362978 0)
(-0.0183366 -0.0282352 0)
(-0.0150058 -0.0188123 0)
(-0.0125693 -0.00976008 0)
(-0.0128619 -0.00234937 0)
(-0.0137608 0.00610479 0)
(-0.0101867 0.0161495 0)
(-0.00386943 0.0140953 0)
(-0.00453682 -0.0142131 0)
(-0.00415049 -0.0211457 0)
(-0.00409163 -0.0271156 0)
(-0.0045779 -0.0319946 0)
(-0.00563828 -0.0359208 0)
(-0.00725416 -0.0390655 0)
(-0.0093858 -0.0415218 0)
(-0.011933 -0.0432549 0)
(-0.0146771 -0.0440778 0)
(-0.0172271 -0.0436393 0)
(-0.0190461 -0.0415017 0)
(-0.019553 -0.03723 0)
(-0.0183509 -0.0305653 0)
(-0.0155793 -0.0215974 0)
(-0.0126245 -0.0112778 0)
(-0.0121223 -0.00188066 0)
(-0.0129313 0.00591215 0)
(-0.0106595 0.0122406 0)
(-0.00486946 0.00802157 0)
(-0.00326983 -0.0156043 0)
(-0.00222764 -0.0219398 0)
(-0.00179446 -0.0271712 0)
(-0.00185941 -0.03137 0)
(-0.00233846 -0.0346968 0)
(-0.00316897 -0.0372804 0)
(-0.00433824 -0.0392007 0)
(-0.00584315 -0.040468 0)
(-0.00763411 -0.0410165 0)
(-0.00958299 -0.0406858 0)
(-0.01142 -0.039209 0)
(-0.0127832 -0.0362484 0)
(-0.0132388 -0.0314084 0)
(-0.0124543 -0.0241717 0)
(-0.0108031 -0.013815 0)
(-0.0104415 -0.00119922 0)
(-0.0109252 0.00515977 0)
(-0.0093931 0.00747871 0)
(-0.00435754 -0.00288634 0)
)
;

boundaryField
{
    leftWall
    {
        type            noSlip;
    }
    rightWall
    {
        type            noSlip;
    }
    lowerWall
    {
        type            noSlip;
    }
    atmosphere
    {
        type            pressureInletOutletVelocity;
        value           nonuniform List<vector> 
46
(
(0.00188013 0.124803 0)
(0.00488342 0.127498 0)
(0.00599983 0.101725 0)
(0.00844354 0.0642635 0)
(0.00975987 0.0366328 0)
(0.00881577 0.0209699 0)
(0.0067167 0.0121002 0)
(0.00454761 0.00647202 0)
(0.00283184 0.00268788 0)
(0.0014922 0.000216297 0)
(0 -0.00121105 0)
(0 -0.00192237 0)
(0 -0.00209314 0)
(0 -0.00185627 0)
(0 -0.00127978 0)
(0 -0.000401331 0)
(-0.0029778 0.000798888 0)
(-0.00337287 0.00234224 0)
(-0.0036949 0.00437423 0)
(-0.00388611 0.00689959 0)
(-0.00419285 0.00906379 0)
(-0.004795 0.00874335 0)
(-0.00536742 0.00527794 0)
(-0.00540743 0.000413574 0)
(0 -0.00319043 0)
(0 -0.00732075 0)
(0 -0.0111203 0)
(0 -0.0156043 0)
(0 -0.0219398 0)
(0 -0.0271712 0)
(0 -0.03137 0)
(0 -0.0346968 0)
(0 -0.0372804 0)
(0 -0.0392007 0)
(0 -0.040468 0)
(0 -0.0410165 0)
(0 -0.0406858 0)
(0 -0.039209 0)
(0 -0.0362484 0)
(0 -0.0314084 0)
(0 -0.0241717 0)
(0 -0.013815 0)
(0 -0.00119922 0)
(-0.0109252 0.00515977 0)
(-0.0093931 0.00747871 0)
(0 -0.00288634 0)
)
;
    }
    defaultFaces
    {
        type            empty;
    }
}


// ************************************************************************* //
