/*--------------------------------*- C++ -*----------------------------------*\
| =========                 |                                                 |
| \\      /  F ield         | OpenFOAM: The Open Source CFD Toolbox           |
|  \\    /   O peration     | Version:  2312                                  |
|   \\  /    A nd           | Website:  www.openfoam.com                      |
|    \\/     M anipulation  |                                                 |
\*---------------------------------------------------------------------------*/
FoamFile
{
    version     2.0;
    format      ascii;
    arch        "LSB;label=32;scalar=64";
    class       volVectorField;
    location    "5.1";
    object      U;
}
// * * * * * * * * * * * * * * * * * * * * * * * * * * * * * * * * * * * * * //

dimensions      [0 1 -1 0 0 0 0];

internalField   nonuniform List<vector> 
2268
(
(-0.00515281 0.0020346 0)
(-0.0237375 0.00429939 0)
(-0.0421549 0.00432853 0)
(-0.0590313 0.00388553 0)
(-0.073423 0.00321902 0)
(-0.0847375 0.00242571 0)
(-0.0925554 0.00155192 0)
(-0.0966675 0.000678218 0)
(-0.0972024 -0.000123319 0)
(-0.094588 -0.000815867 0)
(-0.0893534 -0.0013853 0)
(-0.0821804 -0.00178511 0)
(-0.0738671 -0.00199509 0)
(-0.0651533 -0.00203613 0)
(-0.0565181 -0.00198676 0)
(-0.0482182 -0.00188931 0)
(-0.0405315 -0.00169931 0)
(-0.033766 -0.00144567 0)
(-0.0281004 -0.00115118 0)
(-0.0234865 -0.000922146 0)
(-0.0193615 -0.000931254 0)
(-0.014463 -0.0013859 0)
(-0.00856607 -0.00352091 0)
(-0.0113463 0.0118987 0)
(-0.0298856 0.0135597 0)
(-0.0485416 0.0127107 0)
(-0.0652552 0.0112059 0)
(-0.0794578 0.00918903 0)
(-0.0905395 0.00678354 0)
(-0.0980405 0.00414274 0)
(-0.101753 0.00150403 0)
(-0.101849 -0.000909619 0)
(-0.0987973 -0.00295573 0)
(-0.0931344 -0.00456369 0)
(-0.0855426 -0.0056532 0)
(-0.0768306 -0.00618256 0)
(-0.0677567 -0.00623868 0)
(-0.0587954 -0.00605594 0)
(-0.050148 -0.00574979 0)
(-0.0420712 -0.00516969 0)
(-0.0348928 -0.00445051 0)
(-0.0287768 -0.00368976 0)
(-0.0236799 -0.00313421 0)
(-0.0190128 -0.00309325 0)
(-0.0135852 -0.00400849 0)
(-0.00613223 -0.0079629 0)
(-0.0132413 0.0214899 0)
(-0.0327443 0.0222555 0)
(-0.0521566 0.0208066 0)
(-0.0694147 0.0182817 0)
(-0.0840575 0.0149633 0)
(-0.0953979 0.0110238 0)
(-0.102938 0.00669111 0)
(-0.1065 0.00235757 0)
(-0.106323 -0.0015905 0)
(-0.102922 -0.00494796 0)
(-0.0968698 -0.00765551 0)
(-0.0888536 -0.0095406 0)
(-0.0797101 -0.0104599 0)
(-0.0702558 -0.0105668 0)
(-0.0609467 -0.0102891 0)
(-0.051861 -0.00984982 0)
(-0.043256 -0.00886091 0)
(-0.0355535 -0.00761433 0)
(-0.0288708 -0.00633302 0)
(-0.0231735 -0.00544117 0)
(-0.0180409 -0.00545342 0)
(-0.0125711 -0.00715241 0)
(-0.00407155 -0.0124208 0)
(-0.0132847 0.033233 0)
(-0.0335377 0.0327148 0)
(-0.0536688 0.0303485 0)
(-0.0717068 0.0265945 0)
(-0.0870628 0.0216699 0)
(-0.0989075 0.0158307 0)
(-0.10671 0.0094497 0)
(-0.110328 0.00308649 0)
(-0.110054 -0.002613 0)
(-0.106415 -0.00750612 0)
(-0.0999739 -0.0113587 0)
(-0.0914677 -0.0139661 0)
(-0.0819065 -0.0151497 0)
(-0.0722045 -0.0151984 0)
(-0.0627051 -0.0147796 0)
(-0.0532147 -0.0142542 0)
(-0.0440541 -0.0127824 0)
(-0.035799 -0.0109613 0)
(-0.0283565 -0.00916226 0)
(-0.0216212 -0.00788089 0)
(-0.0155232 -0.00767585 0)
(-0.0102506 -0.00998093 0)
(-0.00192046 -0.0159029 0)
(-0.0119063 0.0430063 0)
(-0.0318893 0.0418633 0)
(-0.0518738 0.0389853 0)
(-0.0703421 0.0345014 0)
(-0.0866533 0.0283425 0)
(-0.0995571 0.0206858 0)
(-0.10813 0.0121339 0)
(-0.11211 0.00361133 0)
(-0.111698 -0.00400449 0)
(-0.106983 -0.0103528 0)
(-0.0992771 -0.0153554 0)
(-0.0901329 -0.0187908 0)
(-0.0806425 -0.020264 0)
(-0.0713622 -0.0202447 0)
(-0.0621856 -0.0197076 0)
(-0.052558 -0.0193343 0)
(-0.0433121 -0.017594 0)
(-0.0347613 -0.0154888 0)
(-0.0261947 -0.0135139 0)
(-0.0175922 -0.0118875 0)
(-0.00922739 -0.0107445 0)
(-0.00403126 -0.0127978 0)
(0.00185444 -0.0182412 0)
(-0.0111912 0.0498745 0)
(-0.0308777 0.0485247 0)
(-0.0498811 0.0452944 0)
(-0.0669879 0.0403713 0)
(-0.0816743 0.033482 0)
(-0.0926719 0.0247422 0)
(-0.099003 0.0150824 0)
(-0.100999 0.005301 0)
(-0.099358 -0.00421681 0)
(-0.094621 -0.0120765 0)
(-0.0882213 -0.0180094 0)
(-0.0815622 -0.0216797 0)
(-0.0743253 -0.0230718 0)
(-0.0663728 -0.0231039 0)
(-0.0575315 -0.0231932 0)
(-0.0474405 -0.0241194 0)
(-0.0385364 -0.0230829 0)
(-0.0293823 -0.0218559 0)
(-0.0192802 -0.0204232 0)
(-0.00881885 -0.0190042 0)
(0.00204379 -0.0175213 0)
(0.00591791 -0.0178284 0)
(0.00677632 -0.0185016 0)
(-0.0103545 0.0599038 0)
(-0.0281942 0.0580792 0)
(-0.0449608 0.0539884 0)
(-0.0601532 0.0480612 0)
(-0.073217 0.0399623 0)
(-0.0832783 0.0294006 0)
(-0.0894496 0.0174659 0)
(-0.0917077 0.00539722 0)
(-0.0897211 -0.0061856 0)
(-0.083939 -0.014754 0)
(-0.077585 -0.0206154 0)
(-0.0704574 -0.0244877 0)
(-0.0589073 -0.0264493 0)
(-0.0434422 -0.0271123 0)
(-0.025835 -0.027195 0)
(-0.00818672 -0.0268434 0)
(0.00151815 -0.0231931 0)
(0.0126478 -0.0214547 0)
(0.0235941 -0.02029 0)
(0.0334145 -0.0178336 0)
(0.0401172 -0.0156175 0)
(0.0379559 -0.0151428 0)
(0.023385 -0.0216993 0)
(-0.0042599 0.0757481 0)
(-0.00564737 0.0720686 0)
(-0.00357022 0.0663927 0)
(-0.00423177 0.0580924 0)
(-0.00304306 0.046872 0)
(0.000721798 0.0325811 0)
(0.0062463 0.0162518 0)
(0.0132948 0.00146029 0)
(0.0201138 -0.0107489 0)
(0.0238043 -0.0211504 0)
(0.027703 -0.027589 0)
(0.0341696 -0.0331943 0)
(0.047503 -0.0383702 0)
(0.066692 -0.0412719 0)
(0.0881969 -0.0406221 0)
(0.107894 -0.0362509 0)
(0.11949 -0.0311494 0)
(0.130439 -0.0288919 0)
(0.139037 -0.0275192 0)
(0.142752 -0.0235869 0)
(0.138269 -0.0157758 0)
(0.115608 -0.000822918 0)
(0.0838311 0.0278384 0)
(-0.0160263 0.003562 0)
(-0.015189 -0.00142639 0)
(-0.015554 -0.00209961 0)
(-0.00785 -0.00192601 0)
(0.00167242 -0.00234268 0)
(0.0133642 -0.00273785 0)
(0.0255625 -0.00285577 0)
(0.0374398 -0.0030557 0)
(0.0481393 -0.00280134 0)
(0.0563186 -0.00224828 0)
(0.0615226 -0.00207818 0)
(0.065337 -0.00257618 0)
(0.0695326 -0.00307072 0)
(0.0739943 -0.00300208 0)
(0.0738136 -0.000918836 0)
(0.0637543 0.00188267 0)
(0.0494967 0.00268284 0)
(0.0343016 0.00451893 0)
(0.0201798 0.0078596 0)
(-0.000524721 0.00941492 0)
(0.000149245 0.00306098 0)
(-0.00675206 -0.00205393 0)
(-0.00297285 -0.00502453 0)
(0.003367 -0.00675723 0)
(0.0127966 -0.0077721 0)
(0.0246107 -0.00820204 0)
(0.0377673 -0.00748975 0)
(0.0500283 -0.00617058 0)
(0.0603582 -0.00383193 0)
(0.0673071 -0.0014894 0)
(0.0704244 -0.00041128 0)
(0.070987 -0.000676951 0)
(0.0706932 -0.000453757 0)
(0.0682255 0.00497055 0)
(0.0602063 0.00969896 0)
(0.0460427 0.0101576 0)
(0.0269389 0.010767 0)
(0.0131731 0.0134429 0)
(0.00258152 0.00244023 0)
(0.0018805 0.0021698 0)
(0.00297415 -0.00153662 0)
(0.0022726 -0.00656295 0)
(-0.00191128 -0.00885796 0)
(-0.00240531 -0.0109086 0)
(0.0027226 -0.0129525 0)
(0.0148851 -0.0132119 0)
(0.0283791 -0.0126744 0)
(0.0447148 -0.00954117 0)
(0.063781 -0.00626227 0)
(0.0746464 -0.00481391 0)
(0.074457 -0.00387128 0)
(0.0699026 -0.00231699 0)
(0.0702732 0.00520123 0)
(0.0743371 0.0136052 0)
(0.0666185 0.0186747 0)
(0.0399268 0.0197619 0)
(0.0154806 0.0207297 0)
(-0.0351158 0.0101786 0)
(-0.0272171 0.00140049 0)
(0.0160869 -0.00410363 0)
(0.0172221 -0.00200475 0)
(0.000533436 -0.00627057 0)
(-0.012456 -0.0112496 0)
(-0.0329896 -0.0128601 0)
(-0.0397056 -0.016571 0)
(-0.0395689 -0.0148884 0)
(-0.01153 -0.018021 0)
(0.0675043 -0.01248 0)
(0.103556 0.000481929 0)
(0.103198 0.00351282 0)
(0.0999856 -7.18732e-05 0)
(0.0987111 -0.00227499 0)
(0.102291 0.00517819 0)
(0.0909531 0.0236844 0)
(0.058001 0.0340245 0)
(0.0267111 0.0372176 0)
(-0.0323875 0.0274475 0)
(0.0321743 -0.0237088 0)
(0.0554917 -0.0170647 0)
(0.0634655 0.000919976 0)
(0.0663024 0.00607304 0)
(0.0229043 0.00817381 0)
(-0.0699393 -0.00301396 0)
(-0.09108 -0.0164887 0)
(-0.0831776 -0.0257463 0)
(-0.0220075 -0.0636617 0)
(0.0687519 -0.0639176 0)
(0.145061 -0.0236513 0)
(0.18541 -0.000831736 0)
(0.179538 0.00348636 0)
(0.0458938 0.012336 0)
(-0.100455 0.020516 0)
(-0.0195332 0.0332598 0)
(0.0445418 0.0517574 0)
(0.0408727 0.0484491 0)
(-0.0132484 0.0157693 0)
(0.0785864 -0.0440808 0)
(0.0916479 -0.0225636 0)
(0.103117 -0.00334525 0)
(0.0982519 0.0116393 0)
(0.0828229 0.0345252 0)
(0.0229153 0.0370423 0)
(-0.0521344 -0.0156235 0)
(-0.0484797 -0.0374348 0)
(0.00810455 -0.0921357 0)
(0.0351979 -0.0936581 0)
(0.0907869 -0.0477334 0)
(0.119096 -0.000997316 0)
(0.104865 0.0472206 0)
(-0.0723249 0.0902637 0)
(-0.12977 0.0224958 0)
(-0.0751118 -0.0237639 0)
(0.00564346 0.00997395 0)
(0.07381 0.0711023 0)
(0.0700726 0.00625839 0)
(0.119452 -0.0581243 0)
(0.142432 -0.0283809 0)
(0.146912 -0.000209025 0)
(0.131793 0.0205698 0)
(0.108763 0.0427321 0)
(0.0739518 0.0529832 0)
(0.0524316 0.0151078 0)
(0.00586684 -0.0374454 0)
(0.0402593 -0.0984815 0)
(0.00562595 -0.102384 0)
(0.0336163 -0.058316 0)
(0.0276182 0.00229455 0)
(0.0146615 0.0912518 0)
(-0.109417 0.119763 0)
(-0.110519 0.0268498 0)
(-0.0338014 -0.0361376 0)
(-0.0277076 -0.0248446 0)
(0.0605144 0.0900147 0)
(0.170329 -0.0842754 0)
(0.158495 -0.0845534 0)
(0.172542 -0.0368421 0)
(0.172505 0.0027768 0)
(0.152398 0.0297658 0)
(0.125753 0.0537416 0)
(0.0996333 0.0607882 0)
(0.0821056 0.0222153 0)
(0.0669219 -0.0300157 0)
(0.0673916 -0.0827391 0)
(-0.0183284 -0.0876577 0)
(-0.0260913 -0.0510172 0)
(-0.0501737 0.0124145 0)
(-0.0382947 0.114767 0)
(-0.121628 0.129708 0)
(-0.0947506 0.00841849 0)
(0.000958597 -0.0597555 0)
(-0.0295247 -0.0306459 0)
(0.0304904 0.093915 0)
(8.86071e-05 0.0693044 0)
(0.00809394 0.0584734 0)
(0.0192275 0.0540963 0)
(0.0292309 0.0494121 0)
(0.0399876 0.0377325 0)
(0.0503186 0.0258655 0)
(0.0570983 0.0153151 0)
(0.0607041 0.00538141 0)
(0.0617149 -0.00519302 0)
(0.061472 -0.0150062 0)
(0.0639154 -0.0238129 0)
(0.0703289 -0.0325704 0)
(0.0814013 -0.0421234 0)
(0.0970589 -0.0493371 0)
(0.116104 -0.0516963 0)
(0.13783 -0.0487005 0)
(0.160859 -0.0408577 0)
(0.181698 -0.0332703 0)
(0.197999 -0.027631 0)
(0.209322 -0.0208021 0)
(0.216493 -0.0101675 0)
(0.224955 0.00725395 0)
(0.23079 0.0405954 0)
(0.00706731 0.0586043 0)
(0.0191993 0.0477403 0)
(0.024663 0.0416207 0)
(0.0341355 0.0345027 0)
(0.0407513 0.0225257 0)
(0.0418971 0.0136791 0)
(0.041558 0.0042559 0)
(0.0431838 -0.00663179 0)
(0.0487758 -0.0157571 0)
(0.0548829 -0.0268715 0)
(0.060625 -0.0388372 0)
(0.0684931 -0.0503588 0)
(0.0807624 -0.063785 0)
(0.0959408 -0.0727757 0)
(0.112252 -0.0763004 0)
(0.130158 -0.0771959 0)
(0.150262 -0.0715129 0)
(0.17158 -0.0639982 0)
(0.193544 -0.0569534 0)
(0.213247 -0.0432635 0)
(0.225917 -0.0260276 0)
(0.233325 -0.00864131 0)
(0.242225 0.00323837 0)
(0.0147917 0.0480439 0)
(0.0417945 0.045433 0)
(0.0638122 0.043258 0)
(0.0833158 0.0362783 0)
(0.0998232 0.0292183 0)
(0.111204 0.0232139 0)
(0.119917 0.0163029 0)
(0.118736 -0.00245373 0)
(0.110964 -0.016158 0)
(0.106215 -0.0281 0)
(0.104294 -0.0418265 0)
(0.104969 -0.056842 0)
(0.109782 -0.07481 0)
(0.114548 -0.084649 0)
(0.119999 -0.0880109 0)
(0.12667 -0.0901711 0)
(0.135286 -0.0851017 0)
(0.147977 -0.0785163 0)
(0.165695 -0.0720773 0)
(0.184481 -0.0511508 0)
(0.195253 -0.0250005 0)
(0.192348 -0.00514384 0)
(0.185174 0.000644921 0)
(0.0199665 0.00475202 0)
(0.0572406 -0.00969517 0)
(0.0959643 0.000990679 0)
(0.127728 0.00158886 0)
(0.155803 -0.00781839 0)
(0.186208 -0.00962548 0)
(0.211997 -0.000441277 0)
(0.224402 0.00468381 0)
(0.219861 0.00226736 0)
(0.210714 -0.0116875 0)
(0.204602 -0.0277586 0)
(0.196753 -0.0432039 0)
(0.184547 -0.0634751 0)
(0.169736 -0.0764392 0)
(0.156386 -0.0822168 0)
(0.144381 -0.0869689 0)
(0.133453 -0.0873049 0)
(0.12762 -0.0894427 0)
(0.129036 -0.0940285 0)
(0.143344 -0.0781507 0)
(0.167173 -0.0380162 0)
(0.173832 0.00351601 0)
(0.156992 0.0153747 0)
(0.0186906 -0.0317095 0)
(0.0429658 -0.0447829 0)
(0.0689341 -0.0289621 0)
(0.0941639 -0.0205671 0)
(0.11093 -0.0327409 0)
(0.127851 -0.0336061 0)
(0.145627 -0.0155357 0)
(0.16089 -0.00627382 0)
(0.178861 -0.00731183 0)
(0.197512 -0.0211563 0)
(0.21284 -0.0341012 0)
(0.223098 -0.042227 0)
(0.225554 -0.0525424 0)
(0.219379 -0.0612508 0)
(0.207598 -0.0663652 0)
(0.19173 -0.0684185 0)
(0.171646 -0.068724 0)
(0.148661 -0.0734782 0)
(0.126171 -0.0852879 0)
(0.111313 -0.0863388 0)
(0.115237 -0.0500179 0)
(0.130883 0.00262475 0)
(0.129293 0.0299119 0)
(0.0128794 -0.0545451 0)
(0.0304165 -0.0603695 0)
(0.0434897 -0.0462968 0)
(0.065233 -0.0375021 0)
(0.0820291 -0.046047 0)
(0.0963771 -0.0456025 0)
(0.115466 -0.0330862 0)
(0.139759 -0.0314898 0)
(0.164897 -0.0346644 0)
(0.186254 -0.0426145 0)
(0.200948 -0.0499569 0)
(0.210437 -0.0530929 0)
(0.216009 -0.0554966 0)
(0.216312 -0.0563129 0)
(0.211232 -0.0552523 0)
(0.202369 -0.0518911 0)
(0.190729 -0.0476276 0)
(0.175861 -0.0465347 0)
(0.153035 -0.0534632 0)
(0.122237 -0.0683839 0)
(0.102668 -0.0560798 0)
(0.105761 -0.00796504 0)
(0.110836 0.0349479 0)
(0.0102861 -0.0755485 0)
(0.0288474 -0.0746905 0)
(0.0436014 -0.0659645 0)
(0.0666759 -0.0604304 0)
(0.0869914 -0.0631707 0)
(0.104915 -0.0631827 0)
(0.125202 -0.0586208 0)
(0.148124 -0.0564747 0)
(0.170494 -0.0571581 0)
(0.190122 -0.0595755 0)
(0.205997 -0.0616442 0)
(0.217904 -0.0613791 0)
(0.226228 -0.0598775 0)
(0.22978 -0.0552117 0)
(0.227627 -0.0491751 0)
(0.220447 -0.0416662 0)
(0.208617 -0.0341172 0)
(0.191967 -0.0293849 0)
(0.171043 -0.0304727 0)
(0.14804 -0.0421081 0)
(0.125247 -0.0439745 0)
(0.112505 -0.0108327 0)
(0.112358 0.0333732 0)
(0.0103448 -0.0941689 0)
(0.0316005 -0.091804 0)
(0.0522701 -0.0872404 0)
(0.0771027 -0.0842516 0)
(0.0995459 -0.0843618 0)
(0.119044 -0.0844674 0)
(0.138303 -0.0837694 0)
(0.158975 -0.0835967 0)
(0.18015 -0.0848712 0)
(0.200598 -0.0865927 0)
(0.219323 -0.0874207 0)
(0.23512 -0.0858597 0)
(0.248861 -0.082878 0)
(0.258122 -0.0754104 0)
(0.260383 -0.065864 0)
(0.256848 -0.0532109 0)
(0.24772 -0.0360698 0)
(0.229599 -0.0149905 0)
(0.205232 -0.00307037 0)
(0.189464 -0.0168897 0)
(0.180926 -0.0241247 0)
(0.166552 -0.000778182 0)
(0.153263 0.0374788 0)
(0.0121276 -0.108214 0)
(0.0363921 -0.106622 0)
(0.0625187 -0.105188 0)
(0.0916073 -0.103378 0)
(0.117724 -0.10217 0)
(0.13961 -0.100532 0)
(0.160957 -0.0989078 0)
(0.184514 -0.0975235 0)
(0.209015 -0.0971982 0)
(0.2324 -0.0962765 0)
(0.25224 -0.0933484 0)
(0.265734 -0.0854927 0)
(0.277135 -0.0801543 0)
(0.278951 -0.060041 0)
(0.268546 -0.0460605 0)
(0.258877 -0.0300546 0)
(0.261272 -0.0119028 0)
(0.246394 0.0137781 0)
(0.239095 0.00397181 0)
(0.259518 -0.0188722 0)
(0.266724 -0.0134274 0)
(0.249088 0.0159234 0)
(0.22633 0.0570513 0)
(0.0266375 -0.152701 0)
(0.0673565 -0.150246 0)
(0.0968118 -0.144397 0)
(0.112503 -0.135123 0)
(0.111976 -0.122933 0)
(0.102517 -0.107384 0)
(0.111513 -0.120557 0)
(0.140716 -0.120575 0)
(0.171597 -0.117683 0)
(0.199035 -0.11097 0)
(0.224598 -0.101078 0)
(0.253921 -0.0840793 0)
(0.288426 -0.0844632 0)
(0.333412 -0.0432525 0)
(0.363648 -0.0151997 0)
(0.355924 0.0176359 0)
(0.270109 0.0101144 0)
(0.222543 0.0481287 0)
(-0.00141349 0.0227302 0)
(-0.0125685 -0.0515791 0)
(0.162868 -0.00842638 0)
(0.226661 0.0405692 0)
(0.250452 0.0839324 0)
(0.00223785 -0.195541 0)
(0.00350537 -0.182903 0)
(0.00693889 -0.15631 0)
(0.0204921 -0.138148 0)
(0.0408096 -0.12463 0)
(0.0716557 -0.115377 0)
(0.096666 -0.151435 0)
(0.112358 -0.161178 0)
(0.132001 -0.15989 0)
(0.156952 -0.159083 0)
(0.187065 -0.156849 0)
(0.219924 -0.15623 0)
(0.25072 -0.155073 0)
(0.280308 -0.136659 0)
(0.318261 -0.0915967 0)
(0.37457 -0.00887877 0)
(0.435799 0.0864837 0)
(0.449654 0.168542 0)
(0.385224 0.160544 0)
(0.337196 -0.0430664 0)
(0.161998 -0.225131 0)
(0.20706 -0.0943269 0)
(0.236419 0.0144137 0)
(-0.00232277 -0.181196 0)
(-0.000285809 -0.170115 0)
(0.00510787 -0.159687 0)
(0.0136529 -0.155538 0)
(0.0255666 -0.151855 0)
(0.0420607 -0.150636 0)
(0.0553848 -0.160719 0)
(0.0633484 -0.167538 0)
(0.0720694 -0.170019 0)
(0.0844162 -0.1728 0)
(0.100264 -0.17335 0)
(0.117579 -0.169995 0)
(0.133184 -0.161095 0)
(0.153076 -0.142443 0)
(0.183534 -0.116802 0)
(0.234839 -0.0754505 0)
(0.31756 -0.00289499 0)
(0.444035 0.109372 0)
(0.520401 0.148162 0)
(0.547312 0.142596 0)
(0.440533 0.0955272 0)
(0.26067 -0.065693 0)
(0.353104 -0.0323247 0)
(-0.00474572 -0.179212 0)
(-0.00572355 -0.174786 0)
(-0.00539932 -0.166464 0)
(-0.0028385 -0.161297 0)
(0.00030465 -0.158797 0)
(0.00597539 -0.160153 0)
(0.00971229 -0.166901 0)
(0.0103853 -0.173478 0)
(0.0111291 -0.176756 0)
(0.0129033 -0.183045 0)
(0.0160509 -0.185957 0)
(0.0190174 -0.181763 0)
(0.0212528 -0.174127 0)
(0.0292067 -0.165986 0)
(0.0459188 -0.158843 0)
(0.0748951 -0.139752 0)
(0.121527 -0.101383 0)
(0.202346 -0.0361514 0)
(0.333448 0.0313926 0)
(0.428716 0.0721855 0)
(0.461952 0.0922456 0)
(0.46269 0.0571801 0)
(0.383946 -0.111344 0)
(-0.00492042 -0.172293 0)
(-0.00886996 -0.171334 0)
(-0.0129217 -0.164589 0)
(-0.0152424 -0.160072 0)
(-0.0179311 -0.158684 0)
(-0.0194793 -0.160346 0)
(-0.0222582 -0.16491 0)
(-0.0269524 -0.169948 0)
(-0.0315622 -0.173119 0)
(-0.0371058 -0.179746 0)
(-0.0436764 -0.181822 0)
(-0.049464 -0.176382 0)
(-0.0533756 -0.170937 0)
(-0.0539148 -0.172535 0)
(-0.0499234 -0.173241 0)
(-0.0405653 -0.162523 0)
(-0.0246926 -0.140082 0)
(0.00809774 -0.108183 0)
(0.0536629 -0.08197 0)
(0.143881 -0.0311982 0)
(0.258352 0.0229475 0)
(0.300052 0.0157994 0)
(0.315057 -0.0130727 0)
(-0.00471655 -0.164802 0)
(-0.010625 -0.165281 0)
(-0.0172643 -0.159142 0)
(-0.0225236 -0.154825 0)
(-0.0281742 -0.153597 0)
(-0.0335689 -0.154861 0)
(-0.0397145 -0.158005 0)
(-0.0467936 -0.161958 0)
(-0.0539808 -0.165404 0)
(-0.062749 -0.170381 0)
(-0.0734673 -0.172523 0)
(-0.0829687 -0.168735 0)
(-0.0902473 -0.166194 0)
(-0.0978657 -0.169217 0)
(-0.10732 -0.171637 0)
(-0.115348 -0.163321 0)
(-0.119356 -0.143691 0)
(-0.11742 -0.119775 0)
(-0.110734 -0.0992272 0)
(-0.0966975 -0.0769098 0)
(-0.0671107 -0.0468929 0)
(-0.0449924 -0.0204047 0)
(-0.0442665 -0.00485739 0)
(-0.00451306 -0.15688 0)
(-0.0114764 -0.157795 0)
(-0.0191766 -0.152197 0)
(-0.0254808 -0.148299 0)
(-0.0319795 -0.147192 0)
(-0.0384779 -0.148256 0)
(-0.0455234 -0.150836 0)
(-0.053295 -0.154093 0)
(-0.0617054 -0.157127 0)
(-0.0715686 -0.160109 0)
(-0.083213 -0.161198 0)
(-0.0944906 -0.158783 0)
(-0.104761 -0.156976 0)
(-0.116727 -0.157827 0)
(-0.133104 -0.158641 0)
(-0.151892 -0.151675 0)
(-0.169237 -0.135962 0)
(-0.184484 -0.118238 0)
(-0.19792 -0.098947 0)
(-0.209678 -0.0739041 0)
(-0.219222 -0.0425848 0)
(-0.230334 -0.0100609 0)
(-0.245936 0.0158636 0)
(-0.00443574 -0.148796 0)
(-0.0119405 -0.149799 0)
(-0.0199058 -0.144961 0)
(-0.0263432 -0.141657 0)
(-0.0327656 -0.140652 0)
(-0.0392099 -0.141416 0)
(-0.0461651 -0.143357 0)
(-0.053911 -0.145756 0)
(-0.0626312 -0.147928 0)
(-0.0726531 -0.149434 0)
(-0.0838859 -0.149371 0)
(-0.0953901 -0.147257 0)
(-0.107111 -0.144736 0)
(-0.120703 -0.142646 0)
(-0.137989 -0.139424 0)
(-0.158264 -0.130845 0)
(-0.178668 -0.116075 0)
(-0.198613 -0.0992602 0)
(-0.218531 -0.0803146 0)
(-0.238786 -0.0565514 0)
(-0.260311 -0.0271006 0)
(-0.282169 0.00564405 0)
(-0.303941 0.0331618 0)
(-0.00450568 -0.140551 0)
(-0.0123714 -0.14157 0)
(-0.020512 -0.13767 0)
(-0.0270509 -0.135097 0)
(-0.0333691 -0.134317 0)
(-0.0396159 -0.134846 0)
(-0.0462797 -0.136155 0)
(-0.0536973 -0.137627 0)
(-0.0621067 -0.138739 0)
(-0.0716464 -0.139039 0)
(-0.0821404 -0.138033 0)
(-0.0931895 -0.135569 0)
(-0.10492 -0.132133 0)
(-0.118212 -0.127801 0)
(-0.133756 -0.121537 0)
(-0.150876 -0.111603 0)
(-0.16813 -0.0976174 0)
(-0.18522 -0.0811292 0)
(-0.202649 -0.0618305 0)
(-0.220285 -0.0375729 0)
(-0.239081 -0.00744105 0)
(-0.26207 0.0246799 0)
(-0.285655 0.0467355 0)
(-0.00471105 -0.131972 0)
(-0.012935 -0.133045 0)
(-0.021354 -0.130172 0)
(-0.0281698 -0.128437 0)
(-0.0345972 -0.128011 0)
(-0.040816 -0.128443 0)
(-0.0472706 -0.129256 0)
(-0.0542922 -0.129948 0)
(-0.062121 -0.130121 0)
(-0.070867 -0.129443 0)
(-0.0804416 -0.127608 0)
(-0.0906654 -0.124503 0)
(-0.101581 -0.120213 0)
(-0.113508 -0.114571 0)
(-0.126588 -0.106879 0)
(-0.140327 -0.096286 0)
(-0.153914 -0.0826226 0)
(-0.166992 -0.0662771 0)
(-0.179604 -0.0467841 0)
(-0.191158 -0.0219591 0)
(-0.201417 0.00944104 0)
(-0.214219 0.0419677 0)
(-0.232222 0.0624575 0)
(-0.00497 -0.123032 0)
(-0.0135614 -0.124216 0)
(-0.0223325 -0.122382 0)
(-0.0295135 -0.121535 0)
(-0.0361536 -0.121593 0)
(-0.0424117 -0.12211 0)
(-0.0486857 -0.122641 0)
(-0.0552871 -0.122775 0)
(-0.0624598 -0.122209 0)
(-0.0703313 -0.120731 0)
(-0.0788973 -0.118178 0)
(-0.0880837 -0.114455 0)
(-0.0978657 -0.109506 0)
(-0.108273 -0.103124 0)
(-0.119191 -0.0948564 0)
(-0.130199 -0.084247 0)
(-0.140766 -0.0711839 0)
(-0.150533 -0.0557287 0)
(-0.15918 -0.0372784 0)
(-0.165782 -0.0140066 0)
(-0.169078 0.0157292 0)
(-0.170385 0.049627 0)
(-0.175711 0.0754809 0)
(-0.00524563 -0.113657 0)
(-0.0141978 -0.115025 0)
(-0.0233072 -0.114256 0)
(-0.0308123 -0.114366 0)
(-0.0376234 -0.115059 0)
(-0.0438547 -0.115871 0)
(-0.0498758 -0.116362 0)
(-0.0559926 -0.116177 0)
(-0.0624651 -0.115096 0)
(-0.0694558 -0.113003 0)
(-0.077019 -0.109846 0)
(-0.0851272 -0.105585 0)
(-0.0937264 -0.10016 0)
(-0.10273 -0.0934122 0)
(-0.111922 -0.0850441 0)
(-0.120909 -0.0747698 0)
(-0.129238 -0.0624847 0)
(-0.136512 -0.0481381 0)
(-0.14235 -0.0313085 0)
(-0.145971 -0.0107844 0)
(-0.145809 0.0150593 0)
(-0.141278 0.0460265 0)
(-0.136675 0.075971 0)
(-0.00549706 -0.103877 0)
(-0.0147767 -0.105501 0)
(-0.0241759 -0.105846 0)
(-0.0319134 -0.107006 0)
(-0.0387921 -0.108504 0)
(-0.0448829 -0.109822 0)
(-0.0505525 -0.110491 0)
(-0.0561235 -0.11019 0)
(-0.0618851 -0.108766 0)
(-0.068031 -0.106204 0)
(-0.0746501 -0.102544 0)
(-0.0817365 -0.09782 0)
(-0.0892212 -0.0920211 0)
(-0.0969752 -0.0850615 0)
(-0.104774 -0.0767708 0)
(-0.112278 -0.0669741 0)
(-0.119079 -0.055578 0)
(-0.124778 -0.0425002 0)
(-0.128959 -0.0274695 0)
(-0.130939 -0.00971476 0)
(-0.129414 0.0119699 0)
(-0.123363 0.0378 0)
(-0.114895 0.065614 0)
(-0.00571706 -0.0937338 0)
(-0.0152835 -0.0956879 0)
(-0.0249042 -0.097228 0)
(-0.0327693 -0.0995568 0)
(-0.0396036 -0.102037 0)
(-0.0454483 -0.104062 0)
(-0.0506851 -0.1051 0)
(-0.0556689 -0.104838 0)
(-0.0607267 -0.103194 0)
(-0.066084 -0.100255 0)
(-0.0718501 -0.0961708 0)
(-0.0780244 -0.0910623 0)
(-0.0845265 -0.0849837 0)
(-0.0912144 -0.077914 0)
(-0.0978795 -0.0697694 0)
(-0.104229 -0.0604532 0)
(-0.109921 -0.0499178 0)
(-0.114628 -0.0381075 0)
(-0.117941 -0.0248164 0)
(-0.119222 -0.00955745 0)
(-0.117403 0.00840903 0)
(-0.111646 0.0291686 0)
(-0.10313 0.0518631 0)
(-0.0058961 -0.0832939 0)
(-0.015697 -0.0856503 0)
(-0.0254728 -0.0884882 0)
(-0.0333705 -0.0921229 0)
(-0.0400608 -0.0957647 0)
(-0.0455756 -0.0986773 0)
(-0.0503258 -0.100241 0)
(-0.054702 -0.100136 0)
(-0.0590663 -0.0983541 0)
(-0.0636767 -0.0950946 0)
(-0.0686623 -0.0906268 0)
(-0.0740294 -0.0851759 0)
(-0.0796906 -0.0788723 0)
(-0.0854887 -0.0717535 0)
(-0.0912183 -0.0637863 0)
(-0.0966367 -0.0549137 0)
(-0.101478 -0.0451203 0)
(-0.105445 -0.0344162 0)
(-0.108224 -0.0226782 0)
(-0.109355 -0.00961886 0)
(-0.107904 0.00520211 0)
(-0.10316 0.0217179 0)
(-0.0961239 0.0392193 0)
(-0.00604431 -0.072617 0)
(-0.0160257 -0.0754503 0)
(-0.02588 -0.079699 0)
(-0.033725 -0.0847899 0)
(-0.0401892 -0.0897658 0)
(-0.04532 -0.093725 0)
(-0.0495672 -0.0959373 0)
(-0.0533469 -0.0960829 0)
(-0.057038 -0.0942247 0)
(-0.0609278 -0.0906774 0)
(-0.065171 -0.0858422 0)
(-0.0697901 -0.0800577 0)
(-0.0747066 -0.07354 0)
(-0.079763 -0.0663836 0)
(-0.0847514 -0.0585954 0)
(-0.0894396 -0.050146 0)
(-0.0935966 -0.0410263 0)
(-0.0969975 -0.0312496 0)
(-0.0993797 -0.0208011 0)
(-0.100383 -0.00952564 0)
(-0.0993684 0.00280464 0)
(-0.0958741 0.0159915 0)
(-0.0907316 0.0294119 0)
(-0.00615768 -0.0617644 0)
(-0.0162624 -0.0651512 0)
(-0.026137 -0.0709262 0)
(-0.0338638 -0.0776253 0)
(-0.0400445 -0.0840916 0)
(-0.0447715 -0.0892219 0)
(-0.0485457 -0.0921725 0)
(-0.0517838 -0.0926482 0)
(-0.0548483 -0.090779 0)
(-0.0580463 -0.0869807 0)
(-0.0615643 -0.0817879 0)
(-0.0654558 -0.0756602 0)
(-0.0696681 -0.0689107 0)
(-0.0740571 -0.0616996 0)
(-0.078418 -0.0540671 0)
(-0.0825266 -0.0459945 0)
(-0.0861559 -0.0374734 0)
(-0.0890968 -0.0285174 0)
(-0.0911437 -0.0191303 0)
(-0.0920719 -0.00928084 0)
(-0.091398 0.00113502 0)
(-0.0888478 0.0119028 0)
(-0.0852452 0.0224549 0)
(-0.0062537 -0.0507736 0)
(-0.016439 -0.0547975 0)
(-0.0262861 -0.0622272 0)
(-0.0338473 -0.0706793 0)
(-0.0397059 -0.0787674 0)
(-0.0440405 -0.0851429 0)
(-0.0474158 -0.0888797 0)
(-0.0502047 -0.0897629 0)
(-0.0527175 -0.087968 0)
(-0.0552712 -0.0839786 0)
(-0.0580806 -0.0784537 0)
(-0.0612395 -0.071972 0)
(-0.0647419 -0.0649477 0)
(-0.0684808 -0.0576219 0)
(-0.0722684 -0.0500857 0)
(-0.0758833 -0.0423364 0)
(-0.0790959 -0.0343505 0)
(-0.0817072 -0.0261302 0)
(-0.0835455 -0.0176917 0)
(-0.0844071 -0.00903632 0)
(-0.0839392 -9.33019e-05 0)
(-0.0820431 0.0089232 0)
(-0.079462 0.0175189 0)
(-0.00633392 -0.0396695 0)
(-0.0165943 -0.0444135 0)
(-0.0263972 -0.053632 0)
(-0.0337574 -0.0639798 0)
(-0.0392689 -0.0737987 0)
(-0.0432474 -0.0814311 0)
(-0.0463131 -0.0859558 0)
(-0.0487464 -0.08733 0)
(-0.0507952 -0.0857165 0)
(-0.0527794 -0.0816264 0)
(-0.0549235 -0.0758277 0)
(-0.0573519 -0.069004 0)
(-0.0601171 -0.0616659 0)
(-0.0631789 -0.0541483 0)
(-0.0663931 -0.046614 0)
(-0.0695466 -0.0390939 0)
(-0.0724055 -0.031555 0)
(-0.0747669 -0.0239736 0)
(-0.0764624 -0.016354 0)
(-0.0773292 -0.00869073 0)
(-0.0770844 -0.000953114 0)
(-0.0756756 0.00667821 0)
(-0.0737635 0.0138226 0)
(-0.00641287 -0.0284682 0)
(-0.0167715 -0.0340262 0)
(-0.026533 -0.045154 0)
(-0.0336643 -0.0575483 0)
(-0.0388206 -0.0691906 0)
(-0.0425026 -0.0780165 0)
(-0.0453184 -0.0833053 0)
(-0.0474355 -0.0852653 0)
(-0.0490954 -0.0839385 0)
(-0.0506121 -0.0798518 0)
(-0.0521789 -0.0738759 0)
(-0.0539233 -0.0667635 0)
(-0.0559474 -0.0590978 0)
(-0.0582934 -0.0513135 0)
(-0.0608939 -0.0436677 0)
(-0.0635703 -0.036252 0)
(-0.0660904 -0.0290416 0)
(-0.0682398 -0.0219803 0)
(-0.0698452 -0.0150453 0)
(-0.0707464 -0.00822689 0)
(-0.0707499 -0.00150792 0)
(-0.0698028 0.00499802 0)
(-0.0684043 0.0109702 0)
(-0.00647246 -0.0171939 0)
(-0.0169311 -0.0236402 0)
(-0.0266451 -0.0368038 0)
(-0.0335164 -0.0514082 0)
(-0.0383828 -0.0648924 0)
(-0.0418783 -0.0748326 0)
(-0.044418 -0.0809278 0)
(-0.0461618 -0.0835482 0)
(-0.0474808 -0.0825547 0)
(-0.0486539 -0.0785483 0)
(-0.0497859 -0.0725111 0)
(-0.0509596 -0.0652179 0)
(-0.0522925 -0.0572639 0)
(-0.0539089 -0.0491599 0)
(-0.055846 -0.0412873 0)
(-0.0580001 -0.0338298 0)
(-0.0601608 -0.0268044 0)
(-0.062096 -0.0201283 0)
(-0.0636154 -0.0137404 0)
(-0.064591 -0.00762601 0)
(-0.0648423 -0.00176327 0)
(-0.064292 0.00381841 0)
(-0.0633447 0.00880934 0)
(-0.00643267 -0.00593939 0)
(-0.0169201 -0.013267 0)
(-0.0265312 -0.0286209 0)
(-0.0331235 -0.0455564 0)
(-0.0378644 -0.0607492 0)
(-0.0412618 -0.0718564 0)
(-0.0433951 -0.0789579 0)
(-0.0446711 -0.0822166 0)
(-0.0456965 -0.0814832 0)
(-0.0466577 -0.0775669 0)
(-0.0475367 -0.0715685 0)
(-0.0483297 -0.0642414 0)
(-0.049112 -0.0561194 0)
(-0.0500474 -0.0477166 0)
(-0.0512926 -0.0395258 0)
(-0.0528661 -0.031877 0)
(-0.0546168 -0.0248711 0)
(-0.0563116 -0.0184336 0)
(-0.0577488 -0.0124577 0)
(-0.058777 -0.00690178 0)
(-0.0592272 -0.00171106 0)
(-0.0590338 0.00309015 0)
(-0.0584873 0.00724724 0)
(-0.00613226 0.00559215 0)
(-0.0164772 -0.00288058 0)
(-0.0259215 -0.0206559 0)
(-0.0322828 -0.0398825 0)
(-0.0370445 -0.0566246 0)
(-0.0402386 -0.069173 0)
(-0.0418102 -0.0775341 0)
(-0.0426344 -0.0812696 0)
(-0.0434634 -0.0806143 0)
(-0.044343 -0.0767372 0)
(-0.0451505 -0.0708382 0)
(-0.0457841 -0.0636253 0)
(-0.0462369 -0.0555172 0)
(-0.0466406 -0.0469399 0)
(-0.0472275 -0.0384233 0)
(-0.0481721 -0.0304568 0)
(-0.0494501 -0.0232926 0)
(-0.0508596 -0.0169277 0)
(-0.0521698 -0.0112178 0)
(-0.0532091 -0.00606349 0)
(-0.0538235 -0.00140769 0)
(-0.0539297 0.00275304 0)
(-0.0537165 0.00620759 0)
(-0.00563354 0.0159195 0)
(-0.0154473 0.0073267 0)
(-0.0246115 -0.0129043 0)
(-0.0308598 -0.0342818 0)
(-0.035594 -0.0525751 0)
(-0.0383031 -0.0669728 0)
(-0.0392656 -0.0766501 0)
(-0.0398003 -0.0805946 0)
(-0.0405722 -0.0798202 0)
(-0.0414979 -0.0759079 0)
(-0.0423906 -0.0701258 0)
(-0.0430669 -0.0631367 0)
(-0.0434294 -0.0552325 0)
(-0.0435317 -0.0466895 0)
(-0.0435913 -0.0379537 0)
(-0.0439081 -0.0296156 0)
(-0.0446449 -0.022131 0)
(-0.0456985 -0.0156532 0)
(-0.0468323 -0.0100462 0)
(-0.0478384 -0.00515824 0)
(-0.0485542 -0.000906748 0)
(-0.0488949 0.00273481 0)
(-0.0489583 0.00560726 0)
(-0.00497648 0.0256196 0)
(-0.0140042 0.0166765 0)
(-0.0225785 -0.0054116 0)
(-0.0286556 -0.0287715 0)
(-0.0331399 -0.048826 0)
(-0.0351089 -0.0654213 0)
(-0.0355896 -0.0761611 0)
(-0.0360378 -0.0800249 0)
(-0.0368939 -0.0789749 0)
(-0.0379827 -0.0749442 0)
(-0.0390828 -0.0692641 0)
(-0.0399639 -0.0625632 0)
(-0.040451 -0.0550179 0)
(-0.0405053 -0.0467408 0)
(-0.0402624 -0.0380072 0)
(-0.0400412 -0.0293701 0)
(-0.0401897 -0.0214658 0)
(-0.0408007 -0.0146875 0)
(-0.0416866 -0.00901641 0)
(-0.04261 -0.00425877 0)
(-0.0433809 -0.000281203 0)
(-0.0438835 0.00296139 0)
(-0.0441448 0.00535977 0)
(-0.00406896 0.0341695 0)
(-0.0120602 0.0252515 0)
(-0.0197236 0.00161082 0)
(-0.0254611 -0.0235119 0)
(-0.0293721 -0.0456216 0)
(-0.0304495 -0.0645113 0)
(-0.0307352 -0.0758594 0)
(-0.0312908 -0.0793909 0)
(-0.0323802 -0.0779471 0)
(-0.0337475 -0.073734 0)
(-0.0351428 -0.0681291 0)
(-0.0363334 -0.0617374 0)
(-0.0371002 -0.0546489 0)
(-0.0373322 -0.0468362 0)
(-0.0370546 -0.038384 0)
(-0.0364949 -0.0296644 0)
(-0.0360829 -0.0213561 0)
(-0.0361725 -0.0141134 0)
(-0.0367295 -0.00819464 0)
(-0.0375002 -0.00342203 0)
(-0.0382544 0.000404204 0)
(-0.0388537 0.00336365 0)
(-0.0392615 0.00538655 0)
(-0.00293488 0.0411689 0)
(-0.00963157 0.0327006 0)
(-0.0161576 0.00764106 0)
(-0.0211276 -0.0188174 0)
(-0.0241371 -0.0431731 0)
(-0.0243289 -0.064055 0)
(-0.0247432 -0.0754846 0)
(-0.0256073 -0.0784922 0)
(-0.0271008 -0.0765855 0)
(-0.0288579 -0.0721784 0)
(-0.0306 -0.0666459 0)
(-0.0321349 -0.0605635 0)
(-0.0332536 -0.0539705 0)
(-0.0338098 -0.046744 0)
(-0.033735 -0.0388104 0)
(-0.0331174 -0.0303159 0)
(-0.0323062 -0.0217844 0)
(-0.0318336 -0.0140158 0)
(-0.0319552 -0.00765474 0)
(-0.0324996 -0.0026923 0)
(-0.0331834 0.0011018 0)
(-0.0338176 0.00387381 0)
(-0.0343045 0.00560798 0)
(-0.00164081 0.0462916 0)
(-0.00679671 0.0388258 0)
(-0.0120998 0.0127026 0)
(-0.0159342 -0.0150828 0)
(-0.0176377 -0.0416485 0)
(-0.017112 -0.0637901 0)
(-0.0178789 -0.0747638 0)
(-0.0192639 -0.0771093 0)
(-0.0213127 -0.0747434 0)
(-0.0235235 -0.070209 0)
(-0.0256103 -0.064801 0)
(-0.0274435 -0.0590324 0)
(-0.0288899 -0.0529236 0)
(-0.0298101 -0.0463125 0)
(-0.0300883 -0.0390386 0)
(-0.0296847 -0.0310614 0)
(-0.0287615 -0.0226367 0)
(-0.0278146 -0.0144647 0)
(-0.0274058 -0.00750201 0)
(-0.0276279 -0.00215913 0)
(-0.0281778 0.00174526 0)
(-0.0287956 0.00442454 0)
(-0.0293161 0.00595066 0)
(-0.000328392 0.0493227 0)
(-0.00375832 0.0434571 0)
(-0.0077945 0.0166455 0)
(-0.0103749 -0.0126375 0)
(-0.0104267 -0.041225 0)
(-0.00950944 -0.0635717 0)
(-0.0107629 -0.0735274 0)
(-0.0128357 -0.0750933 0)
(-0.0154843 -0.0723528 0)
(-0.0180928 -0.0678374 0)
(-0.020433 -0.0626632 0)
(-0.0224348 -0.0572318 0)
(-0.0240865 -0.0515621 0)
(-0.0252941 -0.0455092 0)
(-0.0259469 -0.038905 0)
(-0.0259307 -0.0316125 0)
(-0.0252267 -0.0236506 0)
(-0.0240835 -0.0154097 0)
(-0.023151 -0.00781562 0)
(-0.022944 -0.00189039 0)
(-0.0232914 0.00228463 0)
(-0.0238509 0.00497167 0)
(-0.0243592 0.00635646 0)
(0.000753804 0.050297 0)
(-0.000842549 0.0464785 0)
(-0.00358075 0.0194625 0)
(-0.00502358 -0.0116276 0)
(-0.00332306 -0.0419913 0)
(-0.0024165 -0.0632049 0)
(-0.00425549 -0.0716341 0)
(-0.00705642 -0.0724225 0)
(-0.0101719 -0.0695115 0)
(-0.0129734 -0.0652168 0)
(-0.0153624 -0.0604044 0)
(-0.0173361 -0.0553375 0)
(-0.0189957 -0.0500398 0)
(-0.0203175 -0.0444258 0)
(-0.0212374 -0.0383789 0)
(-0.0216281 -0.0317585 0)
(-0.0213637 -0.0244611 0)
(-0.0204413 -0.0165758 0)
(-0.0192544 -0.00865416 0)
(-0.0185618 -0.0019996 0)
(-0.0186266 0.00265744 0)
(-0.0190871 0.00546606 0)
(-0.0195544 0.00678043 0)
(0.00132061 0.0494979 0)
(0.00159637 0.0478159 0)
(5.82048e-05 0.0214323 0)
(-0.000499986 -0.012403 0)
(0.00261827 -0.0437802 0)
(0.00305037 -0.0623072 0)
(0.000700413 -0.0690653 0)
(-0.00261077 -0.0692821 0)
(-0.00583087 -0.0665144 0)
(-0.00848678 -0.0626559 0)
(-0.0106353 -0.0582969 0)
(-0.0123539 -0.0535929 0)
(-0.0137985 -0.0485844 0)
(-0.0150115 -0.0432616 0)
(-0.0159909 -0.0375866 0)
(-0.0166541 -0.0314781 0)
(-0.0168636 -0.0248146 0)
(-0.016471 -0.0175104 0)
(-0.0155328 -0.0097205 0)
(-0.0145533 -0.00245394 0)
(-0.0143023 0.002839 0)
(-0.0146309 0.00587975 0)
(-0.0150126 0.007097 0)
(0.00136884 0.0475768 0)
(0.00342508 0.0472773 0)
(0.00235905 0.022465 0)
(0.00221148 -0.0147148 0)
(0.00610533 -0.0453311 0)
(0.00574199 -0.0607967 0)
(0.00316921 -0.0659024 0)
(9.61305e-06 -0.0659132 0)
(-0.00274103 -0.0636573 0)
(-0.00481438 -0.06042 0)
(-0.00641767 -0.0565589 0)
(-0.00766389 -0.0521997 0)
(-0.00869471 -0.0474172 0)
(-0.00958125 -0.0422626 0)
(-0.0103648 -0.0367631 0)
(-0.0110311 -0.0309198 0)
(-0.0115118 -0.0246882 0)
(-0.0116557 -0.0179964 0)
(-0.0113883 -0.0107466 0)
(-0.0107974 -0.00332633 0)
(-0.0105104 0.00269304 0)
(-0.0107761 0.00618876 0)
(-0.0110898 0.00755283 0)
(0.000829588 0.0438015 0)
(0.00470406 0.0438973 0)
(0.00308121 0.0259113 0)
(0.00194431 -0.0190189 0)
(0.00592053 -0.0469737 0)
(0.00483381 -0.0585976 0)
(0.00269633 -0.0626071 0)
(0.000601248 -0.0629026 0)
(-0.00099527 -0.0613284 0)
(-0.00210437 -0.0586915 0)
(-0.00292754 -0.0552474 0)
(-0.00354124 -0.0511648 0)
(-0.00402264 -0.0465583 0)
(-0.00442254 -0.0415097 0)
(-0.00478184 -0.0360663 0)
(-0.00512758 -0.0302507 0)
(-0.00549225 -0.0240529 0)
(-0.00584159 -0.0174553 0)
(-0.00622179 -0.0103803 0)
(-0.00650357 -0.00306741 0)
(-0.00665147 0.00304447 0)
(-0.00689711 0.00634975 0)
(-0.0068321 0.00678791 0)
(0.246534 0.0328433 0)
(0.246884 0.0221633 0)
(0.242256 0.0110886 0)
(0.243087 -0.00171899 0)
(0.250936 -0.00114024 0)
(0.257803 -0.00462382 0)
(0.260827 -0.00743708 0)
(0.262584 -0.00885665 0)
(0.183317 -0.00329345 0)
(0.179938 -0.00216429 0)
(0.174541 0.00112162 0)
(0.169215 0.0117071 0)
(0.143632 0.0136012 0)
(0.126886 0.0187314 0)
(0.112133 0.0264716 0)
(0.0994931 0.0392098 0)
(0.120555 0.0392845 0)
(0.106016 0.0483235 0)
(0.0932033 0.0571211 0)
(0.0835649 0.0648104 0)
(0.110371 0.0551453 0)
(0.1054 0.0695401 0)
(0.100113 0.0782264 0)
(0.0942804 0.0854679 0)
(0.11367 0.056199 0)
(0.111087 0.0742922 0)
(0.107799 0.0867054 0)
(0.102719 0.0992604 0)
(0.150462 0.0601976 0)
(0.144416 0.080822 0)
(0.138694 0.0970258 0)
(0.131457 0.112402 0)
(0.219103 0.0807463 0)
(0.21023 0.102206 0)
(0.203915 0.117043 0)
(0.199539 0.131838 0)
(0.259412 0.104962 0)
(0.264609 0.123943 0)
(0.272685 0.134969 0)
(0.284967 0.14392 0)
(0.273456 0.0509974 0)
(0.316252 0.060297 0)
(0.366891 0.0532883 0)
(0.422755 0.0389129 0)
(0.381851 -0.0483948 0)
(0.424827 -0.0855218 0)
(0.471708 -0.119225 0)
(0.518286 -0.138141 0)
(0.346169 -0.0926928 0)
(0.385991 -0.0832021 0)
(0.430271 -0.120161 0)
(0.525174 -0.154162 0)
(0.311287 -0.0448144 0)
(0.277431 -0.293517 0)
(0.194315 -0.3911 0)
(0.0638383 -0.0395551 0)
(-0.0741553 0.0248591 0)
(-0.122889 0.046019 0)
(-0.191601 0.0848861 0)
(-0.230061 0.171624 0)
(-0.258599 0.0443304 0)
(-0.276928 0.0628129 0)
(-0.294434 0.0978637 0)
(-0.301506 0.155511 0)
(-0.308636 0.0604142 0)
(-0.310758 0.0761997 0)
(-0.307035 0.104594 0)
(-0.29522 0.14555 0)
(-0.287842 0.0568929 0)
(-0.283653 0.0632387 0)
(-0.27464 0.083906 0)
(-0.262252 0.118511 0)
(-0.238165 0.0585529 0)
(-0.238803 0.0534767 0)
(-0.236489 0.0670427 0)
(-0.231333 0.0983547 0)
(-0.181548 0.0736392 0)
(-0.188746 0.06227 0)
(-0.19329 0.0675948 0)
(-0.192555 0.0906448 0)
(-0.133221 0.0884545 0)
(-0.138445 0.0801829 0)
(-0.142734 0.0779137 0)
(-0.144179 0.0886611 0)
(-0.10346 0.0871649 0)
(-0.102256 0.0870863 0)
(-0.102191 0.0845034 0)
(-0.101695 0.0888602 0)
(-0.0891513 0.0736705 0)
(-0.0835078 0.0792881 0)
(-0.079165 0.0808897 0)
(-0.0748365 0.0840803 0)
(-0.0836682 0.0571808 0)
(-0.0769099 0.0643924 0)
(-0.0704878 0.0689179 0)
(-0.0634912 0.0727485 0)
(-0.0811929 0.0431308 0)
(-0.0755296 0.0495805 0)
(-0.0693879 0.0546501 0)
(-0.0619252 0.0588129 0)
(-0.078443 0.0329002 0)
(-0.0743574 0.0380281 0)
(-0.0695093 0.0424484 0)
(-0.0631317 0.0463144 0)
(-0.0744925 0.0256641 0)
(-0.0715993 0.0296277 0)
(-0.0679776 0.0331352 0)
(-0.0629405 0.0363525 0)
(-0.0699715 0.0202809 0)
(-0.067796 0.0233115 0)
(-0.0649982 0.0259743 0)
(-0.061038 0.0284793 0)
(-0.0654274 0.0160707 0)
(-0.0637347 0.0183579 0)
(-0.0615272 0.0203205 0)
(-0.0583747 0.0222131 0)
(-0.0610544 0.0127707 0)
(-0.0597385 0.0144441 0)
(-0.0579968 0.0158396 0)
(-0.0555071 0.0172386 0)
(-0.0567721 0.0102492 0)
(-0.0557848 0.011419 0)
(-0.0544548 0.0123496 0)
(-0.0525201 0.0133395 0)
(-0.0525109 0.00840974 0)
(-0.0518038 0.0091637 0)
(-0.0508208 0.00970935 0)
(-0.0493602 0.0103515 0)
(-0.0481638 0.00714363 0)
(-0.0476942 0.00756074 0)
(-0.0470101 0.00778716 0)
(-0.0459406 0.00813076 0)
(-0.0436937 0.0063553 0)
(-0.0434152 0.00650186 0)
(-0.0429706 0.00646426 0)
(-0.0422302 0.00655115 0)
(-0.0390641 0.00594832 0)
(-0.0389349 0.00587981 0)
(-0.0386863 0.00562548 0)
(-0.0382067 0.00549561 0)
(-0.0343024 0.00582926 0)
(-0.0342797 0.00559534 0)
(-0.0341688 0.00516869 0)
(-0.0338892 0.00485638 0)
(-0.0294328 0.00590403 0)
(-0.0294749 0.00553635 0)
(-0.0294548 0.00496943 0)
(-0.0293029 0.00450308 0)
(-0.0245452 0.00608304 0)
(-0.0246128 0.00560098 0)
(-0.0246258 0.00491475 0)
(-0.0245338 0.00431206 0)
(-0.0197412 0.00630619 0)
(-0.0197877 0.00570507 0)
(-0.0197781 0.00489388 0)
(-0.019651 0.00414415 0)
(-0.0151491 0.00635147 0)
(-0.0151252 0.00558839 0)
(-0.0150046 0.0046195 0)
(-0.0147215 0.00370294 0)
(-0.0109286 0.00662648 0)
(-0.0105911 0.00563596 0)
(-0.0101247 0.00438393 0)
(-0.0095045 0.00319341 0)
(-0.00606103 0.00475172 0)
(-0.00544957 0.00333332 0)
(-0.00476403 0.0019101 0)
(-0.00406028 0.000918349 0)
(0.225806 -0.071826 0)
(0.187104 -0.0805436 0)
(0.1736 -0.0378602 0)
(0.161869 0.0120668 0)
(0.142835 0.0449018 0)
(0.122476 0.0692834 0)
(0.10745 0.0710346 0)
(0.0913381 0.038682 0)
(0.0815107 -0.0309391 0)
(0.0749361 -0.0635473 0)
(-0.0429853 -0.055516 0)
(-0.0835445 -0.030944 0)
(-0.110369 0.0294333 0)
(-0.0808814 0.126343 0)
(-0.0908431 0.137226 0)
(-0.0143943 -0.0342562 0)
(0.00573214 -0.0663527 0)
(-0.028939 -0.0277462 0)
(-0.0111544 0.0818198 0)
(0.235145 -0.0298612 0)
(0.165928 -0.0368231 0)
(0.108048 -0.00415178 0)
(0.0929777 0.033542 0)
(0.0847141 0.0627234 0)
(0.0757007 0.0805537 0)
(0.0763173 0.0774356 0)
(0.0742996 0.0461295 0)
(0.0619583 -0.0176474 0)
(-0.0297136 0.0319258 0)
(-0.110561 0.0148489 0)
(-0.152779 -0.00203324 0)
(-0.157208 0.0231856 0)
(-0.109577 0.0780887 0)
(-0.0457538 0.0953755 0)
(-0.00513107 -0.0605333 0)
(-0.039373 -0.0500708 0)
(-0.0599724 -0.00933569 0)
(-0.0292097 0.05481 0)
(0.138538 0.0249096 0)
(0.0989677 0.0121434 0)
(0.0753774 0.0212435 0)
(0.0491817 0.0348975 0)
(0.0376195 0.0690807 0)
(0.0222739 0.0741475 0)
(0.0201167 0.0724974 0)
(0.00989842 0.0596343 0)
(-0.0360347 0.0454878 0)
(-0.0364606 0.069156 0)
(-0.0522959 0.050511 0)
(-0.0860204 0.021725 0)
(-0.130407 0.0047546 0)
(-0.118787 0.00753243 0)
(-0.0759103 0.0166686 0)
(-0.076795 -0.0294697 0)
(-0.10074 -0.0285042 0)
(-0.0899366 -0.0160804 0)
(-0.0512597 -0.00282155 0)
(0.0859459 0.0350654 0)
(0.0759904 0.0278192 0)
(0.0505852 0.0430146 0)
(0.0171894 0.0702015 0)
(-0.00835805 0.0920621 0)
(-0.0235272 0.0930686 0)
(-0.0301348 0.0957676 0)
(-0.0446879 0.0824388 0)
(-0.0663781 0.0491233 0)
(-0.0408237 0.0573896 0)
(-0.0161742 0.0525234 0)
(-0.0273035 0.070274 0)
(-0.06485 0.0582523 0)
(-0.0804136 0.0311081 0)
(-0.0790765 0.0201046 0)
(-0.0702082 -0.0252404 0)
(-0.074145 -0.0481834 0)
(-0.065231 -0.0575583 0)
(-0.0234112 -0.0926059 0)
(0.0643633 0.0518903 0)
(0.0333376 0.0512737 0)
(-0.00377775 0.0705747 0)
(-0.0309573 0.0962491 0)
(-0.0536474 0.100424 0)
(-0.0643468 0.0952559 0)
(-0.0605617 0.097677 0)
(-0.0499859 0.0877335 0)
(-0.0475381 0.0436301 0)
(-0.039102 0.0257496 0)
(-0.0295527 0.0391296 0)
(-0.0332618 0.0791112 0)
(-0.0280258 0.0572247 0)
(-0.00351576 0.0274402 0)
(0.0148157 0.000529928 0)
(0.0280404 -0.0210546 0)
(0.0199877 -0.0347967 0)
(0.0102413 -0.0497711 0)
(0.022805 -0.0900788 0)
(0.0717077 0.0879141 0)
(0.0183944 0.0895062 0)
(-0.0223094 0.103779 0)
(-0.0498656 0.122466 0)
(-0.0747981 0.118174 0)
(-0.0922588 0.103595 0)
(-0.0936934 0.0911425 0)
(-0.0815285 0.0722031 0)
(-0.0695571 0.042838 0)
(-0.0613563 0.0293863 0)
(-0.0459579 0.0456509 0)
(-0.0209232 0.0686304 0)
(0.0245568 0.0303484 0)
(0.060117 0.00246927 0)
(0.0775561 -0.0121959 0)
(0.0870709 -0.0254137 0)
(0.0914885 -0.0322381 0)
(0.0863571 -0.0418943 0)
(0.0618144 -0.0528193 0)
(0.0884541 0.121207 0)
(0.0429573 0.126407 0)
(-0.00583151 0.135579 0)
(-0.037784 0.14141 0)
(-0.0628277 0.130908 0)
(-0.0849432 0.103758 0)
(-0.0957861 0.0748549 0)
(-0.0993399 0.0444512 0)
(-0.0992642 0.0166685 0)
(-0.093611 0.00334398 0)
(-0.0721839 0.00164032 0)
(-0.0298882 0.00399732 0)
(0.0255521 -0.0221174 0)
(0.0511303 -0.0302562 0)
(0.0723526 -0.0339098 0)
(0.0797492 -0.038802 0)
(0.0820369 -0.042397 0)
(0.073921 -0.0354113 0)
(0.0614775 0.0223244 0)
(0.116762 0.146857 0)
(0.0717198 0.166506 0)
(0.00873541 0.168705 0)
(-0.0420649 0.156707 0)
(-0.0717723 0.140026 0)
(-0.0888525 0.114707 0)
(-0.0952588 0.0892675 0)
(-0.0977343 0.0636754 0)
(-0.109117 0.0321256 0)
(-0.111754 0.0114771 0)
(-0.0957072 -0.0108172 0)
(-0.0546694 -0.033998 0)
(-0.00881605 -0.0406895 0)
(0.00849623 -0.0431962 0)
(0.0294609 -0.0421071 0)
(0.00395958 -0.0295284 0)
(-0.0475122 -0.0361375 0)
(-0.0834944 -0.00819083 0)
(-0.0363616 0.0701133 0)
(0.183938 0.173734 0)
(0.152419 0.207578 0)
(0.0975983 0.2141 0)
(0.0321492 0.192978 0)
(-0.0061472 0.165897 0)
(-0.0247564 0.145759 0)
(-0.066053 0.106916 0)
(-0.0414965 0.0761359 0)
(0.0579603 0.0475729 0)
(0.0345026 0.0232122 0)
(-0.144865 -0.019501 0)
(-0.257355 -0.0666184 0)
(-0.266472 -0.074111 0)
(-0.24182 -0.0600895 0)
(-0.197356 -0.0260515 0)
(-0.130823 0.0474392 0)
(-0.0988979 0.0309391 0)
(-0.136567 -0.0110255 0)
(-0.0760118 -0.0929087 0)
(0.299422 0.180658 0)
(0.339865 0.23051 0)
(0.388494 0.315256 0)
(0.270547 0.327183 0)
(0.0790436 0.240901 0)
(0.0231574 0.206176 0)
(0.0665642 0.0460288 0)
(0.118437 -0.0568142 0)
(0.177948 0.013551 0)
(0.225829 0.107295 0)
(0.193172 0.152704 0)
(0.165149 0.123231 0)
(-0.0209107 -0.0367774 0)
(-0.0798013 -0.110725 0)
(-0.0968299 -0.114064 0)
(-0.0653295 -0.101806 0)
(-0.00591252 -0.0277546 0)
(0.041975 0.0177561 0)
(0.045148 -0.140699 0)
(0.496442 0.0282246 0)
(0.705292 0.2606 0)
(0.58052 0.527483 0)
(0.377448 0.415861 0)
(0.232773 0.352438 0)
(0.125043 0.222074 0)
(0.114781 0.0304623 0)
(0.123368 -0.0663898 0)
(0.156875 -0.0527105 0)
(0.198661 0.0374307 0)
(0.192523 0.128176 0)
(0.162371 0.140127 0)
(0.0931144 0.111906 0)
(0.0176851 -0.00958131 0)
(-0.0531388 -0.0775017 0)
(-0.0505348 -0.0891166 0)
(-0.0127198 -0.0817854 0)
(0.0501063 -0.0372497 0)
(0.0483139 -0.0537768 0)
(0.57034 -0.111932 0)
(0.609037 0.156408 0)
(0.409509 0.528986 0)
(0.339777 0.574352 0)
(0.210679 0.437974 0)
(0.167281 0.267905 0)
(0.15436 0.0412832 0)
(0.131897 -0.0783787 0)
(0.133869 -0.0639279 0)
(0.126768 0.0520509 0)
(0.107644 0.15768 0)
(0.100294 0.173668 0)
(0.0846952 0.126033 0)
(0.067397 0.0339598 0)
(-0.0084269 -0.0450618 0)
(-0.0248967 -0.103038 0)
(-0.00452436 -0.12996 0)
(0.0357965 -0.0672301 0)
(0.0452675 -0.0154738 0)
(0.452451 -0.0630531 0)
(0.264926 0.338076 0)
(0.122504 0.743075 0)
(0.133239 0.62988 0)
(0.135032 0.46817 0)
(0.156702 0.278516 0)
(0.164735 0.0676433 0)
(0.122564 -0.0631963 0)
(0.0882197 -0.0458932 0)
(0.0419293 0.0973377 0)
(0.0182035 0.169274 0)
(0.0564691 0.165819 0)
(0.0854888 0.123179 0)
(0.096363 0.0801641 0)
(0.0369773 0.00211312 0)
(0.00671468 -0.0945844 0)
(0.00894256 -0.146311 0)
(0.0222462 -0.0867007 0)
(0.0428236 0.0233007 0)
(-0.076697 0.18445 0)
(-0.149028 0.544131 0)
(-0.10022 0.67709 0)
(0.00702901 0.573885 0)
(0.0726395 0.426566 0)
(0.12936 0.254497 0)
(0.149804 0.0887509 0)
(0.0998386 -0.0218372 0)
(0.0154173 0.00658177 0)
(-0.0132895 0.138997 0)
(-0.0139838 0.140858 0)
(0.0453552 0.115547 0)
(0.0791109 0.0930269 0)
(0.0852305 0.0917703 0)
(0.0495307 0.0383196 0)
(0.0345443 -0.0790654 0)
(0.0213883 -0.139565 0)
(0.00458917 -0.101554 0)
(0.0354282 0.0493088 0)
(-0.264401 0.254571 0)
(-0.245916 0.449581 0)
(-0.151217 0.539723 0)
(-0.0467303 0.48425 0)
(0.0342758 0.361037 0)
(0.0964867 0.217215 0)
(0.111648 0.102911 0)
(0.0557072 0.0458138 0)
(-0.0336699 0.057995 0)
(-0.0327114 0.134132 0)
(-0.00710429 0.0989662 0)
(0.0226689 0.0800351 0)
(0.03858 0.0820814 0)
(0.0432514 0.106187 0)
(0.0393993 0.0418221 0)
(0.0473577 -0.0690667 0)
(0.0282732 -0.11908 0)
(-0.0125421 -0.104853 0)
(0.0234379 0.0631345 0)
(-0.304864 0.226001 0)
(-0.245638 0.363858 0)
(-0.146157 0.427416 0)
(-0.0646527 0.406186 0)
(0.00587064 0.290249 0)
(0.0531836 0.192785 0)
(0.0311793 0.131199 0)
(-0.0270293 0.10095 0)
(-0.065725 0.0890598 0)
(-0.0598386 0.113158 0)
(-0.0431772 0.0835936 0)
(-0.0275288 0.0727656 0)
(-0.0100681 0.0784279 0)
(0.0168104 0.0999763 0)
(0.0485374 0.0232204 0)
(0.0482089 -0.0550439 0)
(0.0247359 -0.0922369 0)
(-0.0233656 -0.0912565 0)
(0.0022862 0.0627832 0)
(-0.284464 0.19231 0)
(-0.215603 0.289637 0)
(-0.136933 0.347708 0)
(-0.0718034 0.347665 0)
(-0.0150151 0.233516 0)
(0.00907766 0.197124 0)
(-0.0263158 0.158934 0)
(-0.0512792 0.126988 0)
(-0.0696084 0.104328 0)
(-0.0680403 0.0993905 0)
(-0.0533829 0.0667363 0)
(-0.0380317 0.0481783 0)
(-0.0169786 0.0463553 0)
(0.021521 0.0567937 0)
(0.0532174 0.00720019 0)
(0.0418514 -0.035027 0)
(0.0145226 -0.065382 0)
(-0.0267235 -0.0698132 0)
(-0.0227743 0.0398568 0)
(-0.251923 0.158822 0)
(-0.195543 0.235706 0)
(-0.136735 0.288017 0)
(-0.0762052 0.297414 0)
(-0.032776 0.203339 0)
(-0.0231121 0.208732 0)
(-0.0375303 0.177639 0)
(-0.0394797 0.136003 0)
(-0.0417284 0.109225 0)
(-0.0331361 0.0922641 0)
(-0.0158759 0.0559216 0)
(-0.00955167 0.0352001 0)
(0.00276556 0.0240162 0)
(0.026335 0.0260492 0)
(0.0445475 0.00250922 0)
(0.0369266 -0.0144314 0)
(0.0149307 -0.0393416 0)
(-0.0192451 -0.0529355 0)
(-0.0293847 0.00892385 0)
(-0.225327 0.132507 0)
(-0.184928 0.194704 0)
(-0.138687 0.239117 0)
(-0.0778486 0.248424 0)
(-0.044337 0.189397 0)
(-0.0353768 0.207353 0)
(-0.0209592 0.177498 0)
(-0.00477328 0.134476 0)
(0.00672167 0.105502 0)
(0.0215729 0.0804609 0)
(0.0342562 0.0526125 0)
(0.0352224 0.0326931 0)
(0.033045 0.0172026 0)
(0.0373863 0.0104126 0)
(0.044805 -0.0010899 0)
(0.0429094 -0.00323279 0)
(0.0281143 -0.0164244 0)
(0.00252952 -0.035005 0)
(-0.0173667 -0.00536723 0)
(-0.189075 0.116308 0)
(-0.161777 0.161872 0)
(-0.125186 0.195542 0)
(-0.0713908 0.202303 0)
(-0.0447414 0.176304 0)
(-0.0261809 0.187073 0)
(0.00774119 0.155068 0)
(0.0326682 0.117576 0)
(0.0516355 0.089815 0)
(0.0683451 0.0675974 0)
(0.078933 0.0497746 0)
(0.0806042 0.0364721 0)
(0.0757521 0.0242132 0)
(0.0686757 0.0121689 0)
(0.0621363 0.00155516 0)
(0.0554496 0.00139055 0)
(0.0427297 0.00127645 0)
(0.0230327 -0.0139529 0)
(-0.00501673 -0.00230897 0)
(-0.143323 0.106606 0)
(-0.124571 0.137322 0)
(-0.0955418 0.159781 0)
(-0.0536248 0.164525 0)
(-0.0270103 0.156004 0)
(0.00176744 0.154856 0)
(0.0386591 0.125453 0)
(0.0648134 0.0955607 0)
(0.0837271 0.0722752 0)
(0.0972521 0.0553342 0)
(0.105139 0.0436205 0)
(0.107982 0.035444 0)
(0.106231 0.0286903 0)
(0.0989714 0.0215684 0)
(0.0859824 0.0131378 0)
(0.0695352 0.012359 0)
(0.0522897 0.0172263 0)
(0.0331868 0.00655544 0)
(0.00161963 0.0118149 0)
(-0.0996198 0.099835 0)
(-0.0847239 0.118549 0)
(-0.0602275 0.131899 0)
(-0.0267733 0.134849 0)
(0.00174175 0.129942 0)
(0.0325341 0.121848 0)
(0.0640819 0.0989377 0)
(0.0865828 0.076471 0)
(0.101847 0.0590913 0)
(0.111641 0.0472824 0)
(0.117186 0.0398485 0)
(0.119123 0.0351915 0)
(0.117307 0.0323316 0)
(0.111044 0.0305065 0)
(0.0988489 0.0286908 0)
(0.0799674 0.0310724 0)
(0.058977 0.0355907 0)
(0.0378362 0.0290344 0)
(0.00535992 0.0306111 0)
(-0.068834 0.0907073 0)
(-0.0534888 0.101463 0)
(-0.0313721 0.108104 0)
(-0.0039363 0.108851 0)
(0.0222118 0.103737 0)
(0.0488915 0.0940117 0)
(0.0725802 0.0773727 0)
(0.0890732 0.0614573 0)
(0.0995402 0.0493621 0)
(0.105746 0.0414685 0)
(0.109004 0.0370151 0)
(0.109821 0.0352125 0)
(0.107965 0.0356169 0)
(0.102674 0.037874 0)
(0.0926884 0.0418205 0)
(0.0772649 0.0485498 0)
(0.0586077 0.0546848 0)
(0.0381198 0.0518701 0)
(0.00777602 0.0520863 0)
(-0.0546648 0.0775608 0)
(-0.0379679 0.0842008 0)
(-0.0181431 0.0870669 0)
(0.00373597 0.0863323 0)
(0.0250134 0.0816235 0)
(0.0450491 0.0733647 0)
(0.0613391 0.0620347 0)
(0.0725488 0.0513891 0)
(0.0797551 0.0432222 0)
(0.0843491 0.0379282 0)
(0.0872036 0.0353935 0)
(0.088455 0.0355342 0)
(0.0876425 0.0383816 0)
(0.083974 0.0439152 0)
(0.0762048 0.0521625 0)
(0.0640775 0.0624981 0)
(0.0488458 0.0709857 0)
(0.0310172 0.0724395 0)
(0.00590897 0.0717308 0)
(-0.0530696 0.0630859 0)
(-0.0365535 0.0681498 0)
(-0.0197468 0.069698 0)
(-0.00255454 0.0688087 0)
(0.0138929 0.0651994 0)
(0.0286407 0.059198 0)
(0.0405751 0.0515827 0)
(0.0494198 0.0442171 0)
(0.0558687 0.0382845 0)
(0.0606528 0.0344377 0)
(0.0641508 0.0331331 0)
(0.0662648 0.0348141 0)
(0.0665309 0.0398627 0)
(0.0640554 0.0484669 0)
(0.0582887 0.0602166 0)
(0.0490249 0.0736804 0)
(0.0369013 0.0845067 0)
(0.0222522 0.0882213 0)
(0.00335334 0.085911 0)
(-0.0557891 0.0502114 0)
(-0.0410941 0.0546254 0)
(-0.0271941 0.0560274 0)
(-0.0134447 0.0554659 0)
(-0.000120224 0.0528582 0)
(0.0118279 0.048502 0)
(0.0219952 0.0430403 0)
(0.0302294 0.03759 0)
(0.0367636 0.0331289 0)
(0.0418777 0.0304519 0)
(0.0457211 0.0303019 0)
(0.0481856 0.0334898 0)
(0.0488816 0.0406414 0)
(0.0471073 0.0518632 0)
(0.0425914 0.0664677 0)
(0.0351643 0.0825846 0)
(0.0254174 0.0955353 0)
(0.0137444 0.100506 0)
(0.00115448 0.0953637 0)
(-0.0572444 0.0396887 0)
(-0.0449608 0.0434656 0)
(-0.0334453 0.0448465 0)
(-0.021934 0.0444597 0)
(-0.0106842 0.0424855 0)
(-0.000184843 0.039137 0)
(0.00901613 0.0350837 0)
(0.0167827 0.0310671 0)
(0.023093 0.0279201 0)
(0.027996 0.026419 0)
(0.0316207 0.0274346 0)
(0.0339418 0.0320554 0)
(0.0346183 0.0411463 0)
(0.0330803 0.0546505 0)
(0.0291534 0.0716552 0)
(0.0227293 0.0898849 0)
(0.0149449 0.104255 0)
(0.00633706 0.109097 0)
(-0.000233496 0.1003 0)
(-0.0566147 0.0311955 0)
(-0.0466037 0.0342167 0)
(-0.0370396 0.0353618 0)
(-0.0272667 0.0349649 0)
(-0.0175797 0.033295 0)
(-0.00837063 0.0307076 0)
(-8.12782e-05 0.0277168 0)
(0.00692612 0.0249708 0)
(0.0126365 0.0230887 0)
(0.0169954 0.0227479 0)
(0.0200797 0.0248744 0)
(0.0219933 0.0307943 0)
(0.0224913 0.0416889 0)
(0.0209967 0.0572578 0)
(0.017341 0.0762994 0)
(0.0115386 0.0959844 0)
(0.00581166 0.110525 0)
(0.000695854 0.113787 0)
(-0.000765337 0.101588 0)
(-0.0549147 0.0243861 0)
(-0.0468394 0.026627 0)
(-0.0389374 0.0273499 0)
(-0.030696 0.0268205 0)
(-0.0224179 0.0253229 0)
(-0.0144629 0.0232778 0)
(-0.00723153 0.0211456 0)
(-0.00103681 0.0195069 0)
(0.00391683 0.0188494 0)
(0.00756006 0.0196609 0)
(0.00995325 0.0228133 0)
(0.0112948 0.0298385 0)
(0.0115449 0.0423615 0)
(0.0101567 0.0597937 0)
(0.00679327 0.0804803 0)
(0.00175409 0.100715 0)
(-0.00136842 0.114068 0)
(-0.00280511 0.114872 0)
(-0.000789554 0.100593 0)
(-0.0528061 0.0189666 0)
(-0.0463539 0.0204656 0)
(-0.0398938 0.0207146 0)
(-0.0330275 0.0199477 0)
(-0.0260702 0.0185266 0)
(-0.0193422 0.0168852 0)
(-0.0131739 0.0154709 0)
(-0.00787043 0.0148157 0)
(-0.00371106 0.0152921 0)
(-0.000841211 0.017258 0)
(0.000757803 0.0213828 0)
(0.0013358 0.0292326 0)
(0.00118454 0.0429296 0)
(0.000191951 0.0620271 0)
(-0.00247595 0.0841339 0)
(-0.00585225 0.103706 0)
(-0.00584272 0.114504 0)
(-0.0044512 0.11329 0)
(-0.000734008 0.0984733 0)
(-0.0504403 0.0146839 0)
(-0.0453328 0.0154786 0)
(-0.0401167 0.015256 0)
(-0.0345321 0.0142796 0)
(-0.0288231 0.0129101 0)
(-0.023269 0.0115387 0)
(-0.0181923 0.0107264 0)
(-0.0138528 0.0109166 0)
(-0.0105398 0.0124492 0)
(-0.00848897 0.0155768 0)
(-0.00776841 0.0207622 0)
(-0.00812393 0.0294116 0)
(-0.0087764 0.0436433 0)
(-0.00879758 0.0637107 0)
(-0.00959779 0.0862387 0)
(-0.0105554 0.103995 0)
(-0.00778383 0.112456 0)
(-0.00487566 0.110316 0)
(-0.000851268 0.0959218 0)
(-0.0477908 0.0113623 0)
(-0.0438257 0.0115259 0)
(-0.0397026 0.0108604 0)
(-0.0352682 0.00966675 0)
(-0.0307406 0.00832076 0)
(-0.0263844 0.00724438 0)
(-0.0224321 0.00695362 0)
(-0.0191099 0.00789414 0)
(-0.0167123 0.0104514 0)
(-0.0155389 0.0147946 0)
(-0.0157446 0.0211342 0)
(-0.0168927 0.0302791 0)
(-0.017476 0.0439175 0)
(-0.0160572 0.0634067 0)
(-0.014048 0.0857823 0)
(-0.0125703 0.101973 0)
(-0.00793714 0.108984 0)
(-0.00472176 0.107096 0)
(-0.00122037 0.0932104 0)
(-0.0447955 0.00885213 0)
(-0.0418155 0.00848589 0)
(-0.0386762 0.00746127 0)
(-0.035311 0.00610079 0)
(-0.0319228 0.00478446 0)
(-0.0287161 0.0039531 0)
(-0.0258668 0.00411739 0)
(-0.0235667 0.00576694 0)
(-0.0220574 0.00928572 0)
(-0.0216307 0.0147576 0)
(-0.0224905 0.0219722 0)
(-0.0240649 0.0310435 0)
(-0.0242274 0.0432808 0)
(-0.021246 0.0609889 0)
(-0.0162883 0.0828109 0)
(-0.0126013 0.0983613 0)
(-0.0069835 0.105039 0)
(-0.00446077 0.104392 0)
(-0.00185024 0.0903747 0)
(-0.0414357 0.00702948 0)
(-0.0392959 0.00624593 0)
(-0.0370366 0.00495536 0)
(-0.0346634 0.00350173 0)
(-0.0323373 0.00226336 0)
(-0.0302046 0.00166506 0)
(-0.0283747 0.0022062 0)
(-0.0269519 0.00442095 0)
(-0.0260975 0.00874585 0)
(-0.0260553 0.0152236 0)
(-0.0271241 0.0232399 0)
(-0.0289258 0.0319342 0)
(-0.0288373 0.0416996 0)
(-0.0245339 0.0564104 0)
(-0.0172009 0.0775081 0)
(-0.0115248 0.0936248 0)
(-0.0053835 0.101332 0)
(-0.00415492 0.102674 0)
(-0.00251893 0.0873288 0)
(-0.0376945 0.00577825 0)
(-0.0362529 0.00469225 0)
(-0.0347508 0.00324343 0)
(-0.0332461 0.00178967 0)
(-0.0318769 0.000680649 0)
(-0.0307198 0.000287041 0)
(-0.0297849 0.0010953 0)
(-0.0290638 0.00365302 0)
(-0.0285644 0.00846948 0)
(-0.0283702 0.0156425 0)
(-0.0288224 0.0243704 0)
(-0.0301518 0.0328292 0)
(-0.0303888 0.0396449 0)
(-0.0265416 0.0504687 0)
(-0.0182527 0.0702473 0)
(-0.0104856 0.0877669 0)
(-0.00367569 0.098025 0)
(-0.00357183 0.102073 0)
(-0.00278869 0.0841714 0)
(-0.033587 0.00498586 0)
(-0.03268 0.0037105 0)
(-0.0317831 0.00222088 0)
(-0.0310082 0.000861685 0)
(-0.0304604 -7.90026e-05 0)
(-0.0301499 -0.000291354 0)
(-0.0300026 0.000637329 0)
(-0.0298743 0.00325526 0)
(-0.029584 0.00810926 0)
(-0.0289894 0.0154187 0)
(-0.0282321 0.0245279 0)
(-0.0280509 0.0333215 0)
(-0.0286532 0.0387325 0)
(-0.0273432 0.0456851 0)
(-0.0203635 0.0619797 0)
(-0.0109134 0.0806501 0)
(-0.00288233 0.0945982 0)
(-0.00280197 0.102187 0)
(-0.00234416 0.0813421 0)
(-0.0291365 0.00451665 0)
(-0.02859 0.00315859 0)
(-0.0281223 0.0017335 0)
(-0.0278915 0.000569879 0)
(-0.0279875 -0.000136273 0)
(-0.0283926 -0.000174989 0)
(-0.0289515 0.000778429 0)
(-0.0294119 0.0032144 0)
(-0.0294521 0.00768101 0)
(-0.0287276 0.0145258 0)
(-0.0271146 0.0234292 0)
(-0.0252703 0.0327321 0)
(-0.0249561 0.0390869 0)
(-0.025687 0.043732 0)
(-0.0222264 0.0546434 0)
(-0.0134524 0.0724609 0)
(-0.00409892 0.0902712 0)
(-0.00227442 0.101966 0)
(-0.00117873 0.079251 0)
(-0.0244104 0.00423239 0)
(-0.0240084 0.00286042 0)
(-0.0237396 0.00159278 0)
(-0.0238153 0.00072419 0)
(-0.024335 0.000344875 0)
(-0.025266 0.000533257 0)
(-0.0264335 0.00150785 0)
(-0.0275311 0.0036612 0)
(-0.0281338 0.00750911 0)
(-0.0277729 0.0134728 0)
(-0.0261219 0.021558 0)
(-0.0234299 0.0308531 0)
(-0.021309 0.0389452 0)
(-0.0216728 0.0440378 0)
(-0.0216552 0.0505344 0)
(-0.0165508 0.0647145 0)
(-0.00739304 0.0844811 0)
(-0.00229232 0.0999513 0)
(0.000225597 0.0780468 0)
(-0.0194553 0.00396256 0)
(-0.0189394 0.00261113 0)
(-0.018621 0.00157338 0)
(-0.0187494 0.00110194 0)
(-0.0194237 0.00116338 0)
(-0.0206259 0.00169674 0)
(-0.0222105 0.00278686 0)
(-0.0238796 0.00472132 0)
(-0.0251946 0.00792027 0)
(-0.0256244 0.0128252 0)
(-0.0246758 0.0196812 0)
(-0.0222017 0.0282247 0)
(-0.0190053 0.0371892 0)
(-0.0173342 0.0443803 0)
(-0.0180788 0.0498346 0)
(-0.0173155 0.0597005 0)
(-0.0111242 0.0776718 0)
(-0.00318765 0.0952429 0)
(0.00108099 0.0773435 0)
(-0.0142822 0.00341201 0)
(-0.0133778 0.00212308 0)
(-0.0128436 0.00140256 0)
(-0.0128555 0.00142791 0)
(-0.0134578 0.00203185 0)
(-0.0146226 0.00304724 0)
(-0.0162693 0.00444111 0)
(-0.0182186 0.00636126 0)
(-0.0201198 0.00910568 0)
(-0.021461 0.0130559 0)
(-0.0216749 0.018572 0)
(-0.0203267 0.0257998 0)
(-0.0175044 0.0344046 0)
(-0.014482 0.0431603 0)
(-0.0136923 0.0503791 0)
(-0.0149599 0.0581818 0)
(-0.0130501 0.0720027 0)
(-0.00504475 0.0885043 0)
(0.000650426 0.0762038 0)
(-0.00869286 0.00268225 0)
(-0.0074312 0.00146738 0)
(-0.00682066 0.00114585 0)
(-0.00675544 0.00165644 0)
(-0.00718211 0.00274998 0)
(-0.0080491 0.00424177 0)
(-0.00933858 0.00604602 0)
(-0.0110016 0.00819377 0)
(-0.0128975 0.0108398 0)
(-0.0147185 0.0142276 0)
(-0.0160005 0.0186629 0)
(-0.0161877 0.0244941 0)
(-0.0148273 0.0319873 0)
(-0.0122099 0.0410048 0)
(-0.0103589 0.0503604 0)
(-0.0118154 0.0587682 0)
(-0.0125942 0.069054 0)
(-0.00693837 0.0820312 0)
(-0.00109523 0.0740927 0)
(-0.00316044 0.000758948 0)
(-0.002105 0.000339914 0)
(-0.00174016 0.000766356 0)
(-0.00174347 0.00180518 0)
(-0.00200383 0.00328784 0)
(-0.00247158 0.0051205 0)
(-0.0031561 0.00728586 0)
(-0.00407196 0.00980944 0)
(-0.00521953 0.0127551 0)
(-0.00654021 0.0162108 0)
(-0.00784748 0.0202618 0)
(-0.00879348 0.0250365 0)
(-0.00890975 0.0308975 0)
(-0.00795914 0.0389869 0)
(-0.00707629 0.0506978 0)
(-0.00902443 0.0612934 0)
(-0.0105897 0.0677305 0)
(-0.00754655 0.0761813 0)
(-0.00276555 0.0667497 0)
)
;

boundaryField
{
    leftWall
    {
        type            noSlip;
    }
    rightWall
    {
        type            noSlip;
    }
    lowerWall
    {
        type            noSlip;
    }
    atmosphere
    {
        type            pressureInletOutletVelocity;
        value           nonuniform List<vector> 
46
(
(0.000829588 0.0438015 0)
(0.00470406 0.0438973 0)
(0.00308121 0.0259113 0)
(0 -0.0190189 0)
(0 -0.0469737 0)
(0 -0.0585976 0)
(0 -0.0626071 0)
(0 -0.0629026 0)
(0 -0.0613284 0)
(0 -0.0586915 0)
(0 -0.0552474 0)
(0 -0.0511648 0)
(0 -0.0465583 0)
(0 -0.0415097 0)
(0 -0.0360663 0)
(0 -0.0302507 0)
(0 -0.0240529 0)
(0 -0.0174553 0)
(0 -0.0103803 0)
(0 -0.00306741 0)
(-0.00665147 0.00304447 0)
(-0.00689711 0.00634975 0)
(-0.0068321 0.00678791 0)
(-0.00606103 0.00475172 0)
(-0.00544957 0.00333332 0)
(-0.00476403 0.0019101 0)
(-0.00406028 0.000918349 0)
(-0.00316044 0.000758948 0)
(-0.002105 0.000339914 0)
(-0.00174016 0.000766356 0)
(-0.00174347 0.00180518 0)
(-0.00200383 0.00328784 0)
(-0.00247158 0.0051205 0)
(-0.0031561 0.00728586 0)
(-0.00407196 0.00980944 0)
(-0.00521953 0.0127551 0)
(-0.00654021 0.0162108 0)
(-0.00784748 0.0202618 0)
(-0.00879348 0.0250365 0)
(-0.00890975 0.0308975 0)
(-0.00795914 0.0389869 0)
(-0.00707629 0.0506978 0)
(-0.00902443 0.0612934 0)
(-0.0105897 0.0677305 0)
(-0.00754655 0.0761813 0)
(-0.00276555 0.0667497 0)
)
;
    }
    defaultFaces
    {
        type            empty;
    }
}


// ************************************************************************* //
