/*--------------------------------*- C++ -*----------------------------------*\
| =========                 |                                                 |
| \\      /  F ield         | OpenFOAM: The Open Source CFD Toolbox           |
|  \\    /   O peration     | Version:  2312                                  |
|   \\  /    A nd           | Website:  www.openfoam.com                      |
|    \\/     M anipulation  |                                                 |
\*---------------------------------------------------------------------------*/
FoamFile
{
    version     2.0;
    format      ascii;
    arch        "LSB;label=32;scalar=64";
    class       surfaceScalarField;
    location    "4.2";
    object      phi;
}
// * * * * * * * * * * * * * * * * * * * * * * * * * * * * * * * * * * * * * //

dimensions      [0 3 -1 0 0 0 0];

oriented        oriented;

internalField   nonuniform List<scalar> 
4432
(
5.77176e-07
-5.77189e-07
4.53479e-07
1.23695e-07
2.6549e-07
1.87996e-07
7.37794e-08
1.91717e-07
-9.94088e-08
1.73191e-07
-2.68875e-07
1.69468e-07
-4.39371e-07
1.70496e-07
-5.8977e-07
1.50395e-07
-6.90591e-07
1.00811e-07
-7.19912e-07
2.9302e-08
-6.78395e-07
-4.1543e-08
-5.76913e-07
-1.01511e-07
-4.41654e-07
-1.3529e-07
-3.04479e-07
-1.37205e-07
-1.85951e-07
-1.18554e-07
-9.82554e-08
-8.77161e-08
-7.33705e-08
-2.48987e-08
-1.12863e-07
3.94847e-08
-1.75765e-07
6.28994e-08
-2.33756e-07
5.79927e-08
-2.66253e-07
3.2503e-08
-3.66978e-07
1.00732e-07
-3.66972e-07
-1.4081e-07
-4.36364e-07
-2.78121e-07
2.61027e-07
-4.32323e-07
3.42218e-07
-5.44297e-07
3.0371e-07
-6.37182e-07
2.66097e-07
-7.40855e-07
2.73154e-07
-8.54422e-07
2.8407e-07
-9.64195e-07
2.60167e-07
-1.03145e-06
1.68052e-07
-1.02956e-06
2.73887e-08
-9.59996e-07
-1.11152e-07
-8.30478e-07
-2.31087e-07
-6.66876e-07
-2.98947e-07
-5.0187e-07
-3.02263e-07
-3.5678e-07
-2.63692e-07
-2.37958e-07
-2.06577e-07
-1.8215e-07
-8.07362e-08
-1.93765e-07
5.108e-08
-2.23234e-07
9.23579e-08
-2.40621e-07
7.53772e-08
-1.85624e-07
-2.24937e-08
-2.23898e-07
1.39011e-07
-5.90861e-07
-4.94497e-07
5.81341e-08
-7.78588e-07
5.45128e-07
-9.4663e-07
5.10278e-07
-1.02411e-06
3.81204e-07
-1.06935e-06
3.11348e-07
-1.13123e-06
3.35043e-07
-1.22755e-06
3.80394e-07
-1.31981e-06
3.52429e-07
-1.36977e-06
2.18004e-07
-1.34763e-06
5.23029e-09
-1.26087e-06
-1.97927e-07
-1.10756e-06
-3.84421e-07
-9.12636e-07
-4.93884e-07
-7.10847e-07
-5.04062e-07
-5.24983e-07
-4.49563e-07
-3.50984e-07
-3.80577e-07
-2.41694e-07
-1.90024e-07
-2.10714e-07
2.01048e-08
-1.94891e-07
7.65424e-08
-1.71199e-07
5.16925e-08
-3.52043e-08
-1.5848e-07
1.86166e-09
1.01955e-07
-5.88992e-07
-7.05932e-07
7.64013e-07
-1.10382e-06
9.42973e-07
-1.3043e-06
7.1071e-07
-1.36523e-06
4.42108e-07
-1.37996e-06
3.26084e-07
-1.42096e-06
3.76026e-07
-1.51099e-06
4.70417e-07
-1.60573e-06
4.47162e-07
-1.6649e-06
2.77172e-07
-1.64935e-06
-1.0349e-08
-1.57689e-06
-2.70412e-07
-1.42445e-06
-5.36887e-07
-1.21048e-06
-7.07873e-07
-9.65781e-07
-7.48773e-07
-7.16943e-07
-6.98413e-07
-4.47187e-07
-6.50343e-07
-2.41139e-07
-3.9608e-07
-1.18574e-07
-1.02465e-07
-1.72805e-08
-2.4752e-08
7.80317e-08
-4.36174e-08
1.80124e-07
-2.6057e-07
3.29761e-07
-4.7681e-08
-2.59223e-07
-7.31857e-07
1.49583e-06
-1.15817e-06
1.36925e-06
-1.35655e-06
9.09053e-07
-1.37948e-06
4.6502e-07
-1.35379e-06
3.00376e-07
-1.36812e-06
3.9035e-07
-1.46257e-06
5.64868e-07
-1.60011e-06
5.84705e-07
-1.6912e-06
3.68264e-07
-1.74124e-06
3.96906e-08
-1.74885e-06
-2.62801e-07
-1.65174e-06
-6.33989e-07
-1.48269e-06
-8.76909e-07
-1.24581e-06
-9.85641e-07
-9.43648e-07
-1.00057e-06
-6.25486e-07
-9.68489e-07
-2.63359e-07
-7.58194e-07
4.55266e-08
-4.11334e-07
2.96143e-07
-2.75353e-07
4.10948e-07
-1.58406e-07
3.54014e-07
-2.03621e-07
3.88715e-07
-8.23607e-08
1.29502e-07
-6.20451e-07
2.11627e-06
-9.65293e-07
1.71406e-06
-1.0609e-06
1.00462e-06
-9.13202e-07
3.17271e-07
-6.98894e-07
8.60487e-08
-6.71675e-07
3.63108e-07
-9.89013e-07
8.82177e-07
-1.47387e-06
1.06955e-06
-1.81478e-06
7.09166e-07
-1.93289e-06
1.57787e-07
-1.90106e-06
-2.94643e-07
-1.84538e-06
-6.89688e-07
-1.70422e-06
-1.01805e-06
-1.38991e-06
-1.29992e-06
-9.04308e-07
-1.48614e-06
-3.0607e-07
-1.5667e-06
2.63048e-07
-1.32727e-06
8.66362e-07
-1.01461e-06
1.40721e-06
-8.16161e-07
1.53577e-06
-2.86913e-07
7.65903e-07
5.66299e-07
1.43206e-07
5.40341e-07
2.72713e-07
-3.68573e-07
2.48486e-06
-5.60838e-07
1.90635e-06
-7.07303e-07
1.15109e-06
-1.09773e-06
7.07701e-07
-1.13644e-06
1.24723e-07
-4.28716e-07
-3.44678e-07
1.86065e-07
2.67336e-07
9.4264e-07
3.12937e-07
1.8792e-06
-2.27441e-07
2.81463e-06
-7.77691e-07
3.56956e-06
-1.04962e-06
3.52504e-06
-6.45177e-07
3.355e-06
-8.4801e-07
3.10894e-06
-1.05386e-06
2.90226e-06
-1.27946e-06
3.31659e-06
-1.981e-06
3.66044e-06
-1.6711e-06
4.17757e-06
-1.53169e-06
4.49001e-06
-1.12856e-06
4.5572e-06
-3.54045e-07
3.44906e-06
1.67447e-06
1.69677e-06
2.29265e-06
1.96953e-06
-6.72124e-08
2.55215e-06
1.76135e-07
1.66306e-06
8.77022e-07
4.50253e-07
2.23371e-06
-6.48992e-07
4.24267e-06
-1.88427e-06
5.68428e-06
-1.78632e-06
4.72537e-06
1.22621e-06
4.2982e-06
7.40081e-07
4.39152e-06
-3.20784e-07
4.54774e-06
-9.33917e-07
4.64245e-06
-1.14432e-06
5.12407e-06
-1.1268e-06
5.64361e-06
-1.36755e-06
5.81315e-06
-1.22341e-06
5.98466e-06
-1.45097e-06
6.33292e-06
-2.32927e-06
7.19671e-06
-2.53488e-06
7.76951e-06
-2.10449e-06
8.02685e-06
-1.38587e-06
8.23998e-06
-5.67156e-07
8.2657e-06
1.64877e-06
6.44984e-06
4.10855e-06
8.41937e-06
-9.6155e-07
9.61554e-07
-2.30606e-06
1.34454e-06
-4.79734e-06
2.49133e-06
-7.33881e-06
2.54152e-06
-9.14101e-06
1.80222e-06
-9.69116e-06
5.50144e-07
-9.10831e-06
-5.82859e-07
-7.99415e-06
-1.11416e-06
-7.62114e-06
-3.73023e-07
-8.09379e-06
4.72635e-07
-8.55543e-06
4.61606e-07
-7.81872e-06
-7.36737e-07
-5.50528e-06
-2.31349e-06
-2.76154e-06
-2.74378e-06
-7.14367e-07
-2.04719e-06
4.39863e-07
-1.15424e-06
1.09336e-06
-6.53511e-07
1.08724e-06
6.10144e-09
1.08723e-06
-1.69583e-07
1.13109e-06
-1.72546e-06
2.90041e-06
-4.10864e-06
4.87454e-06
-6.39233e-06
4.82523e-06
-8.05173e-06
3.46162e-06
-8.21237e-06
7.10784e-07
-7.55418e-06
-1.24109e-06
-6.60996e-06
-2.05841e-06
-6.39794e-06
-5.85042e-07
-6.47641e-06
5.51075e-07
-7.11659e-06
1.10176e-06
-6.73081e-06
-1.12254e-06
-4.93933e-06
-4.10501e-06
-2.7403e-06
-4.94284e-06
-1.12509e-06
-3.66241e-06
-8.43455e-08
-2.195e-06
6.1416e-07
-1.35205e-06
7.53991e-07
-1.3376e-07
1.84119e-06
-4.43954e-06
5.57052e-06
-6.73295e-06
5.1937e-06
-7.41391e-06
5.55543e-06
-8.32253e-06
5.73383e-06
-7.79503e-06
2.93417e-06
-6.1308e-06
-9.53459e-07
-5.40023e-06
-1.97166e-06
-6.39312e-06
-1.0655e-06
-8.48784e-06
1.5097e-06
-8.83547e-06
8.98688e-07
-8.89432e-06
1.16062e-06
-8.08498e-06
-1.93187e-06
-6.5574e-06
-5.63257e-06
-4.58263e-06
-6.91757e-06
-2.50598e-06
-5.73903e-06
-1.07423e-06
-3.62675e-06
-5.21228e-07
-1.90506e-06
-4.6273e-07
-1.92275e-07
1.37847e-06
-1.33335e-05
1.89036e-05
-1.72847e-05
9.14453e-06
-1.41842e-05
2.4547e-06
-9.05254e-06
6.01866e-07
-2.27736e-06
-3.84123e-06
4.38547e-06
-7.61633e-06
1.0035e-05
-7.62137e-06
8.23692e-06
7.32379e-07
-8.74646e-07
1.06212e-05
-8.36957e-06
8.39354e-06
-9.19398e-06
1.98489e-06
-8.32942e-06
-2.7965e-06
-7.91992e-06
-6.04207e-06
-6.44032e-06
-8.39715e-06
-4.10597e-06
-8.0734e-06
-2.41423e-06
-5.3186e-06
-1.95904e-06
-2.36039e-06
-1.36776e-06
-7.83704e-07
1.05118e-08
-9.52094e-06
2.84246e-05
-1.10364e-05
1.06601e-05
-6.84949e-06
-1.73218e-06
-2.72995e-06
-3.51763e-06
6.44424e-07
-7.2155e-06
5.29469e-06
-1.22665e-05
1.09066e-05
-1.32332e-05
1.55175e-05
-3.87845e-06
1.42917e-05
1.1847e-05
9.19512e-06
1.349e-05
6.1251e-06
5.05491e-06
4.99679e-06
-1.66822e-06
-1.81685e-06
7.71497e-07
-6.86076e-06
-3.35333e-06
-5.61343e-06
-9.32089e-06
-3.80574e-06
-7.12639e-06
2.04164e-07
-6.37037e-06
3.56223e-06
-4.14184e-06
3.57277e-06
-3.08064e-06
3.1505e-05
-8.84572e-08
7.66776e-06
1.15416e-06
-2.975e-06
3.63883e-06
-6.00247e-06
4.93989e-06
-8.51672e-06
5.8085e-06
-1.31353e-05
8.25362e-06
-1.56784e-05
1.23356e-05
-7.96045e-06
1.43304e-05
9.85202e-06
1.34078e-05
1.44126e-05
1.17705e-05
6.6922e-06
9.39569e-06
7.06552e-07
5.59817e-06
4.569e-06
9.77927e-07
1.26668e-06
1.11112e-06
-9.45419e-06
3.27072e-06
-9.2861e-06
5.06962e-06
-8.16939e-06
5.25704e-06
-4.32937e-06
8.82962e-06
1.15775e-06
3.03471e-05
5.82692e-06
2.99838e-06
7.7681e-06
-4.91638e-06
9.18366e-06
-7.41818e-06
8.82027e-06
-8.15349e-06
5.52713e-06
-9.8424e-06
5.46243e-06
-1.56139e-05
7.57567e-06
-1.00737e-05
1.08473e-05
6.58042e-06
1.25845e-05
1.26754e-05
1.25073e-05
6.76937e-06
9.83597e-06
3.37783e-06
6.2232e-06
8.18163e-06
2.86653e-06
4.62331e-06
4.11761e-06
-1.07054e-05
4.84208e-06
-1.00107e-05
5.07114e-06
-8.39854e-06
5.40685e-06
-4.66521e-06
1.42365e-05
7.952e-06
2.2395e-05
1.13622e-05
-4.11913e-07
1.21961e-05
-5.75022e-06
1.19411e-05
-7.1632e-06
8.99019e-06
-5.20263e-06
4.30846e-06
-5.16073e-06
2.88324e-06
-1.41887e-05
3.09135e-06
-1.02818e-05
6.59341e-06
3.07834e-06
9.83649e-06
9.43223e-06
1.1194e-05
5.41179e-06
9.09751e-06
5.47424e-06
4.96267e-06
1.23165e-05
2.15474e-06
7.43119e-06
3.02825e-06
-1.15789e-05
1.86659e-06
-8.84905e-06
1.09021e-06
-7.62225e-06
3.03124e-06
-6.60625e-06
1.72677e-05
5.05929e-06
-2.507e-06
8.59894e-06
-1.8765e-06
8.96469e-06
8.45188e-08
7.84531e-06
4.70409e-07
8.16231e-06
-2.20124e-06
9.7013e-06
-3.32529e-06
1.34997e-05
-2.57221e-06
1.62614e-05
-2.02158e-06
1.75992e-05
-1.65865e-06
1.79341e-05
-1.26873e-06
1.77958e-05
-1.00602e-06
1.7796e-05
-1.12702e-06
1.77144e-05
-1.2859e-06
1.74668e-05
-9.75827e-07
1.80252e-05
-2.0093e-06
1.9145e-05
-3.44909e-06
2.05885e-05
-3.97834e-06
2.15235e-05
-3.03943e-06
2.20645e-05
-1.9269e-06
2.24757e-05
-9.78289e-07
2.38576e-05
2.66986e-07
2.56935e-05
2.27269e-06
4.05351e-06
3.00595e-05
1.60539e-06
-4.11237e-06
2.71999e-06
-2.99106e-06
4.81126e-06
-2.00669e-06
8.26004e-06
-2.97829e-06
1.09772e-05
-4.91835e-06
1.30944e-05
-5.44248e-06
1.54905e-05
-4.96829e-06
1.74384e-05
-3.96947e-06
1.85943e-05
-2.81451e-06
1.9018e-05
-1.69239e-06
1.8914e-05
-9.02049e-07
1.89072e-05
-1.12018e-06
1.89275e-05
-1.30625e-06
1.87877e-05
-8.35999e-07
1.81576e-05
-1.37914e-06
1.75318e-05
-2.8233e-06
1.78338e-05
-4.28031e-06
1.84942e-05
-3.69973e-06
1.90907e-05
-2.52337e-06
1.94461e-05
-1.33364e-06
1.98164e-05
-1.03179e-07
2.03067e-05
1.78252e-06
1.87306e-06
2.24873e-05
1.84467e-06
-5.95702e-06
3.36999e-06
-4.51631e-06
5.81458e-06
-4.4512e-06
8.79771e-06
-5.96134e-06
1.16812e-05
-7.80175e-06
1.36197e-05
-7.38099e-06
1.49899e-05
-6.33846e-06
1.59048e-05
-4.88436e-06
1.65854e-05
-3.49515e-06
1.69309e-05
-2.03794e-06
1.65851e-05
-5.56183e-07
1.57189e-05
-2.54052e-07
1.52245e-05
-8.11775e-07
1.50755e-05
-6.87011e-07
1.31276e-05
5.6872e-07
9.03235e-06
1.272e-06
4.90891e-06
-1.56822e-07
3.99375e-06
-2.78447e-06
4.95715e-06
-3.48664e-06
4.45227e-06
-8.28613e-07
3.48151e-06
8.67812e-07
3.41482e-06
1.84942e-06
1.91557e-06
3.37259e-06
1.89276e-06
-7.84985e-06
3.34117e-06
-5.96476e-06
5.07655e-06
-6.18657e-06
6.56145e-06
-7.44623e-06
8.04412e-06
-9.28441e-06
9.10162e-06
-8.43849e-06
9.96738e-06
-7.20421e-06
9.16233e-06
-4.07932e-06
7.38241e-06
-1.71522e-06
4.03129e-06
1.31318e-06
7.57848e-07
2.71726e-06
-7.20842e-07
1.22464e-06
-1.1282e-06
-4.04433e-07
-7.08143e-07
-1.10707e-06
-1.68319e-06
1.54381e-06
-7.85234e-06
7.4412e-06
-1.31059e-05
5.09688e-06
-1.29729e-05
-2.91733e-06
-1.21907e-05
-4.26874e-06
-1.34388e-05
4.19714e-07
-1.46002e-05
2.02936e-06
-1.59887e-05
3.23812e-06
6.58157e-06
-2.06544e-05
-6.24249e-07
-7.22578e-06
-1.6233e-07
-6.42682e-06
-1.83505e-07
-6.1655e-06
-1.17786e-06
-6.45196e-06
-3.00833e-06
-7.45399e-06
-4.89054e-06
-6.55631e-06
-7.30702e-06
-4.78774e-06
-1.09854e-05
-4.00929e-07
-1.471e-05
2.00936e-06
-1.69277e-05
3.53089e-06
-1.65102e-05
2.29981e-06
-1.39325e-05
-1.35303e-06
-1.10956e-05
-3.24135e-06
-9.58912e-06
-2.61353e-06
-7.66215e-06
-3.83115e-07
-7.02488e-06
6.80401e-06
-6.41863e-06
4.49073e-06
-7.86386e-06
-1.47199e-06
-1.10544e-05
-1.07806e-06
-1.40315e-05
3.39684e-06
-1.67896e-05
4.78762e-06
-1.99633e-05
6.41198e-06
1.00427e-05
-2.34243e-05
-1.49278e-06
-5.73332e-06
-1.36633e-06
-6.5534e-06
-2.67693e-06
-4.85499e-06
-5.14878e-06
-3.98018e-06
-8.79174e-06
-3.81107e-06
-1.20406e-05
-3.30746e-06
-1.44958e-05
-2.33261e-06
-1.38608e-05
-1.03585e-06
-1.14732e-05
-3.78262e-07
-7.53753e-06
-4.04747e-07
-4.13613e-06
-1.1016e-06
-3.36805e-06
-2.1211e-06
-4.05128e-06
-2.55811e-06
-4.69534e-06
-1.96942e-06
-4.21132e-06
-8.67084e-07
4.46491e-07
2.14626e-06
3.40919e-06
1.52808e-06
1.15056e-06
7.86685e-07
-2.40519e-06
2.47773e-06
-5.38546e-06
6.37717e-06
-8.78287e-06
8.18511e-06
-1.26193e-05
1.02484e-05
1.29091e-05
-1.54856e-05
4.36756e-06
-1.00998e-05
4.08205e-06
-6.26724e-06
3.05342e-06
-3.82611e-06
-2.90163e-07
-6.36525e-07
-4.77005e-06
6.68829e-07
-8.71653e-06
6.39025e-07
-1.08787e-05
-1.70409e-07
-9.78191e-06
-2.13256e-06
-6.79966e-06
-3.36036e-06
-3.88791e-06
-3.31639e-06
-1.50931e-06
-3.4801e-06
-4.60937e-07
-3.16937e-06
1.03078e-07
-3.12195e-06
1.05091e-06
-2.91721e-06
2.6632e-06
-2.47921e-06
6.5208e-06
-1.71121e-06
8.72153e-06
-6.72613e-07
8.67323e-06
8.35027e-07
7.06514e-06
4.08585e-06
5.7223e-06
7.72006e-06
3.28344e-06
1.06241e-05
-3.13251e-07
1.38452e-05
1.64313e-05
-3.83527e-06
-3.89804e-05
2.88853e-05
-5.03257e-05
5.07896e-06
-4.89707e-05
-5.18195e-06
-5.13686e-05
1.76067e-06
-5.46208e-05
3.92077e-06
-5.59711e-05
1.9891e-06
-5.32916e-05
-2.84953e-06
-4.7421e-05
-8.00085e-06
-3.82735e-05
-1.25047e-05
-2.94933e-05
-1.20936e-05
-2.07853e-05
-1.21861e-05
-1.37318e-05
-1.02216e-05
-7.44805e-06
-9.40539e-06
-1.13213e-06
-9.23189e-06
3.81462e-06
-7.42537e-06
8.87989e-06
-6.77664e-06
1.2298e-05
-4.09074e-06
1.42727e-05
-1.13903e-06
1.38964e-05
4.4625e-06
9.79685e-06
1.18197e-05
5.49676e-06
1.49232e-05
2.35763e-06
1.69843e-05
1.78919e-05
8.97255e-07
-5.55856e-06
3.44405e-05
-1.42416e-05
1.37636e-05
-3.1388e-05
1.19654e-05
-2.74851e-05
-2.14167e-06
-1.77981e-05
-5.76632e-06
-5.37638e-06
-1.04328e-05
-1.12873e-05
3.06094e-06
-2.64045e-05
7.11545e-06
-3.93441e-05
4.34638e-07
-3.99936e-05
-1.14445e-05
-2.66513e-05
-2.55283e-05
-1.15236e-05
-2.53498e-05
-4.14857e-06
-1.678e-05
-6.76774e-06
-6.61291e-06
-6.69467e-06
-7.49906e-06
-2.17522e-06
-1.12961e-05
9.53464e-06
-1.58005e-05
1.21007e-05
-3.70471e-06
1.63241e-05
2.39848e-07
5.69339e-06
2.24487e-05
-5.93133e-06
2.65445e-05
-3.59038e-06
1.46414e-05
1.36648e-05
6.3385e-07
6.35982e-06
2.80771e-05
1.19503e-05
8.17479e-06
1.63617e-05
7.55635e-06
1.34203e-05
8.00806e-07
1.30083e-05
-5.35311e-06
1.22233e-05
-9.6471e-06
1.99851e-05
-4.70089e-06
2.76295e-05
-5.30481e-07
3.18076e-05
-3.74658e-06
3.18612e-05
-1.15003e-05
2.55134e-05
-1.9182e-05
2.19282e-05
-2.17645e-05
2.32303e-05
-1.80823e-05
2.912e-05
-1.25035e-05
3.14321e-05
-9.81158e-06
2.98313e-05
-9.69528e-06
2.31613e-05
-9.1306e-06
1.97444e-05
-2.88707e-07
1.37264e-05
6.25742e-06
1.81235e-05
1.80512e-05
2.12033e-05
2.34631e-05
1.26559e-05
2.31866e-05
2.18436e-05
4.47335e-06
1.25251e-05
1.55531e-05
1.55224e-05
5.17843e-06
1.9187e-05
3.89247e-06
1.93469e-05
6.41761e-07
1.65761e-05
-2.58149e-06
1.10422e-05
-4.11222e-06
1.09994e-05
-4.65724e-06
1.78957e-05
-7.42624e-06
2.47119e-05
-1.05618e-05
2.69908e-05
-1.37779e-05
2.4058e-05
-1.62478e-05
2.07633e-05
-1.84691e-05
2.06187e-05
-1.79373e-05
2.25421e-05
-1.44266e-05
2.39115e-05
-1.11805e-05
2.38893e-05
-9.67311e-06
2.2992e-05
-8.23377e-06
2.63221e-05
-3.61954e-06
3.06291e-05
1.94891e-06
3.80504e-05
1.06304e-05
4.40322e-05
1.74835e-05
4.48504e-05
2.23666e-05
2.85065e-05
3.81884e-05
8.69313e-06
6.86115e-06
1.10545e-05
2.81786e-06
1.30421e-05
1.90548e-06
1.29788e-05
7.05579e-07
1.10631e-05
-6.65268e-07
8.50016e-06
-1.54856e-06
9.49755e-06
-5.65396e-06
1.26532e-05
-1.05812e-05
1.48222e-05
-1.27301e-05
1.46994e-05
-1.36542e-05
1.30073e-05
-1.45547e-05
1.20871e-05
-1.75482e-05
1.27752e-05
-1.8625e-05
1.36007e-05
-1.52519e-05
1.36469e-05
-1.12265e-05
1.28565e-05
-8.88273e-06
1.21615e-05
-7.53893e-06
1.52289e-05
-6.6873e-06
2.12137e-05
-4.03667e-06
2.93164e-05
2.52622e-06
3.56518e-05
1.11463e-05
3.94135e-05
1.86057e-05
2.65835e-05
4.13356e-05
4.77608e-06
2.08562e-06
7.01657e-06
5.77881e-07
8.36306e-06
5.59423e-07
8.7411e-06
3.27965e-07
8.13951e-06
-6.32165e-08
7.52072e-06
-9.29299e-07
8.19524e-06
-6.32801e-06
8.15368e-06
-1.05392e-05
7.58951e-06
-1.21655e-05
6.4544e-06
-1.25187e-05
6.05096e-06
-1.41508e-05
6.07691e-06
-1.75739e-05
6.00072e-06
-1.85487e-05
5.52511e-06
-1.47763e-05
4.77843e-06
-1.04799e-05
3.35683e-06
-7.4613e-06
3.22014e-06
-7.40243e-06
6.62869e-06
-1.00961e-05
1.19051e-05
-9.31361e-06
1.78602e-05
-3.42972e-06
2.21514e-05
6.85502e-06
2.57443e-05
1.5011e-05
2.26453e-05
2.96832e-05
2.59777e-06
-5.11476e-07
4.24888e-06
-1.07277e-06
5.38431e-06
-5.75635e-07
6.19099e-06
-4.78366e-07
6.84064e-06
-7.12529e-07
7.86228e-06
-1.95061e-06
7.40739e-06
-5.87282e-06
6.10088e-06
-9.23244e-06
4.4196e-06
-1.0484e-05
3.16353e-06
-1.12624e-05
2.49325e-06
-1.34803e-05
1.55983e-06
-1.66404e-05
3.1098e-08
-1.702e-05
-9.95522e-07
-1.37498e-05
-1.77797e-06
-9.69763e-06
-2.48317e-06
-6.75625e-06
-2.15736e-06
-7.72838e-06
-5.14136e-07
-1.17395e-05
1.92665e-06
-1.17545e-05
4.86602e-06
-6.36937e-06
6.88174e-06
4.83883e-06
7.70543e-06
1.41885e-05
2.29705e-05
7.3807e-06
1.34706e-06
-1.85834e-06
2.38936e-06
-2.11475e-06
3.26446e-06
-1.45042e-06
4.10383e-06
-1.31745e-06
5.13059e-06
-1.73902e-06
6.19056e-06
-3.01034e-06
5.96452e-06
-5.64657e-06
4.7453e-06
-8.01306e-06
3.37842e-06
-9.117e-06
2.24009e-06
-1.01239e-05
8.75761e-07
-1.21158e-05
-1.17136e-06
-1.45932e-05
-3.49699e-06
-1.46944e-05
-4.97215e-06
-1.22747e-05
-5.69398e-06
-8.97584e-06
-5.84457e-06
-6.60572e-06
-6.06375e-06
-7.50924e-06
-7.21052e-06
-1.05927e-05
-8.06312e-06
-1.09019e-05
-8.91203e-06
-5.52039e-06
-9.31972e-06
5.2471e-06
-1.07341e-05
1.56026e-05
2.4958e-05
-1.2721e-05
5.75791e-07
-2.43352e-06
1.09386e-06
-2.6324e-06
1.64416e-06
-2.00041e-06
2.2773e-06
-1.95033e-06
3.01974e-06
-2.48123e-06
3.64407e-06
-3.63448e-06
3.49976e-06
-5.50209e-06
2.67395e-06
-7.1871e-06
1.83471e-06
-8.27763e-06
1.00547e-06
-9.29455e-06
-3.19911e-07
-1.07903e-05
-2.61183e-06
-1.23011e-05
-5.01184e-06
-1.22942e-05
-6.71333e-06
-1.05731e-05
-7.41251e-06
-8.27659e-06
-7.58735e-06
-6.43082e-06
-8.53212e-06
-6.56439e-06
-1.11946e-05
-7.93011e-06
-1.43308e-05
-7.76562e-06
-1.61615e-05
-3.6895e-06
-1.57474e-05
4.83318e-06
-1.60354e-05
1.58915e-05
2.61464e-05
-1.72231e-05
4.63244e-08
-2.47965e-06
1.68317e-07
-2.75411e-06
4.02422e-07
-2.23425e-06
7.6513e-07
-2.31282e-06
1.15777e-06
-2.87368e-06
1.41405e-06
-3.89059e-06
1.19913e-06
-5.28702e-06
5.92414e-07
-6.58024e-06
-7.5744e-08
-7.60932e-06
-8.05057e-07
-8.56507e-06
-1.99897e-06
-9.59622e-06
-3.83039e-06
-1.04695e-05
-5.77599e-06
-1.03485e-05
-7.12721e-06
-9.22171e-06
-7.72321e-06
-7.68041e-06
-7.77986e-06
-6.37399e-06
-8.48457e-06
-5.85951e-06
-1.07051e-05
-5.70935e-06
-1.38027e-05
-4.66794e-06
-1.55898e-05
-1.90208e-06
-1.49003e-05
4.14428e-06
-1.32961e-05
1.42876e-05
2.46177e-05
-1.17668e-05
-2.83434e-07
-2.19563e-06
-5.09832e-07
-2.52737e-06
-5.21268e-07
-2.22257e-06
-4.1284e-07
-2.42106e-06
-2.75868e-07
-3.01049e-06
-2.46077e-07
-3.92023e-06
-4.89416e-07
-5.04353e-06
-9.44461e-07
-6.12504e-06
-1.51474e-06
-7.03888e-06
-2.22048e-06
-7.85914e-06
-3.22447e-06
-8.59203e-06
-4.6278e-06
-9.06597e-06
-6.0477e-06
-8.92832e-06
-7.0683e-06
-8.20085e-06
-7.5674e-06
-7.18105e-06
-7.7337e-06
-6.20743e-06
-8.12071e-06
-5.47224e-06
-9.19389e-06
-4.63593e-06
-1.07938e-05
-3.06779e-06
-1.2246e-05
-4.49564e-07
-1.19783e-05
3.87703e-06
-9.12016e-06
1.143e-05
2.0543e-05
-5.04496e-06
-5.51089e-07
-1.64453e-06
-1.01433e-06
-2.06392e-06
-1.24378e-06
-1.99292e-06
-1.32603e-06
-2.33864e-06
-1.3456e-06
-2.99077e-06
-1.40025e-06
-3.86544e-06
-1.59578e-06
-4.84784e-06
-1.93683e-06
-5.78383e-06
-2.38741e-06
-6.58811e-06
-2.98738e-06
-7.25896e-06
-3.80748e-06
-7.77169e-06
-4.84982e-06
-8.02336e-06
-5.90198e-06
-7.87586e-06
-6.74578e-06
-7.35673e-06
-7.30457e-06
-6.62193e-06
-7.66855e-06
-5.84313e-06
-8.06693e-06
-5.07354e-06
-8.60933e-06
-4.09321e-06
-9.11825e-06
-2.55856e-06
-9.36444e-06
-2.02982e-07
-8.81573e-06
3.32878e-06
-5.90482e-06
8.51964e-06
1.53738e-05
-7.35291e-07
-7.74122e-07
-8.69829e-07
-1.4403e-06
-1.3974e-06
-1.86003e-06
-1.57296e-06
-2.09854e-06
-2.09996e-06
-2.22889e-06
-2.86028e-06
-2.32854e-06
-3.76565e-06
-2.46929e-06
-4.70695e-06
-2.68305e-06
-5.56989e-06
-2.98811e-06
-6.28284e-06
-3.42452e-06
-6.8223e-06
-4.02797e-06
-7.16797e-06
-4.77718e-06
-7.27383e-06
-5.5576e-06
-7.0951e-06
-6.25478e-06
-6.6592e-06
-6.82363e-06
-6.05272e-06
-7.30112e-06
-5.36526e-06
-7.76565e-06
-4.60863e-06
-8.19857e-06
-3.65993e-06
-8.42398e-06
-2.33279e-06
-8.18189e-06
-4.44677e-07
-7.03795e-06
2.18537e-06
-4.26597e-06
5.7479e-06
1.02844e-05
8.23965e-07
-9.7866e-07
1.08857e-07
-1.83558e-06
-5.40314e-07
-2.43301e-06
-9.75352e-07
-2.81788e-06
-1.71495e-06
-3.04518e-06
-2.63283e-06
-3.17456e-06
-3.63613e-06
-3.26593e-06
-4.61541e-06
-3.37006e-06
-5.46558e-06
-3.53379e-06
-6.11889e-06
-3.80218e-06
-6.55365e-06
-4.20019e-06
-6.76966e-06
-4.7093e-06
-6.7644e-06
-5.2652e-06
-6.53883e-06
-5.80305e-06
-6.12096e-06
-6.29302e-06
-5.56234e-06
-6.74619e-06
-4.91167e-06
-7.17916e-06
-4.17526e-06
-7.54313e-06
-3.29557e-06
-7.69331e-06
-2.18222e-06
-7.39894e-06
-7.38604e-07
-6.32924e-06
1.11598e-06
-4.02807e-06
3.44742e-06
6.27253e-06
-1.59798e-08
-1.17143e-06
1.28083e-06
-2.21315e-06
5.01657e-07
-2.97636e-06
-2.11975e-07
-3.49402e-06
-1.19715e-06
-3.80295e-06
-2.32377e-06
-3.94943e-06
-3.4895e-06
-3.9922e-06
-4.57247e-06
-3.99845e-06
-5.45913e-06
-4.03497e-06
-6.08213e-06
-4.15521e-06
-6.43312e-06
-4.3844e-06
-6.54015e-06
-4.71068e-06
-6.43776e-06
-5.09316e-06
-6.15596e-06
-5.48778e-06
-5.72593e-06
-5.86841e-06
-5.18128e-06
-6.23001e-06
-4.54965e-06
-6.56706e-06
-3.83777e-06
-6.83657e-06
-3.02565e-06
-6.9393e-06
-2.07909e-06
-6.71516e-06
-9.62333e-07
-5.95258e-06
3.53975e-07
-4.39775e-06
1.89266e-06
3.6995e-06
-1.82409e-06
-1.35356e-06
2.6342e-06
-2.56361e-06
1.71178e-06
-3.47567e-06
7.00211e-07
-4.10084e-06
-5.7185e-07
-4.46571e-06
-1.95876e-06
-4.60875e-06
-3.34631e-06
-4.59407e-06
-4.58697e-06
-4.50525e-06
-5.54773e-06
-4.42547e-06
-6.16166e-06
-4.41777e-06
-6.44053e-06
-4.51238e-06
-6.44519e-06
-4.70437e-06
-6.2454e-06
-4.96368e-06
-5.89625e-06
-5.253e-06
-5.43619e-06
-5.54286e-06
-4.89098e-06
-5.8159e-06
-4.27616e-06
-6.05602e-06
-3.59721e-06
-6.23049e-06
-2.85075e-06
-6.27708e-06
-2.03208e-06
-6.10141e-06
-1.13757e-06
-5.58563e-06
-1.61487e-07
-4.61093e-06
9.18786e-07
2.16482e-06
-3.07597e-06
-1.518e-06
4.1527e-06
-2.8793e-06
3.07333e-06
-3.91113e-06
1.7322e-06
-4.61567e-06
1.32833e-07
-5.00774e-06
-1.56654e-06
-5.12542e-06
-3.22847e-06
-5.04295e-06
-4.66924e-06
-4.86042e-06
-5.73002e-06
-4.67395e-06
-6.34785e-06
-4.55437e-06
-6.55979e-06
-4.53792e-06
-6.46129e-06
-4.62654e-06
-6.15639e-06
-4.79711e-06
-5.72527e-06
-5.01444e-06
-5.21843e-06
-5.24398e-06
-4.661e-06
-5.4582e-06
-4.06149e-06
-5.63373e-06
-3.42124e-06
-5.74225e-06
-2.7418e-06
-5.74356e-06
-2.03037e-06
-5.58197e-06
-1.29875e-06
-5.19262e-06
-5.50304e-07
-4.51783e-06
2.43799e-07
1.16108e-06
-3.51355e-06
-1.66372e-06
5.8163e-06
-3.15063e-06
4.56033e-06
-4.27704e-06
2.85873e-06
-5.0325e-06
8.88429e-07
-5.42581e-06
-1.17307e-06
-5.50057e-06
-3.15354e-06
-5.34454e-06
-4.82505e-06
-5.07415e-06
-6.00017e-06
-4.79338e-06
-6.62833e-06
-4.57689e-06
-6.77595e-06
-4.46568e-06
-6.57215e-06
-4.4683e-06
-6.15338e-06
-4.56845e-06
-5.62471e-06
-4.73362e-06
-5.05283e-06
-4.92555e-06
-4.46863e-06
-5.10906e-06
-3.87755e-06
-5.25467e-06
-3.2752e-06
-5.33513e-06
-2.66094e-06
-5.32087e-06
-2.04425e-06
-5.17679e-06
-1.44247e-06
-4.86472e-06
-8.62272e-07
-4.34949e-06
-2.70668e-07
4.08035e-07
-3.59649e-06
-1.78901e-06
7.60579e-06
-3.37817e-06
6.14968e-06
-4.57302e-06
4.05372e-06
-5.35462e-06
1.67019e-06
-5.72955e-06
-7.97968e-07
-5.74975e-06
-3.13314e-06
-5.52017e-06
-5.05441e-06
-5.17349e-06
-6.34658e-06
-4.81454e-06
-6.98698e-06
-4.51704e-06
-7.07312e-06
-4.32463e-06
-6.7642e-06
-4.25165e-06
-6.22598e-06
-4.28952e-06
-5.58643e-06
-4.41101e-06
-4.93092e-06
-4.57725e-06
-4.30196e-06
-4.74802e-06
-3.70635e-06
-4.88882e-06
-3.13399e-06
-4.97204e-06
-2.57734e-06
-4.9732e-06
-2.04276e-06
-4.86733e-06
-1.54803e-06
-4.62733e-06
-1.10181e-06
-4.22678e-06
-6.71605e-07
-1.78906e-07
-3.63931e-06
-1.89443e-06
9.49994e-06
-3.56311e-06
7.81841e-06
-4.8035e-06
5.29423e-06
-5.59102e-06
2.45786e-06
-5.93402e-06
-4.54795e-07
-5.89299e-06
-3.17396e-06
-5.5948e-06
-5.35236e-06
-5.18869e-06
-6.75242e-06
-4.7706e-06
-7.40476e-06
-4.40926e-06
-7.43414e-06
-4.14889e-06
-7.02421e-06
-4.00807e-06
-6.36642e-06
-3.98648e-06
-5.60764e-06
-4.06533e-06
-4.85167e-06
-4.20914e-06
-4.15775e-06
-4.37527e-06
-3.53982e-06
-4.52506e-06
-2.98383e-06
-4.62883e-06
-2.47323e-06
-4.6647e-06
-2.00658e-06
-4.61347e-06
-1.599e-06
-4.4542e-06
-1.26101e-06
-4.16329e-06
-9.61672e-07
-6.17546e-07
-3.72471e-06
-1.97848e-06
1.14789e-05
-3.70516e-06
9.54532e-06
-4.97194e-06
6.56119e-06
-5.75161e-06
3.2377e-06
-6.05439e-06
-1.5182e-07
-5.94851e-06
-3.27961e-06
-5.59044e-06
-5.71019e-06
-5.14591e-06
-7.19668e-06
-4.68992e-06
-7.86045e-06
-4.28376e-06
-7.83998e-06
-3.97026e-06
-7.33736e-06
-3.76967e-06
-6.56666e-06
-3.68913e-06
-5.68781e-06
-3.72131e-06
-4.81911e-06
-3.83914e-06
-4.03954e-06
-4.00099e-06
-3.37761e-06
-4.16454e-06
-2.81993e-06
-4.29715e-06
-2.34031e-06
-4.37718e-06
-1.92631e-06
-4.38833e-06
-1.58758e-06
-4.31304e-06
-1.33587e-06
-4.13045e-06
-1.1449e-06
-9.27796e-07
-3.81981e-06
-2.0399e-06
1.35186e-05
-3.80151e-06
1.1307e-05
-5.07863e-06
7.83844e-06
-5.83778e-06
3.99702e-06
-6.09936e-06
1.09955e-07
-5.92596e-06
-3.4528e-06
-5.51966e-06
-6.11626e-06
-5.05975e-06
-7.65633e-06
-4.58853e-06
-8.33139e-06
-4.15976e-06
-8.26844e-06
-3.81207e-06
-7.68473e-06
-3.56361e-06
-6.81479e-06
-3.4261e-06
-5.82497e-06
-3.40494e-06
-4.83993e-06
-3.48731e-06
-3.95684e-06
-3.63815e-06
-3.22644e-06
-3.81303e-06
-2.64475e-06
-3.97479e-06
-2.1783e-06
-4.09953e-06
-1.80131e-06
-4.1731e-06
-1.51381e-06
-4.18064e-06
-1.32846e-06
-4.10134e-06
-1.22336e-06
-1.11169e-06
-3.91777e-06
-2.02522e-06
1.55443e-05
-3.80845e-06
1.30904e-05
-5.0871e-06
9.11722e-06
-5.83034e-06
4.7404e-06
-6.04896e-06
3.28754e-07
-5.82551e-06
-3.67605e-06
-5.38299e-06
-6.55855e-06
-4.9278e-06
-8.11128e-06
-4.4631e-06
-8.79583e-06
-4.03833e-06
-8.69294e-06
-3.68226e-06
-8.04052e-06
-3.40554e-06
-7.09122e-06
-3.21954e-06
-6.01067e-06
-3.14034e-06
-4.91884e-06
-3.17401e-06
-3.92288e-06
-3.3004e-06
-3.09978e-06
-3.47758e-06
-2.46731e-06
-3.66317e-06
-1.99248e-06
-3.82902e-06
-1.63527e-06
-3.95978e-06
-1.38287e-06
-4.04282e-06
-1.24497e-06
-4.05949e-06
-1.20734e-06
-1.18471e-06
-3.98592e-06
-1.87057e-06
1.74145e-05
-3.61737e-06
1.48371e-05
-4.8963e-06
1.03962e-05
-5.63062e-06
5.47483e-06
-5.83037e-06
5.28642e-07
-5.60886e-06
-3.89741e-06
-5.16689e-06
-7.00034e-06
-4.71938e-06
-8.55859e-06
-4.28434e-06
-9.23065e-06
-3.8979e-06
-9.07915e-06
-3.56887e-06
-8.36932e-06
-3.29418e-06
-7.36567e-06
-3.07921e-06
-6.2254e-06
-2.94548e-06
-5.05233e-06
-2.91846e-06
-3.94968e-06
-3.00174e-06
-3.01627e-06
-3.16529e-06
-2.30357e-06
-3.36361e-06
-1.79398e-06
-3.56129e-06
-1.43742e-06
-3.73982e-06
-1.20419e-06
-3.88787e-06
-1.09699e-06
-3.98685e-06
-1.10737e-06
-1.15658e-06
-4.01507e-06
-1.58286e-06
1.89977e-05
-3.18632e-06
1.64407e-05
-4.41778e-06
1.16277e-05
-5.14487e-06
6.20197e-06
-5.34524e-06
7.29103e-07
-5.15816e-06
-4.08439e-06
-4.7852e-06
-7.37317e-06
-4.36399e-06
-8.97965e-06
-3.99979e-06
-9.5947e-06
-3.69906e-06
-9.37972e-06
-3.44273e-06
-8.62548e-06
-3.21067e-06
-7.59757e-06
-2.99862e-06
-6.43729e-06
-2.82695e-06
-5.22384e-06
-2.73543e-06
-4.04106e-06
-2.7562e-06
-2.99537e-06
-2.88393e-06
-2.17572e-06
-3.07813e-06
-1.59968e-06
-3.2952e-06
-1.22028e-06
-3.50951e-06
-9.89755e-07
-3.70826e-06
-8.97891e-07
-3.87515e-06
-9.41355e-07
-1.04877e-06
-3.98259e-06
-1.19061e-06
2.01879e-05
-2.54152e-06
1.77915e-05
-3.63322e-06
1.27193e-05
-4.30554e-06
6.87429e-06
-4.54204e-06
9.65605e-07
-4.39434e-06
-4.23206e-06
-4.10258e-06
-7.66488e-06
-3.78736e-06
-9.2948e-06
-3.56051e-06
-9.82148e-06
-3.40243e-06
-9.53773e-06
-3.26879e-06
-8.75904e-06
-3.12447e-06
-7.74182e-06
-2.95559e-06
-6.6061e-06
-2.77629e-06
-5.40308e-06
-2.63087e-06
-4.18643e-06
-2.5763e-06
-3.0499e-06
-2.64269e-06
-2.10932e-06
-2.80918e-06
-1.43319e-06
-3.028e-06
-1.00144e-06
-3.2633e-06
-7.54482e-07
-3.498e-06
-6.63588e-07
-3.7151e-06
-7.23493e-07
-8.74716e-07
-3.88972e-06
-7.13628e-07
2.09017e-05
-1.71592e-06
1.87937e-05
-2.5712e-06
1.35745e-05
-3.14789e-06
7.45086e-06
-3.37207e-06
1.18971e-06
-3.26616e-06
-4.33804e-06
-3.09337e-06
-7.83771e-06
-2.978e-06
-9.41021e-06
-2.9554e-06
-9.8441e-06
-2.98933e-06
-9.50382e-06
-3.01986e-06
-8.72852e-06
-3.0027e-06
-7.75901e-06
-2.91724e-06
-6.6916e-06
-2.76905e-06
-5.55132e-06
-2.59687e-06
-4.35866e-06
-2.46913e-06
-3.17773e-06
-2.45229e-06
-2.12624e-06
-2.56286e-06
-1.32271e-06
-2.76199e-06
-8.02448e-07
-3.00181e-06
-5.14799e-07
-3.25628e-06
-4.08986e-07
-3.50854e-06
-4.72312e-07
-6.54958e-07
-3.72808e-06
-2.01933e-07
2.11031e-05
-7.72534e-07
1.9364e-05
-1.32951e-06
1.41312e-05
-1.73707e-06
7.85823e-06
-1.84895e-06
1.3014e-06
-1.80447e-06
-4.38266e-06
-1.85545e-06
-7.78687e-06
-1.99858e-06
-9.26721e-06
-2.21936e-06
-9.62344e-06
-2.46978e-06
-9.25353e-06
-2.68485e-06
-8.51358e-06
-2.8181e-06
-7.62589e-06
-2.84662e-06
-6.66322e-06
-2.76807e-06
-5.63002e-06
-2.60825e-06
-4.51866e-06
-2.43021e-06
-3.35595e-06
-2.32231e-06
-2.23433e-06
-2.34836e-06
-1.29688e-06
-2.50033e-06
-6.5067e-07
-2.72576e-06
-2.89635e-07
-2.98459e-06
-1.50658e-07
-3.25424e-06
-2.0198e-07
-4.03141e-07
-3.5067e-06
2.99001e-07
2.08041e-05
1.68158e-07
1.94946e-05
-7.2907e-08
1.43721e-05
-1.63151e-07
7.94821e-06
-7.66919e-08
1.2147e-06
-1.64921e-07
-4.29466e-06
-5.1896e-07
-7.43305e-06
-9.47809e-07
-8.83857e-06
-1.41683e-06
-9.15462e-06
-1.87816e-06
-8.7924e-06
-2.27083e-06
-8.12112e-06
-2.5546e-06
-7.34234e-06
-2.7097e-06
-6.50836e-06
-2.72927e-06
-5.6107e-06
-2.62391e-06
-4.62427e-06
-2.437e-06
-3.54314e-06
-2.25446e-06
-2.41714e-06
-2.17758e-06
-1.37404e-06
-2.25242e-06
-5.76161e-07
-2.44167e-06
-1.00663e-07
-2.68899e-06
9.66013e-08
-2.96259e-06
7.02077e-08
-1.38197e-07
-3.22765e-06
6.9249e-07
2.01111e-05
9.86769e-07
1.92e-05
1.14353e-06
1.4215e-05
1.36873e-06
7.72273e-06
1.51699e-06
1.06616e-06
1.27494e-06
-4.05289e-06
7.548e-07
-6.91317e-06
7.94964e-08
-8.16352e-06
-6.26657e-07
-8.44873e-06
-1.26785e-06
-8.15147e-06
-1.80345e-06
-7.58578e-06
-2.21157e-06
-6.93449e-06
-2.4824e-06
-6.23781e-06
-2.60976e-06
-5.48363e-06
-2.59176e-06
-4.64258e-06
-2.44613e-06
-3.68908e-06
-2.2327e-06
-2.63089e-06
-2.05938e-06
-1.54768e-06
-2.02922e-06
-6.06632e-07
-2.15555e-06
2.52871e-08
-2.37567e-06
3.15921e-07
-2.63899e-06
3.34031e-07
1.31065e-07
-2.90932e-06
9.41334e-07
1.91698e-05
1.53673e-06
1.86044e-05
2.00579e-06
1.37457e-05
2.53674e-06
7.19147e-06
2.76822e-06
8.34384e-07
2.44668e-06
-3.73164e-06
1.7751e-06
-6.24187e-06
9.25986e-07
-7.31469e-06
5.33072e-08
-7.57632e-06
-7.07593e-07
-7.39084e-06
-1.32587e-06
-6.96778e-06
-1.80732e-06
-6.45333e-06
-2.15806e-06
-5.88737e-06
-2.37797e-06
-5.26403e-06
-2.45936e-06
-4.5615e-06
-2.39752e-06
-3.75124e-06
-2.21466e-06
-2.81407e-06
-1.98868e-06
-1.77397e-06
-1.84834e-06
-7.47336e-07
-1.88188e-06
5.84645e-08
-2.05649e-06
4.90484e-07
-2.30042e-06
5.76561e-07
3.91505e-07
-2.56082e-06
1.03736e-06
1.8132e-05
1.79748e-06
1.78441e-05
2.49551e-06
1.30475e-05
3.25183e-06
6.43497e-06
3.52247e-06
5.63562e-07
3.14736e-06
-3.35671e-06
2.36545e-06
-5.46012e-06
1.42889e-06
-6.3783e-06
5.13861e-07
-6.66146e-06
-2.67691e-07
-6.60946e-06
-8.91616e-07
-6.34403e-06
-1.3791e-06
-5.96602e-06
-1.75387e-06
-5.51278e-06
-2.02542e-06
-4.99266e-06
-2.18833e-06
-4.39878e-06
-2.22675e-06
-3.71301e-06
-2.13066e-06
-2.91035e-06
-1.92737e-06
-1.97745e-06
-1.71715e-06
-9.5772e-07
-1.64326e-06
-1.56445e-08
-1.75289e-06
5.99608e-07
-1.96517e-06
7.89721e-07
6.3741e-07
-2.2116e-06
9.895e-07
1.71424e-05
1.76644e-06
1.70669e-05
2.55733e-06
1.22564e-05
3.46353e-06
5.52857e-06
3.68489e-06
3.42001e-07
3.23557e-06
-2.90758e-06
2.40869e-06
-4.63343e-06
1.5002e-06
-5.46999e-06
6.73563e-07
-5.83501e-06
-1.17345e-08
-5.92435e-06
-5.51904e-07
-5.80405e-06
-9.75363e-07
-5.54275e-06
-1.31124e-06
-5.17711e-06
-1.57638e-06
-4.72772e-06
-1.7732e-06
-4.20215e-06
-1.88878e-06
-3.59763e-06
-1.89978e-06
-2.89955e-06
-1.79186e-06
-2.08556e-06
-1.60214e-06
-1.14766e-06
-1.45862e-06
-1.59363e-07
-1.49182e-06
6.32957e-07
-1.66201e-06
9.58633e-07
8.5243e-07
-1.8772e-06
8.2662e-07
1.63154e-05
1.46021e-06
1.6433e-05
2.15078e-06
1.15654e-05
3.01135e-06
4.66761e-06
3.14294e-06
2.1003e-07
2.6331e-06
-2.39811e-06
1.89463e-06
-3.89533e-06
1.17228e-06
-4.74802e-06
5.59425e-07
-5.22253e-06
6.47721e-08
-5.43008e-06
-3.2501e-07
-5.41465e-06
-6.32002e-07
-5.23615e-06
-8.79373e-07
-4.93013e-06
-1.08385e-06
-4.52364e-06
-1.25416e-06
-4.03224e-06
-1.3885e-06
-3.46369e-06
-1.47183e-06
-2.81662e-06
-1.4793e-06
-2.07851e-06
-1.3985e-06
-1.22886e-06
-1.28406e-06
-2.74207e-07
-1.29552e-06
6.43572e-07
-1.45007e-06
1.11326e-06
1.04328e-06
-1.64143e-06
6.2505e-07
9.78841e-07
1.29209e-06
1.72058e-06
1.75206e-06
1.41132e-06
9.85288e-07
6.02515e-07
2.8813e-07
3.34598e-08
-1.69849e-07
-3.31934e-07
-4.64638e-07
-5.77289e-07
-6.77035e-07
-7.68196e-07
-8.50798e-07
-9.19356e-07
-9.68555e-07
-1.01344e-06
-1.09967e-06
-1.24896e-06
-1.36499e-06
2.88437e-05
1.21584e-06
2.84265e-05
4.17135e-07
2.81705e-05
2.56e-07
7.73711e-07
2.73968e-05
2.34798e-05
2.23493e-07
2.40635e-05
-1.66301e-07
2.40631e-05
2.56415e-07
5.62864e-07
2.42741e-05
1.51811e-06
2.07818e-06
-1.37464e-06
2.7265e-06
-4.2407e-06
3.12272e-06
2.43752e-06
-6.11511e-06
-2.44474e-05
5.87125e-06
-2.78331e-05
6.11241e-06
-2.92159e-05
4.50579e-06
2.42174e-06
-2.92e-05
-2.45509e-05
6.99795e-06
-2.57401e-05
7.30175e-06
-2.73055e-05
6.07132e-06
4.31388e-06
-2.91976e-05
-1.54806e-05
6.99292e-06
-1.54914e-05
7.31256e-06
-1.64088e-05
6.98856e-06
6.32347e-06
-1.84186e-05
-5.2383e-06
8.39606e-06
-6.50187e-06
8.57597e-06
-7.56553e-06
8.05212e-06
7.49625e-06
-8.73804e-06
-1.21901e-06
1.0511e-05
-2.57096e-06
9.92675e-06
-3.40535e-06
8.88612e-06
8.20826e-06
-4.11756e-06
1.37696e-06
9.76804e-06
4.25145e-06
7.05364e-06
1.6847e-06
1.14494e-05
1.61221e-05
-6.22908e-06
3.53106e-06
1.07097e-05
-8.60526e-07
1.14395e-05
-2.11431e-06
1.27141e-05
1.58952e-05
-1.88502e-06
3.38497e-05
1.50469e-05
2.96073e-05
1.56773e-05
2.68991e-05
1.54178e-05
1.26732e-05
3.01183e-05
4.25762e-05
1.3805e-05
4.33295e-05
1.4924e-05
4.45927e-05
1.41499e-05
1.23818e-05
4.48847e-05
3.10262e-05
1.24615e-05
3.21058e-05
1.38404e-05
3.2289e-05
1.39657e-05
1.30805e-05
3.15876e-05
6.13082e-06
1.37112e-05
5.05409e-06
1.49197e-05
4.50476e-06
1.45134e-05
1.22966e-05
5.28819e-06
-1.42477e-05
1.52378e-05
-1.51919e-05
1.58623e-05
-1.49736e-05
1.4296e-05
1.05163e-05
-1.31932e-05
-1.79237e-05
1.59385e-05
-1.84062e-05
1.6346e-05
-1.84954e-05
1.43855e-05
1.03332e-05
-1.83115e-05
-1.1038e-05
1.521e-05
-1.03413e-05
1.56493e-05
-1.04282e-05
1.44732e-05
1.16865e-05
-1.17806e-05
-3.13994e-06
1.33055e-05
-1.26207e-06
1.37721e-05
-6.18941e-08
1.32738e-05
1.17508e-05
-1.25484e-07
1.95458e-06
1.06159e-05
4.51056e-06
1.12167e-05
6.60592e-06
1.1179e-05
1.05528e-05
7.80468e-06
3.87944e-06
7.56081e-06
6.79697e-06
8.29925e-06
9.36152e-06
8.61523e-06
8.54144e-06
1.13733e-05
2.76956e-06
4.77552e-06
5.62373e-06
5.4459e-06
8.32309e-06
5.91612e-06
6.12239e-06
1.07427e-05
8.28898e-08
2.86894e-06
2.21727e-06
3.31144e-06
4.4697e-06
3.66451e-06
3.87494e-06
6.71749e-06
-1.95935e-06
1.75283e-06
-6.58437e-07
2.01172e-06
8.0696e-07
2.19928e-06
2.30336e-06
2.37909e-06
-2.82468e-06
1.06422e-06
-2.032e-06
1.21856e-06
-1.14761e-06
1.3157e-06
1.32771e-06
-1.71806e-07
-3.11497e-06
5.82786e-07
-2.57646e-06
6.81122e-07
-1.97745e-06
7.16459e-07
6.91418e-07
-1.34076e-06
-3.27439e-06
2.18005e-07
-2.86754e-06
2.73552e-07
-2.43048e-06
2.80145e-07
2.3072e-07
-1.96972e-06
-3.44184e-06
-6.45674e-08
-3.13063e-06
-3.6368e-08
-2.79647e-06
-5.43513e-08
-1.22875e-07
-2.44248e-06
-3.61232e-06
-2.72134e-07
-3.38187e-06
-2.67961e-07
-3.12931e-06
-3.0619e-07
-3.92212e-07
-2.86008e-06
-3.77767e-06
-4.1236e-07
-3.61437e-06
-4.30027e-07
-3.43387e-06
-4.87304e-07
-5.89342e-07
-3.23642e-06
-3.90467e-06
-4.93548e-07
-3.80575e-06
-5.30059e-07
-3.68852e-06
-6.03727e-07
-7.21338e-07
-3.55659e-06
-3.98652e-06
-5.21662e-07
-3.93988e-06
-5.7503e-07
-3.87999e-06
-6.64085e-07
-7.95515e-07
-3.80545e-06
-3.99826e-06
-5.06052e-07
-4.00085e-06
-5.73851e-07
-3.98896e-06
-6.752e-07
-8.19284e-07
-3.96546e-06
-3.94178e-06
-4.54235e-07
-3.97981e-06
-5.34535e-07
-4.00893e-06
-6.47009e-07
-8.0132e-07
-4.02677e-06
-3.8062e-06
-3.76378e-07
-3.87491e-06
-4.67495e-07
-3.93347e-06
-5.8794e-07
-7.50591e-07
-3.98458e-06
-3.60339e-06
-2.79736e-07
-3.68893e-06
-3.8063e-07
-3.76943e-06
-5.085e-07
-6.76857e-07
-3.84313e-06
-3.33465e-06
-1.73403e-07
-3.43347e-06
-2.83995e-07
-3.52439e-06
-4.17301e-07
-5.89636e-07
-3.61225e-06
-3.02131e-06
-6.2186e-08
-3.12136e-06
-1.83003e-07
-3.21691e-06
-3.23244e-07
-4.97887e-07
-3.30879e-06
-2.67268e-06
4.9099e-08
-2.77321e-06
-8.46019e-08
-2.86368e-06
-2.3247e-07
-4.09613e-07
-2.9525e-06
-2.31679e-06
1.54259e-07
-2.40887e-06
8.93619e-09
-2.49129e-06
-1.51182e-07
-3.32401e-07
-2.56851e-06
-1.97218e-06
2.48774e-07
-2.05733e-06
9.19453e-08
-2.12411e-06
-8.39764e-08
-2.73458e-07
-2.18347e-06
-1.71359e-06
3.20372e-07
-1.76151e-06
1.41077e-07
-1.788e-06
-5.83444e-08
-2.62432e-07
-1.79941e-06
-1.37649e-06
-1.36686e-06
-1.32487e-06
-1.27154e-06
4.14929e-05
8.29895e-06
3.89307e-05
2.15036e-06
3.20229e-05
1.15776e-06
2.43462e-05
5.13641e-07
1.06637e-05
8.47988e-06
4.1892e-06
1.31383e-06
1.86585e-06
-1.18653e-05
1.03445e-06
-9.45042e-06
5.94108e-06
-1.82834e-06
1.54082e-05
-3.49005e-08
1.39175e-05
6.90236e-06
8.29651e-06
1.10954e-05
3.04231e-06
1.75707e-05
-1.59356e-07
1.06329e-05
-4.08316e-06
-7.65511e-06
-8.92481e-06
-4.00749e-06
-7.4138e-06
-9.13329e-06
-2.63985e-06
-1.13803e-05
1.46278e-05
2.99447e-05
2.62847e-06
2.46716e-05
7.4237e-06
7.12824e-06
1.87015e-05
-8.13885e-06
1.57809e-05
-1.46037e-05
1.49449e-05
-1.06727e-05
-2.61706e-06
-8.54169e-06
-1.39962e-05
-2.867e-06
-1.51251e-05
4.5187e-06
-9.21402e-06
8.42389e-06
-3.94013e-06
3.04429e-06
1.2282e-05
-2.59313e-06
1.67328e-05
-5.90511e-06
2.08827e-05
-1.15925e-05
1.63203e-05
-1.6382e-05
-2.86564e-06
-1.23254e-05
-8.06418e-06
-9.6568e-06
-1.18019e-05
-1.19443e-05
-9.09278e-06
2.68351e-06
-8.3168e-06
4.83044e-06
-1.29267e-05
1.20341e-05
-2.20795e-05
2.78545e-05
-2.83965e-05
2.20982e-05
-1.96215e-05
6.17009e-06
-1.49427e-05
-7.29576e-06
-1.80199e-05
-1.0919e-05
-1.33675e-05
-1.97775e-05
-6.68924e-06
-1.58923e-05
-1.00349e-05
-5.94433e-07
-9.34892e-06
1.1596e-05
-1.10535e-05
1.84375e-05
-1.0491e-05
2.03203e-05
-1.04871e-05
1.63164e-05
-1.35392e-05
1.86455e-07
-1.12474e-05
-1.0356e-05
-1.10166e-05
-1.20327e-05
-1.23401e-05
-7.76936e-06
-9.65659e-06
-2.86608e-05
4.29152e-06
-2.71418e-05
1.05153e-05
-2.43558e-05
2.50687e-05
-2.57998e-05
2.35423e-05
-2.11938e-05
1.56421e-06
-1.92392e-05
-9.25017e-06
-2.00956e-05
-1.00625e-05
-2.32206e-05
-1.66523e-05
-1.90401e-05
-2.00728e-05
-2.03351e-05
7.00673e-07
-1.69392e-05
8.20012e-06
-1.53785e-05
1.68768e-05
-1.18312e-05
1.67729e-05
-8.35343e-06
1.28385e-05
-1.10524e-05
2.88532e-06
-1.45988e-05
-6.80962e-06
-1.53463e-05
-1.12853e-05
-9.36396e-06
-1.37517e-05
-1.90206e-05
-3.1575e-05
6.66883e-06
-2.78846e-05
6.82478e-06
-2.04025e-05
1.75864e-05
-1.59322e-05
1.90718e-05
-1.71361e-05
2.76819e-06
-1.89898e-05
-7.39636e-06
-1.9242e-05
-9.81012e-06
-2.60404e-05
-9.85392e-06
-2.98194e-05
-1.62938e-05
-2.66258e-05
-2.49288e-06
-2.67544e-05
8.32858e-06
-2.28103e-05
1.29327e-05
-1.70422e-05
1.10046e-05
-1.20521e-05
7.84829e-06
-1.01994e-05
1.03256e-06
-1.16859e-05
-5.32324e-06
-1.28124e-05
-1.01588e-05
-7.59767e-06
-1.89666e-05
-2.66182e-05
-2.38295e-05
1.20797e-05
-2.5729e-05
8.72437e-06
-2.01543e-05
1.20118e-05
-1.50688e-05
1.39864e-05
-1.6831e-05
4.53055e-06
-2.19527e-05
-2.27446e-06
-2.61692e-05
-5.59353e-06
-2.93654e-05
-6.65766e-06
-3.55523e-05
-1.01071e-05
-3.39219e-05
-4.12343e-06
-3.20139e-05
6.42051e-06
-2.49071e-05
5.82567e-06
-1.74851e-05
3.58259e-06
-1.07766e-05
1.13987e-06
-7.1274e-06
-2.61672e-06
-6.45406e-06
-5.99659e-06
-7.00427e-06
-9.60863e-06
-3.61761e-06
-2.23532e-05
-3.02359e-05
-1.40321e-05
1.73742e-05
-2.06615e-05
1.53541e-05
-2.31372e-05
1.44878e-05
-2.35411e-05
1.43906e-05
-2.56364e-05
6.62607e-06
-2.81861e-05
2.75177e-07
-3.12272e-05
-2.55241e-06
-3.23531e-05
-5.53213e-06
-3.42562e-05
-8.20442e-06
-3.4442e-05
-3.93791e-06
-2.91898e-05
1.16815e-06
-2.13765e-05
-1.9874e-06
-1.33829e-05
-4.41071e-06
-6.98172e-06
-5.26124e-06
-3.33575e-06
-6.26261e-06
-2.26126e-06
-7.07106e-06
-1.25418e-06
-1.06156e-05
1.35552e-07
-2.37429e-05
-3.01003e-05
-8.71926e-06
2.19764e-05
-1.60045e-05
2.26396e-05
-2.26674e-05
2.11504e-05
-2.66983e-05
1.84215e-05
-2.89929e-05
8.9209e-06
-2.96612e-05
9.43683e-07
-3.05599e-05
-1.65379e-06
-3.08473e-05
-5.24492e-06
-2.76448e-05
-1.14069e-05
-2.20672e-05
-9.51557e-06
-1.67233e-05
-4.17555e-06
-1.17576e-05
-6.95298e-06
-5.83607e-06
-1.0332e-05
-1.03475e-06
-1.00625e-05
1.83584e-06
-9.13333e-06
3.48144e-06
-8.71677e-06
4.5031e-06
-1.16373e-05
3.15122e-06
-2.23909e-05
-2.6949e-05
-1.67552e-05
3.25041e-05
-2.78929e-05
3.37776e-05
-3.51456e-05
2.84026e-05
-4.38338e-05
2.71089e-05
-5.47893e-05
1.98758e-05
-4.7557e-05
-6.28808e-06
-3.502e-05
-1.4187e-05
-2.53739e-05
-1.48897e-05
-1.36703e-05
-2.31099e-05
-7.36136e-06
-1.58243e-05
-3.80411e-06
-7.73267e-06
-9.82014e-07
-9.77412e-06
2.03635e-06
-1.335e-05
4.84033e-06
-1.28666e-05
7.10538e-06
-1.13988e-05
9.58792e-06
-1.11996e-05
1.08516e-05
-1.29011e-05
6.80419e-06
-1.83434e-05
-2.01447e-05
-1.57243e-06
3.21816e-05
2.39565e-07
3.19614e-05
6.56159e-06
2.20804e-05
8.68269e-06
2.49864e-05
1.28382e-06
2.72687e-05
-2.76856e-05
2.26737e-05
-4.64121e-05
4.5385e-06
-3.51194e-05
-2.61796e-05
-1.71596e-05
-4.10648e-05
-1.35786e-05
-1.93995e-05
-2.59703e-06
-1.87061e-05
6.11845e-06
-1.84878e-05
1.23331e-05
-1.95646e-05
1.34178e-05
-1.39508e-05
1.32577e-05
-1.12386e-05
1.53658e-05
-1.33079e-05
1.58334e-05
-1.33689e-05
9.54756e-06
-1.20577e-05
-1.05972e-05
3.34745e-05
2.88224e-05
4.0101e-05
2.53317e-05
4.19575e-05
2.02229e-05
4.91428e-05
1.78049e-05
6.18939e-05
1.4522e-05
7.25583e-05
1.20083e-05
7.34743e-05
3.61764e-06
5.80965e-05
-1.0802e-05
2.9719e-05
-1.26875e-05
3.79044e-06
6.53042e-06
-1.9056e-05
4.14055e-06
-3.09158e-05
-6.63024e-06
-1.23807e-05
-3.80976e-05
-4.69778e-06
-2.1633e-05
3.7172e-06
-1.96533e-05
1.24987e-05
-2.20889e-05
1.4637e-05
-1.55072e-05
9.42474e-06
-6.84547e-06
-1.17253e-06
4.53778e-05
2.83325e-05
4.81914e-05
2.25203e-05
5.07278e-05
1.76873e-05
5.51391e-05
1.33983e-05
5.9626e-05
1.004e-05
6.5525e-05
6.11252e-06
6.89254e-05
2.18665e-07
6.2746e-05
-4.62084e-06
5.52314e-05
-5.17381e-06
5.83133e-05
3.44474e-06
5.47579e-05
7.6895e-06
3.74424e-05
1.06848e-05
-8.64307e-06
7.99432e-06
-2.83908e-05
-1.88495e-06
-2.18037e-05
-2.62349e-05
-1.13349e-05
-3.25568e-05
-2.91344e-06
-2.39285e-05
-4.6864e-07
-9.29052e-06
-1.641e-06
3.24889e-05
2.74294e-05
3.68047e-05
1.82023e-05
3.88945e-05
1.55957e-05
4.02978e-05
1.19938e-05
4.21258e-05
8.21183e-06
4.18166e-05
6.42252e-06
3.60552e-05
5.98217e-06
2.53321e-05
6.10515e-06
1.31464e-05
7.01549e-06
8.33661e-06
8.25834e-06
5.65744e-06
1.03733e-05
3.22369e-06
1.31241e-05
-5.69518e-06
1.69115e-05
-1.87013e-05
1.11265e-05
-4.74441e-05
2.51035e-06
-5.20723e-05
-2.79297e-05
-2.12128e-05
-5.47896e-05
-3.31684e-06
-2.71871e-05
-4.95738e-06
9.52249e-06
2.31945e-05
1.61661e-05
1.15582e-05
1.94422e-05
1.23194e-05
1.77177e-05
1.37185e-05
1.22369e-05
1.36933e-05
2.25431e-06
1.64065e-05
-8.95472e-06
1.71928e-05
-1.44679e-05
1.16206e-05
-1.5617e-05
8.16684e-06
-1.43638e-05
7.00746e-06
-1.14826e-05
7.49526e-06
-7.44007e-06
9.08455e-06
-2.97314e-06
1.24471e-05
4.65006e-06
3.50309e-06
1.31778e-05
-6.02138e-06
7.25984e-06
-2.20135e-05
-6.76524e-06
-4.07635e-05
-1.01353e-05
-2.38144e-05
-1.50916e-05
-7.94607e-06
1.7948e-05
-4.12019e-06
7.73327e-06
-4.77795e-06
1.29781e-05
-9.06433e-06
1.8006e-05
-1.58662e-05
2.04965e-05
-2.29964e-05
2.35379e-05
-2.6848e-05
2.10458e-05
-2.56983e-05
1.0472e-05
-2.09754e-05
3.44496e-06
-1.64391e-05
2.47246e-06
-1.37583e-05
4.81598e-06
-1.09193e-05
6.24723e-06
-6.5769e-06
8.10646e-06
-5.59758e-06
2.52604e-06
-3.50591e-06
-8.11132e-06
-3.49799e-06
-2.20192e-05
-1.38576e-05
-3.04035e-05
-7.61482e-06
-3.00537e-05
-2.27055e-05
-1.75732e-05
1.7211e-05
-1.75389e-05
7.70039e-06
-1.76771e-05
1.31176e-05
-1.83512e-05
1.86814e-05
-2.09575e-05
2.3104e-05
-2.42303e-05
2.68118e-05
-2.62036e-05
2.30199e-05
-2.60145e-05
1.02836e-05
-2.40111e-05
1.44212e-06
-2.2204e-05
6.6566e-07
-2.06022e-05
3.21453e-06
-1.76447e-05
3.28994e-06
-1.18699e-05
2.33159e-06
-7.19132e-06
-2.15222e-06
-7.22719e-06
-8.07431e-06
-1.40915e-05
-1.51537e-05
-1.66199e-05
-2.78737e-05
-7.61415e-06
-3.90586e-05
-3.03191e-05
-1.49201e-05
2.03516e-05
-1.89488e-05
1.17305e-05
-1.8821e-05
1.29912e-05
-1.66709e-05
1.65325e-05
-1.50006e-05
2.14348e-05
-1.45949e-05
2.64069e-05
-1.59633e-05
2.43888e-05
-1.91907e-05
1.35113e-05
-2.1437e-05
3.68865e-06
-2.19078e-05
1.13647e-06
-1.98595e-05
1.16605e-06
-1.61996e-05
-3.70445e-07
-1.13986e-05
-2.47022e-06
-8.68133e-06
-4.87027e-06
-8.00172e-06
-8.75423e-06
-7.03295e-06
-1.61224e-05
-6.57373e-06
-2.83331e-05
-2.29409e-08
-4.56089e-05
-3.03421e-05
-2.1116e-06
2.23389e-05
-7.26037e-06
1.68806e-05
-1.04715e-05
1.62035e-05
-9.73522e-06
1.57973e-05
-6.30641e-06
1.80069e-05
-3.16284e-06
2.3264e-05
-2.71392e-06
2.39402e-05
-5.79088e-06
1.65884e-05
-1.02798e-05
8.17763e-06
-1.27353e-05
3.59181e-06
-1.05512e-05
-1.0185e-06
-5.97005e-06
-4.95226e-06
1.58254e-07
-8.59959e-06
3.88432e-06
-8.59749e-06
2.41246e-06
-7.28325e-06
-5.04904e-08
-1.36602e-05
1.90072e-06
-3.02845e-05
3.55957e-06
-4.72682e-05
-2.67826e-05
8.75044e-06
2.1394e-05
6.69252e-06
1.89396e-05
4.22646e-06
1.86706e-05
2.49204e-06
1.75326e-05
3.55057e-06
1.6949e-05
6.97068e-06
1.98443e-05
9.09048e-06
2.18206e-05
7.77297e-06
1.79059e-05
4.56569e-06
1.13848e-05
1.77861e-06
6.37864e-06
1.27922e-06
-5.19537e-07
3.42205e-06
-7.09575e-06
8.5643e-06
-1.37427e-05
1.47061e-05
-1.47403e-05
1.58725e-05
-8.45057e-06
1.21045e-05
-9.8928e-06
9.90652e-06
-2.80873e-05
4.04341e-06
-4.14052e-05
-2.27396e-05
1.44407e-05
1.83275e-05
1.53211e-05
1.80601e-05
1.55728e-05
1.84197e-05
1.4921e-05
1.8185e-05
1.45079e-05
1.73626e-05
1.6441e-05
1.79114e-05
1.9573e-05
1.86887e-05
2.0735e-05
1.6744e-05
1.98729e-05
1.22469e-05
1.8511e-05
7.74021e-06
1.66085e-05
1.38262e-06
1.4402e-05
-4.88976e-06
1.35967e-05
-1.2938e-05
1.65636e-05
-1.77079e-05
1.98048e-05
-1.16923e-05
1.76962e-05
-7.78492e-06
1.44057e-05
-2.47971e-05
5.04831e-06
-3.20485e-05
-1.76913e-05
1.52702e-05
1.38007e-05
1.83635e-05
1.49676e-05
2.08282e-05
1.59556e-05
2.26461e-05
1.63677e-05
2.3651e-05
1.6358e-05
2.51169e-05
1.64458e-05
2.75847e-05
1.6221e-05
2.97638e-05
1.45649e-05
3.07328e-05
1.12777e-05
3.07432e-05
7.72968e-06
2.9106e-05
3.01951e-06
2.61823e-05
-1.96635e-06
2.13899e-05
-8.14606e-06
1.85039e-05
-1.48222e-05
1.86509e-05
-1.18398e-05
1.68264e-05
-5.96074e-06
1.32264e-05
-2.11976e-05
5.13997e-06
-2.39621e-05
-1.25516e-05
1.16408e-05
8.87802e-06
1.62011e-05
1.04079e-05
2.02622e-05
1.18952e-05
2.37847e-05
1.28456e-05
2.6766e-05
1.3377e-05
2.94374e-05
1.37745e-05
3.19667e-05
1.36918e-05
3.42482e-05
1.22834e-05
3.56771e-05
9.84879e-06
3.62517e-05
7.15493e-06
3.52613e-05
4.0097e-06
3.26338e-05
6.6085e-07
2.76578e-05
-3.17024e-06
2.11173e-05
-8.28201e-06
1.6833e-05
-7.55576e-06
1.40553e-05
-3.18333e-06
9.61528e-06
-1.67576e-05
3.74466e-06
-1.80919e-05
-8.80683e-06
6.09446e-06
5.16311e-06
1.04978e-05
6.00525e-06
1.51272e-05
7.26621e-06
1.95414e-05
8.43188e-06
2.36293e-05
9.28937e-06
2.74157e-05
9.98827e-06
3.08485e-05
1.02591e-05
3.3491e-05
9.64087e-06
3.51354e-05
8.20435e-06
3.5835e-05
6.45519e-06
3.53875e-05
4.45713e-06
3.3554e-05
2.49422e-06
2.96436e-05
7.39968e-07
2.27754e-05
-1.41404e-06
1.62384e-05
-1.01893e-06
1.23329e-05
7.22161e-07
6.18023e-06
-1.06053e-05
1.7406e-06
-1.3652e-05
-7.06646e-06
2.12805e-06
2.86377e-06
4.99766e-06
3.13622e-06
8.61513e-06
3.64925e-06
1.27049e-05
4.34248e-06
1.69088e-05
5.08573e-06
2.10637e-05
5.83349e-06
2.49203e-05
6.40262e-06
2.8065e-05
6.49619e-06
3.02137e-05
6.05561e-06
3.13311e-05
5.33772e-06
3.12961e-05
4.49206e-06
2.99964e-05
3.79382e-06
2.73186e-05
3.41774e-06
2.23027e-05
3.60179e-06
1.5996e-05
5.28764e-06
1.12895e-05
5.42857e-06
5.03852e-06
-4.35424e-06
3.91367e-07
-9.00523e-06
-6.67483e-06
1.674e-07
1.35595e-06
1.9112e-06
1.3929e-06
4.10825e-06
1.45265e-06
6.88114e-06
1.56994e-06
1.01328e-05
1.83433e-06
1.3699e-05
2.26738e-06
1.73226e-05
2.77913e-06
2.05942e-05
3.22465e-06
2.31387e-05
3.51111e-06
2.4751e-05
3.72539e-06
2.5285e-05
3.95805e-06
2.46585e-05
4.42033e-06
2.27942e-05
5.28202e-06
1.96052e-05
6.79067e-06
1.51981e-05
9.69466e-06
1.08475e-05
9.77915e-06
5.22487e-06
1.26823e-06
6.11416e-07
-4.3914e-06
-6.06367e-06
-8.57919e-07
2.44586e-07
3.77234e-07
1.58211e-07
1.80386e-06
2.64483e-08
3.50291e-06
-1.2878e-07
5.58236e-06
-2.44873e-07
8.04801e-06
-1.9811e-07
1.07904e-05
3.6818e-08
1.35808e-05
4.34408e-07
1.60883e-05
1.0036e-06
1.79934e-05
1.8203e-06
1.90338e-05
2.91776e-06
1.90477e-05
4.40642e-06
1.79682e-05
6.36155e-06
1.57849e-05
8.97394e-06
1.29564e-05
1.25232e-05
1.00698e-05
1.26657e-05
5.87814e-06
5.46009e-06
1.91005e-06
-4.23691e-07
-4.15324e-06
-1.58481e-06
-6.12883e-07
-6.20982e-07
-8.05238e-07
4.58179e-07
-1.05235e-06
1.65633e-06
-1.32664e-06
2.99721e-06
-1.58555e-06
4.56071e-06
-1.76146e-06
6.37868e-06
-1.78104e-06
8.37288e-06
-1.55972e-06
1.03892e-05
-1.01269e-06
1.21685e-05
4.11033e-08
1.34248e-05
1.66152e-06
1.3897e-05
3.9342e-06
1.34532e-05
6.80538e-06
1.21232e-05
1.0304e-05
1.03779e-05
1.42685e-05
8.89168e-06
1.41518e-05
6.17877e-06
8.17282e-06
2.84023e-06
2.91538e-06
-1.31333e-06
-2.19815e-06
-1.27449e-06
-1.43474e-06
-1.56827e-06
-5.77515e-07
-1.90924e-06
3.62331e-07
-2.26621e-06
1.374e-06
-2.59701e-06
2.45561e-06
-2.84292e-06
3.62747e-06
-2.95279e-06
4.90075e-06
-2.8329e-06
6.24403e-06
-2.35589e-06
7.60857e-06
-1.32335e-06
8.76769e-06
5.02478e-07
9.48269e-06
3.21927e-06
9.56706e-06
6.72107e-06
9.00349e-06
1.08676e-05
8.24379e-06
1.50282e-05
7.69643e-06
1.46992e-05
5.88774e-06
9.98171e-06
3.08604e-06
5.71663e-06
1.77315e-06
-2.74272e-06
-1.76804e-06
-2.15117e-06
-2.15955e-06
-1.47107e-06
-2.58906e-06
-7.20545e-07
-3.01653e-06
7.51028e-08
-3.39251e-06
8.93938e-07
-3.66164e-06
1.71296e-06
-3.77173e-06
2.53094e-06
-3.6508e-06
3.3637e-06
-3.18858e-06
4.21913e-06
-2.1787e-06
5.09191e-06
-3.70237e-07
5.85636e-06
2.45489e-06
6.34573e-06
6.23176e-06
6.49436e-06
1.0719e-05
6.55928e-06
1.49633e-05
6.58199e-06
1.46765e-05
5.31869e-06
1.12448e-05
2.89696e-06
8.13896e-06
4.66972e-06
-3.21522e-06
-2.10911e-06
-2.77902e-06
-2.5955e-06
-2.25698e-06
-3.1109e-06
-1.66565e-06
-3.6077e-06
-1.03328e-06
-4.02476e-06
-3.94217e-07
-4.30063e-06
2.10568e-07
-4.37645e-06
7.48988e-07
-4.18916e-06
1.22168e-06
-3.66121e-06
1.70857e-06
-2.66552e-06
2.26741e-06
-9.29012e-07
2.93858e-06
1.78378e-06
3.674e-06
5.4964e-06
4.41273e-06
9.98036e-06
5.16149e-06
1.42146e-05
5.52851e-06
1.43094e-05
4.61684e-06
1.21567e-05
2.5037e-06
1.02515e-05
7.1739e-06
-3.60049e-06
-2.31406e-06
-3.30676e-06
-2.88911e-06
-2.9297e-06
-3.48785e-06
-2.48433e-06
-4.05301e-06
-1.99437e-06
-4.51469e-06
-1.49482e-06
-4.80017e-06
-1.02967e-06
-4.84159e-06
-6.40775e-07
-4.57806e-06
-3.48158e-07
-3.95383e-06
-1.25639e-07
-2.88803e-06
1.51504e-07
-1.20614e-06
6.36681e-07
1.29862e-06
1.42006e-06
4.71303e-06
2.55233e-06
8.8481e-06
3.84678e-06
1.29201e-05
4.48464e-06
1.36715e-05
3.84604e-06
1.2795e-05
2.006e-06
1.20922e-05
9.1794e-06
-3.88077e-06
-2.39866e-06
-3.71568e-06
-3.05414e-06
-3.47322e-06
-3.73029e-06
-3.16472e-06
-4.36152e-06
-2.80895e-06
-4.8705e-06
-2.43397e-06
-5.17521e-06
-2.07891e-06
-5.19671e-06
-1.78936e-06
-4.86767e-06
-1.60287e-06
-4.14037e-06
-1.51421e-06
-2.97673e-06
-1.42196e-06
-1.29843e-06
-1.14229e-06
1.01892e-06
-4.64075e-07
4.03478e-06
8.03889e-07
7.5801e-06
2.46629e-06
1.12577e-05
3.40056e-06
1.27372e-05
3.03972e-06
1.3156e-05
1.50261e-06
1.36285e-05
1.06825e-05
-4.043e-06
-2.38261e-06
-3.98993e-06
-3.10733e-06
-3.86955e-06
-3.85077e-06
-3.68966e-06
-4.54155e-06
-3.46308e-06
-5.09724e-06
-3.2082e-06
-5.43024e-06
-2.95139e-06
-5.45369e-06
-2.73122e-06
-5.08798e-06
-2.59003e-06
-4.28171e-06
-2.55057e-06
-3.01632e-06
-2.55922e-06
-1.2899e-06
-2.45098e-06
9.10554e-07
-1.96813e-06
3.55181e-06
-8.11383e-07
6.42322e-06
1.00809e-06
9.43806e-06
2.24127e-06
1.15038e-05
2.2201e-06
1.31767e-05
1.0663e-06
1.47829e-05
1.17482e-05
-4.0811e-06
-2.28618e-06
-4.12104e-06
-3.06757e-06
-4.10698e-06
-3.86503e-06
-4.04498e-06
-4.60378e-06
-3.94239e-06
-5.20007e-06
-3.80612e-06
-5.56676e-06
-3.6474e-06
-5.61264e-06
-3.48514e-06
-5.25048e-06
-3.35389e-06
-4.41317e-06
-3.29029e-06
-3.08013e-06
-3.29351e-06
-1.28688e-06
-3.26685e-06
8.83697e-07
-2.99235e-06
3.27711e-06
-2.04164e-06
5.47231e-06
-3.42583e-07
7.73878e-06
1.00752e-06
1.01535e-05
1.35652e-06
1.28277e-05
7.23091e-07
1.54154e-05
1.24717e-05
-3.99739e-06
-2.13235e-06
-4.10872e-06
-2.95656e-06
-4.18239e-06
-3.79168e-06
-4.22496e-06
-4.56154e-06
-4.23888e-06
-5.18648e-06
-4.22067e-06
-5.5853e-06
-4.16365e-06
-5.66999e-06
-4.06482e-06
-5.34963e-06
-3.93571e-06
-4.54258e-06
-3.80661e-06
-3.20952e-06
-3.70679e-06
-1.38699e-06
-3.61964e-06
7.96258e-07
-3.42076e-06
3.07794e-06
-2.80203e-06
4.8533e-06
-1.55573e-06
6.49219e-06
-2.41079e-07
8.83851e-06
4.36606e-07
1.21494e-05
4.60431e-07
1.53921e-05
1.29314e-05
-3.80196e-06
-1.94295e-06
-3.9621e-06
-2.79675e-06
-4.10234e-06
-3.65179e-06
-4.23195e-06
-4.4323e-06
-4.35155e-06
-5.06726e-06
-4.44874e-06
-5.48848e-06
-4.50065e-06
-5.61845e-06
-4.48128e-06
-5.36935e-06
-4.37492e-06
-4.64929e-06
-4.18736e-06
-3.39741e-06
-3.9523e-06
-1.62239e-06
-3.70142e-06
5.45049e-07
-3.41868e-06
2.79488e-06
-3.12138e-06
4.55568e-06
-2.47424e-06
5.8447e-06
-1.44769e-06
7.81164e-06
-4.96988e-07
1.11987e-05
1.46592e-07
1.47475e-05
1.30785e-05
-3.51232e-06
-1.7399e-06
-3.69767e-06
-2.61179e-06
-3.88195e-06
-3.4679e-06
-4.07881e-06
-4.23584e-06
-4.28877e-06
-4.8577e-06
-4.49418e-06
-5.28347e-06
-4.6593e-06
-5.45371e-06
-4.73915e-06
-5.28988e-06
-4.69159e-06
-4.69722e-06
-4.49584e-06
-3.59352e-06
-4.1654e-06
-1.95319e-06
-3.75555e-06
1.34848e-07
-3.34658e-06
2.38557e-06
-3.11809e-06
4.32684e-06
-2.93533e-06
5.66161e-06
-2.34439e-06
7.22036e-06
-1.33978e-06
1.01935e-05
-2.4117e-07
1.36495e-05
1.28366e-05
-3.15053e-06
-1.54212e-06
-3.33986e-06
-2.42281e-06
-3.54449e-06
-3.26364e-06
-3.78518e-06
-3.99552e-06
-4.06502e-06
-4.57823e-06
-4.36447e-06
-4.98439e-06
-4.64001e-06
-5.17853e-06
-4.83291e-06
-5.09733e-06
-4.881e-06
-4.64947e-06
-4.73676e-06
-3.7381e-06
-4.39002e-06
-2.30028e-06
-3.89026e-06
-3.65255e-07
-3.36369e-06
1.85866e-06
-3.00639e-06
3.96922e-06
-2.95069e-06
5.60557e-06
-2.76126e-06
7.03062e-06
-1.99227e-06
9.42458e-06
-7.50836e-07
1.2407e-05
1.20863e-05
-2.74098e-06
-1.37003e-06
-2.91123e-06
-2.2528e-06
-3.1108e-06
-3.06428e-06
-3.36804e-06
-3.73849e-06
-3.68938e-06
-4.25709e-06
-4.0574e-06
-4.61657e-06
-4.4295e-06
-4.80662e-06
-4.73924e-06
-4.78778e-06
-4.91059e-06
-4.4783e-06
-4.87278e-06
-3.77609e-06
-4.58835e-06
-2.58489e-06
-4.08236e-06
-8.71412e-07
-3.47746e-06
1.2536e-06
-2.99268e-06
3.48427e-06
-2.81061e-06
5.42335e-06
-2.81079e-06
7.03067e-06
-2.36613e-06
8.97944e-06
-1.24082e-06
1.12824e-05
1.08451e-05
-2.30328e-06
-1.25052e-06
-2.42131e-06
-2.13516e-06
-2.58159e-06
-2.90437e-06
-2.81613e-06
-3.5043e-06
-3.13768e-06
-3.93588e-06
-3.53455e-06
-4.22003e-06
-3.9709e-06
-4.37059e-06
-4.38741e-06
-4.37159e-06
-4.70065e-06
-4.16537e-06
-4.81789e-06
-3.65916e-06
-4.67091e-06
-2.73217e-06
-4.24167e-06
-1.30095e-06
-3.62682e-06
6.3845e-07
-3.04008e-06
2.89726e-06
-2.73123e-06
5.11421e-06
-2.70112e-06
7.00027e-06
-2.45936e-06
8.73781e-06
-1.48396e-06
1.03062e-05
9.36094e-06
-1.80933e-06
-1.24109e-06
-1.82705e-06
-2.11792e-06
-1.90536e-06
-2.82652e-06
-2.07457e-06
-3.33553e-06
-2.34035e-06
-3.67053e-06
-2.7028e-06
-3.85801e-06
-3.14502e-06
-3.92878e-06
-3.62524e-06
-3.89177e-06
-4.08005e-06
-3.71095e-06
-4.39678e-06
-3.34282e-06
-4.47788e-06
-2.65145e-06
-4.22109e-06
-1.55814e-06
-3.68099e-06
9.79689e-08
-3.04782e-06
2.26371e-06
-2.6103e-06
4.67632e-06
-2.49851e-06
6.88814e-06
-2.2843e-06
8.523e-06
-1.48324e-06
9.50492e-06
7.87763e-06
-1.14805e-06
-1.06198e-06
-1.05188e-06
-1.13055e-06
-1.30327e-06
-1.56736e-06
-1.92237e-06
-2.36248e-06
-2.84557e-06
-3.31122e-06
-3.6265e-06
-3.6919e-06
-3.41725e-06
-2.87339e-06
-2.39721e-06
-2.25066e-06
-1.98637e-06
-1.28764e-06
)
;

boundaryField
{
    leftWall
    {
        type            calculated;
        value           uniform 0;
    }
    rightWall
    {
        type            calculated;
        value           uniform 0;
    }
    lowerWall
    {
        type            calculated;
        value           uniform 0;
    }
    atmosphere
    {
        type            calculated;
        value           nonuniform List<scalar> 
46
(
1.56902e-05
1.6079e-05
1.12519e-05
4.2389e-06
1.78326e-07
-2.05759e-06
-3.46951e-06
-4.36546e-06
-4.90836e-06
-5.17562e-06
-5.21156e-06
-5.07429e-06
-4.79765e-06
-4.41122e-06
-3.93272e-06
-3.37276e-06
-2.73425e-06
-2.01018e-06
-1.17991e-06
-2.29603e-07
7.29643e-07
1.2621e-06
1.15879e-06
3.31326e-07
1.29981e-07
-1.01004e-07
-3.16024e-07
-1.36476e-06
-2.20416e-06
-2.83678e-06
-3.25702e-06
-3.49797e-06
-3.59407e-06
-3.57392e-06
-3.45181e-06
-3.228e-06
-2.87732e-06
-2.33631e-06
-1.49288e-06
-1.76823e-07
1.71972e-06
4.19999e-06
6.74144e-06
8.25864e-06
8.80614e-06
6.58999e-06
)
;
    }
    defaultFaces
    {
        type            empty;
        value           nonuniform List<scalar> 0();
    }
}


// ************************************************************************* //
