/*--------------------------------*- C++ -*----------------------------------*\
| =========                 |                                                 |
| \\      /  F ield         | OpenFOAM: The Open Source CFD Toolbox           |
|  \\    /   O peration     | Version:  2312                                  |
|   \\  /    A nd           | Website:  www.openfoam.com                      |
|    \\/     M anipulation  |                                                 |
\*---------------------------------------------------------------------------*/
FoamFile
{
    version     2.0;
    format      ascii;
    arch        "LSB;label=32;scalar=64";
    class       surfaceScalarField;
    location    "4.05";
    object      phi;
}
// * * * * * * * * * * * * * * * * * * * * * * * * * * * * * * * * * * * * * //

dimensions      [0 3 -1 0 0 0 0];

oriented        oriented;

internalField   nonuniform List<scalar> 
4432
(
-1.43414e-06
1.43409e-06
-3.41718e-06
1.983e-06
-5.31921e-06
1.902e-06
-6.99083e-06
1.67159e-06
-8.32472e-06
1.33387e-06
-9.25156e-06
9.26831e-07
-9.74148e-06
4.8992e-07
-9.81536e-06
7.38722e-08
-9.53038e-06
-2.84971e-07
-8.97491e-06
-5.55472e-07
-8.24909e-06
-7.25819e-07
-7.4469e-06
-8.0218e-07
-6.64659e-06
-8.0031e-07
-5.89683e-06
-7.49764e-07
-5.20858e-06
-6.88254e-07
-4.57118e-06
-6.374e-07
-3.98408e-06
-5.87107e-07
-3.42273e-06
-5.61354e-07
-2.84824e-06
-5.74494e-07
-2.2522e-06
-5.96048e-07
-1.66322e-06
-5.88995e-07
-1.09123e-06
-5.71991e-07
-1.09124e-06
-2.19087e-06
3.62483e-06
-4.25668e-06
4.04872e-06
-6.14668e-06
3.7919e-06
-7.75839e-06
3.28324e-06
-9.02031e-06
2.59574e-06
-9.87375e-06
1.78023e-06
-1.02901e-05
9.06279e-07
-1.02945e-05
7.82096e-08
-9.94256e-06
-6.36865e-07
-9.32747e-06
-1.17055e-06
-8.54984e-06
-1.50343e-06
-7.70328e-06
-1.64872e-06
-6.86641e-06
-1.63716e-06
-6.08819e-06
-1.52797e-06
-5.37893e-06
-1.39751e-06
-4.71941e-06
-1.29692e-06
-4.10838e-06
-1.19815e-06
-3.52012e-06
-1.14963e-06
-2.91069e-06
-1.18393e-06
-2.27103e-06
-1.23573e-06
-1.60708e-06
-1.25296e-06
-9.76061e-07
-1.20302e-06
-2.06732e-06
-2.56931e-06
6.19412e-06
-4.79626e-06
6.27564e-06
-6.75945e-06
5.75508e-06
-8.40202e-06
4.92579e-06
-9.669e-06
3.86272e-06
-1.04993e-05
2.61049e-06
-1.08686e-05
1.27563e-06
-1.08132e-05
2.27928e-08
-1.03905e-05
-1.05952e-06
-9.70572e-06
-1.85537e-06
-8.86653e-06
-2.34262e-06
-7.96586e-06
-2.54939e-06
-7.08455e-06
-2.51847e-06
-6.27433e-06
-2.33819e-06
-5.54138e-06
-2.13046e-06
-4.84805e-06
-1.99026e-06
-4.20191e-06
-1.8443e-06
-3.5744e-06
-1.77715e-06
-2.91604e-06
-1.84231e-06
-2.2209e-06
-1.93089e-06
-1.47672e-06
-1.99715e-06
-7.93908e-07
-1.88584e-06
-2.86123e-06
-2.76541e-06
8.9595e-06
-5.15307e-06
8.66327e-06
-7.22124e-06
7.82324e-06
-8.93755e-06
6.6421e-06
-1.02511e-05
5.17628e-06
-1.10944e-05
3.45381e-06
-1.14417e-05
1.62284e-06
-1.13504e-05
-6.84737e-08
-1.08715e-05
-1.53845e-06
-1.01295e-05
-2.59734e-06
-9.23934e-06
-3.23277e-06
-8.29136e-06
-3.49736e-06
-7.36532e-06
-3.4445e-06
-6.51471e-06
-3.18879e-06
-5.74534e-06
-2.89983e-06
-4.98486e-06
-2.75074e-06
-4.26029e-06
-2.56886e-06
-3.54004e-06
-2.4974e-06
-2.80176e-06
-2.58059e-06
-2.05163e-06
-2.68102e-06
-1.24777e-06
-2.80101e-06
-5.00024e-07
-2.63359e-06
-3.36126e-06
-2.73652e-06
1.1696e-05
-5.14137e-06
1.10681e-05
-7.27832e-06
9.96019e-06
-9.09931e-06
8.46311e-06
-1.05177e-05
6.59471e-06
-1.1435e-05
4.37109e-06
-1.18127e-05
2.00058e-06
-1.17342e-05
-1.47014e-07
-1.12096e-05
-2.06305e-06
-1.04082e-05
-3.3988e-06
-9.48564e-06
-4.15531e-06
-8.52809e-06
-4.45492e-06
-7.59424e-06
-4.37835e-06
-6.71597e-06
-4.06707e-06
-5.89278e-06
-3.72302e-06
-5.00806e-06
-3.63545e-06
-4.15182e-06
-3.4251e-06
-3.25585e-06
-3.39337e-06
-2.38312e-06
-3.45333e-06
-1.61729e-06
-3.44685e-06
-9.1415e-07
-3.50416e-06
-1.64427e-07
-3.38331e-06
-3.52569e-06
-2.59731e-06
1.42934e-05
-4.94034e-06
1.34112e-05
-7.06925e-06
1.20892e-05
-8.90994e-06
1.03038e-05
-1.03304e-05
8.01522e-06
-1.11946e-05
5.23532e-06
-1.1442e-05
2.24793e-06
-1.12699e-05
-3.19094e-07
-1.06557e-05
-2.67719e-06
-9.87087e-06
-4.18365e-06
-9.10155e-06
-4.9246e-06
-8.35774e-06
-5.19869e-06
-7.58458e-06
-5.15147e-06
-6.77939e-06
-4.87221e-06
-5.9218e-06
-4.58057e-06
-4.87056e-06
-4.68663e-06
-3.96425e-06
-4.33136e-06
-2.95472e-06
-4.40287e-06
-1.91083e-06
-4.49718e-06
-1.07691e-06
-4.28074e-06
-6.53667e-07
-3.92737e-06
2.69106e-09
-4.03964e-06
-3.52296e-06
-2.13451e-06
1.64279e-05
-4.33871e-06
1.56154e-05
-6.41551e-06
1.4166e-05
-8.24241e-06
1.21307e-05
-9.67439e-06
9.44723e-06
-1.0608e-05
6.16894e-06
-1.09815e-05
2.62153e-06
-1.06297e-05
-6.70852e-07
-9.8978e-06
-3.40905e-06
-9.11325e-06
-4.96812e-06
-8.31759e-06
-5.72019e-06
-7.3874e-06
-6.1288e-06
-6.15809e-06
-6.3807e-06
-4.90976e-06
-6.12047e-06
-3.56036e-06
-5.9299e-06
-2.18193e-06
-6.06499e-06
-1.35432e-06
-5.15888e-06
-4.08865e-07
-5.34825e-06
8.6627e-07
-5.77225e-06
1.7106e-06
-5.12501e-06
1.27677e-06
-3.49348e-06
9.04107e-07
-3.66691e-06
-2.61882e-06
1.0139e-06
1.5414e-05
1.06803e-06
1.55612e-05
5.46866e-07
1.46871e-05
-3.53645e-07
1.30312e-05
-1.28557e-06
1.03791e-05
-1.7834e-06
6.66678e-06
-1.61446e-06
2.45263e-06
-9.48203e-07
-1.33706e-06
-8.15881e-07
-3.54132e-06
-1.04628e-06
-4.73766e-06
-1.1241e-06
-5.64231e-06
-9.10546e-07
-6.34232e-06
-3.14639e-07
-6.97657e-06
1.08319e-07
-6.54339e-06
1.05551e-06
-6.87706e-06
1.56062e-06
-6.57007e-06
2.73891e-06
-6.33715e-06
4.40892e-06
-7.01824e-06
5.96641e-06
-7.32971e-06
7.25683e-06
-6.4154e-06
7.63814e-06
-3.87478e-06
5.89423e-06
-1.92299e-06
3.27544e-06
2.85922e-07
-2.8591e-07
-7.85211e-07
1.07114e-06
-1.84019e-06
1.05499e-06
-2.42323e-06
5.83046e-07
-2.82496e-06
4.01736e-07
-3.51069e-06
6.85733e-07
-4.03596e-06
5.25273e-07
-4.07144e-06
3.54802e-08
-3.61875e-06
-4.52686e-07
-2.6534e-06
-9.65348e-07
-2.1805e-06
-4.72895e-07
-2.49696e-06
3.16463e-07
-3.23919e-06
7.42232e-07
-3.96363e-06
7.24442e-07
-4.03084e-06
6.72079e-08
-3.86788e-06
-1.62957e-07
-3.19938e-06
-6.68503e-07
-1.68409e-06
-1.5153e-06
-1.6841e-06
2.54697e-07
-5.4059e-07
-6.16499e-07
1.94236e-06
-1.19328e-06
1.63179e-06
-1.36643e-06
7.5623e-07
-1.65899e-06
6.9432e-07
-1.98048e-06
1.00724e-06
-2.37566e-06
9.20469e-07
-2.67986e-06
3.39693e-07
-2.33788e-06
-7.94657e-07
-1.19738e-06
-2.10585e-06
-5.02463e-07
-1.1678e-06
-7.19889e-07
5.33895e-07
-1.97847e-06
2.00082e-06
-3.41846e-06
2.16444e-06
-4.1642e-06
8.12953e-07
-4.31529e-06
-1.18654e-08
-3.62737e-06
-1.35642e-06
-1.92732e-06
-3.21536e-06
-3.61141e-06
-4.82794e-06
4.2874e-06
-7.71679e-06
4.83125e-06
-4.41468e-06
-1.67027e-06
-6.65793e-07
-2.99262e-06
9.03881e-07
-8.75322e-07
9.29213e-07
9.81936e-07
-5.05674e-07
2.35537e-06
-2.02204e-06
1.85607e-06
-3.04316e-06
2.2647e-07
-3.12304e-06
-2.02596e-06
-2.33594e-06
-1.9549e-06
-1.57876e-06
-2.23288e-07
-2.65369e-06
3.07575e-06
-4.94447e-06
4.45523e-06
-6.60465e-06
2.47313e-06
-6.54944e-06
-6.70784e-08
-5.02729e-06
-2.87857e-06
-2.86555e-06
-5.37709e-06
-6.47696e-06
-1.68236e-05
2.11112e-05
-1.31998e-05
1.20752e-06
-2.47116e-08
-1.48453e-05
1.07331e-05
-1.37504e-05
1.89723e-05
-9.11444e-06
2.17523e-05
-1.79795e-06
1.89265e-05
5.18132e-06
1.27811e-05
8.00152e-06
4.41412e-06
8.59351e-06
-4.94557e-07
2.88276e-06
-1.62039e-06
-8.2903e-07
-1.45737e-06
-3.8626e-07
-3.20943e-06
4.82784e-06
-6.0889e-06
7.33472e-06
-8.0223e-06
4.40655e-06
-8.27946e-06
1.90111e-07
-6.26599e-06
-4.89202e-06
-3.47974e-06
-8.1633e-06
-9.95667e-06
-6.19068e-06
2.73019e-05
1.63854e-06
-6.62165e-06
6.80137e-06
-2.0008e-05
1.26692e-05
-1.96182e-05
1.94269e-05
-1.58722e-05
2.41849e-05
-6.55595e-06
2.48031e-05
4.56318e-06
2.25474e-05
1.02573e-05
2.06718e-05
1.04691e-05
1.8751e-05
4.80359e-06
1.69786e-05
9.43364e-07
1.1289e-05
5.30339e-06
3.70977e-06
1.24071e-05
-5.98837e-07
1.16433e-05
-3.06188e-06
6.86959e-06
-5.39699e-06
2.52521e-06
-3.60607e-06
-6.68293e-06
3.96574e-07
-1.21659e-05
-9.56012e-06
1.97929e-06
2.53227e-05
1.16874e-05
-1.63297e-05
1.35951e-05
-2.19156e-05
1.55151e-05
-2.15381e-05
1.92775e-05
-1.96345e-05
2.27966e-05
-1.0075e-05
2.28951e-05
4.4647e-06
2.25379e-05
1.06145e-05
2.28105e-05
1.01966e-05
2.16811e-05
5.93299e-06
1.81482e-05
4.47632e-06
1.30491e-05
1.04026e-05
7.6433e-06
1.78129e-05
6.42836e-06
1.28583e-05
8.16401e-06
5.13396e-06
8.94453e-06
1.74472e-06
8.48794e-06
-6.22632e-06
7.55317e-06
-1.12312e-05
-2.00688e-06
1.1914e-05
1.34089e-05
1.90937e-05
-2.35093e-05
2.04834e-05
-2.33053e-05
1.88001e-05
-1.98547e-05
1.94415e-05
-2.02758e-05
2.11451e-05
-1.17786e-05
2.12727e-05
4.3372e-06
2.13717e-05
1.05155e-05
2.23946e-05
9.1737e-06
2.15899e-05
6.73772e-06
1.76076e-05
8.45863e-06
1.24289e-05
1.55813e-05
7.95086e-06
2.2291e-05
7.90087e-06
1.29083e-05
1.16139e-05
1.42098e-06
1.22212e-05
1.13743e-06
1.03848e-05
-4.38983e-06
8.30746e-06
-9.15378e-06
6.30059e-06
2.8198e-05
-1.47891e-05
2.8325e-05
-2.36362e-05
2.67875e-05
-2.17678e-05
2.21874e-05
-1.52546e-05
1.82408e-05
-1.63291e-05
1.77756e-05
-1.13134e-05
1.8697e-05
3.41585e-06
1.91786e-05
1.0034e-05
2.04993e-05
7.85295e-06
1.94343e-05
7.80279e-06
1.5685e-05
1.22079e-05
1.10329e-05
2.02334e-05
8.07261e-06
2.52513e-05
8.08401e-06
1.2897e-05
1.11077e-05
-1.60264e-06
1.01522e-05
2.09295e-06
6.61868e-06
-8.56332e-07
4.91624e-06
-7.45134e-06
1.12169e-05
4.22301e-06
1.1191e-05
7.00396e-06
1.27803e-05
9.07609e-06
1.26149e-05
1.12937e-05
1.08136e-05
1.34106e-05
8.26219e-06
1.46721e-05
5.40528e-06
1.48128e-05
2.31192e-06
1.37554e-05
-2.7959e-07
1.2345e-05
-2.13092e-06
1.11809e-05
-3.57355e-06
1.04905e-05
-4.9519e-06
1.02587e-05
-6.11047e-06
1.00671e-05
-6.7849e-06
1.05213e-05
-6.99763e-06
1.2527e-05
-8.88273e-06
1.4567e-05
-8.61008e-06
1.64483e-05
-8.2185e-06
1.81872e-05
-8.75711e-06
2.01545e-05
-9.297e-06
2.26264e-05
-8.88731e-06
2.67824e-05
-8.03078e-06
3.24091e-05
-7.54971e-06
-6.26945e-06
4.1954e-05
2.24763e-06
8.94341e-06
4.5654e-06
1.04626e-05
7.05023e-06
1.01302e-05
9.98834e-06
7.87555e-06
1.22496e-05
6.00099e-06
1.34096e-05
4.24525e-06
1.35859e-05
2.13566e-06
1.28878e-05
4.18586e-07
1.19318e-05
-1.17495e-06
1.12542e-05
-2.89589e-06
1.11467e-05
-4.84445e-06
1.14701e-05
-6.43388e-06
1.1795e-05
-7.10976e-06
1.26412e-05
-7.84379e-06
1.35353e-05
-9.77687e-06
1.48368e-05
-9.91157e-06
1.60942e-05
-9.47592e-06
1.83418e-05
-1.10048e-05
2.03321e-05
-1.12873e-05
2.18712e-05
-1.04264e-05
2.46772e-05
-1.08368e-05
2.9197e-05
-1.20696e-05
-1.28482e-05
3.57757e-05
1.09153e-06
7.85186e-06
3.58794e-06
7.96615e-06
7.05148e-06
6.66663e-06
1.02633e-05
4.66373e-06
1.14042e-05
4.86012e-06
1.10354e-05
4.61401e-06
1.02522e-05
2.91886e-06
9.94607e-06
7.24712e-07
1.04232e-05
-1.65205e-06
1.10367e-05
-3.50941e-06
1.16699e-05
-5.47765e-06
1.20375e-05
-6.80153e-06
1.21764e-05
-7.24864e-06
1.22801e-05
-7.94756e-06
1.08123e-05
-8.30914e-06
1.00513e-05
-9.15059e-06
9.31482e-06
-8.73943e-06
1.04892e-05
-1.21792e-05
1.20167e-05
-1.28148e-05
1.29626e-05
-1.13724e-05
1.54749e-05
-1.33491e-05
1.90658e-05
-1.56605e-05
-1.70392e-05
2.32567e-05
-2.60297e-07
8.11214e-06
3.01702e-06
4.68882e-06
6.88289e-06
2.80074e-06
9.44793e-06
2.09868e-06
1.03016e-05
4.00639e-06
1.02116e-05
4.70406e-06
9.97454e-06
3.15586e-06
9.31725e-06
1.38197e-06
8.90049e-06
-1.23531e-06
7.90842e-06
-2.51737e-06
6.33715e-06
-3.90642e-06
4.84564e-06
-5.31006e-06
4.71596e-06
-7.11901e-06
4.4817e-06
-7.71334e-06
3.52478e-06
-7.35228e-06
-1.25576e-07
-5.5003e-06
-2.67633e-06
-6.18874e-06
-3.09112e-06
-1.17645e-05
-1.41191e-06
-1.44941e-05
-1.53585e-07
-1.26308e-05
1.5292e-06
-1.5032e-05
2.94039e-06
-1.70717e-05
-1.75629e-05
3.46407e-06
-1.97082e-06
1.00829e-05
4.24906e-07
2.29308e-06
2.91355e-06
3.12074e-07
4.25848e-06
7.53717e-07
5.93833e-06
2.32651e-06
7.85934e-06
2.78301e-06
9.00278e-06
2.01238e-06
8.07718e-06
2.30752e-06
5.45928e-06
1.38253e-06
2.14851e-06
7.9334e-07
-8.75915e-07
-8.82039e-07
-2.20052e-06
-3.98551e-06
-2.2379e-06
-7.08169e-06
-2.3012e-06
-7.65009e-06
-2.61729e-06
-7.03626e-06
-4.19495e-06
-3.92271e-06
-4.18473e-06
-6.19902e-06
-3.82999e-06
-1.21193e-05
-3.55872e-06
-1.47655e-05
-3.92209e-06
-1.22675e-05
-4.92656e-06
-1.40276e-05
-6.08141e-06
-1.5917e-05
-1.55033e-05
-8.14112e-06
1.539e-06
8.54393e-06
2.41304e-06
1.41902e-06
2.11787e-06
6.07232e-07
2.31703e-06
5.5454e-07
4.06623e-06
5.77285e-07
6.57624e-06
2.72971e-07
8.3207e-06
2.67898e-07
9.51573e-06
1.11246e-06
9.93828e-06
9.59957e-07
1.04085e-05
3.23118e-07
1.00602e-05
-5.33739e-07
8.32055e-06
-2.24593e-06
5.21056e-06
-3.97173e-06
2.6263e-06
-5.06586e-06
9.09702e-07
-5.3197e-06
2.05375e-06
-5.06681e-06
3.52121e-06
-7.66654e-06
3.11653e-06
-1.17147e-05
1.07371e-06
-1.27227e-05
1.12794e-07
-1.13067e-05
-9.77681e-07
-1.29372e-05
-2.25416e-06
-1.46406e-05
-1.50855e-05
-2.67209e-06
8.42797e-06
1.15889e-07
7.92218e-06
1.92477e-06
6.19371e-06
2.3357e-06
5.64773e-06
1.10056e-06
7.06441e-06
-8.39338e-07
9.00935e-06
-1.67191e-06
1.05664e-05
-1.28915e-06
1.20474e-05
-3.68566e-07
1.27399e-05
2.67505e-07
1.25746e-05
4.88382e-07
1.23102e-05
-2.69323e-07
1.11918e-05
-1.12749e-06
9.03148e-06
-1.81145e-06
6.99822e-06
-3.03261e-06
5.20538e-06
-3.52687e-06
5.47448e-06
-5.33594e-06
6.83076e-06
-9.02284e-06
8.01115e-06
-1.28951e-05
9.04546e-06
-1.3757e-05
1.03128e-05
-1.2574e-05
9.55423e-06
-1.21787e-05
7.8563e-06
-1.29427e-05
-1.46549e-05
7.42576e-06
-1.81581e-05
1.82739e-05
-2.11228e-05
4.88941e-06
-1.54721e-05
-3.31498e-06
-1.41857e-05
-1.8599e-07
-1.91045e-05
4.07945e-06
-3.09488e-05
1.01725e-05
-2.86426e-05
-3.59545e-06
-1.86446e-05
-1.03666e-05
-1.14052e-05
-6.97194e-06
-6.58658e-06
-4.3302e-06
-2.46129e-06
-4.39451e-06
9.79709e-07
-4.5684e-06
3.87644e-06
-4.7081e-06
6.96217e-06
-6.1183e-06
9.38288e-06
-5.94758e-06
1.06642e-05
-6.61726e-06
1.03561e-05
-8.71458e-06
1.14031e-05
-1.39415e-05
1.50669e-05
-1.74208e-05
1.92379e-05
-1.67449e-05
1.97598e-05
-1.27002e-05
1.7254e-05
-1.04365e-05
-1.25577e-05
1.51573e-05
8.4951e-06
9.77896e-06
1.22382e-05
1.14633e-06
1.27253e-05
-3.80218e-06
1.42101e-05
-1.67097e-06
1.49995e-05
3.28989e-06
2.06271e-05
4.54465e-06
1.77167e-05
-6.85306e-07
8.65785e-06
-1.30794e-06
-4.98591e-06
6.67169e-06
-1.59861e-05
6.66988e-06
-2.63649e-05
5.98424e-06
-2.39539e-05
-6.9795e-06
-1.57772e-05
-1.28848e-05
-8.69723e-06
-1.31981e-05
3.74318e-06
-1.83876e-05
1.23339e-05
-1.52075e-05
6.91981e-06
-3.30012e-06
-5.37254e-06
-1.64905e-06
5.86831e-07
-2.33801e-05
1.30295e-05
-2.91874e-05
2.53303e-05
-2.50003e-05
3.2824e-05
-1.79298e-05
-9.58082e-06
2.98472e-05
1.0602e-05
-8.22677e-07
1.48226e-05
-3.0743e-06
1.50361e-05
-4.01574e-06
1.68477e-05
-3.48265e-06
2.20972e-05
-1.95985e-06
2.8533e-05
-1.89141e-06
3.23673e-05
-4.51981e-06
3.56133e-05
-4.55418e-06
4.24113e-05
-1.26436e-07
4.75685e-05
1.51252e-06
5.22262e-05
1.32632e-06
5.33655e-05
-8.11894e-06
5.46572e-05
-1.41767e-05
5.76766e-05
-1.62175e-05
5.57709e-05
-1.6482e-05
5.15628e-05
-1.09992e-05
4.74624e-05
8.00377e-07
4.31317e-05
2.6811e-06
3.70868e-05
-1.73349e-05
3.52556e-05
-2.73556e-05
3.44792e-05
-2.42236e-05
3.47374e-05
-1.81879e-05
-1.30985e-05
3.8255e-05
5.2359e-06
-6.05882e-06
8.51282e-06
-6.35139e-06
1.02916e-05
-5.79473e-06
1.20059e-05
-5.19718e-06
1.44841e-05
-4.43821e-06
1.71238e-05
-4.53138e-06
1.99131e-05
-7.30937e-06
2.47974e-05
-9.43869e-06
3.22411e-05
-7.57032e-06
3.91528e-05
-5.39934e-06
4.65727e-05
-6.0937e-06
5.00693e-05
-1.16155e-05
5.18076e-05
-1.5915e-05
5.35384e-05
-1.79484e-05
5.49503e-05
-1.7894e-05
5.90012e-05
-1.50505e-05
7.01915e-05
-1.03901e-05
8.27979e-05
-9.92515e-06
8.25864e-05
-1.7123e-05
7.7102e-05
-2.18705e-05
7.29944e-05
-2.01157e-05
7.01211e-05
-1.53139e-05
-1.23503e-05
6.9373e-05
2.84834e-06
-8.90721e-06
5.11605e-06
-8.61926e-06
6.54518e-06
-7.22407e-06
7.56167e-06
-6.21392e-06
8.48601e-06
-5.36281e-06
9.61706e-06
-5.6627e-06
1.28189e-05
-1.05115e-05
1.66583e-05
-1.32783e-05
2.1081e-05
-1.19932e-05
2.50511e-05
-9.36957e-06
2.98091e-05
-1.08518e-05
3.3574e-05
-1.53805e-05
3.553e-05
-1.7871e-05
3.60265e-05
-1.84448e-05
3.65698e-05
-1.84371e-05
3.90956e-05
-1.75761e-05
4.55195e-05
-1.68136e-05
5.40717e-05
-1.8477e-05
5.90549e-05
-2.21057e-05
6.05551e-05
-2.33702e-05
6.11922e-05
-2.0752e-05
6.16376e-05
-1.57591e-05
-1.16551e-05
6.09429e-05
1.55854e-06
-1.0466e-05
2.93268e-06
-9.99362e-06
3.95068e-06
-8.24232e-06
4.70811e-06
-6.97161e-06
5.32311e-06
-5.97808e-06
6.27808e-06
-6.61794e-06
8.22289e-06
-1.24566e-05
9.59913e-06
-1.46548e-05
1.13905e-05
-1.37848e-05
1.4111e-05
-1.20902e-05
1.77312e-05
-1.44721e-05
2.08401e-05
-1.84894e-05
2.24624e-05
-1.94933e-05
2.25344e-05
-1.85167e-05
2.26064e-05
-1.8509e-05
2.36817e-05
-1.86512e-05
2.70972e-05
-2.02288e-05
3.20597e-05
-2.34392e-05
3.56356e-05
-2.56811e-05
3.66499e-05
-2.43839e-05
3.62709e-05
-2.03727e-05
3.51967e-05
-1.46841e-05
-9.40756e-06
3.29491e-05
7.65803e-07
-1.12319e-05
1.52369e-06
-1.07517e-05
2.29887e-06
-9.01776e-06
3.15621e-06
-7.82922e-06
4.27801e-06
-7.10017e-06
5.62107e-06
-7.96126e-06
5.58701e-06
-1.24228e-05
5.34083e-06
-1.44088e-05
5.44454e-06
-1.38887e-05
7.1952e-06
-1.3841e-05
9.20379e-06
-1.64808e-05
1.09007e-05
-2.01864e-05
1.18994e-05
-2.0492e-05
1.20671e-05
-1.86843e-05
1.18646e-05
-1.83065e-05
1.17342e-05
-1.85205e-05
1.27459e-05
-2.12404e-05
1.44695e-05
-2.51624e-05
1.55356e-05
-2.67469e-05
1.50097e-05
-2.38577e-05
1.34692e-05
-1.88317e-05
1.13554e-05
-1.25704e-05
-5.32588e-06
7.27374e-06
2.19405e-07
-1.14517e-05
5.62429e-07
-1.1095e-05
1.11993e-06
-9.57554e-06
1.97461e-06
-8.68418e-06
3.29506e-06
-8.4209e-06
4.63538e-06
-9.30185e-06
4.23456e-06
-1.20222e-05
3.51785e-06
-1.36923e-05
3.34695e-06
-1.3718e-05
3.89877e-06
-1.4393e-05
4.26901e-06
-1.68511e-05
4.24848e-06
-2.01659e-05
4.21224e-06
-2.04557e-05
4.38284e-06
-1.88548e-05
3.91237e-06
-1.78359e-05
3.19324e-06
-1.78013e-05
2.14175e-06
-2.01887e-05
9.59908e-07
-2.39804e-05
-1.09713e-06
-2.46897e-05
-3.56434e-06
-2.13902e-05
-7.18979e-06
-1.52062e-05
-1.21203e-05
-7.63955e-06
1.23514e-06
-1.86813e-05
-1.54333e-07
-1.12974e-05
-1.7337e-07
-1.10762e-05
1.17724e-07
-9.86689e-06
7.38535e-07
-9.30527e-06
1.68737e-06
-9.37001e-06
2.57532e-06
-1.01901e-05
2.50289e-06
-1.195e-05
2.01738e-06
-1.3207e-05
2.00029e-06
-1.3701e-05
2.12616e-06
-1.4519e-05
1.74875e-06
-1.64738e-05
4.80091e-07
-1.88973e-05
-5.3888e-07
-1.94367e-05
-9.83072e-07
-1.84105e-05
-1.5263e-06
-1.72926e-05
-2.36526e-06
-1.69622e-05
-4.30237e-06
-1.82515e-05
-7.22452e-06
-2.10581e-05
-1.08318e-05
-2.10823e-05
-1.39852e-05
-1.82366e-05
-1.61503e-05
-1.30409e-05
-1.77632e-05
-6.02679e-06
3.02224e-06
-1.95503e-05
-4.47131e-07
-1.08507e-05
-7.42365e-07
-1.07812e-05
-7.14356e-07
-9.89517e-06
-4.31935e-07
-9.58796e-06
2.37589e-08
-9.82596e-06
4.27275e-07
-1.05938e-05
3.2597e-07
-1.18489e-05
7.54753e-09
-1.28887e-05
-4.73484e-08
-1.36462e-05
1.69281e-08
-1.45833e-05
-4.69595e-07
-1.59873e-05
-1.87966e-06
-1.74872e-05
-3.2764e-06
-1.80399e-05
-4.16199e-06
-1.75249e-05
-4.65525e-06
-1.67992e-05
-5.17145e-06
-1.64459e-05
-6.42851e-06
-1.69943e-05
-9.29577e-06
-1.81907e-05
-1.24966e-05
-1.78813e-05
-1.50158e-05
-1.57172e-05
-1.57677e-05
-1.22891e-05
-1.54405e-05
-6.35389e-06
2.33463e-06
-1.4753e-05
-6.77644e-07
-1.01731e-05
-1.19139e-06
-1.02677e-05
-1.40256e-06
-9.68425e-06
-1.38802e-06
-9.60276e-06
-1.25594e-06
-9.95828e-06
-1.15309e-06
-1.06969e-05
-1.32238e-06
-1.16798e-05
-1.60197e-06
-1.26093e-05
-1.80139e-06
-1.34469e-05
-2.02392e-06
-1.43608e-05
-2.59311e-06
-1.54181e-05
-3.70101e-06
-1.63793e-05
-4.93313e-06
-1.68077e-05
-5.79767e-06
-1.66602e-05
-6.28926e-06
-1.63075e-05
-6.62396e-06
-1.6111e-05
-7.33576e-06
-1.62823e-05
-9.04487e-06
-1.64815e-05
-1.11293e-05
-1.57967e-05
-1.28526e-05
-1.39938e-05
-1.36061e-05
-1.15355e-05
-1.29505e-05
-7.00958e-06
-1.94124e-07
-1.04218e-05
-8.66145e-07
-9.30735e-06
-1.56259e-06
-9.57154e-06
-1.96246e-06
-9.28463e-06
-2.13924e-06
-9.42621e-06
-2.19426e-06
-9.90347e-06
-2.24758e-06
-1.06437e-05
-2.40396e-06
-1.15236e-05
-2.62254e-06
-1.23908e-05
-2.86347e-06
-1.32061e-05
-3.20806e-06
-1.40163e-05
-3.80753e-06
-1.48186e-05
-4.70625e-06
-1.54805e-05
-5.6981e-06
-1.58158e-05
-6.53697e-06
-1.58213e-05
-7.17321e-06
-1.56711e-05
-7.73309e-06
-1.5551e-05
-8.4801e-06
-1.55352e-05
-9.56726e-06
-1.53942e-05
-1.06728e-05
-1.46911e-05
-1.14003e-05
-1.32662e-05
-1.18776e-05
-1.10581e-05
-1.10667e-05
-7.82041e-06
-2.95423e-06
-8.30667e-06
-1.03609e-06
-8.27132e-06
-1.90209e-06
-8.70571e-06
-2.4689e-06
-8.71802e-06
-2.7979e-06
-9.09741e-06
-2.97323e-06
-9.72833e-06
-3.08538e-06
-1.05317e-05
-3.20435e-06
-1.14047e-05
-3.34837e-06
-1.22469e-05
-3.54008e-06
-1.30144e-05
-3.84755e-06
-1.37088e-05
-4.34987e-06
-1.43163e-05
-5.05677e-06
-1.47735e-05
-5.86428e-06
-1.50082e-05
-6.65579e-06
-1.50296e-05
-7.40065e-06
-1.49261e-05
-8.15666e-06
-1.47948e-05
-9.03378e-06
-1.46579e-05
-1.0041e-05
-1.43868e-05
-1.09599e-05
-1.3772e-05
-1.15381e-05
-1.26878e-05
-1.15348e-05
-1.10612e-05
-1.06297e-05
-8.72557e-06
-5.50675e-06
-8.07715e-06
-1.20718e-06
-7.06442e-06
-2.24535e-06
-7.66775e-06
-2.9795e-06
-7.98405e-06
-3.45633e-06
-8.62075e-06
-3.73901e-06
-9.44579e-06
-3.89603e-06
-1.03748e-05
-3.9889e-06
-1.13119e-05
-4.06565e-06
-1.21702e-05
-4.17876e-06
-1.29013e-05
-4.39251e-06
-1.3495e-05
-4.75967e-06
-1.3949e-05
-5.28643e-06
-1.42466e-05
-5.92321e-06
-1.43713e-05
-6.61326e-06
-1.43394e-05
-7.33853e-06
-1.42007e-05
-8.12687e-06
-1.40063e-05
-9.01859e-06
-1.3766e-05
-9.98821e-06
-1.34171e-05
-1.08963e-05
-1.28637e-05
-1.15516e-05
-1.20324e-05
-1.17359e-05
-1.08767e-05
-1.1156e-05
-9.30519e-06
-7.188e-06
-9.47484e-06
-1.38168e-06
-5.68275e-06
-2.59555e-06
-6.45401e-06
-3.49839e-06
-7.08135e-06
-4.12051e-06
-7.99877e-06
-4.50497e-06
-9.06145e-06
-4.70442e-06
-1.01755e-05
-4.77956e-06
-1.12369e-05
-4.79784e-06
-1.21519e-05
-4.83209e-06
-1.2867e-05
-4.9506e-06
-1.33765e-05
-5.19897e-06
-1.37006e-05
-5.58526e-06
-1.38602e-05
-6.08401e-06
-1.38724e-05
-6.66321e-06
-1.37601e-05
-7.30914e-06
-1.35546e-05
-8.03141e-06
-1.32839e-05
-8.8434e-06
-1.29538e-05
-9.72138e-06
-1.25389e-05
-1.05864e-05
-1.19986e-05
-1.13151e-05
-1.13035e-05
-1.17587e-05
-1.04328e-05
-1.1736e-05
-9.3279e-06
-7.85801e-06
-1.10658e-05
-1.55548e-06
-4.12755e-06
-2.93923e-06
-5.07041e-06
-3.99918e-06
-6.02152e-06
-4.74936e-06
-7.2487e-06
-5.21555e-06
-8.59535e-06
-5.44035e-06
-9.95073e-06
-5.48834e-06
-1.11889e-05
-5.44411e-06
-1.21961e-05
-5.39815e-06
-1.29129e-05
-5.42743e-06
-1.33471e-05
-5.57929e-06
-1.35486e-05
-5.86529e-06
-1.35741e-05
-6.26947e-06
-1.3468e-05
-6.76687e-06
-1.32625e-05
-7.34014e-06
-1.29811e-05
-7.985e-06
-1.26388e-05
-8.69984e-06
-1.22388e-05
-9.46799e-06
-1.17706e-05
-1.02452e-05
-1.12212e-05
-1.09645e-05
-1.0584e-05
-1.1542e-05
-9.8552e-06
-1.18802e-05
-8.98929e-06
-7.85918e-06
-1.1879e-05
-1.71988e-06
-2.40761e-06
-3.25865e-06
-3.53168e-06
-4.45361e-06
-4.82663e-06
-5.3039e-06
-6.39847e-06
-5.82205e-06
-8.07724e-06
-6.04634e-06
-9.72646e-06
-6.0495e-06
-1.11857e-05
-5.93334e-06
-1.23122e-05
-5.80404e-06
-1.30421e-05
-5.74749e-06
-1.34035e-05
-5.81572e-06
-1.34802e-05
-6.02477e-06
-1.33649e-05
-6.36355e-06
-1.31291e-05
-6.80777e-06
-1.28181e-05
-7.33361e-06
-1.24551e-05
-7.9245e-06
-1.20477e-05
-8.56866e-06
-1.15945e-05
-9.2495e-06
-1.10896e-05
-9.94032e-06
-1.05302e-05
-1.0603e-05
-9.9211e-06
-1.11891e-05
-9.26882e-06
-1.16459e-05
-8.53268e-06
-7.59784e-06
-1.1907e-05
-1.87363e-06
-5.34143e-07
-3.54528e-06
-1.8601e-06
-4.84657e-06
-3.52538e-06
-5.76464e-06
-5.48043e-06
-6.3035e-06
-7.53839e-06
-6.50207e-06
-9.52788e-06
-6.44501e-06
-1.12427e-05
-6.25215e-06
-1.2505e-05
-6.0416e-06
-1.32526e-05
-5.90463e-06
-1.35404e-05
-5.89699e-06
-1.34877e-05
-6.03922e-06
-1.32225e-05
-6.32487e-06
-1.28433e-05
-6.73044e-06
-1.24123e-05
-7.22655e-06
-1.19588e-05
-7.78662e-06
-1.14875e-05
-8.38981e-06
-1.09911e-05
-9.01723e-06
-1.0462e-05
-9.64857e-06
-9.89871e-06
-1.02581e-05
-9.31137e-06
-1.08169e-05
-8.71006e-06
-1.12859e-05
-8.06317e-06
-7.26188e-06
-1.1622e-05
-2.01421e-06
1.4802e-06
-3.7963e-06
-7.79834e-08
-5.17198e-06
-2.1497e-06
-6.12575e-06
-4.52665e-06
-6.65696e-06
-7.00716e-06
-6.80909e-06
-9.37569e-06
-6.68218e-06
-1.13696e-05
-6.41516e-06
-1.27719e-05
-6.13246e-06
-1.35352e-05
-5.92501e-06
-1.37477e-05
-5.8495e-06
-1.35631e-05
-5.92994e-06
-1.31419e-05
-6.1653e-06
-1.26077e-05
-6.53527e-06
-1.20422e-05
-7.00801e-06
-1.14859e-05
-7.55002e-06
-1.09453e-05
-8.13279e-06
-1.04081e-05
-8.73442e-06
-9.86018e-06
-9.3355e-06
-9.29751e-06
-9.917e-06
-8.72971e-06
-1.0456e-05
-8.1708e-06
-1.09224e-05
-7.59702e-06
-6.90767e-06
-1.12764e-05
-2.13239e-06
3.61243e-06
-4.00865e-06
1.79826e-06
-5.42692e-06
-7.31404e-07
-6.3869e-06
-3.56663e-06
-6.88745e-06
-6.50655e-06
-6.97838e-06
-9.28469e-06
-6.77811e-06
-1.15697e-05
-6.44653e-06
-1.31034e-05
-6.10623e-06
-1.38753e-05
-5.84183e-06
-1.40119e-05
-5.70827e-06
-1.36965e-05
-5.7314e-06
-1.31186e-05
-5.91595e-06
-1.2423e-05
-6.24758e-06
-1.17104e-05
-6.69583e-06
-1.10375e-05
-7.22334e-06
-1.04176e-05
-7.79578e-06
-9.83554e-06
-8.38654e-06
-9.26929e-06
-8.97674e-06
-8.70717e-06
-9.54967e-06
-8.15666e-06
-1.00866e-05
-7.63381e-06
-1.05609e-05
-7.1222e-06
-6.5283e-06
-1.09404e-05
-2.22329e-06
5.83592e-06
-4.16433e-06
3.73941e-06
-5.60551e-06
7.09852e-07
-6.54806e-06
-2.624e-06
-7.00288e-06
-6.05165e-06
-7.02442e-06
-9.26305e-06
-6.75332e-06
-1.18407e-05
-6.37331e-06
-1.34833e-05
-5.99414e-06
-1.42544e-05
-5.68911e-06
-1.43168e-05
-5.50953e-06
-1.38759e-05
-5.48079e-06
-1.31471e-05
-5.61276e-06
-1.22908e-05
-5.89987e-06
-1.14231e-05
-6.31763e-06
-1.06195e-05
-6.82814e-06
-9.90691e-06
-7.39238e-06
-9.27116e-06
-7.97937e-06
-8.68217e-06
-8.5683e-06
-8.11816e-06
-9.14421e-06
-7.58061e-06
-9.6907e-06
-7.08706e-06
-1.01835e-05
-6.62987e-06
-6.12185e-06
-1.05897e-05
-2.28844e-06
8.12432e-06
-4.25322e-06
5.70424e-06
-5.69471e-06
2.15143e-06
-6.60385e-06
-1.71477e-06
-7.0079e-06
-5.64748e-06
-6.95786e-06
-9.31297e-06
-6.62386e-06
-1.21746e-05
-6.2174e-06
-1.38896e-05
-5.8218e-06
-1.46498e-05
-5.49589e-06
-1.46426e-05
-5.28591e-06
-1.40857e-05
-5.21401e-06
-1.32189e-05
-5.29279e-06
-1.22119e-05
-5.52689e-06
-1.11888e-05
-5.90334e-06
-1.02429e-05
-6.3888e-06
-9.42131e-06
-6.94125e-06
-8.71859e-06
-7.52455e-06
-8.09876e-06
-8.11437e-06
-7.52824e-06
-8.69665e-06
-6.99823e-06
-9.25738e-06
-6.52645e-06
-9.77413e-06
-6.11253e-06
-5.67828e-06
-1.0218e-05
-2.22454e-06
1.03491e-05
-4.21947e-06
7.69929e-06
-5.64892e-06
3.58098e-06
-6.53173e-06
-8.31848e-07
-6.89498e-06
-5.28412e-06
-6.77499e-06
-9.43284e-06
-6.39081e-06
-1.25587e-05
-5.98673e-06
-1.42936e-05
-5.5999e-06
-1.50365e-05
-5.27793e-06
-1.49644e-05
-5.05941e-06
-1.43041e-05
-4.95953e-06
-1.33186e-05
-4.98957e-06
-1.21817e-05
-5.16311e-06
-1.10151e-05
-5.4834e-06
-9.9225e-06
-5.92961e-06
-8.97499e-06
-6.46096e-06
-8.18713e-06
-7.03579e-06
-7.52385e-06
-7.62492e-06
-6.93904e-06
-8.21221e-06
-6.41085e-06
-8.78636e-06
-5.95201e-06
-9.32776e-06
-5.57158e-06
-5.20169e-06
-9.80401e-06
-1.9784e-06
1.23274e-05
-3.91787e-06
9.63881e-06
-5.37902e-06
5.04222e-06
-6.25154e-06
4.07684e-08
-6.59141e-06
-4.94414e-06
-6.4461e-06
-9.57803e-06
-6.04676e-06
-1.29579e-05
-5.66608e-06
-1.46741e-05
-5.3152e-06
-1.53873e-05
-5.03e-06
-1.52495e-05
-4.83424e-06
-1.44997e-05
-4.73138e-06
-1.34214e-05
-4.72668e-06
-1.21863e-05
-4.83854e-06
-1.09032e-05
-5.0879e-06
-9.67306e-06
-5.47498e-06
-8.58782e-06
-5.96923e-06
-7.69282e-06
-6.52542e-06
-6.96761e-06
-7.10701e-06
-6.35738e-06
-7.69383e-06
-5.82397e-06
-8.27569e-06
-5.3702e-06
-8.83535e-06
-5.01122e-06
-4.69359e-06
-9.34356e-06
-1.63847e-06
1.39661e-05
-3.37499e-06
1.13754e-05
-4.79953e-06
6.46685e-06
-5.65822e-06
8.99551e-07
-5.9909e-06
-4.61137e-06
-5.86875e-06
-9.70009e-06
-5.53307e-06
-1.32934e-05
-5.20303e-06
-1.50041e-05
-4.92731e-06
-1.56629e-05
-4.72469e-06
-1.5452e-05
-4.59471e-06
-1.46296e-05
-4.52508e-06
-1.34909e-05
-4.5119e-06
-1.21994e-05
-4.5727e-06
-1.08423e-05
-4.74268e-06
-9.50303e-06
-5.04887e-06
-8.28161e-06
-5.48314e-06
-7.25852e-06
-6.00452e-06
-6.44621e-06
-6.56814e-06
-5.79376e-06
-7.14636e-06
-5.24568e-06
-7.72715e-06
-4.78919e-06
-8.29644e-06
-4.44254e-06
-4.16757e-06
-8.82224e-06
-1.2204e-06
1.51864e-05
-2.654e-06
1.28091e-05
-3.89085e-06
7.70375e-06
-4.70443e-06
1.7132e-06
-5.02404e-06
-4.2917e-06
-4.9442e-06
-9.77987e-06
-4.73911e-06
-1.34985e-05
-4.5241e-06
-1.5219e-05
-4.38574e-06
-1.58012e-05
-4.32504e-06
-1.55127e-05
-4.31254e-06
-1.46421e-05
-4.32018e-06
-1.34832e-05
-4.3349e-06
-1.21847e-05
-4.3693e-06
-1.08079e-05
-4.46463e-06
-9.40771e-06
-4.67316e-06
-8.0731e-06
-5.02032e-06
-6.91139e-06
-5.48327e-06
-5.98331e-06
-6.0129e-06
-5.26417e-06
-6.57084e-06
-4.68779e-06
-7.13967e-06
-4.22065e-06
-7.70627e-06
-3.8754e-06
-3.63094e-06
-8.24335e-06
-7.1507e-07
1.59016e-05
-1.75344e-06
1.38475e-05
-2.69485e-06
8.64518e-06
-3.38648e-06
2.40484e-06
-3.65925e-06
-4.0189e-06
-3.6492e-06
-9.7899e-06
-3.60535e-06
-1.35423e-05
-3.5935e-06
-1.52309e-05
-3.66772e-06
-1.5727e-05
-3.8079e-06
-1.53725e-05
-3.96116e-06
-1.44888e-05
-4.08832e-06
-1.33561e-05
-4.17033e-06
-1.21027e-05
-4.2132e-06
-1.07651e-05
-4.25547e-06
-9.36552e-06
-4.36322e-06
-7.96544e-06
-4.59849e-06
-6.67623e-06
-4.97396e-06
-5.60795e-06
-5.4488e-06
-4.78947e-06
-5.97233e-06
-4.16438e-06
-6.51729e-06
-3.67562e-06
-7.07056e-06
-3.32289e-06
-3.09899e-06
-7.60241e-06
-1.78789e-07
1.60802e-05
-7.50781e-07
1.44194e-05
-1.33144e-06
9.2258e-06
-1.80398e-06
2.87736e-06
-1.95758e-06
-3.86533e-06
-2.02681e-06
-9.7207e-06
-2.20568e-06
-1.33635e-05
-2.46574e-06
-1.49708e-05
-2.80511e-06
-1.53876e-05
-3.18087e-06
-1.49968e-05
-3.5277e-06
-1.41421e-05
-3.80195e-06
-1.3082e-05
-3.98343e-06
-1.19214e-05
-4.07223e-06
-1.06765e-05
-4.09673e-06
-9.34116e-06
-4.12152e-06
-7.94081e-06
-4.23307e-06
-6.56486e-06
-4.49085e-06
-5.35035e-06
-4.88341e-06
-4.39708e-06
-5.3553e-06
-3.6927e-06
-5.86378e-06
-3.16752e-06
-6.38974e-06
-2.79647e-06
-2.58097e-06
-6.90825e-06
3.33921e-07
1.57464e-05
2.16073e-07
1.45373e-05
-1.40948e-08
9.45592e-06
-1.31822e-07
2.99503e-06
-7.98646e-08
-3.91735e-06
-2.43339e-07
-9.55729e-06
-7.09196e-07
-1.28977e-05
-1.26353e-06
-1.44166e-05
-1.87375e-06
-1.47775e-05
-2.48089e-06
-1.43898e-05
-3.0169e-06
-1.36062e-05
-3.44108e-06
-1.26579e-05
-3.73698e-06
-1.16256e-05
-3.90165e-06
-1.0512e-05
-3.95014e-06
-9.29287e-06
-3.93023e-06
-7.96093e-06
-3.9302e-06
-6.56511e-06
-4.0493e-06
-5.23148e-06
-4.32913e-06
-4.11751e-06
-4.7285e-06
-3.29354e-06
-5.18749e-06
-2.70859e-06
-5.67596e-06
-2.30899e-06
-2.0925e-06
-6.16458e-06
7.2627e-07
1.50199e-05
1.04814e-06
1.42153e-05
1.23566e-06
9.26832e-06
1.48127e-06
2.74933e-06
1.64871e-06
-4.08488e-06
1.35351e-06
-9.2622e-06
7.05757e-07
-1.225e-05
-1.15922e-07
-1.3595e-05
-9.67382e-07
-1.39262e-05
-1.76408e-06
-1.35932e-05
-2.45006e-06
-1.29204e-05
-2.99737e-06
-1.21108e-05
-3.3987e-06
-1.12245e-05
-3.65214e-06
-1.02587e-05
-3.76062e-06
-9.18462e-06
-3.7472e-06
-7.97458e-06
-3.67707e-06
-6.63549e-06
-3.66074e-06
-5.24806e-06
-3.79864e-06
-3.97986e-06
-4.09922e-06
-2.99325e-06
-4.49451e-06
-2.31387e-06
-4.93411e-06
-1.86907e-06
-1.63962e-06
-5.38777e-06
9.59397e-07
1.40606e-05
1.59894e-06
1.35757e-05
2.14012e-06
8.72706e-06
2.74393e-06
2.14543e-06
2.96751e-06
-4.30856e-06
2.60075e-06
-8.89555e-06
1.82457e-06
-1.1474e-05
8.37356e-07
-1.2608e-05
-1.83211e-07
-1.29058e-05
-1.09811e-06
-1.26785e-05
-1.86441e-06
-1.21543e-05
-2.47956e-06
-1.14959e-05
-2.95065e-06
-1.07536e-05
-3.28115e-06
-9.92845e-06
-3.46727e-06
-8.99872e-06
-3.50841e-06
-7.93368e-06
-3.43202e-06
-6.71211e-06
-3.32215e-06
-5.35817e-06
-3.31043e-06
-3.99185e-06
-3.48141e-06
-2.82255e-06
-3.79612e-06
-1.99923e-06
-4.18024e-06
-1.48592e-06
-1.23186e-06
-4.58803e-06
1.04169e-06
1.30188e-05
1.87351e-06
1.27438e-05
2.68089e-06
7.91964e-06
3.51227e-06
1.31399e-06
3.78067e-06
-4.57702e-06
3.35504e-06
-8.46998e-06
2.48203e-06
-1.06011e-05
1.4249e-06
-1.15509e-05
3.68471e-07
-1.18494e-05
-5.54292e-07
-1.17558e-05
-1.31016e-06
-1.13985e-05
-1.91811e-06
-1.0888e-05
-2.40053e-06
-1.02713e-05
-2.76896e-06
-9.56017e-06
-3.02012e-06
-8.74771e-06
-3.14009e-06
-7.81386e-06
-3.12158e-06
-6.73077e-06
-2.99695e-06
-5.48296e-06
-2.87375e-06
-4.11519e-06
-2.89826e-06
-2.79822e-06
-3.11307e-06
-1.78478e-06
-3.4319e-06
-1.16653e-06
-8.73939e-07
-3.79022e-06
9.89387e-07
1.20294e-05
1.86282e-06
1.18703e-05
2.78949e-06
6.99291e-06
3.76152e-06
3.41888e-07
3.98618e-06
-4.80174e-06
3.4752e-06
-7.95908e-06
2.56469e-06
-9.69063e-06
1.55316e-06
-1.05395e-05
6.08827e-07
-1.09052e-05
-1.92826e-07
-1.09543e-05
-8.4295e-07
-1.07485e-05
-1.36541e-06
-1.03657e-05
-1.79005e-06
-9.84682e-06
-2.13541e-06
-9.21495e-06
-2.40495e-06
-8.47831e-06
-2.5859e-06
-7.63306e-06
-2.65469e-06
-6.66213e-06
-2.59786e-06
-5.53994e-06
-2.4575e-06
-4.25572e-06
-2.37068e-06
-2.88519e-06
-2.47081e-06
-1.68459e-06
-2.71701e-06
-9.21206e-07
-5.78054e-07
-3.01305e-06
8.21849e-07
1.12074e-05
1.5661e-06
1.11259e-05
2.39909e-06
6.15975e-06
3.36521e-06
-6.24402e-07
3.41786e-06
-4.85456e-06
2.85496e-06
-7.39636e-06
2.04573e-06
-8.88159e-06
1.2426e-06
-9.73654e-06
5.42778e-07
-1.02056e-05
-3.6389e-08
-1.03753e-05
-5.02714e-07
-1.02824e-05
-8.77884e-07
-9.99077e-06
-1.186e-06
-9.53895e-06
-1.44536e-06
-8.95586e-06
-1.66585e-06
-8.25809e-06
-1.84587e-06
-7.45332e-06
-1.96935e-06
-6.53893e-06
-2.00942e-06
-5.50015e-06
-1.95231e-06
-4.31312e-06
-1.85727e-06
-2.98051e-06
-1.89146e-06
-1.65097e-06
-2.08738e-06
-7.2524e-07
-3.30556e-07
-2.33525e-06
6.08867e-07
1.09609e-06
1.48417e-06
2.07279e-06
1.97753e-06
1.55763e-06
1.07379e-06
6.41435e-07
2.7982e-07
-1.86188e-08
-2.6013e-07
-4.54969e-07
-6.15407e-07
-7.51687e-07
-8.71768e-07
-9.80419e-07
-1.07739e-06
-1.15571e-06
-1.20672e-06
-1.24283e-06
-1.33148e-06
-1.49917e-06
-1.65279e-06
4.50593e-05
-3.10535e-06
4.87483e-05
-3.68886e-06
5.31343e-05
-4.38607e-06
-5.46986e-06
5.86042e-05
3.90433e-05
-6.37293e-06
4.1944e-05
-6.58965e-06
4.46329e-05
-7.07486e-06
-8.52592e-06
4.76889e-05
2.48843e-05
-8.00049e-06
2.54502e-05
-7.15548e-06
2.43515e-05
-5.97625e-06
-6.98417e-06
2.28098e-05
2.33602e-06
-6.87248e-06
-9.92131e-07
-3.82742e-06
-5.53258e-06
-1.43581e-06
-3.67218e-06
-8.84457e-06
-9.11196e-06
-5.9017e-06
-8.92125e-06
-4.01813e-06
-7.13832e-06
-3.21877e-06
-5.15335e-06
-5.65718e-06
-1.60967e-06
-6.96415e-06
1.02213e-06
-6.64997e-06
4.14656e-06
-6.34325e-06
-6.28963e-06
5.28281e-06
8.08263e-06
-7.62101e-06
9.47823e-06
-8.04556e-06
1.11467e-05
-8.01171e-06
-7.79033e-06
1.26474e-05
1.49621e-05
-7.42508e-06
1.55348e-05
-8.61682e-06
1.71483e-05
-9.62425e-06
-1.01934e-05
1.95523e-05
2.31335e-05
-7.11374e-07
1.5579e-05
-1.06193e-06
1.69882e-05
-1.10325e-05
-1.72453e-05
2.4041e-05
4.1582e-05
-4.03826e-06
4.36737e-05
-3.15345e-06
3.77675e-05
-5.12499e-06
-8.29948e-06
2.88222e-05
6.98056e-05
-4.47006e-06
7.01075e-05
-3.45398e-06
6.79349e-05
-2.95143e-06
-2.79378e-06
6.24301e-05
6.03097e-05
-3.83617e-06
5.90795e-05
-2.2237e-06
5.71632e-05
-1.03342e-06
-2.85993e-07
5.46563e-05
3.16582e-05
-2.54481e-06
3.04841e-05
-1.04795e-06
2.96091e-05
-1.57904e-07
8.67803e-07
2.84562e-05
3.61859e-06
1.11078e-06
-3.36781e-07
2.90706e-06
-4.42939e-06
3.93566e-06
4.49659e-06
-8.05782e-06
-2.18962e-05
4.32598e-06
-2.44495e-05
5.46133e-06
-2.64663e-05
5.95258e-06
5.36156e-06
-2.7331e-05
-2.02383e-05
5.01415e-06
-2.08075e-05
6.0303e-06
-2.13556e-05
6.50105e-06
6.08697e-06
-2.2081e-05
-1.452e-05
4.78123e-06
-1.41002e-05
5.61097e-06
-1.36301e-05
6.03087e-06
5.90583e-06
-1.34489e-05
-9.18493e-06
3.54444e-06
-8.00991e-06
4.43587e-06
-6.92053e-06
4.94166e-06
5.05007e-06
-6.06475e-06
-6.25376e-06
1.49156e-06
-4.35811e-06
2.54044e-06
-2.70152e-06
3.28506e-06
3.68609e-06
-1.33743e-06
-6.00074e-06
-5.8485e-07
-3.83968e-06
3.79297e-07
-1.79447e-06
1.2401e-06
1.89895e-06
-7.25377e-09
-8.05653e-06
-2.00314e-06
-6.35832e-06
-1.3186e-06
-4.49303e-06
-6.25138e-07
8.99647e-09
-2.60285e-06
-1.03504e-05
-2.71838e-06
-9.43288e-06
-2.23622e-06
-8.29656e-06
-1.76103e-06
-1.34266e-06
-6.94474e-06
-1.16313e-05
-2.96588e-06
-1.12427e-05
-2.6242e-06
-1.0703e-05
-2.30069e-06
-2.02517e-06
-1.00202e-05
-1.18886e-05
-2.98425e-06
-1.17926e-05
-2.72054e-06
-1.16115e-05
-2.48129e-06
-2.2861e-06
-1.13504e-05
-1.16885e-05
-2.91778e-06
-1.17087e-05
-2.69982e-06
-1.16836e-05
-2.50645e-06
-2.35333e-06
-1.16161e-05
-1.13747e-05
-2.81943e-06
-1.1443e-05
-2.63201e-06
-1.14812e-05
-2.46768e-06
-2.34063e-06
-1.14938e-05
-1.10603e-05
-2.69943e-06
-1.11539e-05
-2.5375e-06
-1.12254e-05
-2.39642e-06
-2.28973e-06
-1.12759e-05
-1.07301e-05
-2.55913e-06
-1.08487e-05
-2.41969e-06
-1.09454e-05
-2.29912e-06
-2.21159e-06
-1.10236e-05
-1.03799e-05
-2.39731e-06
-1.05194e-05
-2.27933e-06
-1.06401e-05
-2.17878e-06
-2.10965e-06
-1.07418e-05
-9.98555e-06
-2.21573e-06
-1.0148e-05
-2.11765e-06
-1.02907e-05
-2.03542e-06
-1.98431e-06
-1.04161e-05
-9.54301e-06
-2.01598e-06
-9.72282e-06
-1.93664e-06
-9.88635e-06
-1.87216e-06
-1.8378e-06
-1.00326e-05
-9.0353e-06
-1.80296e-06
-9.23197e-06
-1.74097e-06
-9.4115e-06
-1.69205e-06
-1.67323e-06
-9.5762e-06
-8.46524e-06
-1.58125e-06
-8.66978e-06
-1.53549e-06
-8.86104e-06
-1.50141e-06
-1.496e-06
-9.03815e-06
-7.82604e-06
-1.35782e-06
-8.03543e-06
-1.3273e-06
-8.23058e-06
-1.30587e-06
-1.312e-06
-8.41482e-06
-7.12864e-06
-1.13747e-06
-7.33324e-06
-1.12175e-06
-7.52677e-06
-1.11305e-06
-1.12851e-06
-7.71022e-06
-6.37553e-06
-9.27002e-07
-6.57301e-06
-9.25806e-07
-6.75692e-06
-9.28943e-07
-9.52451e-07
-6.93341e-06
-5.58585e-06
-7.29477e-07
-5.76788e-06
-7.43129e-07
-5.93798e-06
-7.59863e-07
-7.90623e-07
-6.09991e-06
-4.76803e-06
-5.49885e-07
-4.93467e-06
-5.77978e-07
-5.08471e-06
-6.09621e-07
-6.48757e-07
-5.22696e-06
-3.94997e-06
-3.90178e-07
-4.09415e-06
-4.32812e-07
-4.2222e-06
-4.82338e-07
-5.32195e-07
-4.33879e-06
-3.14605e-06
-2.57503e-07
-3.26889e-06
-3.11449e-07
-3.37101e-06
-3.79941e-07
-4.44075e-07
-3.45942e-06
-2.43436e-06
-1.58786e-07
-2.51569e-06
-2.29304e-07
-2.57232e-06
-3.23882e-07
-4.10282e-07
-2.60638e-06
-1.68861e-06
-1.70263e-06
-1.69109e-06
-1.66155e-06
6.50934e-05
-2.12782e-05
6.47929e-05
-2.33357e-05
5.91758e-05
-1.61506e-05
4.59197e-05
-1.99856e-06
3.22676e-05
-2.677e-06
2.81628e-05
-7.20853e-06
2.97924e-05
1.78627e-06
3.23353e-05
7.49107e-06
3.29922e-05
7.19607e-06
2.72707e-05
1.35243e-05
2.20169e-05
1.74618e-05
1.85268e-05
2.37236e-05
1.67779e-05
2.70002e-05
1.33135e-05
1.63614e-05
7.70524e-06
4.0056e-06
1.26102e-06
8.53718e-06
-4.72722e-06
5.13192e-06
-4.50941e-06
-7.66911e-06
6.70746e-06
5.25707e-05
-2.61599e-05
5.32551e-05
-2.40202e-05
4.27715e-05
-5.66692e-06
2.46958e-05
1.60772e-05
1.75869e-05
4.43188e-06
1.70789e-05
-6.70051e-06
2.14611e-05
-2.59595e-06
2.62441e-05
2.70814e-06
2.65718e-05
6.86837e-06
1.96663e-05
2.04299e-05
1.46048e-05
2.25232e-05
1.30577e-05
2.52707e-05
1.16048e-05
2.84532e-05
4.16972e-06
2.37965e-05
-5.07466e-06
1.325e-05
-6.36019e-06
9.82273e-06
-7.22399e-06
5.99575e-06
-1.11349e-05
-3.75824e-06
-4.42736e-06
2.11897e-05
-2.45399e-05
1.63618e-05
-1.91922e-05
5.70619e-06
4.98872e-06
4.57149e-06
1.72119e-05
9.34896e-06
-3.45568e-07
1.0754e-05
-8.10548e-06
1.25695e-05
-4.41144e-06
1.76706e-05
-2.39296e-06
1.92971e-05
5.24193e-06
1.70901e-05
2.26369e-05
1.31911e-05
2.64224e-05
1.07317e-05
2.773e-05
9.83468e-06
2.93503e-05
6.09621e-06
2.7535e-05
6.9018e-08
1.92773e-05
-8.97146e-07
1.07889e-05
1.54701e-07
4.94392e-06
-3.1694e-06
-4.34079e-07
-7.59676e-06
-9.61246e-06
-2.3772e-05
-6.0569e-06
-2.27478e-05
-1.1603e-06
9.20802e-08
7.57616e-06
8.47544e-06
9.61021e-06
-2.37959e-06
8.54313e-06
-7.03839e-06
5.79771e-06
-1.666e-06
8.30429e-06
-4.89951e-06
1.32879e-05
2.58383e-07
1.58968e-05
2.0028e-05
1.39057e-05
2.84135e-05
1.28215e-05
2.88144e-05
1.22436e-05
2.99282e-05
1.27786e-05
2.70001e-05
1.18364e-05
2.02195e-05
8.36123e-06
1.42641e-05
5.78819e-06
7.51701e-06
4.63708e-06
7.17025e-07
-2.95966e-06
-7.3074e-06
-2.21218e-05
-5.1673e-06
-2.4888e-05
5.42783e-06
-1.05031e-05
1.53606e-05
-1.45733e-06
1.579e-05
-2.80908e-06
1.55188e-05
-6.76714e-06
1.46121e-05
-7.59297e-07
1.07547e-05
-1.04211e-06
1.06216e-05
3.91474e-07
1.40577e-05
1.65919e-05
1.47568e-05
2.77144e-05
1.62693e-05
2.73019e-05
1.83569e-05
2.78406e-05
1.89035e-05
2.64536e-05
1.78448e-05
2.12782e-05
1.39573e-05
1.81516e-05
8.20567e-06
1.32686e-05
5.90534e-06
3.01735e-06
2.94564e-06
2.27773e-06
-1.91168e-05
7.87384e-07
-2.33977e-05
8.18033e-06
-1.78961e-05
1.7403e-05
-1.06801e-05
2.17254e-05
-7.13154e-06
2.08901e-05
-5.93198e-06
2.2056e-05
-1.92517e-06
1.87265e-05
2.28739e-06
1.43468e-05
4.77109e-06
1.54697e-05
1.5469e-05
1.95631e-05
2.3621e-05
2.29193e-05
2.39457e-05
2.52569e-05
2.55029e-05
2.57979e-05
2.59126e-05
2.32072e-05
2.38688e-05
1.90888e-05
2.22701e-05
1.28987e-05
1.94587e-05
7.41619e-06
8.4998e-06
1.03618e-05
1.15657e-05
-1.8035e-05
7.72217e-06
-1.95541e-05
1.02859e-05
-2.04597e-05
1.674e-05
-1.71341e-05
2.18469e-05
-1.22385e-05
2.33597e-05
-7.44492e-06
2.46461e-05
-3.21161e-06
2.54809e-05
1.4525e-06
2.36082e-05
6.64383e-06
2.4972e-05
1.41051e-05
2.96229e-05
1.897e-05
3.26618e-05
2.09067e-05
3.3979e-05
2.41857e-05
3.31261e-05
2.67654e-05
2.93492e-05
2.76456e-05
2.42716e-05
2.73477e-05
1.8455e-05
2.52752e-05
9.00128e-06
1.79535e-05
1.93631e-05
1.9418e-05
-1.78993e-05
1.48348e-05
-1.49675e-05
1.47319e-05
-2.03563e-05
1.93287e-05
-2.17306e-05
2.30353e-05
-1.59446e-05
2.52972e-05
-9.70682e-06
2.76557e-05
-5.57011e-06
2.95545e-05
-4.46372e-07
3.20372e-05
4.16109e-06
3.6208e-05
9.93426e-06
4.04562e-05
1.47217e-05
4.22721e-05
1.90909e-05
4.20493e-05
2.44085e-05
3.96262e-05
2.91886e-05
3.503e-05
3.22419e-05
3.01105e-05
3.22672e-05
2.34938e-05
3.1892e-05
1.04064e-05
3.1041e-05
2.97695e-05
2.41257e-05
-1.79827e-05
1.80642e-06
7.35266e-06
-5.91985e-06
-1.26298e-05
1.73008e-05
-4.49508e-05
2.89258e-05
-2.75686e-05
3.5875e-05
-1.66551e-05
3.97911e-05
-9.4854e-06
4.04718e-05
-1.12699e-06
4.30037e-05
1.62914e-06
4.70997e-05
5.83819e-06
5.033e-05
1.14914e-05
5.0586e-05
1.8835e-05
4.84592e-05
2.65354e-05
4.46299e-05
3.30179e-05
3.89101e-05
3.79616e-05
3.26646e-05
3.85127e-05
2.37189e-05
4.08378e-05
1.0045e-05
4.4715e-05
3.98145e-05
3.43063e-05
-2.34666e-05
5.325e-05
-1.15926e-05
4.99871e-05
-9.3663e-06
2.02974e-05
-1.52608e-05
1.41607e-05
-2.14325e-05
4.19222e-05
-4.44156e-05
4.98117e-05
-1.73689e-05
5.19962e-05
-3.31086e-06
5.74621e-05
-3.83574e-06
6.1706e-05
1.59497e-06
6.38322e-05
9.36528e-06
6.188e-05
2.07867e-05
5.68852e-05
3.15291e-05
5.05982e-05
3.93037e-05
4.26806e-05
4.58777e-05
2.74099e-05
5.37818e-05
1.51854e-05
5.30618e-05
8.54774e-06
5.13526e-05
4.83623e-05
5.48168e-05
-1.58524e-05
6.30914e-05
-1.9866e-05
7.52609e-05
-2.15348e-05
8.29386e-05
-2.29383e-05
8.18129e-05
-2.03074e-05
5.88095e-05
-2.14133e-05
4.2602e-05
-1.16218e-06
7.25274e-05
-3.32355e-05
8.01162e-05
-1.14226e-05
8.08891e-05
8.23366e-07
7.81964e-05
1.20572e-05
7.25293e-05
2.64521e-05
6.56147e-05
3.84443e-05
5.24093e-05
5.25096e-05
3.95489e-05
5.87375e-05
1.54503e-05
7.78792e-05
3.8458e-06
6.4668e-05
5.8494e-06
4.93491e-05
5.42105e-05
4.83068e-05
-9.50159e-06
4.65211e-05
-1.80791e-05
4.89566e-05
-2.39691e-05
5.23714e-05
-2.6352e-05
5.9385e-05
-2.73202e-05
6.33564e-05
-2.53849e-05
7.76228e-05
-1.54334e-05
6.68169e-05
-2.24287e-05
7.41876e-05
-1.87937e-05
6.33134e-05
1.1698e-05
3.14978e-05
4.38725e-05
5.68645e-06
5.2262e-05
-6.51096e-06
5.06422e-05
-7.01766e-06
5.3019e-05
-6.61428e-06
5.83381e-05
-1.29014e-07
7.13963e-05
-1.72156e-06
6.6256e-05
-1.47885e-07
4.77736e-05
5.40605e-05
2.0385e-05
-1.42945e-06
1.35673e-05
-1.12606e-05
9.1662e-06
-1.95672e-05
6.74319e-06
-2.39281e-05
5.35416e-06
-2.59302e-05
3.84163e-06
-2.38713e-05
2.49574e-06
-1.40864e-05
-9.09956e-06
-1.08327e-05
-3.21724e-05
4.27952e-06
-4.91299e-05
2.86554e-05
-4.93378e-05
4.40812e-05
-4.4537e-05
4.74638e-05
-3.9574e-05
4.56811e-05
-3.39916e-05
4.74388e-05
-2.87493e-05
5.30995e-05
-1.83795e-05
6.10314e-05
-1.07286e-05
5.86078e-05
-8.32719e-06
4.53744e-05
4.57326e-05
-1.47749e-05
5.28801e-06
-1.64453e-05
-9.58988e-06
-1.74783e-05
-1.85338e-05
-2.1718e-05
-1.96878e-05
-2.76755e-05
-1.99721e-05
-3.54853e-05
-1.60608e-05
-4.33561e-05
-6.21507e-06
-5.88022e-05
4.61336e-06
-7.26132e-05
1.80912e-05
-7.75205e-05
3.35636e-05
-7.19466e-05
3.8509e-05
-6.20474e-05
3.7568e-05
-5.33975e-05
3.70343e-05
-4.74301e-05
4.14729e-05
-4.27788e-05
4.84496e-05
-3.38184e-05
5.20743e-05
-2.27209e-05
4.75189e-05
-1.69015e-05
3.95588e-05
2.88333e-05
-2.84757e-05
6.43271e-06
-2.98561e-05
-8.20935e-06
-3.278e-05
-1.56099e-05
-3.78172e-05
-1.46503e-05
-4.51372e-05
-1.26518e-05
-5.34544e-05
-7.74319e-06
-6.11845e-05
1.51535e-06
-6.99656e-05
1.33944e-05
-7.76335e-05
2.57586e-05
-7.7378e-05
3.33081e-05
-7.23599e-05
3.34907e-05
-6.57113e-05
3.09186e-05
-6.01045e-05
3.1426e-05
-5.49398e-05
3.6306e-05
-4.70947e-05
4.0602e-05
-3.65089e-05
4.14863e-05
-2.65424e-05
3.75505e-05
-1.61244e-05
2.91399e-05
1.27088e-05
-2.53366e-05
9.68824e-06
-3.10925e-05
-2.4534e-06
-3.61627e-05
-1.05396e-05
-4.09016e-05
-9.91125e-06
-4.72359e-05
-6.31738e-06
-5.44466e-05
-5.32197e-07
-6.09559e-05
8.02476e-06
-6.60822e-05
1.85205e-05
-6.87819e-05
2.84579e-05
-6.77003e-05
3.22261e-05
-6.38418e-05
2.96316e-05
-5.90797e-05
2.61554e-05
-5.42585e-05
2.66034e-05
-4.84071e-05
3.04529e-05
-4.17913e-05
3.39843e-05
-3.29808e-05
3.26736e-05
-2.28194e-05
2.73871e-05
-7.62407e-06
1.39427e-05
5.08382e-06
-1.52754e-05
1.15148e-05
-2.27565e-05
5.0277e-06
-3.06168e-05
-2.67926e-06
-3.58026e-05
-4.72541e-06
-3.98483e-05
-2.27161e-06
-4.5229e-05
4.84863e-06
-5.01976e-05
1.29935e-05
-5.30635e-05
2.13864e-05
-5.31796e-05
2.85737e-05
-5.15943e-05
3.06405e-05
-4.84834e-05
2.65203e-05
-4.34233e-05
2.10947e-05
-3.6729e-05
1.99083e-05
-3.02102e-05
2.39332e-05
-2.60994e-05
2.98722e-05
-2.22207e-05
2.87937e-05
-1.44598e-05
1.96249e-05
-5.25457e-07
6.85446e-09
4.55787e-06
-5.23009e-06
1.06801e-05
-9.25647e-06
9.05414e-06
-1.71274e-05
5.19171e-06
-2.36903e-05
1.83767e-06
-2.77512e-05
1.78942e-06
-3.09815e-05
8.07904e-06
-3.40428e-05
1.60549e-05
-3.54283e-05
2.27721e-05
-3.42157e-05
2.73612e-05
-3.16492e-05
2.80741e-05
-2.83506e-05
2.32217e-05
-2.33555e-05
1.60996e-05
-1.69508e-05
1.35034e-05
-1.07861e-05
1.77682e-05
-8.36256e-06
2.74484e-05
-8.09635e-06
2.85271e-05
-3.38213e-06
1.49101e-05
3.14225e-06
-6.51801e-06
7.69985e-06
8.81575e-07
8.46125e-06
1.50921e-07
9.78495e-06
-3.36808e-06
8.71088e-06
-8.62158e-06
7.09136e-06
-1.31804e-05
6.34842e-06
-1.54085e-05
1.03074e-05
-1.65601e-05
1.72066e-05
-1.65737e-05
2.27858e-05
-1.51521e-05
2.59399e-05
-1.24447e-05
2.5367e-05
-9.30294e-06
2.00801e-05
-6.61928e-06
1.34162e-05
-2.86056e-06
9.74498e-06
1.14325e-06
1.37646e-05
3.3243e-06
2.52675e-05
2.75485e-06
2.90967e-05
4.86619e-06
1.27989e-05
2.72382e-06
-4.37576e-06
1.04238e-05
3.50825e-06
4.94597e-06
5.34827e-06
7.94519e-06
5.13458e-06
8.92484e-06
3.25091e-06
8.97529e-06
2.94786e-07
9.30479e-06
-1.63986e-06
1.22423e-05
-1.54021e-06
1.71072e-05
-2.6687e-07
2.15128e-05
1.83842e-06
2.38349e-05
4.22681e-06
2.29789e-05
5.81817e-06
1.84892e-05
5.22118e-06
1.40136e-05
5.4265e-06
9.54011e-06
6.65109e-06
1.25405e-05
7.55357e-06
2.43655e-05
7.42012e-06
2.92306e-05
8.16959e-06
1.20497e-05
1.73318e-06
2.06103e-06
1.21572e-05
1.49108e-06
8.5232e-07
5.26148e-06
4.1751e-06
7.65406e-06
6.53258e-06
8.46274e-06
8.16692e-06
8.03883e-06
9.72899e-06
7.7334e-06
1.2548e-05
8.74401e-06
1.60969e-05
1.08277e-05
1.94294e-05
1.32574e-05
2.14055e-05
1.5147e-05
2.10896e-05
1.53595e-05
1.82772e-05
1.38376e-05
1.5536e-05
1.09375e-05
1.24406e-05
9.39854e-06
1.408e-05
7.81796e-06
2.59465e-05
7.064e-06
2.9985e-05
6.59883e-06
1.25154e-05
5.85068e-07
8.07535e-06
1.27426e-05
-3.54045e-06
-2.5516e-06
4.696e-07
1.6542e-07
4.05431e-06
2.94823e-06
6.82504e-06
5.39655e-06
8.67959e-06
7.87478e-06
1.03387e-05
1.08893e-05
1.23168e-05
1.4119e-05
1.47826e-05
1.69639e-05
1.73272e-05
1.88613e-05
1.92097e-05
1.92075e-05
1.92061e-05
1.82812e-05
1.75591e-05
1.71834e-05
1.37472e-05
1.62531e-05
9.94117e-06
1.78866e-05
7.1143e-06
2.87739e-05
5.43647e-06
3.16633e-05
3.12814e-06
1.48243e-05
-3.99193e-10
1.12044e-05
1.27427e-05
-8.22329e-06
-4.34819e-06
-5.56109e-06
-2.4964e-06
-2.37249e-06
-2.39996e-07
7.87681e-07
2.23673e-06
3.80919e-06
4.85361e-06
6.83023e-06
7.86858e-06
9.84623e-06
1.11033e-05
1.28062e-05
1.40043e-05
1.55383e-05
1.61296e-05
1.74394e-05
1.73068e-05
1.79112e-05
1.78098e-05
1.67744e-05
1.83206e-05
1.37378e-05
1.92902e-05
9.26496e-06
2.23599e-05
6.39662e-06
3.16427e-05
4.46189e-06
3.35985e-05
1.36577e-06
1.79208e-05
-4.15331e-07
1.29862e-05
1.23275e-05
-1.06137e-05
-5.08453e-06
-9.4005e-06
-3.70924e-06
-7.54058e-06
-2.09954e-06
-5.17154e-06
-1.31942e-07
-2.45484e-06
2.13727e-06
6.40555e-07
4.77353e-06
4.06441e-06
7.67984e-06
7.45287e-06
1.06162e-05
1.04126e-05
1.31703e-05
1.25266e-05
1.51931e-05
1.34772e-05
1.68597e-05
1.30743e-05
1.87239e-05
1.11795e-05
2.11855e-05
7.87619e-06
2.56637e-05
5.95064e-06
3.35687e-05
4.91163e-06
3.4638e-05
1.83911e-06
2.09939e-05
-2.38952e-07
1.50646e-05
1.20891e-05
-1.1396e-05
-5.30428e-06
-1.09069e-05
-4.19806e-06
-1.00647e-05
-2.94132e-06
-8.72505e-06
-1.47126e-06
-6.89912e-06
3.11669e-07
-4.56382e-06
2.43857e-06
-1.74791e-06
4.86426e-06
1.38875e-06
7.47988e-06
4.43133e-06
1.01281e-05
6.85787e-06
1.2767e-05
8.29577e-06
1.54222e-05
8.60131e-06
1.84188e-05
7.68211e-06
2.21051e-05
5.96173e-06
2.73845e-05
5.30167e-06
3.42292e-05
5.65142e-06
3.42886e-05
2.99167e-06
2.3654e-05
7.18096e-07
1.7339e-05
1.28072e-05
-1.14823e-05
-5.31539e-06
-1.12911e-05
-4.38886e-06
-1.08801e-05
-3.35196e-06
-1.01828e-05
-2.16823e-06
-9.10678e-06
-7.64076e-07
-7.58469e-06
9.1679e-07
-5.59314e-06
2.87305e-06
-3.20539e-06
5.09246e-06
-6.44876e-07
7.5679e-06
1.73706e-06
1.03854e-05
3.53972e-06
1.36199e-05
4.48244e-06
1.74765e-05
4.4916e-06
2.20964e-05
4.06644e-06
2.78101e-05
4.48887e-06
3.38072e-05
5.5726e-06
3.32053e-05
4.02545e-06
2.52017e-05
1.86087e-06
1.95037e-05
1.46687e-05
-1.13589e-05
-5.23222e-06
-1.12932e-05
-4.45424e-06
-1.10595e-05
-3.58539e-06
-1.06344e-05
-2.59299e-06
-9.96319e-06
-1.435e-06
-8.98755e-06
-5.85644e-08
-7.66876e-06
1.55455e-06
-6.01062e-06
3.43463e-06
-4.10403e-06
5.66164e-06
-2.116e-06
8.39774e-06
-3.20734e-07
1.1825e-05
1.04347e-06
1.61127e-05
1.87823e-06
2.12621e-05
2.48609e-06
2.72027e-05
3.70487e-06
3.25888e-05
5.13583e-06
3.17747e-05
4.31765e-06
2.60201e-05
2.37594e-06
2.14462e-05
1.70446e-05
-1.11689e-05
-5.08658e-06
-1.11774e-05
-4.44549e-06
-1.10379e-05
-3.72452e-06
-1.07388e-05
-2.89187e-06
-1.02621e-05
-1.91143e-06
-9.58857e-06
-7.31852e-07
-8.69982e-06
6.66067e-07
-7.5876e-06
2.32269e-06
-6.26239e-06
4.33673e-06
-4.7603e-06
6.89597e-06
-3.18338e-06
1.02485e-05
-1.65739e-06
1.45871e-05
-2.34911e-07
1.984e-05
1.2026e-06
2.57656e-05
2.9717e-06
3.08201e-05
4.47641e-06
3.02704e-05
4.08316e-06
2.64138e-05
2.36231e-06
2.31671e-05
1.94074e-05
-1.09415e-05
-4.88668e-06
-1.10098e-05
-4.37694e-06
-1.09359e-05
-3.79827e-06
-1.07165e-05
-3.11102e-06
-1.03545e-05
-2.27319e-06
-9.84753e-06
-1.23866e-06
-9.20844e-06
2.7197e-08
-8.44474e-06
1.55921e-06
-7.54608e-06
3.43832e-06
-6.47528e-06
5.82544e-06
-5.19291e-06
8.96639e-06
-3.692e-06
1.30865e-05
-1.98586e-06
1.81341e-05
1.15942e-08
2.37685e-05
2.16274e-06
2.86693e-05
3.67402e-06
2.87594e-05
3.54805e-06
2.65399e-05
2.04471e-06
2.46712e-05
2.1452e-05
-1.06693e-05
-4.63321e-06
-1.07951e-05
-4.25091e-06
-1.07843e-05
-3.80884e-06
-1.06326e-05
-3.26262e-06
-1.03486e-05
-2.55705e-06
-9.9467e-06
-1.64037e-06
-9.45123e-06
-4.68101e-07
-8.88926e-06
9.97427e-07
-8.26191e-06
2.81118e-06
-7.51738e-06
5.08113e-06
-6.54441e-06
7.99366e-06
-5.21845e-06
1.17608e-05
-3.48043e-06
1.63964e-05
-1.28134e-06
2.15697e-05
1.16226e-06
2.6226e-05
2.75144e-06
2.71705e-05
2.83316e-06
2.64587e-05
1.57084e-06
2.59333e-05
2.30233e-05
-1.03363e-05
-4.32942e-06
-1.05196e-05
-4.06748e-06
-1.05714e-05
-3.75696e-06
-1.04889e-05
-3.34501e-06
-1.02771e-05
-2.76882e-06
-9.9537e-06
-1.9637e-06
-9.5483e-06
-8.73405e-07
-9.09749e-06
5.4672e-07
-8.62189e-06
2.33571e-06
-8.09184e-06
4.55124e-06
-7.39336e-06
7.29536e-06
-6.34339e-06
1.0711e-05
-4.78286e-06
1.48361e-05
-2.61836e-06
1.94054e-05
-4.597e-08
2.36538e-05
1.71516e-06
2.54096e-05
2.02827e-06
2.61455e-05
1.06491e-06
2.68974e-05
2.4088e-05
-9.9243e-06
-3.98124e-06
-1.01618e-05
-3.82997e-06
-1.02769e-05
-3.64177e-06
-1.02657e-05
-3.35626e-06
-1.01306e-05
-2.90386e-06
-9.88359e-06
-2.21075e-06
-9.54971e-06
-1.20727e-06
-9.16536e-06
1.62418e-07
-8.76458e-06
1.93499e-06
-8.35076e-06
4.1375e-06
-7.85175e-06
6.79645e-06
-7.09347e-06
9.95286e-06
-5.84731e-06
1.35901e-05
-3.90985e-06
1.74681e-05
-1.36568e-06
2.11098e-05
5.8463e-07
2.34594e-05
1.20292e-06
2.55276e-05
6.20265e-07
2.74796e-05
2.47087e-05
-9.41996e-06
-3.59953e-06
-9.70335e-06
-3.54666e-06
-9.87833e-06
-3.46689e-06
-9.93938e-06
-3.29531e-06
-9.88607e-06
-2.95727e-06
-9.72287e-06
-2.37403e-06
-9.46203e-06
-1.46819e-06
-9.13124e-06
-1.68424e-07
-8.7639e-06
1.56762e-06
-8.38738e-06
3.76098e-06
-7.98386e-06
6.39295e-06
-7.43956e-06
9.4086e-06
-6.53535e-06
1.26859e-05
-4.95834e-06
1.58911e-05
-2.61508e-06
1.87666e-05
-6.30095e-07
2.14744e-05
3.27521e-07
2.45698e-05
2.7231e-07
2.75355e-05
2.49806e-05
-8.81672e-06
-3.19769e-06
-9.13446e-06
-3.22907e-06
-9.36051e-06
-3.24101e-06
-9.49035e-06
-3.16565e-06
-9.52145e-06
-2.92636e-06
-9.44967e-06
-2.44597e-06
-9.27511e-06
-1.6429e-06
-9.00319e-06
-4.40465e-07
-8.65664e-06
1.22096e-06
-8.26619e-06
3.37045e-06
-7.85214e-06
5.97884e-06
-7.37701e-06
8.93344e-06
-6.69853e-06
1.20074e-05
-5.5309e-06
1.47235e-05
-3.67357e-06
1.69092e-05
-1.79109e-06
1.95919e-05
-5.5625e-07
2.33352e-05
-7.53394e-09
2.69862e-05
2.49735e-05
-8.11618e-06
-2.79204e-06
-8.45272e-06
-2.89278e-06
-8.71728e-06
-2.97671e-06
-8.90895e-06
-2.97424e-06
-9.02314e-06
-2.81242e-06
-9.04935e-06
-2.42e-06
-8.97255e-06
-1.71993e-06
-8.7789e-06
-6.34325e-07
-8.46727e-06
9.09148e-07
-8.05397e-06
2.95699e-06
-7.56987e-06
5.49459e-06
-7.03398e-06
8.39743e-06
-6.40851e-06
1.13818e-05
-5.59556e-06
1.39104e-05
-4.40982e-06
1.57234e-05
-2.86985e-06
1.80519e-05
-1.41865e-06
2.18836e-05
-2.95162e-07
2.58632e-05
2.46779e-05
-7.32705e-06
-2.39863e-06
-7.66591e-06
-2.5542e-06
-7.95329e-06
-2.68961e-06
-8.19373e-06
-2.7341e-06
-8.3846e-06
-2.62183e-06
-8.51032e-06
-2.29456e-06
-8.54363e-06
-1.68689e-06
-8.45103e-06
-7.27173e-07
-8.20692e-06
6.64815e-07
-7.80371e-06
2.55357e-06
-7.26098e-06
4.95168e-06
-6.62447e-06
7.76075e-06
-5.94927e-06
1.07065e-05
-5.32299e-06
1.3284e-05
-4.69288e-06
1.50932e-05
-3.65875e-06
1.70176e-05
-2.20116e-06
2.04262e-05
-6.65966e-07
2.43274e-05
2.40123e-05
-6.46525e-06
-2.03364e-06
-6.78787e-06
-2.2319e-06
-7.08076e-06
-2.39704e-06
-7.35506e-06
-2.46012e-06
-7.61068e-06
-2.36653e-06
-7.83087e-06
-2.07467e-06
-7.9794e-06
-1.53865e-06
-8.00788e-06
-6.98957e-07
-7.86779e-06
5.24466e-07
-7.52753e-06
2.21307e-06
-6.98574e-06
4.40968e-06
-6.28833e-06
7.06313e-06
-5.53939e-06
9.95733e-06
-4.91339e-06
1.26578e-05
-4.53257e-06
1.47122e-05
-3.97459e-06
1.64595e-05
-2.79034e-06
1.92415e-05
-1.14458e-06
2.26821e-05
2.28672e-05
-5.55024e-06
-1.71055e-06
-5.84181e-06
-1.94061e-06
-6.1221e-06
-2.11706e-06
-6.41161e-06
-2.17091e-06
-6.71515e-06
-2.06329e-06
-7.01709e-06
-1.77301e-06
-7.27633e-06
-1.27968e-06
-7.43441e-06
-5.41138e-07
-7.42703e-06
5.16836e-07
-7.20019e-06
1.98601e-06
-6.72942e-06
3.93869e-06
-6.0432e-06
6.37671e-06
-5.25006e-06
9.164e-06
-4.55341e-06
1.1961e-05
-4.15117e-06
1.43098e-05
-3.87723e-06
1.61854e-05
-3.09221e-06
1.84566e-05
-1.60558e-06
2.11948e-05
2.1262e-05
-4.60517e-06
-1.44445e-06
-4.84919e-06
-1.69679e-06
-5.09905e-06
-1.86738e-06
-5.38388e-06
-1.88626e-06
-5.7119e-06
-1.73543e-06
-6.07079e-06
-1.41427e-06
-6.42371e-06
-9.26896e-07
-6.70588e-06
-2.59103e-07
-6.84586e-06
6.56698e-07
-6.77125e-06
1.9113e-06
-6.43195e-06
3.59929e-06
-5.82915e-06
5.77383e-06
-5.04881e-06
8.38359e-06
-4.28665e-06
1.11988e-05
-3.79069e-06
1.38138e-05
-3.56599e-06
1.59606e-05
-3.08555e-06
1.79759e-05
-1.83664e-06
1.99464e-05
1.94251e-05
-3.65262e-06
-1.25146e-06
-3.82601e-06
-1.52369e-06
-4.02089e-06
-1.67278e-06
-4.26848e-06
-1.63893e-06
-4.58441e-06
-1.41975e-06
-4.96193e-06
-1.03699e-06
-5.37154e-06
-5.17518e-07
-5.75503e-06
1.24164e-07
-6.04284e-06
9.44291e-07
-6.14857e-06
2.01683e-06
-5.99452e-06
3.44505e-06
-5.54508e-06
5.32421e-06
-4.84587e-06
7.6842e-06
-4.05953e-06
1.04123e-05
-3.44653e-06
1.32006e-05
-3.14171e-06
1.56556e-05
-2.78178e-06
1.76161e-05
-1.79109e-06
1.89552e-05
1.7634e-05
-2.67349e-06
-1.1847e-06
-2.73073e-06
-1.4668e-06
-2.82884e-06
-1.57501e-06
-3.0002e-06
-1.4679e-06
-3.24885e-06
-1.17142e-06
-3.58175e-06
-7.04404e-07
-3.99631e-06
-1.03258e-07
-4.42406e-06
5.5162e-07
-4.83569e-06
1.35563e-06
-5.14177e-06
2.32263e-06
-5.2364e-06
3.53941e-06
-5.03119e-06
5.11873e-06
-4.50742e-06
7.16018e-06
-3.77171e-06
9.67633e-06
-3.07007e-06
1.24987e-05
-2.65634e-06
1.52417e-05
-2.32401e-06
1.72834e-05
-1.55674e-06
1.81878e-05
1.60772e-05
-1.57763e-06
-1.50339e-06
-1.48764e-06
-1.55201e-06
-1.70688e-06
-1.94116e-06
-2.25163e-06
-2.65363e-06
-3.09865e-06
-3.53428e-06
-3.86816e-06
-3.9827e-06
-3.77843e-06
-3.24959e-06
-2.59206e-06
-2.19085e-06
-1.87465e-06
-1.27819e-06
)
;

boundaryField
{
    leftWall
    {
        type            calculated;
        value           uniform 0;
    }
    rightWall
    {
        type            calculated;
        value           uniform 0;
    }
    lowerWall
    {
        type            calculated;
        value           uniform 0;
    }
    atmosphere
    {
        type            calculated;
        value           nonuniform List<scalar> 
46
(
1.05984e-05
1.06386e-05
5.77157e-06
-1.21313e-06
-4.7594e-06
-6.97657e-06
-8.39787e-06
-9.3043e-06
-9.84409e-06
-1.0077e-05
-1.0041e-05
-9.79607e-06
-9.37866e-06
-8.81973e-06
-8.13816e-06
-7.34482e-06
-6.44212e-06
-5.42198e-06
-4.26227e-06
-2.94459e-06
-1.56244e-06
-5.57847e-07
-1.77293e-07
-1.23335e-07
-2.16274e-07
-3.35873e-07
-4.40011e-07
-1.26873e-06
-1.54116e-06
-1.59088e-06
-1.40365e-06
-1.01667e-06
-4.70228e-07
2.07097e-07
9.53516e-07
1.80054e-06
2.75815e-06
3.8732e-06
5.23317e-06
6.95581e-06
9.1474e-06
1.18411e-05
1.48404e-05
1.69671e-05
1.75913e-05
1.4799e-05
)
;
    }
    defaultFaces
    {
        type            empty;
        value           nonuniform List<scalar> 0();
    }
}


// ************************************************************************* //
