/*--------------------------------*- C++ -*----------------------------------*\
| =========                 |                                                 |
| \\      /  F ield         | OpenFOAM: The Open Source CFD Toolbox           |
|  \\    /   O peration     | Version:  2312                                  |
|   \\  /    A nd           | Website:  www.openfoam.com                      |
|    \\/     M anipulation  |                                                 |
\*---------------------------------------------------------------------------*/
FoamFile
{
    version     2.0;
    format      ascii;
    arch        "LSB;label=32;scalar=64";
    class       surfaceScalarField;
    location    "1.65";
    object      phi;
}
// * * * * * * * * * * * * * * * * * * * * * * * * * * * * * * * * * * * * * //

dimensions      [0 3 -1 0 0 0 0];

oriented        oriented;

internalField   nonuniform List<scalar> 
4432
(
2.06911e-06
-2.06911e-06
1.97333e-06
9.57802e-08
2.04142e-06
-6.80895e-08
2.2041e-06
-1.62678e-07
2.66787e-06
-4.63766e-07
3.17192e-06
-5.04054e-07
3.47481e-06
-3.02887e-07
3.36393e-06
1.10873e-07
2.77708e-06
5.86849e-07
1.78307e-06
9.94007e-07
5.42404e-07
1.24067e-06
-8.28964e-07
1.37137e-06
-2.20602e-06
1.37706e-06
-3.52955e-06
1.32353e-06
-4.7376e-06
1.20805e-06
-5.78664e-06
1.04903e-06
-6.60971e-06
8.23076e-07
-7.07101e-06
4.61293e-07
-6.94477e-06
-1.26239e-07
-6.06667e-06
-8.781e-07
-4.42781e-06
-1.63886e-06
-2.33442e-06
-2.09339e-06
-2.33442e-06
6.28121e-07
-2.69723e-06
7.73808e-07
-4.99048e-08
1.05828e-06
-3.52556e-07
1.46385e-06
-5.68253e-07
2.11163e-06
-1.11155e-06
2.76226e-06
-1.15468e-06
3.1631e-06
-7.03726e-07
3.10033e-06
1.73634e-07
2.52377e-06
1.16342e-06
1.52094e-06
1.99683e-06
2.64433e-07
2.49718e-06
-1.10195e-06
2.73775e-06
-2.4718e-06
2.74692e-06
-3.792e-06
2.64372e-06
-4.99971e-06
2.41576e-06
-6.06355e-06
2.11287e-06
-6.90618e-06
1.6657e-06
-7.40665e-06
9.61759e-07
-7.30685e-06
-2.26047e-07
-6.46292e-06
-1.72204e-06
-4.80431e-06
-3.29747e-06
-2.71431e-06
-4.1834e-06
-5.04874e-06
-7.35259e-07
-1.96197e-06
-6.65549e-07
-1.19614e-07
-3.34614e-07
-6.83491e-07
3.64344e-07
-1.26721e-06
1.19017e-06
-1.93737e-06
2.07404e-06
-2.03855e-06
2.66208e-06
-1.29176e-06
2.7096e-06
1.26107e-07
2.18266e-06
1.69036e-06
1.18428e-06
2.99521e-06
-9.86763e-08
3.78014e-06
-1.44425e-06
4.08332e-06
-2.8053e-06
4.10796e-06
-4.13051e-06
3.96893e-06
-5.36377e-06
3.64902e-06
-6.46088e-06
3.20997e-06
-7.35819e-06
2.56302e-06
-7.96024e-06
1.5638e-06
-7.92658e-06
-2.59701e-07
-7.06493e-06
-2.58369e-06
-5.27368e-06
-5.08871e-06
-3.07639e-06
-6.38068e-06
-8.12512e-06
-1.86227e-06
-9.96967e-08
-2.18725e-06
2.05367e-07
-1.71956e-06
-1.15117e-06
-7.23515e-07
-2.26326e-06
3.65014e-07
-3.0259e-06
1.54328e-06
-3.21682e-06
2.40658e-06
-2.15506e-06
2.62821e-06
-9.55191e-08
2.1814e-06
2.13716e-06
1.19369e-06
3.98292e-06
-9.38598e-08
5.06769e-06
-1.43658e-06
5.42603e-06
-2.79064e-06
5.46202e-06
-4.15747e-06
5.33576e-06
-5.47984e-06
4.97139e-06
-6.72029e-06
4.45042e-06
-7.78589e-06
3.62861e-06
-8.57876e-06
2.35667e-06
-8.67103e-06
-1.67425e-07
-7.76467e-06
-3.49005e-06
-5.7909e-06
-7.06249e-06
-3.44287e-06
-8.72871e-06
-1.1568e-05
-1.95296e-06
1.85326e-06
-2.21579e-06
4.68194e-07
-1.79531e-06
-1.57165e-06
-8.51113e-07
-3.20746e-06
3.42206e-07
-4.21922e-06
1.77109e-06
-4.6457e-06
2.94762e-06
-3.3316e-06
3.23876e-06
-3.86657e-07
2.74562e-06
2.6303e-06
1.63509e-06
5.09345e-06
3.07369e-07
6.39541e-06
-1.00872e-06
6.74212e-06
-2.3765e-06
6.8298e-06
-3.8548e-06
6.81406e-06
-5.33756e-06
6.45416e-06
-6.62614e-06
5.739e-06
-7.75391e-06
4.75638e-06
-8.91199e-06
3.51476e-06
-9.32689e-06
2.47476e-07
-8.3602e-06
-4.45675e-06
-6.19429e-06
-9.2284e-06
-3.70285e-06
-1.12201e-05
-1.52709e-05
1.43061e-07
1.71022e-06
-2.68841e-07
8.8011e-07
-1.0798e-06
-7.60678e-07
-1.06782e-06
-3.21944e-06
-1.50021e-07
-5.137e-06
1.41347e-06
-6.20919e-06
2.58973e-06
-4.50785e-06
2.5851e-06
-3.82026e-07
1.51339e-06
3.70201e-06
-6.46144e-08
6.67144e-06
-1.57884e-06
7.90963e-06
-2.59027e-06
7.75354e-06
-3.23123e-06
7.47075e-06
-3.85076e-06
7.43358e-06
-4.68537e-06
7.28876e-06
-5.53427e-06
6.58789e-06
-6.82824e-06
6.05035e-06
-8.58622e-06
5.27273e-06
-9.294e-06
9.55251e-07
-8.41727e-06
-5.33348e-06
-6.20081e-06
-1.14449e-05
-3.64966e-06
-1.37713e-05
-1.89205e-05
1.4784e-05
-1.30738e-05
1.35655e-05
2.09862e-06
5.47678e-06
7.32808e-06
-3.26715e-06
5.52451e-06
-6.65599e-06
-1.74815e-06
-7.78782e-06
-5.07735e-06
-1.04673e-05
-1.82839e-06
-1.31823e-05
2.33295e-06
-1.59589e-05
6.47864e-06
-1.72203e-05
7.93284e-06
-1.61605e-05
6.84974e-06
-1.40817e-05
5.67472e-06
-1.19248e-05
5.31388e-06
-1.11965e-05
6.70524e-06
-1.18473e-05
7.93951e-06
-1.1748e-05
6.48861e-06
-9.90524e-06
4.20757e-06
-8.13217e-06
3.49966e-06
-7.57749e-06
4.00561e-07
-7.39006e-06
-5.52092e-06
-5.89159e-06
-1.29433e-05
-3.21385e-06
-1.6449e-05
-2.21344e-05
1.52276e-05
-2.83014e-05
1.87561e-05
-1.42979e-06
1.63827e-05
9.7014e-06
8.88024e-06
1.3027e-05
-5.56154e-07
7.68825e-06
-8.59979e-06
2.96629e-06
-1.25856e-05
2.15741e-06
-1.62809e-05
6.0283e-06
-1.9072e-05
9.26974e-06
-1.94002e-05
8.26097e-06
-1.81602e-05
5.60978e-06
-1.65777e-05
4.09221e-06
-1.5409e-05
4.14516e-06
-1.53565e-05
6.65278e-06
-1.55768e-05
8.15978e-06
-1.54425e-05
6.35425e-06
-1.36959e-05
2.46094e-06
-1.3219e-05
3.02277e-06
-1.27638e-05
-5.46331e-08
-8.71114e-06
-9.57358e-06
-5.91619e-06
-1.57383e-05
-2.58271e-06
-1.97825e-05
-2.47171e-05
-9.2387e-06
9.23871e-06
-9.71007e-06
4.71372e-07
-1.24466e-05
2.73654e-06
-1.55759e-05
3.1293e-06
-1.81826e-05
2.60672e-06
-2.09335e-05
2.7509e-06
-2.3203e-05
2.26942e-06
-2.3285e-05
8.20106e-08
-2.16597e-05
-1.62526e-06
-1.83886e-05
-3.27112e-06
-1.34483e-05
-4.94033e-06
-7.26284e-06
-6.18542e-06
-2.03355e-06
-5.22929e-06
2.9427e-06
-4.97624e-06
6.19663e-06
-3.25393e-06
6.78471e-06
-5.88084e-07
4.78382e-06
2.00089e-06
2.84696e-06
1.93686e-06
2.84696e-06
3.23242e-06
6.0063e-06
5.60319e-06
-1.89939e-06
7.18673e-06
1.15301e-06
5.89945e-06
4.41658e-06
-1.58824e-06
1.00944e-05
-1.12169e-05
1.23796e-05
-1.77751e-05
8.82762e-06
-1.91916e-05
1.4985e-06
-1.70464e-05
-3.77042e-06
-1.38451e-05
-6.47246e-06
-9.27087e-06
-9.51455e-06
-3.58736e-06
-1.18689e-05
8.22828e-07
-9.63948e-06
3.58558e-06
-7.739e-06
4.43549e-06
-4.10384e-06
3.32689e-06
5.20522e-07
1.07892e-06
4.24887e-06
-4.57431e-07
3.47321e-06
2.38954e-06
1.25243e-05
-6.518e-06
1.55778e-05
-4.95287e-06
2.04792e-05
-3.74845e-06
2.2858e-05
2.03787e-06
1.4275e-05
1.86773e-05
3.00069e-06
2.36539e-05
-3.65557e-06
1.54839e-05
-3.61412e-06
1.45705e-06
-3.07408e-06
-4.31047e-06
-3.52158e-06
-6.02496e-06
-1.61549e-07
-1.28746e-05
3.86165e-06
-1.58921e-05
8.15684e-06
-1.39347e-05
1.18746e-05
-1.14567e-05
1.19784e-05
-4.20764e-06
7.76679e-06
4.73211e-06
2.58514e-06
9.43052e-06
2.14547e-07
5.84381e-06
2.60408e-06
5.72906e-06
-1.2247e-05
1.20511e-05
-1.12749e-05
1.71764e-05
-8.87372e-06
2.39002e-05
-4.68589e-06
2.11638e-05
2.14137e-05
1.41508e-05
3.06669e-05
8.63588e-06
2.09988e-05
8.35746e-06
1.73548e-06
8.4689e-06
-4.4219e-06
8.13954e-06
-5.69559e-06
8.86993e-06
-1.3605e-05
1.00801e-05
-1.71023e-05
1.30915e-05
-1.6946e-05
1.91521e-05
-1.75174e-05
2.18417e-05
-6.89716e-06
1.48578e-05
1.17159e-05
5.83766e-06
1.84507e-05
5.2292e-06
6.45229e-06
7.83331e-06
1.71177e-06
-1.39588e-05
9.3902e-06
-1.89533e-05
1.06641e-05
-1.01476e-05
1.43312e-05
-8.35303e-06
1.8666e-05
1.7079e-05
2.15437e-05
2.77892e-05
1.9849e-05
2.26935e-05
1.64456e-05
5.13888e-06
1.41762e-05
-2.15256e-06
1.39092e-05
-5.42856e-06
1.34175e-05
-1.31133e-05
1.38723e-05
-1.75571e-05
1.39757e-05
-1.70494e-05
1.75216e-05
-2.10633e-05
1.70693e-05
-6.44488e-06
6.77137e-06
2.20139e-05
3.65855e-06
2.15635e-05
4.17754e-06
5.93329e-06
1.20108e-05
2.79731e-06
-1.67561e-05
1.24632e-05
-2.86192e-05
1.04258e-05
-8.11017e-06
9.26227e-06
-7.1895e-06
1.5493e-05
1.08482e-05
2.22096e-05
2.10726e-05
2.46347e-05
2.02684e-05
1.95478e-05
1.02258e-05
1.5964e-05
1.43121e-06
1.51377e-05
-4.60223e-06
1.4999e-05
-1.29745e-05
1.57325e-05
-1.82905e-05
1.53703e-05
-1.66873e-05
1.37324e-05
-1.94253e-05
8.38613e-06
-1.09854e-06
2.94186e-06
2.74582e-05
4.79291e-06
1.97125e-05
4.12205e-06
6.60417e-06
1.61329e-05
1.61857e-05
-3.29418e-05
2.25271e-05
-3.49606e-05
1.87929e-05
-4.37594e-06
1.21354e-05
-5.31964e-07
1.53346e-05
7.64901e-06
2.15207e-05
1.48865e-05
2.44199e-05
1.73693e-05
2.18759e-05
1.27698e-05
1.96296e-05
3.67752e-06
1.93875e-05
-4.36013e-06
1.94851e-05
-1.30721e-05
1.98424e-05
-1.86477e-05
1.9465e-05
-1.63098e-05
1.25164e-05
-1.24768e-05
6.3178e-06
5.10008e-06
3.87555e-06
2.99004e-05
5.83279e-06
1.77553e-05
3.64465e-06
8.79233e-06
1.97776e-05
2.62208e-05
-5.91626e-05
3.15573e-05
-4.02972e-05
2.87563e-05
-1.57493e-06
2.41521e-05
4.07221e-06
2.28594e-05
8.94173e-06
2.4237e-05
1.3509e-05
2.68829e-05
1.47234e-05
2.82072e-05
1.14456e-05
2.81637e-05
3.72107e-06
2.75523e-05
-3.74875e-06
2.56901e-05
-1.12099e-05
2.3716e-05
-1.66737e-05
2.23088e-05
-1.49027e-05
1.21018e-05
-2.2697e-06
3.40696e-06
1.37949e-05
3.35648e-06
2.99509e-05
5.69792e-06
1.54139e-05
3.06494e-06
1.14253e-05
2.28425e-05
2.2022e-05
-5.03234e-05
2.84659e-05
-7.87362e-06
2.91434e-05
9.02384e-06
2.70689e-05
1.51016e-05
1.72746e-05
1.74825e-05
5.9495e-06
1.42914e-05
5.04442e-07
7.60246e-06
-5.14516e-06
1.16779e-05
-1.30755e-05
1.72e-05
-2.36793e-05
1.88648e-05
-3.24094e-05
1.43399e-05
-3.63901e-05
8.07281e-06
-3.58944e-05
3.64949e-06
-3.52974e-05
6.05579e-06
-3.41005e-05
6.96289e-06
-3.06784e-05
2.93218e-06
-2.12938e-05
-6.92373e-06
-1.00708e-05
-8.20018e-06
-8.77019e-06
-1.35526e-06
-1.55233e-05
-2.82053e-06
-1.64275e-05
-1.48341e-05
-4.88633e-06
-3.13237e-05
-3.6443e-05
6.83954e-06
1.30091e-05
-6.33325e-05
1.094e-05
-5.8045e-06
7.71008e-06
1.22538e-05
1.10224e-05
1.17892e-05
1.60661e-05
1.24388e-05
1.36711e-05
1.66864e-05
1.1732e-05
9.54152e-06
1.3308e-05
1.01019e-05
1.23446e-05
1.81634e-05
7.75984e-06
2.34496e-05
-1.50972e-06
2.36095e-05
-1.46484e-05
2.12115e-05
-2.33319e-05
1.23329e-05
-2.46119e-05
7.33582e-06
-2.05207e-05
2.87168e-06
-1.48332e-05
-2.75535e-06
-2.60287e-06
-1.9154e-05
1.23183e-05
-2.31214e-05
2.73045e-05
-1.63415e-05
3.43508e-05
-9.86687e-06
3.61952e-05
-1.66785e-05
3.27916e-05
-2.79201e-05
-3.59618e-05
3.23103e-05
-2.86022e-06
-6.04723e-05
-1.43704e-05
5.70572e-06
-2.73139e-05
2.51972e-05
-2.28324e-05
7.30776e-06
-8.53804e-06
-1.85558e-06
1.88607e-06
6.26233e-06
1.27715e-05
-1.34391e-06
2.63794e-05
-3.50608e-06
3.74073e-05
7.13558e-06
3.87507e-05
2.21061e-05
3.2254e-05
3.01062e-05
2.46174e-05
2.88482e-05
1.61209e-05
2.08294e-05
1.16535e-05
1.18032e-05
1.31979e-05
1.32722e-06
1.78107e-05
-7.36813e-06
2.22578e-05
-2.36011e-05
2.66645e-05
-2.75281e-05
3.29173e-05
-2.25942e-05
3.92459e-05
-1.61955e-05
4.1772e-05
-1.92046e-05
4.19299e-05
-2.8078e-05
-3.88908e-05
4.48588e-05
-1.60385e-05
-4.44338e-05
-1.72398e-05
6.90696e-06
-3.02836e-05
3.82411e-05
-2.86231e-05
5.64726e-06
-1.61748e-05
-1.43039e-05
-2.13322e-06
-7.77926e-06
9.08875e-06
-1.25659e-05
2.37871e-05
-1.82045e-05
4.19737e-05
-1.1051e-05
5.13002e-05
1.27797e-05
5.40087e-05
2.73976e-05
5.26905e-05
3.01664e-05
4.82633e-05
2.52566e-05
4.50909e-05
1.49756e-05
4.65924e-05
-1.7424e-07
5.27974e-05
-1.35732e-05
5.52284e-05
-2.60321e-05
5.90274e-05
-3.13271e-05
6.39564e-05
-2.75233e-05
6.5024e-05
-1.72631e-05
6.2135e-05
-1.63156e-05
6.13041e-05
-2.72471e-05
-4.23328e-05
6.47462e-05
-1.555e-05
-2.88838e-05
-8.53928e-06
-1.03771e-07
-4.40273e-06
3.41045e-05
-3.68393e-06
4.92847e-06
-3.74259e-06
-1.42452e-05
-1.41454e-06
-1.01073e-05
-2.75908e-07
-1.37045e-05
-1.2479e-07
-1.83556e-05
1.20377e-05
-2.32135e-05
3.26184e-05
-7.80112e-06
4.311e-05
1.6906e-05
5.06625e-05
2.26139e-05
5.68441e-05
1.9075e-05
6.24237e-05
9.39597e-06
6.72644e-05
-5.01493e-06
7.27776e-05
-1.90864e-05
7.7361e-05
-3.06156e-05
8.30416e-05
-3.70077e-05
9.3091e-05
-3.75726e-05
0.00010765
-3.18225e-05
0.000114436
-2.3101e-05
0.000111756
-2.45673e-05
-3.95226e-05
0.000108946
-1.09859e-05
-1.78979e-05
-8.1037e-06
-2.98593e-06
7.26267e-06
1.87381e-05
8.64708e-06
3.54407e-06
1.46658e-07
-5.74482e-06
-6.38101e-06
-3.57964e-06
-1.95315e-05
-5.53991e-07
-4.0341e-05
2.45388e-06
-4.96205e-05
-1.3934e-05
-2.03099e-05
-3.71118e-05
1.51881e-05
-1.85921e-05
3.09713e-05
6.83061e-06
4.34286e-05
6.61767e-06
5.47842e-05
-1.95971e-06
6.63806e-05
-1.66113e-05
7.58776e-05
-2.85836e-05
8.30465e-05
-3.77845e-05
8.96834e-05
-4.36447e-05
9.89381e-05
-4.68274e-05
0.00011352
-4.64041e-05
0.000134295
-4.38763e-05
0.000156553
-4.68256e-05
-5.15709e-05
0.000168601
-6.00083e-06
-1.18971e-05
-4.49442e-06
-4.49235e-06
7.85982e-06
6.38391e-06
8.976e-06
2.4279e-06
-3.25474e-07
3.55666e-06
-1.6745e-05
1.28399e-05
-6.1625e-05
4.43259e-05
-0.000110892
5.1721e-05
-9.53679e-05
-2.94583e-05
-6.95266e-05
-6.2953e-05
-3.49863e-05
-5.31324e-05
-4.01253e-07
-2.77544e-05
2.12255e-05
-1.50091e-05
3.8715e-05
-1.94493e-05
5.40728e-05
-3.19692e-05
6.7204e-05
-4.17147e-05
7.73416e-05
-4.79221e-05
8.5726e-05
-5.20291e-05
9.56967e-05
-5.6798e-05
0.000109416
-6.01232e-05
0.000131842
-6.6302e-05
0.000160036
-7.502e-05
-7.88427e-05
0.000187308
-4.10136e-07
-1.14869e-05
1.30801e-06
-6.21049e-06
7.31547e-06
3.76455e-07
1.09948e-05
-1.25138e-06
9.35361e-06
5.19781e-06
-2.50159e-07
2.24437e-05
-6.37944e-05
0.00010787
-0.000126806
0.000114732
-9.59089e-05
-6.03539e-05
-7.36332e-05
-8.52282e-05
-5.60658e-05
-7.06996e-05
-2.77174e-05
-5.61028e-05
5.51487e-07
-4.32779e-05
2.45663e-05
-4.3464e-05
4.34851e-05
-5.08879e-05
5.93406e-05
-5.75702e-05
7.26216e-05
-6.12029e-05
8.41208e-05
-6.35282e-05
9.68539e-05
-6.95309e-05
0.000110765
-7.40344e-05
0.000128635
-8.41705e-05
0.000147871
-9.42562e-05
-0.000104977
0.000174006
1.59795e-05
-2.74664e-05
3.20939e-05
-2.23248e-05
4.80904e-05
-1.562e-05
6.73238e-05
-2.04848e-05
5.27963e-05
1.97255e-05
1.24306e-06
7.39966e-05
-2.49755e-05
0.000134088
-2.25821e-05
0.000112339
-4.46866e-05
-3.82496e-05
-5.50282e-05
-7.48869e-05
-5.74774e-05
-6.82499e-05
-2.95057e-05
-8.40741e-05
1.4307e-07
-7.29264e-05
2.38139e-05
-6.71345e-05
4.18122e-05
-6.88859e-05
5.85622e-05
-7.43197e-05
7.43205e-05
-7.69607e-05
8.52986e-05
-7.45057e-05
9.52052e-05
-7.94367e-05
0.000109006
-8.78351e-05
0.000123558
-9.8723e-05
0.000133895
-0.000104593
-9.79427e-05
0.000126864
-7.72282e-06
-1.97432e-05
-1.84871e-05
-1.15602e-05
-1.94012e-05
-1.47055e-05
-1.54094e-05
-2.44762e-05
-2.33006e-05
2.76168e-05
-1.80159e-05
6.87123e-05
1.4634e-05
0.000101439
6.38224e-05
6.31508e-05
5.33755e-05
-2.78034e-05
3.8373e-05
-5.98848e-05
3.44841e-05
-6.43612e-05
2.05658e-05
-7.01559e-05
1.881e-05
-7.11706e-05
2.61508e-05
-7.44753e-05
3.92021e-05
-8.19372e-05
5.05341e-05
-8.56517e-05
6.20439e-05
-8.84705e-05
7.63907e-05
-8.88526e-05
8.13069e-05
-8.43531e-05
8.03221e-05
-8.68505e-05
6.92469e-05
-8.7648e-05
5.2824e-05
-8.81706e-05
-7.81567e-05
3.30373e-05
-1.23285e-05
-7.41449e-06
-1.605e-05
-7.83842e-06
-1.59896e-05
-1.47656e-05
-2.23912e-05
-1.80743e-05
-1.49095e-05
2.01353e-05
6.04683e-06
4.77566e-05
5.34717e-05
5.40144e-05
9.93955e-05
1.72273e-05
0.00010301
-3.14176e-05
9.65651e-05
-5.34398e-05
9.00735e-05
-5.78695e-05
7.56557e-05
-5.5738e-05
6.19813e-05
-5.74963e-05
5.17101e-05
-6.42043e-05
4.56928e-05
-7.59201e-05
4.45164e-05
-8.44756e-05
4.03724e-05
-8.43268e-05
3.69545e-05
-8.5435e-05
3.40536e-05
-8.14528e-05
2.73765e-05
-8.01735e-05
1.70795e-05
-7.7351e-05
3.02777e-06
-7.41185e-05
-6.77273e-05
-7.40253e-06
6.2195e-06
-1.36337e-05
1.63602e-05
-1.79789e-05
1.89531e-05
-1.73582e-05
1.2721e-05
-1.18421e-05
2.23988e-05
1.04578e-05
4.58311e-05
2.43245e-05
8.15711e-05
1.82746e-05
0.000102957
-4.15806e-06
9.99914e-05
-2.84523e-05
9.21549e-05
-4.56032e-05
8.39491e-05
-4.96635e-05
7.4682e-05
-4.64708e-05
6.49137e-05
-4.77278e-05
5.54599e-05
-5.47504e-05
4.39424e-05
-6.44024e-05
3.17525e-05
-7.22855e-05
2.21768e-05
-7.47509e-05
1.22389e-05
-7.5497e-05
4.00026e-06
-7.32141e-05
-5.03279e-06
-7.11403e-05
-1.41331e-05
-6.82506e-05
-2.33368e-05
-6.49152e-05
-6.0537e-05
-3.05267e-05
1.3962e-05
-2.75955e-05
1.89927e-05
-2.30094e-05
2.08301e-05
-1.91955e-05
2.20507e-05
-1.30625e-05
3.38202e-05
-1.31156e-06
5.27061e-05
5.43869e-06
6.987e-05
1.11081e-06
7.57925e-05
-1.00805e-05
7.09261e-05
-2.35857e-05
5.92065e-05
-3.38836e-05
4.78416e-05
-3.82985e-05
4.10319e-05
-3.9661e-05
3.63259e-05
-4.30217e-05
3.07548e-05
-4.91792e-05
2.27589e-05
-5.64064e-05
1.28358e-05
-6.23623e-05
3.0945e-06
-6.50096e-05
-6.70387e-06
-6.56986e-05
-1.54446e-05
-6.44733e-05
-2.36798e-05
-6.29053e-05
-3.14073e-05
-6.05233e-05
-3.86516e-05
-5.76704e-05
-5.54689e-05
-4.37201e-05
5.45967e-06
-3.3055e-05
8.25915e-06
-2.58087e-05
9.2516e-06
-2.01878e-05
1.04422e-05
-1.4253e-05
1.64933e-05
-7.36264e-06
2.54115e-05
-3.47937e-06
3.19169e-05
-5.3946e-06
3.34731e-05
-1.16366e-05
2.95252e-05
-1.96378e-05
2.24308e-05
-2.67892e-05
1.61208e-05
-3.19885e-05
1.26005e-05
-3.61406e-05
1.03843e-05
-4.08054e-05
7.33272e-06
-4.61277e-05
2.32673e-06
-5.14004e-05
-4.56239e-06
-5.54731e-05
-1.20591e-05
-5.75129e-05
-1.9642e-05
-5.81158e-05
-2.67053e-05
-5.74101e-05
-3.35296e-05
-5.6081e-05
-3.98584e-05
-5.41945e-05
-4.53988e-05
-5.21305e-05
-5.12326e-05
-4.96348e-05
-7.64788e-07
-3.22902e-05
-2.14312e-06
-2.44303e-05
-4.52688e-06
-1.7804e-05
-6.53915e-06
-1.22406e-05
-6.47711e-06
-7.42464e-06
-4.57503e-06
-5.38142e-06
-2.78562e-06
-7.18399e-06
-2.32567e-06
-1.20965e-05
-3.26697e-06
-1.86965e-05
-4.80231e-06
-2.52538e-05
-5.80202e-06
-3.09888e-05
-6.01771e-06
-3.59249e-05
-6.33535e-06
-4.04878e-05
-7.73029e-06
-4.47328e-05
-1.07027e-05
-4.84279e-05
-1.5082e-05
-5.10939e-05
-2.012e-05
-5.2475e-05
-2.55185e-05
-5.27173e-05
-3.09376e-05
-5.1991e-05
-3.63748e-05
-5.0644e-05
-4.16322e-05
-4.89373e-05
-4.65074e-05
-4.72549e-05
-4.66993e-05
-5.10408e-05
-6.00243e-06
-2.62876e-05
-1.24494e-05
-1.79833e-05
-1.87602e-05
-1.14933e-05
-2.39284e-05
-7.07239e-06
-2.65663e-05
-4.78668e-06
-2.65897e-05
-5.35803e-06
-2.49325e-05
-8.84118e-06
-2.26077e-05
-1.44213e-05
-2.0359e-05
-2.09452e-05
-1.83625e-05
-2.72503e-05
-1.66328e-05
-3.27186e-05
-1.53046e-05
-3.7253e-05
-1.47651e-05
-4.10273e-05
-1.53302e-05
-4.41677e-05
-1.71124e-05
-4.66459e-05
-1.98977e-05
-4.83086e-05
-2.33196e-05
-4.90531e-05
-2.71653e-05
-4.88717e-05
-3.13001e-05
-4.78564e-05
-3.56907e-05
-4.62534e-05
-4.02346e-05
-4.43934e-05
-4.48177e-05
-4.26723e-05
-4.18313e-05
-4.96854e-05
-1.05459e-05
-1.57418e-05
-2.04985e-05
-8.03058e-06
-2.8759e-05
-3.23278e-06
-3.43448e-05
-1.48658e-06
-3.66624e-05
-2.4691e-06
-3.60171e-05
-6.00328e-06
-3.33559e-05
-1.15024e-05
-2.97779e-05
-1.79992e-05
-2.62008e-05
-2.45223e-05
-2.31262e-05
-3.03249e-05
-2.07685e-05
-3.50763e-05
-1.92212e-05
-3.88004e-05
-1.85689e-05
-4.16796e-05
-1.88629e-05
-4.38738e-05
-2.00653e-05
-4.54435e-05
-2.20135e-05
-4.63605e-05
-2.45031e-05
-4.65636e-05
-2.73807e-05
-4.59941e-05
-3.05672e-05
-4.467e-05
-3.40544e-05
-4.27664e-05
-3.78466e-05
-4.06015e-05
-4.19727e-05
-3.85459e-05
-3.70929e-05
-4.67112e-05
-1.29768e-05
-2.76487e-06
-2.41571e-05
3.14975e-06
-3.22056e-05
4.81566e-06
-3.67782e-05
3.08609e-06
-3.81212e-05
-1.12613e-06
-3.69348e-05
-7.1897e-06
-3.41255e-05
-1.43116e-05
-3.06149e-05
-2.15099e-05
-2.71548e-05
-2.79824e-05
-2.42309e-05
-3.32488e-05
-2.20759e-05
-3.72314e-05
-2.07533e-05
-4.01229e-05
-2.02561e-05
-4.21768e-05
-2.05436e-05
-4.35864e-05
-2.15328e-05
-4.44544e-05
-2.30915e-05
-4.48018e-05
-2.507e-05
-4.45851e-05
-2.73388e-05
-4.37254e-05
-2.98237e-05
-4.21852e-05
-3.25253e-05
-4.00649e-05
-3.55045e-05
-3.76223e-05
-3.88698e-05
-3.5181e-05
-3.30949e-05
-4.28677e-05
-1.30457e-05
1.02807e-05
-2.3422e-05
1.35261e-05
-3.0475e-05
1.18686e-05
-3.4375e-05
6.98605e-06
-3.54864e-05
-1.47412e-08
-3.45359e-05
-8.1402e-06
-3.22358e-05
-1.66117e-05
-2.93053e-05
-2.44404e-05
-2.6378e-05
-3.09098e-05
-2.3917e-05
-3.57097e-05
-2.21595e-05
-3.89889e-05
-2.11606e-05
-4.11218e-05
-2.0887e-05
-4.24504e-05
-2.12711e-05
-4.32022e-05
-2.22227e-05
-4.35028e-05
-2.36293e-05
-4.33953e-05
-2.53655e-05
-4.2849e-05
-2.73105e-05
-4.17804e-05
-2.93762e-05
-4.01195e-05
-3.15389e-05
-3.79025e-05
-3.38516e-05
-3.53098e-05
-3.64313e-05
-3.26011e-05
-3.00468e-05
-3.94796e-05
-1.13514e-05
2.16322e-05
-2.02909e-05
2.24655e-05
-2.66288e-05
1.82065e-05
-3.03373e-05
1.06946e-05
-3.16772e-05
1.3251e-06
-3.12223e-05
-8.59509e-06
-2.95527e-05
-1.82814e-05
-2.72549e-05
-2.67383e-05
-2.48937e-05
-3.3271e-05
-2.29202e-05
-3.76832e-05
-2.15699e-05
-4.03392e-05
-2.08927e-05
-4.1799e-05
-2.0849e-05
-4.24941e-05
-2.13682e-05
-4.26831e-05
-2.23657e-05
-4.25053e-05
-2.37453e-05
-4.20157e-05
-2.53993e-05
-4.1195e-05
-2.72157e-05
-3.99642e-05
-2.90982e-05
-3.82371e-05
-3.09977e-05
-3.6003e-05
-3.29322e-05
-3.33753e-05
-3.49817e-05
-3.05521e-05
-2.77313e-05
-3.7297e-05
-9.0939e-06
3.0726e-05
-1.67165e-05
3.00881e-05
-2.24212e-05
2.39112e-05
-2.60277e-05
1.43011e-05
-2.76503e-05
2.94768e-06
-2.76888e-05
-8.55666e-06
-2.66147e-05
-1.93556e-05
-2.48979e-05
-2.8455e-05
-2.30499e-05
-3.51191e-05
-2.15185e-05
-3.92146e-05
-2.05357e-05
-4.13221e-05
-2.0147e-05
-4.21878e-05
-2.03134e-05
-4.23277e-05
-2.09691e-05
-4.20275e-05
-2.20393e-05
-4.14352e-05
-2.34424e-05
-4.06127e-05
-2.50872e-05
-3.95503e-05
-2.68737e-05
-3.81777e-05
-2.87078e-05
-3.64032e-05
-3.05258e-05
-3.41851e-05
-3.23136e-05
-3.15878e-05
-3.41007e-05
-2.87648e-05
-2.58729e-05
-3.59594e-05
-6.84197e-06
3.7568e-05
-1.31535e-05
3.63996e-05
-1.82163e-05
2.8974e-05
-2.17226e-05
1.78074e-05
-2.36074e-05
4.8324e-06
-2.41034e-05
-8.06068e-06
-2.3577e-05
-1.9882e-05
-2.23804e-05
-2.96517e-05
-2.09826e-05
-3.6517e-05
-1.98384e-05
-4.03588e-05
-1.91751e-05
-4.19855e-05
-1.90348e-05
-4.23281e-05
-1.93826e-05
-4.19799e-05
-2.01595e-05
-4.12507e-05
-2.13e-05
-4.02947e-05
-2.2735e-05
-3.91777e-05
-2.43879e-05
-3.78974e-05
-2.61727e-05
-3.6393e-05
-2.80032e-05
-3.45727e-05
-2.98139e-05
-3.23746e-05
-3.15741e-05
-2.98276e-05
-3.32835e-05
-2.70557e-05
-2.41965e-05
-3.49599e-05
-4.59036e-06
4.21582e-05
-9.61812e-06
4.14273e-05
-1.40182e-05
3.3374e-05
-1.74159e-05
2.1205e-05
-1.95461e-05
6.96255e-06
-2.04788e-05
-7.12798e-06
-2.04654e-05
-1.98955e-05
-1.97406e-05
-3.03765e-05
-1.87446e-05
-3.75129e-05
-1.79451e-05
-4.11583e-05
-1.75617e-05
-4.2369e-05
-1.76354e-05
-4.22544e-05
-1.81375e-05
-4.14779e-05
-1.90161e-05
-4.03721e-05
-2.02141e-05
-3.90968e-05
-2.16721e-05
-3.77197e-05
-2.33258e-05
-3.62438e-05
-2.51018e-05
-3.46171e-05
-2.69237e-05
-3.27509e-05
-2.87294e-05
-3.05689e-05
-3.04865e-05
-2.80706e-05
-3.21861e-05
-2.53559e-05
-2.25621e-05
-3.38206e-05
-2.29636e-06
4.44546e-05
-6.0087e-06
4.51396e-05
-9.72184e-06
3.7087e-05
-1.30123e-05
2.44954e-05
-1.54034e-05
9.35361e-06
-1.67757e-05
-5.75571e-06
-1.72598e-05
-1.94114e-05
-1.69743e-05
-3.06621e-05
-1.63539e-05
-3.81334e-05
-1.58753e-05
-4.16369e-05
-1.57456e-05
-4.24987e-05
-1.60091e-05
-4.1991e-05
-1.66453e-05
-4.08417e-05
-1.761e-05
-3.94074e-05
-1.88529e-05
-3.78539e-05
-2.03228e-05
-3.62498e-05
-2.19649e-05
-3.46018e-05
-2.37161e-05
-3.28659e-05
-2.55084e-05
-3.09586e-05
-2.7284e-05
-2.87934e-05
-2.90123e-05
-2.63423e-05
-3.06886e-05
-2.36798e-05
-2.09456e-05
-3.23051e-05
-1.03123e-07
4.45576e-05
-2.28681e-06
4.73232e-05
-5.32515e-06
4.01253e-05
-8.46982e-06
2.764e-05
-1.11289e-05
1.20126e-05
-1.29642e-05
-3.9204e-06
-1.39344e-05
-1.84413e-05
-1.40663e-05
-3.05302e-05
-1.38174e-05
-3.83823e-05
-1.3653e-05
-4.18015e-05
-1.3763e-05
-4.23887e-05
-1.42016e-05
-4.15524e-05
-1.49601e-05
-4.00832e-05
-1.60016e-05
-3.8366e-05
-1.7282e-05
-3.65736e-05
-1.87566e-05
-3.47752e-05
-2.03789e-05
-3.29796e-05
-2.20948e-05
-3.11501e-05
-2.38425e-05
-2.92109e-05
-2.55658e-05
-2.70701e-05
-2.72346e-05
-2.46736e-05
-2.88485e-05
-2.20659e-05
-1.93894e-05
-3.04047e-05
1.97817e-06
4.25795e-05
1.33964e-06
4.79617e-05
-9.67041e-07
4.24319e-05
-3.89299e-06
3.05659e-05
-6.77579e-06
1.48953e-05
-9.06369e-06
-1.63255e-06
-1.04744e-05
-1.70306e-05
-1.1003e-05
-3.00017e-05
-1.11406e-05
-3.82448e-05
-1.12958e-05
-4.16463e-05
-1.16407e-05
-4.20438e-05
-1.22481e-05
-4.0945e-05
-1.31243e-05
-3.9207e-05
-1.42396e-05
-3.72507e-05
-1.55556e-05
-3.52577e-05
-1.70336e-05
-3.32972e-05
-1.86343e-05
-3.1379e-05
-2.03115e-05
-2.94729e-05
-2.20097e-05
-2.75127e-05
-2.36732e-05
-2.54067e-05
-2.52676e-05
-2.30792e-05
-2.67931e-05
-2.05405e-05
-1.79232e-05
-2.82594e-05
3.59404e-06
3.89853e-05
4.41605e-06
4.71396e-05
3.17435e-06
4.36736e-05
6.82491e-07
3.30577e-05
-2.38381e-06
1.79616e-05
-5.10923e-06
1.09282e-06
-6.84968e-06
-1.52902e-05
-7.76324e-06
-2.90881e-05
-8.31883e-06
-3.76892e-05
-8.81057e-06
-4.11546e-05
-9.39548e-06
-4.1459e-05
-1.01735e-05
-4.01671e-05
-1.11698e-05
-3.82107e-05
-1.23622e-05
-3.60583e-05
-1.37173e-05
-3.39026e-05
-1.52025e-05
-3.1812e-05
-1.67848e-05
-2.97967e-05
-1.84265e-05
-2.78313e-05
-2.00788e-05
-2.58604e-05
-2.16867e-05
-2.37989e-05
-2.32102e-05
-2.15558e-05
-2.46441e-05
-1.91065e-05
-1.65644e-05
-2.6003e-05
4.70498e-06
3.42803e-05
6.44982e-06
4.53947e-05
6.18191e-06
4.39414e-05
4.64742e-06
3.45922e-05
2.05754e-06
2.05514e-05
-8.68382e-07
4.0187e-06
-2.92587e-06
-1.32327e-05
-4.28323e-06
-2.77308e-05
-5.31685e-06
-3.66556e-05
-6.18464e-06
-4.02868e-05
-7.03164e-06
-4.0612e-05
-7.9937e-06
-3.92051e-05
-9.12043e-06
-3.7084e-05
-1.03994e-05
-3.47794e-05
-1.18022e-05
-3.24998e-05
-1.33022e-05
-3.0312e-05
-1.48735e-05
-2.82255e-05
-1.64859e-05
-2.62189e-05
-1.80992e-05
-2.42472e-05
-1.96619e-05
-2.22361e-05
-2.11281e-05
-2.00896e-05
-2.24845e-05
-1.77501e-05
-1.52974e-05
-2.37516e-05
5.08213e-06
2.9198e-05
7.33827e-06
4.31385e-05
7.89129e-06
4.33883e-05
7.26896e-06
3.52144e-05
5.7245e-06
2.20958e-05
3.42259e-06
6.32057e-06
1.37304e-06
-1.11832e-05
-3.97904e-07
-2.59599e-05
-2.07201e-06
-3.49815e-05
-3.38999e-06
-3.89689e-05
-4.54313e-06
-3.94589e-05
-5.71826e-06
-3.80299e-05
-6.995e-06
-3.58073e-05
-8.37598e-06
-3.33984e-05
-9.83934e-06
-3.10365e-05
-1.13652e-05
-2.87862e-05
-1.29349e-05
-2.66558e-05
-1.45266e-05
-2.46272e-05
-1.61094e-05
-2.26644e-05
-1.76377e-05
-2.07078e-05
-1.9063e-05
-1.86644e-05
-2.03618e-05
-1.64513e-05
-1.41091e-05
-2.15502e-05
4.78559e-06
2.44125e-05
7.32207e-06
4.0602e-05
8.58946e-06
4.21209e-05
8.83883e-06
3.4965e-05
8.14807e-06
2.27865e-05
6.91272e-06
7.55588e-06
5.34546e-06
-9.61599e-06
3.38767e-06
-2.40021e-05
1.40015e-06
-3.29941e-05
-3.83806e-07
-3.71849e-05
-1.92503e-06
-3.79177e-05
-3.35875e-06
-3.65962e-05
-4.81307e-06
-3.4353e-05
-6.31623e-06
-3.18953e-05
-7.85596e-06
-2.94968e-05
-9.4201e-06
-2.72221e-05
-1.09987e-05
-2.50773e-05
-1.25784e-05
-2.30475e-05
-1.41378e-05
-2.1105e-05
-1.5641e-05
-1.92046e-05
-1.70398e-05
-1.72656e-05
-1.83014e-05
-1.51898e-05
-1.29721e-05
-1.94385e-05
4.13474e-06
2.02776e-05
6.85569e-06
3.78809e-05
8.75783e-06
4.02187e-05
9.77713e-06
3.39457e-05
9.89981e-06
2.26638e-05
9.6307e-06
7.82495e-06
8.68237e-06
-8.66769e-06
6.91534e-06
-2.22351e-05
4.81824e-06
-3.0897e-05
2.72981e-06
-3.50965e-05
8.07857e-07
-3.59957e-05
-9.41583e-07
-3.48468e-05
-2.60342e-06
-3.26912e-05
-4.24902e-06
-3.02497e-05
-5.88067e-06
-2.78651e-05
-7.49497e-06
-2.56078e-05
-9.09154e-06
-2.34808e-05
-1.06668e-05
-2.14722e-05
-1.22093e-05
-1.95625e-05
-1.36933e-05
-1.77206e-05
-1.50763e-05
-1.58826e-05
-1.63186e-05
-1.39476e-05
-1.18702e-05
-1.74206e-05
3.40643e-06
1.68712e-05
6.29836e-06
3.4989e-05
8.7891e-06
3.77279e-05
1.04986e-05
3.22361e-05
1.14258e-05
2.17365e-05
1.19994e-05
7.25125e-06
1.15979e-05
-8.26621e-06
1.01086e-05
-2.07458e-05
8.02776e-06
-2.88162e-05
5.76392e-06
-3.28327e-05
3.55153e-06
-3.37833e-05
1.49035e-06
-3.27857e-05
-4.14265e-07
-3.07866e-05
-2.21291e-06
-2.8451e-05
-3.94675e-06
-2.61313e-05
-5.61923e-06
-2.39353e-05
-7.23964e-06
-2.18604e-05
-8.81479e-06
-1.98971e-05
-1.03436e-05
-1.80337e-05
-1.18115e-05
-1.62527e-05
-1.31846e-05
-1.45095e-05
-1.44208e-05
-1.27114e-05
-1.07801e-05
-1.55111e-05
2.57248e-06
1.42986e-05
5.87924e-06
3.16821e-05
8.97707e-06
3.463e-05
1.13221e-05
2.9891e-05
1.30501e-05
2.00085e-05
1.42841e-05
6.01717e-06
1.42587e-05
-8.24083e-06
1.29866e-05
-1.94737e-05
1.09442e-05
-2.67739e-05
8.56678e-06
-3.04553e-05
6.14311e-06
-3.13597e-05
3.83118e-06
-3.04737e-05
1.69646e-06
-2.86519e-05
-2.62393e-07
-2.64922e-05
-2.09386e-06
-2.42999e-05
-3.82496e-06
-2.22042e-05
-5.46948e-06
-2.02159e-05
-7.04434e-06
-1.83222e-05
-8.55924e-06
-1.65189e-05
-1.00103e-05
-1.48016e-05
-1.13748e-05
-1.31451e-05
-1.26122e-05
-1.14739e-05
-9.69341e-06
-1.3699e-05
1.50411e-06
1.27945e-05
5.80418e-06
2.7382e-05
9.51832e-06
3.09158e-05
1.2446e-05
2.69633e-05
1.4873e-05
1.75814e-05
1.64744e-05
4.41569e-06
1.66584e-05
-8.42486e-06
1.54982e-05
-1.83135e-05
1.34626e-05
-2.47383e-05
1.09946e-05
-2.79873e-05
8.42029e-06
-2.87854e-05
5.93554e-06
-2.7989e-05
3.63575e-06
-2.63521e-05
1.53852e-06
-2.4395e-05
-3.71129e-07
-2.23902e-05
-2.14708e-06
-2.04283e-05
-3.80798e-06
-1.8555e-05
-5.37585e-06
-1.67544e-05
-6.87098e-06
-1.50237e-05
-8.30042e-06
-1.33722e-05
-9.6522e-06
-1.17933e-05
-1.08918e-05
-1.02343e-05
-8.59741e-06
-1.19879e-05
5.20078e-07
1.22742e-05
5.77327e-06
2.21287e-05
1.02847e-05
2.64043e-05
1.38045e-05
2.34433e-05
1.6765e-05
1.46209e-05
1.84696e-05
2.71096e-06
1.86559e-05
-8.61118e-06
1.74871e-05
-1.71448e-05
1.54092e-05
-2.26605e-05
1.28659e-05
-2.5444e-05
1.02023e-05
-2.61219e-05
7.63383e-06
-2.54205e-05
5.26054e-06
-2.39789e-05
3.10711e-06
-2.22416e-05
1.15361e-06
-2.04368e-05
-6.26223e-07
-1.86485e-05
-2.28264e-06
-1.68986e-05
-3.82909e-06
-1.5208e-05
-5.29285e-06
-1.356e-05
-6.69015e-06
-1.19748e-05
-8.02059e-06
-1.04628e-05
-9.25833e-06
-8.99653e-06
-7.49229e-06
-1.03635e-05
4.54391e-07
1.18199e-05
5.37045e-06
1.72126e-05
1.03507e-05
2.1424e-05
1.47358e-05
1.90581e-05
1.80353e-05
1.13213e-05
1.98351e-05
9.11107e-07
1.99065e-05
-8.68269e-06
1.86549e-05
-1.58932e-05
1.65204e-05
-2.05261e-05
1.39451e-05
-2.28687e-05
1.12778e-05
-2.34546e-05
8.73584e-06
-2.28786e-05
6.41135e-06
-2.16544e-05
4.31097e-06
-2.01412e-05
2.41023e-06
-1.8536e-05
6.75185e-07
-1.69135e-05
-9.25173e-07
-1.52983e-05
-2.42336e-06
-1.37098e-05
-3.83654e-06
-1.21468e-05
-5.18602e-06
-1.06254e-05
-6.48126e-06
-9.16754e-06
-7.70664e-06
-7.77122e-06
-6.37677e-06
-8.82222e-06
1.93021e-06
9.88951e-06
5.26013e-06
1.38826e-05
9.72434e-06
1.69597e-05
1.43124e-05
1.447e-05
1.78764e-05
7.75729e-06
1.97815e-05
-9.9409e-07
1.98813e-05
-8.78258e-06
1.86201e-05
-1.4632e-05
1.64985e-05
-1.84046e-05
1.39823e-05
-2.03525e-05
1.14262e-05
-2.08985e-05
9.04009e-06
-2.04926e-05
6.90063e-06
-1.9515e-05
4.99369e-06
-1.82343e-05
3.27053e-06
-1.68129e-05
1.68839e-06
-1.53314e-05
2.1272e-07
-1.38226e-05
-1.18304e-06
-1.23141e-05
-2.51504e-06
-1.08149e-05
-3.79344e-06
-9.34695e-06
-5.03519e-06
-7.92584e-06
-6.23361e-06
-6.57267e-06
-5.26241e-06
-7.3481e-06
3.4079e-06
6.48167e-06
5.79618e-06
1.14943e-05
9.22443e-06
1.35314e-05
1.32728e-05
1.04216e-05
1.68555e-05
4.17446e-06
1.86146e-05
-2.75322e-06
1.85864e-05
-8.7545e-06
1.7266e-05
-1.33116e-05
1.51884e-05
-1.6327e-05
1.28175e-05
-1.79817e-05
1.04874e-05
-1.85684e-05
8.38205e-06
-1.83873e-05
6.55534e-06
-1.76883e-05
4.97473e-06
-1.66537e-05
3.56988e-06
-1.54081e-05
2.27354e-06
-1.4035e-05
1.03924e-06
-1.25883e-05
-1.58821e-07
-1.1116e-05
-1.34881e-06
-9.62488e-06
-2.5178e-06
-8.17797e-06
-3.68027e-06
-6.76329e-06
-4.82928e-06
-5.42376e-06
-4.16081e-06
-5.93087e-06
2.81981e-06
3.66175e-06
5.53749e-06
8.77655e-06
8.90442e-06
1.01644e-05
1.26899e-05
6.63604e-06
1.54624e-05
1.40193e-06
1.64915e-05
-3.78232e-06
1.60435e-05
-8.30658e-06
1.45835e-05
-1.18516e-05
1.25917e-05
-1.43352e-05
1.04637e-05
-1.58537e-05
8.46767e-06
-1.65724e-05
6.7398e-06
-1.66595e-05
5.30973e-06
-1.62582e-05
4.13821e-06
-1.54822e-05
3.15124e-06
-1.44211e-05
2.2658e-06
-1.31496e-05
1.41011e-06
-1.17326e-05
5.32781e-07
-1.02387e-05
-3.99728e-07
-8.69237e-06
-1.38159e-06
-7.19607e-06
-2.41872e-06
-5.72618e-06
-3.48884e-06
-4.35344e-06
-3.09621e-06
-4.55348e-06
1.66871e-06
1.99301e-06
4.55827e-06
5.88694e-06
8.21593e-06
6.50674e-06
1.12119e-05
3.64e-06
1.27713e-05
-1.57467e-07
1.29941e-05
-4.00517e-06
1.21846e-05
-7.49709e-06
1.07254e-05
-1.03925e-05
8.98813e-06
-1.2598e-05
7.25494e-06
-1.41205e-05
5.69999e-06
-1.50175e-05
4.40378e-06
-1.53633e-05
3.38087e-06
-1.52353e-05
2.60432e-06
-1.47057e-05
2.02181e-06
-1.38386e-05
1.56626e-06
-1.26941e-05
1.16203e-06
-1.13284e-05
7.26211e-07
-9.80289e-06
2.00976e-07
-8.16713e-06
-4.66906e-07
-6.52817e-06
-1.28208e-06
-4.9109e-06
-2.20497e-06
-3.43069e-06
-2.11782e-06
-3.18338e-06
1.12003e-06
8.72898e-07
3.55805e-06
3.44882e-06
6.33243e-06
3.73226e-06
8.04708e-06
1.92526e-06
8.62224e-06
-7.32717e-07
8.35441e-06
-3.73743e-06
7.51043e-06
-6.65319e-06
6.3623e-06
-9.24447e-06
5.12847e-06
-1.13642e-05
3.95356e-06
-1.29457e-05
2.91887e-06
-1.39828e-05
2.06254e-06
-1.4507e-05
1.39524e-06
-1.45681e-05
9.11321e-07
-1.42218e-05
5.94029e-07
-1.35214e-05
4.17923e-07
-1.2518e-05
3.42148e-07
-1.12527e-05
3.06132e-07
-9.76692e-06
2.39939e-07
-8.10098e-06
3.77396e-08
-6.32599e-06
-3.82254e-07
-4.491e-06
-1.04073e-06
-2.77217e-06
-1.28707e-06
-1.87155e-06
6.07429e-07
1.87367e-06
3.08049e-06
3.69639e-06
3.81776e-06
3.56745e-06
3.11067e-06
2.55904e-06
1.98514e-06
1.43519e-06
9.37746e-07
5.09622e-07
1.59714e-07
-1.08153e-07
-2.93527e-07
-3.92318e-07
-4.04834e-07
-3.37478e-07
-2.14266e-07
-8.91007e-08
-2.51672e-08
-1.61357e-07
-5.2194e-07
1.93661e-05
-1.25266e-05
3.09432e-05
-1.15771e-05
4.31653e-05
-1.22221e-05
-1.45002e-05
5.76655e-05
3.69834e-05
-1.71997e-05
4.29399e-05
-1.75336e-05
4.94427e-05
-1.8725e-05
-2.06e-05
5.55425e-05
4.80372e-05
-2.03781e-05
5.25197e-05
-2.20162e-05
5.71552e-05
-2.33605e-05
-2.43061e-05
6.08613e-05
6.73505e-05
-2.29824e-05
7.09889e-05
-2.56545e-05
7.53337e-05
-2.77052e-05
-2.90163e-05
8.00439e-05
0.000107809
-2.18452e-05
0.000106947
-2.47924e-05
0.000107944
-2.8703e-05
-3.21459e-05
0.000111074
0.000167637
-2.08802e-05
0.000160653
-1.78088e-05
0.000153204
-2.12532e-05
-2.67671e-05
0.000147825
0.000198815
-3.23878e-05
0.00019894
-1.79336e-05
0.00019392
-1.62327e-05
-2.48328e-05
0.000191988
0.00020081
-5.91909e-05
0.000206882
-2.40117e-05
0.000209022
-1.83758e-05
-1.21183e-05
0.000196309
0.00010574
-3.80673e-05
0.000108007
-2.62804e-05
0.000110945
-2.13151e-05
-1.6797e-05
0.000115622
2.66951e-05
-3.17257e-05
2.75164e-05
-2.7099e-05
3.25949e-05
-2.63926e-05
-2.6369e-05
4.2167e-05
-9.39297e-06
-2.97351e-05
-6.40506e-06
-3.00864e-05
-6.36778e-07
-3.21612e-05
-3.32725e-05
6.2669e-06
-3.14576e-05
-2.88044e-05
-2.8996e-05
-3.25487e-05
-2.5553e-05
-3.56039e-05
-3.6126e-05
-2.26997e-05
-4.42321e-05
-2.82925e-05
-4.36575e-05
-3.31229e-05
-4.3917e-05
-3.53448e-05
-3.49537e-05
-4.50893e-05
-5.14554e-05
-2.6472e-05
-5.4586e-05
-2.9993e-05
-5.77007e-05
-3.22299e-05
-3.23459e-05
-6.03087e-05
-5.39177e-05
-2.35949e-05
-5.83171e-05
-2.55931e-05
-6.26106e-05
-2.79368e-05
-2.88441e-05
-6.61123e-05
-5.28286e-05
-2.04517e-05
-5.67614e-05
-2.1661e-05
-6.14378e-05
-2.32602e-05
-2.43741e-05
-6.59081e-05
-4.96389e-05
-1.7524e-05
-5.32408e-05
-1.80587e-05
-5.76666e-05
-1.88349e-05
-1.97073e-05
-6.23334e-05
-4.53146e-05
-1.50771e-05
-4.8266e-05
-1.51079e-05
-5.17828e-05
-1.5318e-05
-1.55871e-05
-5.59033e-05
-4.1328e-05
-1.32287e-05
-4.3527e-05
-1.29085e-05
-4.61709e-05
-1.26745e-05
-1.24744e-05
-4.92837e-05
-3.86491e-05
-1.18768e-05
-4.02303e-05
-1.13277e-05
-4.2102e-05
-1.08028e-05
-1.02753e-05
-4.43012e-05
-3.69474e-05
-1.08888e-05
-3.80481e-05
-1.02268e-05
-3.92987e-05
-9.55251e-06
-8.84738e-06
-4.07266e-05
-3.57605e-05
-1.00883e-05
-3.65921e-05
-9.39557e-06
-3.74755e-05
-8.66905e-06
-7.89479e-06
-3.84282e-05
-3.45558e-05
-9.35312e-06
-3.52784e-05
-8.67269e-06
-3.59951e-05
-7.95244e-06
-7.17975e-06
-3.67101e-05
-3.30184e-05
-8.63987e-06
-3.37005e-05
-7.99074e-06
-3.435e-05
-7.30287e-06
-6.5652e-06
-3.49646e-05
-3.10932e-05
-7.9514e-06
-3.17476e-05
-7.33614e-06
-3.23615e-05
-6.68904e-06
-5.99846e-06
-3.29283e-05
-2.89093e-05
-7.30146e-06
-2.95251e-05
-6.72057e-06
-3.00996e-05
-6.11443e-06
-5.47136e-06
-3.06267e-05
-2.66064e-05
-6.69811e-06
-2.71786e-05
-6.14816e-06
-2.77115e-05
-5.5815e-06
-4.98454e-06
-2.81983e-05
-2.43103e-05
-6.13942e-06
-2.48389e-05
-5.61968e-06
-2.533e-05
-5.09028e-06
-4.53634e-06
-2.57782e-05
-2.2072e-05
-5.61764e-06
-2.2567e-05
-5.12458e-06
-2.30268e-05
-4.6305e-06
-4.11801e-06
-2.34451e-05
-1.99334e-05
-5.12274e-06
-2.04028e-05
-4.65524e-06
-2.08395e-05
-4.19378e-06
-3.71995e-06
-2.12375e-05
-1.78972e-05
-4.6462e-06
-1.83519e-05
-4.20046e-06
-1.87769e-05
-3.76872e-06
-3.33147e-06
-1.91654e-05
-1.59769e-05
-4.18044e-06
-1.64221e-05
-3.75525e-06
-1.68412e-05
-3.34953e-06
-2.945e-06
-1.72277e-05
-1.41596e-05
-3.71985e-06
-1.46024e-05
-3.31241e-06
-1.50227e-05
-2.92923e-06
-2.55443e-06
-1.54132e-05
-1.24485e-05
-3.25925e-06
-1.28909e-05
-2.87001e-06
-1.33139e-05
-2.50612e-06
-2.15736e-06
-1.3711e-05
-1.08266e-05
-2.79621e-06
-1.12717e-05
-2.42485e-06
-1.16995e-05
-2.07831e-06
-1.75335e-06
-1.21035e-05
-9.28933e-06
-2.32916e-06
-9.73572e-06
-1.97863e-06
-1.01651e-05
-1.64889e-06
-1.34585e-06
-1.05725e-05
-7.81754e-06
-1.85981e-06
-8.26345e-06
-1.5326e-06
-8.6905e-06
-1.22194e-06
-9.41576e-07
-9.0947e-06
-6.39823e-06
-1.39249e-06
-6.83725e-06
-1.09381e-06
-7.25131e-06
-8.07742e-07
-5.53771e-07
-7.63911e-06
-5.0102e-06
-9.35763e-07
-5.43173e-06
-6.72013e-07
-5.81806e-06
-4.21515e-07
-2.01663e-07
-6.17009e-06
-3.60181e-06
-5.17378e-07
-3.98268e-06
-2.91487e-07
-4.31396e-06
-9.00996e-08
8.15993e-08
-4.59723e-06
-2.22191e-06
-1.67111e-07
-2.52843e-06
1.52774e-08
-2.77757e-06
1.58933e-07
2.7413e-07
-2.97013e-06
-7.08008e-07
-8.85838e-07
-1.03096e-06
-1.1433e-06
6.65687e-05
-6.80657e-05
6.69693e-05
-4.06978e-05
7.09035e-05
-5.5091e-06
7.21191e-05
2.85652e-06
7.33895e-05
7.67137e-06
7.62754e-05
1.06231e-05
7.97545e-05
1.12443e-05
8.17291e-05
9.47097e-06
7.93519e-05
6.09833e-06
7.32168e-05
2.38631e-06
6.39067e-05
-1.89971e-06
5.34751e-05
-6.24208e-06
4.40524e-05
-5.47995e-06
2.55163e-05
1.62664e-05
6.59551e-06
3.27157e-05
8.50893e-06
2.80375e-05
1.41321e-05
9.79071e-06
9.33441e-06
1.6223e-05
3.21769e-05
4.75049e-05
-6.00281e-05
4.8571e-05
-4.17639e-05
6.25022e-05
-1.94403e-05
7.28183e-05
-7.45953e-06
8.11163e-05
-6.26651e-07
8.7785e-05
3.95437e-06
9.24593e-05
6.57003e-06
9.4456e-05
7.4743e-06
9.30181e-05
7.53624e-06
8.78924e-05
7.512e-06
7.85705e-05
7.42213e-06
6.4999e-05
7.32948e-06
5.00937e-05
9.42529e-06
3.91931e-05
2.71671e-05
2.61378e-05
4.57711e-05
2.36552e-05
3.05201e-05
2.18514e-05
1.15945e-05
1.64018e-05
2.16726e-05
4.85787e-05
5.89446e-05
-5.81114e-05
6.1841e-05
-4.46603e-05
6.93229e-05
-2.69222e-05
7.55474e-05
-1.3684e-05
8.03574e-05
-5.43663e-06
8.41849e-05
1.26804e-07
8.73399e-05
3.41504e-06
8.87304e-05
6.08378e-06
8.7293e-05
8.97363e-06
8.29014e-05
1.19036e-05
7.52564e-05
1.50672e-05
6.38468e-05
1.87391e-05
5.00915e-05
2.31806e-05
4.24888e-05
3.47698e-05
4.04796e-05
4.77802e-05
3.78866e-05
3.31132e-05
3.03596e-05
1.91215e-05
2.0054e-05
3.19782e-05
6.86327e-05
8.53122e-05
-6.33797e-05
8.86099e-05
-4.79581e-05
9.09433e-05
-2.92556e-05
9.17715e-05
-1.45121e-05
9.14548e-05
-5.11993e-06
9.00365e-05
1.54508e-06
8.8723e-05
4.72854e-06
8.59005e-05
8.90627e-06
8.20741e-05
1.28e-05
7.70347e-05
1.6943e-05
6.96892e-05
2.24127e-05
6.00944e-05
2.83339e-05
4.91875e-05
3.40875e-05
4.36208e-05
4.03365e-05
4.6038e-05
4.5363e-05
4.50794e-05
3.40718e-05
3.89166e-05
2.52842e-05
2.3307e-05
4.75879e-05
9.19398e-05
0.0001169
-6.92057e-05
0.000118512
-4.95701e-05
0.000118258
-2.90012e-05
0.000117321
-1.35758e-05
0.000115554
-3.35208e-06
0.000112173
4.92612e-06
0.000105521
1.13797e-05
9.66874e-05
1.77402e-05
8.80243e-05
2.14631e-05
7.92747e-05
2.56926e-05
6.97315e-05
3.19558e-05
5.89486e-05
3.91168e-05
4.86624e-05
4.43738e-05
4.43657e-05
4.46332e-05
4.92469e-05
4.04817e-05
5.19044e-05
3.14143e-05
4.47806e-05
3.24079e-05
2.66843e-05
6.56842e-05
0.000118624
0.000144613
-6.59936e-05
0.000142933
-4.78883e-05
0.000139834
-2.59029e-05
0.000136882
-1.06232e-05
0.000134892
-1.36179e-06
0.000132845
6.97341e-06
0.00012794
1.62839e-05
0.000119202
2.64781e-05
0.000105162
3.55035e-05
8.79088e-05
4.29459e-05
7.23038e-05
4.75608e-05
5.90809e-05
5.23397e-05
4.98813e-05
5.35734e-05
4.94812e-05
4.50333e-05
5.51522e-05
3.48108e-05
5.60659e-05
3.05006e-05
4.64983e-05
4.19756e-05
2.71601e-05
8.50223e-05
0.000145784
0.000177103
-5.111e-05
0.00016158
-3.23669e-05
0.000151908
-1.62308e-05
0.000149168
-7.88163e-06
0.00014941
-1.60256e-06
0.00014975
6.6345e-06
0.000146477
1.95578e-05
0.000137008
3.59471e-05
0.000121175
5.1337e-05
0.00010072
6.34009e-05
7.99458e-05
6.83349e-05
6.32663e-05
6.90192e-05
5.2202e-05
6.46377e-05
5.24394e-05
4.47959e-05
5.51442e-05
3.2106e-05
5.38231e-05
3.18217e-05
4.22085e-05
5.35902e-05
2.18601e-05
0.000105371
0.000167644
0.000179002
-3.38013e-05
0.000175585
-2.89496e-05
0.000170908
-1.15543e-05
0.000162296
7.29506e-07
0.000149585
1.11084e-05
0.000133034
2.31858e-05
0.000127485
2.51069e-05
0.000130237
3.31952e-05
0.000115277
6.62973e-05
9.15536e-05
8.71245e-05
7.08798e-05
8.90086e-05
5.72028e-05
8.26963e-05
4.94386e-05
7.24019e-05
4.88062e-05
4.54283e-05
4.87057e-05
3.22065e-05
4.48484e-05
3.5679e-05
3.13465e-05
6.7092e-05
1.2829e-05
0.000123888
0.000180473
0.00012311
-4.12882e-05
0.000132708
-3.85461e-05
0.000140809
-1.96558e-05
0.000140094
1.4428e-06
0.000128173
2.30289e-05
0.000111969
3.93881e-05
8.93831e-05
4.76921e-05
6.74325e-05
5.51457e-05
5.47118e-05
7.90182e-05
4.56792e-05
9.61559e-05
4.49511e-05
8.97369e-05
3.93411e-05
8.83062e-05
3.66578e-05
7.50852e-05
3.88642e-05
4.32219e-05
3.74702e-05
3.36005e-05
2.84776e-05
4.46716e-05
1.48009e-05
8.07687e-05
1.59616e-06
0.000137093
0.000182069
6.51147e-05
-6.42358e-05
8.73586e-05
-6.079e-05
0.000104491
-3.67886e-05
0.000106593
-6.58502e-07
9.72508e-05
3.23705e-05
7.8732e-05
5.79065e-05
5.19824e-05
7.44414e-05
1.63852e-05
9.07435e-05
-2.40371e-05
0.000119442
-6.53907e-05
0.000137509
-8.59364e-05
0.000110279
1.42919e-05
-1.1922e-05
1.70033e-05
7.23738e-05
1.92672e-05
4.0958e-05
1.53135e-05
3.75542e-05
4.78685e-06
5.51982e-05
-6.22905e-06
9.17846e-05
-1.19347e-05
0.000142799
0.000170135
2.01708e-05
-7.81397e-05
3.52349e-05
-7.58541e-05
5.04203e-05
-5.19741e-05
5.73368e-05
-7.57519e-06
5.25515e-05
3.71555e-05
3.80349e-05
7.24227e-05
1.63781e-05
9.60981e-05
-1.2045e-05
0.000119166
-4.0408e-05
0.000147806
-5.81871e-05
0.000155292
-3.08478e-05
8.29397e-05
-5.06521e-05
7.87955e-06
-1.51417e-05
3.68634e-05
-1.12827e-05
3.7099e-05
-1.53362e-05
4.16076e-05
-2.23395e-05
6.22015e-05
-2.69305e-05
9.63756e-05
-2.10481e-05
0.000136916
0.000149087
-1.78004e-05
-8.3039e-05
-1.45849e-05
-7.90696e-05
-8.71398e-06
-5.78452e-05
-7.49362e-07
-1.55401e-05
1.22324e-06
3.51825e-05
-4.49842e-06
7.8144e-05
-1.39306e-05
0.00010553
-2.81659e-05
0.000133401
-4.89861e-05
0.000168625
-2.25746e-05
0.000128881
-1.33719e-05
7.37399e-05
-5.97123e-05
5.42196e-05
-4.35445e-05
2.06953e-05
-3.78189e-05
3.13734e-05
-3.81819e-05
4.19707e-05
-3.93536e-05
6.33732e-05
-3.65665e-05
9.35885e-05
-2.36826e-05
0.000124032
0.000125404
-4.76419e-05
-8.04865e-05
-5.07647e-05
-7.5947e-05
-5.35336e-05
-5.50765e-05
-4.94429e-05
-1.9631e-05
-4.26992e-05
2.84384e-05
-3.547e-05
7.09143e-05
-2.97687e-05
9.98279e-05
-2.75975e-05
0.000131229
-2.37843e-05
0.000164812
2.36975e-06
0.000102727
4.22698e-06
7.18829e-05
-3.10825e-05
8.95291e-05
-5.91312e-05
4.87436e-05
-5.36715e-05
2.59137e-05
-4.98412e-05
3.81404e-05
-4.63736e-05
5.99056e-05
-3.80053e-05
8.52202e-05
-2.06482e-05
0.000106675
0.000104756
-6.59301e-05
-7.48652e-05
-7.20588e-05
-6.98184e-05
-7.40991e-05
-5.30364e-05
-7.02116e-05
-2.35187e-05
-5.92458e-05
1.74723e-05
-4.49103e-05
5.65786e-05
-3.18577e-05
8.67751e-05
-1.91074e-05
0.000118479
-2.9625e-06
0.000148666
4.30915e-06
9.54553e-05
1.375e-06
7.48174e-05
-2.59717e-05
0.000116876
-7.00072e-05
9.27786e-05
-6.23327e-05
1.82389e-05
-5.38497e-05
2.96574e-05
-4.61969e-05
5.22528e-05
-3.45951e-05
7.36185e-05
-1.66937e-05
8.87737e-05
8.80621e-05
-7.35048e-05
-6.7473e-05
-8.09011e-05
-6.24222e-05
-8.3298e-05
-5.06396e-05
-8.0214e-05
-2.66029e-05
-6.77987e-05
5.05683e-06
-5.2129e-05
4.09086e-05
-3.75992e-05
7.2245e-05
-2.01145e-05
0.000100994
3.1316e-06
0.00012542
3.65704e-06
9.49295e-05
-5.14553e-06
8.36199e-05
-1.98568e-05
0.000131589
-5.69308e-05
0.000129852
-7.08584e-05
3.21649e-05
-5.81989e-05
1.69976e-05
-4.54924e-05
3.95463e-05
-3.17745e-05
5.99006e-05
-1.48794e-05
7.18786e-05
7.31827e-05
-7.52028e-05
-5.81785e-05
-8.28826e-05
-5.47425e-05
-8.94501e-05
-4.40723e-05
-9.01112e-05
-2.59421e-05
-8.23473e-05
-2.70737e-06
-6.79323e-05
2.64932e-05
-5.12744e-05
5.55867e-05
-3.14458e-05
8.11647e-05
-7.25054e-06
0.000101224
-3.66767e-06
9.13462e-05
-1.60778e-05
9.60301e-05
-2.36782e-05
0.000139193
-5.09088e-05
0.000157084
-0.000102168
8.34189e-05
-6.41548e-05
-2.1016e-05
-4.73816e-05
2.27728e-05
-3.12579e-05
4.37769e-05
-1.44399e-05
5.50607e-05
5.87428e-05
-7.33117e-05
-4.72004e-05
-8.34412e-05
-4.46132e-05
-9.15894e-05
-3.59243e-05
-9.50504e-05
-2.24813e-05
-9.24375e-05
-5.32061e-06
-8.29122e-05
1.69676e-05
-6.8227e-05
4.09011e-05
-4.96782e-05
6.26154e-05
-2.8131e-05
7.96766e-05
-2.05398e-05
8.37549e-05
-2.1728e-05
9.72182e-05
-1.54079e-05
0.000132873
-2.76783e-05
0.00016936
-5.95413e-05
0.000115282
-0.000104876
2.43125e-05
-5.37713e-05
-2.83322e-05
-3.37808e-05
2.37862e-05
-1.5591e-05
3.68709e-05
4.31518e-05
-6.64505e-05
-3.66533e-05
-7.67933e-05
-3.42707e-05
-8.53857e-05
-2.73322e-05
-9.07707e-05
-1.70966e-05
-9.17312e-05
-4.36033e-06
-8.66968e-05
1.19328e-05
-7.63609e-05
3.05649e-05
-6.20902e-05
4.83444e-05
-4.5866e-05
6.34521e-05
-3.61944e-05
7.40832e-05
-2.90898e-05
9.01137e-05
-1.46399e-05
0.000118423
5.77943e-06
0.000148942
-1.42446e-05
0.00013531
-6.05714e-05
7.06382e-05
-0.000108011
1.91062e-05
-4.88114e-05
-3.54153e-05
-2.03131e-05
8.37243e-06
2.28387e-05
-5.74928e-05
-2.84445e-05
-6.68139e-05
-2.49498e-05
-7.49076e-05
-1.92388e-05
-8.05298e-05
-1.14747e-05
-8.31599e-05
-1.73047e-06
-8.16707e-05
1.04433e-05
-7.55628e-05
2.44567e-05
-6.59346e-05
3.87161e-05
-5.44367e-05
5.19541e-05
-4.44565e-05
6.4103e-05
-3.37751e-05
7.94323e-05
-1.61751e-05
0.000100823
1.04331e-05
0.000122334
2.13718e-05
0.000124371
3.70138e-06
8.83105e-05
-2.04428e-05
4.32511e-05
-4.52961e-05
-1.0562e-05
-3.22503e-05
-4.67379e-06
-9.4115e-06
-5.01763e-05
-2.25696e-05
-5.68838e-05
-1.82426e-05
-6.32421e-05
-1.28807e-05
-6.83221e-05
-6.39494e-06
-7.13426e-05
1.28986e-06
-7.15909e-05
1.06914e-05
-6.85726e-05
2.14382e-05
-6.26813e-05
3.28246e-05
-5.4848e-05
4.41208e-05
-4.61361e-05
5.53911e-05
-3.51363e-05
6.84325e-05
-1.82728e-05
8.39598e-05
6.01009e-06
9.80508e-05
2.60836e-05
0.000104297
2.86405e-05
8.57544e-05
2.19615e-05
4.99313e-05
-5.98594e-06
1.73869e-05
-1.17323e-05
1.0729e-06
-2.11437e-05
-4.4484e-05
-1.88124e-05
-4.87481e-05
-1.39788e-05
-5.3032e-05
-8.59707e-06
-5.67501e-05
-2.67701e-06
-5.9421e-05
3.96052e-06
-6.02957e-05
1.15659e-05
-5.89607e-05
2.01031e-05
-5.54557e-05
2.93196e-05
-5.01481e-05
3.8813e-05
-4.32462e-05
4.84892e-05
-3.37004e-05
5.88867e-05
-1.96998e-05
6.99591e-05
-8.69664e-07
7.92205e-05
1.89675e-05
8.44601e-05
2.85836e-05
7.61383e-05
2.418e-05
5.43349e-05
1.2361e-05
2.9206e-05
7.01979e-06
6.41436e-06
-1.41238e-05
-4.07959e-05
-1.64448e-05
-4.33046e-05
-1.14704e-05
-4.58213e-05
-6.08057e-06
-4.80962e-05
-4.02279e-07
-4.98024e-05
5.66651e-06
-5.0424e-05
1.21873e-05
-4.96142e-05
1.92932e-05
-4.72415e-05
2.69468e-05
-4.33541e-05
3.49257e-05
-3.78997e-05
4.30349e-05
-3.02742e-05
5.12611e-05
-1.95639e-05
5.92488e-05
-5.89562e-06
6.55522e-05
9.55566e-06
6.90088e-05
2.04501e-05
6.52439e-05
2.1788e-05
5.29972e-05
1.58057e-05
3.51884e-05
8.25568e-06
1.39645e-05
-5.86807e-06
-3.8361e-05
-1.4794e-05
-3.98622e-05
-9.96941e-06
-4.11943e-05
-4.74861e-06
-4.22798e-05
6.83016e-07
-4.29579e-05
6.34444e-06
-4.2956e-05
1.21853e-05
-4.20142e-05
1.83513e-05
-3.99406e-05
2.48731e-05
-3.66475e-05
3.16325e-05
-3.20432e-05
3.84306e-05
-2.58402e-05
4.50582e-05
-1.76923e-05
5.11009e-05
-7.8225e-06
5.56825e-05
3.1592e-06
5.80272e-05
1.23005e-05
5.61027e-05
1.60516e-05
4.92462e-05
1.43018e-05
3.69383e-05
8.68809e-06
1.95784e-05
2.82011e-06
-3.6301e-05
-1.34577e-05
-3.73311e-05
-8.93951e-06
-3.80189e-05
-4.06101e-06
-3.83721e-05
1.03606e-06
-3.82896e-05
6.26177e-06
-3.76854e-05
1.1581e-05
-3.63915e-05
1.70573e-05
-3.42371e-05
2.27186e-05
-3.11056e-05
2.8501e-05
-2.69202e-05
3.42451e-05
-2.15852e-05
3.97232e-05
-1.50616e-05
4.45774e-05
-7.61993e-06
4.82409e-05
2.42718e-07
5.01647e-05
6.97221e-06
4.93734e-05
1.08086e-05
4.541e-05
1.06886e-05
3.70585e-05
6.54896e-06
2.37183e-05
9.36924e-06
-3.41261e-05
-1.226e-05
-3.49664e-05
-8.09931e-06
-3.5391e-05
-3.6366e-06
-3.53724e-05
1.01728e-06
-3.48819e-05
5.77107e-06
-3.38874e-05
1.05863e-05
-3.22988e-05
1.54686e-05
-2.99992e-05
2.04189e-05
-2.68944e-05
2.53962e-05
-2.294e-05
3.02907e-05
-1.8144e-05
3.49273e-05
-1.26154e-05
3.90489e-05
-6.66753e-06
4.22932e-05
-7.78375e-07
4.42757e-05
4.13934e-06
4.44559e-05
7.21281e-06
4.23367e-05
7.56214e-06
3.67094e-05
4.77391e-06
2.65068e-05
1.41432e-05
-3.17289e-05
-1.11578e-05
-3.24795e-05
-7.34894e-06
-3.28086e-05
-3.30761e-06
-3.2665e-05
8.73463e-07
-3.20258e-05
5.13177e-06
-3.08677e-05
9.42808e-06
-2.91427e-05
1.37435e-05
-2.67826e-05
1.80588e-05
-2.37306e-05
2.23442e-05
-1.99758e-05
2.65359e-05
-1.558e-05
3.05315e-05
-1.0715e-05
3.4184e-05
-5.70994e-06
3.72882e-05
-1.02791e-06
3.95938e-05
2.7139e-06
4.07143e-05
4.95802e-06
4.00928e-05
5.39113e-06
3.62765e-05
3.59163e-06
2.83064e-05
1.77351e-05
-2.92108e-05
-1.01454e-05
-2.98958e-05
-6.66408e-06
-3.0185e-05
-3.01862e-06
-3.00243e-05
7.1265e-07
-2.93758e-05
4.4831e-06
-2.82113e-05
8.26351e-06
-2.64963e-05
1.20284e-05
-2.41913e-05
1.57537e-05
-2.12693e-05
1.94221e-05
-1.77455e-05
2.30121e-05
-1.37076e-05
2.64937e-05
-9.34733e-06
2.98237e-05
-4.98652e-06
3.29275e-05
-1.05978e-06
3.56672e-05
1.926e-06
3.77287e-05
3.65209e-06
3.83669e-05
4.04425e-06
3.58845e-05
2.75058e-06
2.96004e-05
2.04857e-05
-2.67073e-05
-9.21629e-06
-2.73344e-05
-6.0371e-06
-2.76031e-05
-2.75013e-06
-2.74577e-05
5.67092e-07
-2.68621e-05
3.88741e-06
-2.57765e-05
7.17781e-06
-2.41685e-05
1.04203e-05
-2.20108e-05
1.35959e-05
-1.92923e-05
1.67036e-05
-1.60414e-05
1.97612e-05
-1.23538e-05
2.28061e-05
-8.4193e-06
2.58893e-05
-4.53858e-06
2.90469e-05
-1.10234e-06
3.22311e-05
1.48046e-06
3.5146e-05
2.90532e-06
3.69422e-05
3.15553e-06
3.56345e-05
2.0763e-06
3.06798e-05
2.25622e-05
-2.43098e-05
-8.35163e-06
-2.48975e-05
-5.4495e-06
-2.51606e-05
-2.48718e-06
-2.50516e-05
4.57967e-07
-2.45345e-05
3.37018e-06
-2.35701e-05
6.2133e-06
-2.21258e-05
8.97594e-06
-2.01775e-05
1.16476e-05
-1.77188e-05
1.42449e-05
-1.47793e-05
1.68216e-05
-1.14493e-05
1.9476e-05
-7.90355e-06
2.23436e-05
-4.41324e-06
2.55566e-05
-1.32356e-06
2.91416e-05
1.01355e-06
3.2809e-05
2.35186e-06
3.5604e-05
2.50236e-06
3.54841e-05
1.52746e-06
3.1655e-05
2.40897e-05
-2.20616e-05
-7.52754e-06
-2.26336e-05
-4.87765e-06
-2.29109e-05
-2.20997e-06
-2.28592e-05
4.06154e-07
-2.24421e-05
2.95296e-06
-2.16264e-05
5.3975e-06
-2.0382e-05
7.73145e-06
-1.86861e-05
9.95169e-06
-1.65312e-05
1.20899e-05
-1.39399e-05
1.42304e-05
-1.09876e-05
1.65237e-05
-7.82324e-06
1.91793e-05
-4.67911e-06
2.24126e-05
-1.85079e-06
2.63134e-05
3.5001e-07
3.06083e-05
1.71578e-06
3.42384e-05
1.94005e-06
3.526e-05
1.13412e-06
3.24609e-05
2.5224e-05
-1.99746e-05
-6.71834e-06
-2.05526e-05
-4.29967e-06
-2.08669e-05
-1.89583e-06
-2.08929e-05
4.32051e-07
-2.05927e-05
2.65263e-06
-1.99448e-05
4.74955e-06
-1.89237e-05
6.7103e-06
-1.75092e-05
8.5371e-06
-1.56914e-05
1.02721e-05
-1.3483e-05
1.20219e-05
-1.09369e-05
1.39776e-05
-8.16575e-06
1.64082e-05
-5.34912e-06
1.9596e-05
-2.71863e-06
2.36829e-05
-5.26926e-07
2.84167e-05
9.22973e-07
3.27886e-05
1.3689e-06
3.48142e-05
8.67218e-07
3.29629e-05
2.60912e-05
-1.80401e-05
-5.90594e-06
-1.86449e-05
-3.69484e-06
-1.90123e-05
-1.52852e-06
-1.91228e-05
5.42404e-07
-1.89494e-05
2.47912e-06
-1.8475e-05
4.27513e-06
-1.76824e-05
5.91765e-06
-1.65572e-05
7.41183e-06
-1.50904e-05
8.80513e-06
-1.32847e-05
1.02162e-05
-1.11678e-05
1.18607e-05
-8.80634e-06
1.40467e-05
-6.31459e-06
1.71043e-05
-3.85503e-06
2.12234e-05
-1.64428e-06
2.62061e-05
2.31918e-08
3.11212e-05
8.06324e-07
3.40312e-05
6.77759e-07
3.30914e-05
2.67691e-05
-1.62425e-05
-5.07663e-06
-1.68838e-05
-3.05359e-06
-1.7312e-05
-1.10035e-06
-1.75046e-05
7.34857e-07
-1.74476e-05
2.42203e-06
-1.71301e-05
3.95756e-06
-1.65441e-05
5.33155e-06
-1.56848e-05
6.55246e-06
-1.45491e-05
7.66938e-06
-1.31352e-05
8.80235e-06
-1.14469e-05
1.01724e-05
-9.50134e-06
1.21012e-05
-7.34006e-06
1.4943e-05
-5.04753e-06
1.89309e-05
-2.79194e-06
2.39505e-05
-8.6689e-07
2.91962e-05
3.05641e-07
3.28587e-05
5.57097e-07
3.28402e-05
2.73261e-05
-1.45626e-05
-4.22498e-06
-1.52399e-05
-2.3763e-06
-1.5718e-05
-6.22303e-07
-1.59769e-05
9.93712e-07
-1.6009e-05
2.45404e-06
-1.58098e-05
3.75825e-06
-1.53822e-05
4.90385e-06
-1.47345e-05
5.90464e-06
-1.38752e-05
6.80999e-06
-1.28055e-05
7.73261e-06
-1.15131e-05
8.87998e-06
-9.97196e-06
1.056e-05
-8.15349e-06
1.31245e-05
-6.05945e-06
1.68369e-05
-3.79209e-06
2.16832e-05
-1.62432e-06
2.70285e-05
-5.95627e-08
3.1294e-05
5.09442e-07
3.22711e-05
2.78357e-05
-1.29745e-05
-3.35393e-06
-1.36771e-05
-1.67367e-06
-1.41841e-05
-1.15417e-07
-1.44778e-05
1.28733e-06
-1.45564e-05
2.53251e-06
-1.44233e-05
3.62511e-06
-1.40931e-05
4.57356e-06
-1.35889e-05
5.40031e-06
-1.29341e-05
6.15507e-06
-1.21397e-05
6.93815e-06
-1.11879e-05
7.92812e-06
-1.00225e-05
9.39451e-06
-8.55901e-06
1.1661e-05
-6.7213e-06
1.49992e-05
-4.53179e-06
1.94937e-05
-2.2138e-06
2.47104e-05
-3.32208e-07
2.94124e-05
5.00827e-07
3.14382e-05
2.83364e-05
-1.14501e-05
-2.47631e-06
-1.21518e-05
-9.71966e-07
-1.26562e-05
3.88925e-07
-1.29434e-05
1.57451e-06
-1.302e-05
2.60901e-06
-1.29007e-05
3.50568e-06
-1.26134e-05
4.28616e-06
-1.21957e-05
4.98248e-06
-1.16852e-05
5.64449e-06
-1.11039e-05
6.35674e-06
-1.04358e-05
7.26e-06
-9.6096e-06
8.56824e-06
-8.50485e-06
1.05562e-05
-6.984e-06
1.34783e-05
-4.99132e-06
1.75009e-05
-2.67142e-06
2.23905e-05
-5.97793e-07
2.73387e-05
4.76343e-07
3.03639e-05
2.88129e-05
-9.95851e-06
-1.61248e-06
-1.06317e-05
-2.98765e-07
-1.10817e-05
8.38845e-07
-1.13144e-05
1.80722e-06
-1.13433e-05
2.63781e-06
-1.11987e-05
3.36098e-06
-1.09229e-05
4.01027e-06
-1.05652e-05
4.62465e-06
-1.01715e-05
5.25076e-06
-9.76935e-06
5.95447e-06
-9.3456e-06
6.83617e-06
-8.82413e-06
8.0467e-06
-8.07046e-06
9.80248e-06
-6.90969e-06
1.23175e-05
-5.22436e-06
1.58156e-05
-3.06755e-06
2.02337e-05
-9.39292e-07
2.52105e-05
3.73095e-07
2.90517e-05
2.91858e-05
-8.45109e-06
-8.0045e-07
-9.04687e-06
2.9703e-07
-9.40197e-06
1.19391e-06
-9.53827e-06
1.94348e-06
-9.49113e-06
2.5906e-06
-9.3094e-06
3.17917e-06
-9.04806e-06
3.74885e-06
-8.76091e-06
4.33741e-06
-8.49224e-06
4.98201e-06
-8.26424e-06
5.7264e-06
-8.06386e-06
6.63572e-06
-7.81658e-06
7.79936e-06
-7.39277e-06
9.37863e-06
-6.60702e-06
1.15317e-05
-5.30238e-06
1.45109e-05
-3.44948e-06
1.83808e-05
-1.40309e-06
2.31641e-05
1.45017e-07
2.75034e-05
2.9331e-05
-6.87963e-06
-9.089e-08
-7.34132e-06
7.58745e-07
-7.56358e-06
1.41619e-06
-7.58631e-06
1.96621e-06
-7.46985e-06
2.47412e-06
-7.27902e-06
2.98833e-06
-7.07154e-06
3.54133e-06
-6.89372e-06
4.15955e-06
-6.77648e-06
4.86474e-06
-6.72857e-06
5.67845e-06
-6.7329e-06
6.64002e-06
-6.72382e-06
7.79026e-06
-6.59001e-06
9.24479e-06
-6.16008e-06
1.11017e-05
-5.26156e-06
1.36124e-05
-3.79857e-06
1.69178e-05
-1.95224e-06
2.13177e-05
-2.43714e-07
2.57951e-05
2.90872e-05
-5.1571e-06
4.69003e-07
-5.4649e-06
1.06653e-06
-5.55076e-06
1.50203e-06
-5.49084e-06
1.90626e-06
-5.36257e-06
2.3458e-06
-5.22843e-06
2.85413e-06
-5.13543e-06
3.44827e-06
-5.10758e-06
4.13164e-06
-5.15727e-06
4.91435e-06
-5.27969e-06
5.8008e-06
-5.45599e-06
6.81625e-06
-5.63368e-06
7.96788e-06
-5.72809e-06
9.33914e-06
-5.59928e-06
1.09729e-05
-5.08163e-06
1.30947e-05
-4.03413e-06
1.58702e-05
-2.47691e-06
1.97605e-05
-7.2263e-07
2.40406e-05
2.83645e-05
-3.32028e-06
8.19099e-07
-3.45414e-06
1.20033e-06
-3.45332e-06
1.50114e-06
-3.40144e-06
1.85429e-06
-3.3557e-06
2.29997e-06
-3.35346e-06
2.8518e-06
-3.41272e-06
3.50743e-06
-3.54133e-06
4.26015e-06
-3.73764e-06
5.11057e-06
-3.99156e-06
6.05462e-06
-4.28662e-06
7.11121e-06
-4.58601e-06
8.26717e-06
-4.83164e-06
9.58468e-06
-4.92026e-06
1.10614e-05
-4.71221e-06
1.28865e-05
-4.04599e-06
1.52039e-05
-2.8341e-06
1.85485e-05
-1.18689e-06
2.23933e-05
2.71776e-05
-1.38123e-06
-1.5172e-06
-1.58421e-06
-1.64848e-06
-1.74148e-06
-1.8781e-06
-2.06357e-06
-2.29826e-06
-2.57992e-06
-2.90067e-06
-3.24964e-06
-3.60214e-06
-3.91751e-06
-4.12374e-06
-4.11397e-06
-3.72268e-06
-2.85624e-06
-1.45237e-06
)
;

boundaryField
{
    leftWall
    {
        type            calculated;
        value           uniform 0;
    }
    rightWall
    {
        type            calculated;
        value           uniform 0;
    }
    lowerWall
    {
        type            calculated;
        value           uniform 0;
    }
    atmosphere
    {
        type            calculated;
        value           nonuniform List<scalar> 
46
(
2.65414e-07
2.18253e-06
2.52538e-06
1.30932e-06
-8.54136e-07
-3.48716e-06
-6.19646e-06
-8.69288e-06
-1.07903e-05
-1.23958e-05
-1.34854e-05
-1.40789e-05
-1.42182e-05
-1.3954e-05
-1.3336e-05
-1.24192e-05
-1.12402e-05
-9.8343e-06
-8.22422e-06
-6.45119e-06
-4.55496e-06
-2.63605e-06
-9.26589e-07
1.88696e-08
1.9283e-07
3.03934e-07
3.86429e-07
1.057e-06
1.33627e-06
1.56811e-06
1.91853e-06
2.39294e-06
2.98838e-06
3.69286e-06
4.49481e-06
5.39218e-06
6.37533e-06
7.46016e-06
8.61963e-06
9.90002e-06
1.12676e-05
1.28767e-05
1.48126e-05
1.7682e-05
2.09894e-05
2.57252e-05
)
;
    }
    defaultFaces
    {
        type            empty;
        value           nonuniform List<scalar> 0();
    }
}


// ************************************************************************* //
