/*--------------------------------*- C++ -*----------------------------------*\
| =========                 |                                                 |
| \\      /  F ield         | OpenFOAM: The Open Source CFD Toolbox           |
|  \\    /   O peration     | Version:  2312                                  |
|   \\  /    A nd           | Website:  www.openfoam.com                      |
|    \\/     M anipulation  |                                                 |
\*---------------------------------------------------------------------------*/
FoamFile
{
    version     2.0;
    format      ascii;
    arch        "LSB;label=32;scalar=64";
    class       volVectorField;
    location    "5.6";
    object      U;
}
// * * * * * * * * * * * * * * * * * * * * * * * * * * * * * * * * * * * * * //

dimensions      [0 1 -1 0 0 0 0];

internalField   nonuniform List<vector> 
2268
(
(0.00693612 -0.00396544 0)
(0.0127502 -0.0019961 0)
(0.0189674 -0.00173658 0)
(0.0257684 -0.0017618 0)
(0.0331616 -0.00184195 0)
(0.041037 -0.00191141 0)
(0.0493119 -0.00198941 0)
(0.0579625 -0.00206108 0)
(0.0669119 -0.00208693 0)
(0.0759105 -0.00204227 0)
(0.0845936 -0.00191202 0)
(0.0925429 -0.00167804 0)
(0.0992876 -0.00132096 0)
(0.10429 -0.000838495 0)
(0.106983 -0.000230769 0)
(0.106822 0.000520076 0)
(0.103188 0.0014474 0)
(0.0954398 0.00250232 0)
(0.0833482 0.00354277 0)
(0.0673578 0.00444959 0)
(0.0482478 0.00512436 0)
(0.0270267 0.00537022 0)
(0.00560246 0.00342648 0)
(0.00211739 -0.00584397 0)
(0.00837314 -0.00426045 0)
(0.0144231 -0.00463037 0)
(0.021352 -0.00509064 0)
(0.0288593 -0.00548534 0)
(0.0368176 -0.00579279 0)
(0.0451872 -0.00608142 0)
(0.0540017 -0.00636354 0)
(0.0631827 -0.00649682 0)
(0.0724581 -0.00639873 0)
(0.0814433 -0.00604578 0)
(0.0897077 -0.00537514 0)
(0.0967692 -0.00432003 0)
(0.102087 -0.00287154 0)
(0.105117 -0.00104409 0)
(0.105354 0.00117952 0)
(0.102136 0.003874 0)
(0.094758 0.00689084 0)
(0.083005 0.00976421 0)
(0.0674301 0.0122005 0)
(0.0489573 0.0140902 0)
(0.0283344 0.015139 0)
(0.00826171 0.0121671 0)
(0.00129389 -0.00779417 0)
(0.00709929 -0.00716352 0)
(0.0128279 -0.00772039 0)
(0.0195972 -0.00849946 0)
(0.0269394 -0.00919211 0)
(0.0347036 -0.00976374 0)
(0.0428795 -0.0102958 0)
(0.0516012 -0.0108625 0)
(0.0608048 -0.0111452 0)
(0.0701753 -0.0109874 0)
(0.0793194 -0.0103737 0)
(0.0878029 -0.00917741 0)
(0.095113 -0.00732296 0)
(0.100697 -0.00486215 0)
(0.104052 -0.00183198 0)
(0.104768 0.00187739 0)
(0.102111 0.00645053 0)
(0.0951869 0.0115641 0)
(0.0837634 0.0163299 0)
(0.0686298 0.0202796 0)
(0.0507657 0.0232211 0)
(0.0302617 0.0246852 0)
(0.0107538 0.020551 0)
(0.00186811 -0.00944584 0)
(0.00738779 -0.00957177 0)
(0.0131345 -0.0104606 0)
(0.0198747 -0.0116055 0)
(0.0271781 -0.0125615 0)
(0.0348802 -0.0133359 0)
(0.0429347 -0.0141161 0)
(0.0515325 -0.0149498 0)
(0.0606416 -0.0154031 0)
(0.0699703 -0.0152775 0)
(0.079206 -0.0146105 0)
(0.0878864 -0.0131294 0)
(0.0953601 -0.0106454 0)
(0.101028 -0.00722039 0)
(0.10453 -0.00299815 0)
(0.105637 0.00208286 0)
(0.103473 0.00854668 0)
(0.0968942 0.0159975 0)
(0.0857685 0.0228351 0)
(0.071215 0.0284909 0)
(0.054226 0.0329914 0)
(0.0337722 0.0358471 0)
(0.0136438 0.0324591 0)
(0.00255605 -0.012536 0)
(0.00782806 -0.0130843 0)
(0.0137158 -0.0143611 0)
(0.0206209 -0.0158447 0)
(0.0282557 -0.0169068 0)
(0.0365016 -0.0176605 0)
(0.045197 -0.0185073 0)
(0.0541252 -0.0195624 0)
(0.0630411 -0.020245 0)
(0.0719042 -0.0201284 0)
(0.0808038 -0.0192381 0)
(0.0894757 -0.0172282 0)
(0.0971934 -0.0139171 0)
(0.103205 -0.00959635 0)
(0.106654 -0.00443929 0)
(0.106965 0.00210793 0)
(0.104055 0.010327 0)
(0.0973582 0.0197362 0)
(0.0869951 0.0278646 0)
(0.0735505 0.0343475 0)
(0.0575487 0.0395345 0)
(0.037767 0.0433984 0)
(0.0169774 0.0410365 0)
(0.00267418 -0.0179758 0)
(0.00778176 -0.018408 0)
(0.0138254 -0.019362 0)
(0.0210184 -0.020496 0)
(0.0292425 -0.0213172 0)
(0.0384778 -0.0218148 0)
(0.0483472 -0.02212 0)
(0.0579322 -0.0222228 0)
(0.0664649 -0.0220462 0)
(0.0741025 -0.0216078 0)
(0.0810253 -0.0208262 0)
(0.087225 -0.0188517 0)
(0.0921237 -0.0151935 0)
(0.0956693 -0.00999034 0)
(0.0978744 -0.00364674 0)
(0.0981221 0.00420044 0)
(0.0957341 0.0129192 0)
(0.0912916 0.022479 0)
(0.0845058 0.0310922 0)
(0.0733222 0.0385172 0)
(0.0577693 0.0445774 0)
(0.038016 0.0495338 0)
(0.0174067 0.0502164 0)
(0.000821327 -0.0155414 0)
(0.00356929 -0.0164345 0)
(0.00800735 -0.0184448 0)
(0.0145135 -0.0206694 0)
(0.0231831 -0.0223356 0)
(0.0329431 -0.0237376 0)
(0.0422195 -0.0254492 0)
(0.0510192 -0.026302 0)
(0.0595272 -0.0259624 0)
(0.0707433 -0.0245443 0)
(0.0815883 -0.0227655 0)
(0.0911433 -0.0200552 0)
(0.0978916 -0.0160905 0)
(0.101989 -0.0111402 0)
(0.103454 -0.00470671 0)
(0.0984846 0.00428793 0)
(0.0883524 0.0146569 0)
(0.0789256 0.0255621 0)
(0.0697996 0.0365505 0)
(0.0560574 0.0479378 0)
(0.0391566 0.0571614 0)
(0.022201 0.0647941 0)
(0.0102108 0.0679668 0)
(-0.00361535 -0.0131075 0)
(-0.00773458 -0.015811 0)
(-0.0105012 -0.0196177 0)
(-0.00974391 -0.0252815 0)
(-0.0035485 -0.0313461 0)
(0.00727995 -0.0344909 0)
(0.0169139 -0.0339905 0)
(0.0137887 -0.0311305 0)
(-0.0141823 -0.0315612 0)
(-0.0149365 -0.0348273 0)
(-0.0144536 -0.0354769 0)
(-0.0107898 -0.0313964 0)
(-0.0131504 -0.0242885 0)
(-0.0184333 -0.0165217 0)
(-0.0162591 -0.00522084 0)
(-0.012926 0.00788169 0)
(-0.0171107 0.0211702 0)
(-0.0251605 0.0332485 0)
(-0.0354903 0.0467602 0)
(-0.0437679 0.0599154 0)
(-0.0478503 0.0675289 0)
(-0.0456766 0.0709705 0)
(-0.016102 0.0690138 0)
(-0.00738365 0.00216707 0)
(-0.00878481 0.00108996 0)
(-0.0222117 0.00385018 0)
(-0.0400682 0.0050201 0)
(-0.0607661 0.0041989 0)
(-0.0755405 0.00280655 0)
(-0.0836543 0.00122691 0)
(-0.0851502 -0.000369551 0)
(-0.0794996 -0.00203137 0)
(-0.0675811 -0.00341229 0)
(-0.0557457 -0.00316832 0)
(-0.0491457 -0.0023322 0)
(-0.0460926 -0.0019746 0)
(-0.0435944 -0.00180294 0)
(-0.0413887 -0.00114064 0)
(-0.039423 -0.000888873 0)
(-0.0320645 -0.00285934 0)
(-0.0165615 -0.00334872 0)
(-0.00342811 -0.00112028 0)
(0.00141253 0.0053369 0)
(-0.00127956 0.00385476 0)
(-0.015859 0.00801782 0)
(-0.0351831 0.0119586 0)
(-0.0575235 0.0114821 0)
(-0.0758361 0.00777396 0)
(-0.085535 0.00278344 0)
(-0.0858662 -0.00194936 0)
(-0.0778773 -0.00642664 0)
(-0.065076 -0.00867007 0)
(-0.0540033 -0.00535195 0)
(-0.0474635 -0.00109345 0)
(-0.0443927 -2.7263e-05 0)
(-0.0433747 3.08301e-05 0)
(-0.042837 7.67954e-05 0)
(-0.0408335 -0.00117194 0)
(-0.0304947 -0.00910323 0)
(-0.0164169 -0.0105511 0)
(-0.00474419 -0.00646669 0)
(-0.0140846 -0.00154584 0)
(-0.0320778 0.00743572 0)
(-0.0437157 0.0144084 0)
(-0.052014 0.0185831 0)
(-0.0713433 0.0185403 0)
(-0.0925353 0.0137975 0)
(-0.102146 0.00536993 0)
(-0.0997247 -0.00277299 0)
(-0.0916233 -0.00992592 0)
(-0.0822875 -0.0124461 0)
(-0.0732511 -0.00958863 0)
(-0.0628227 -0.00611253 0)
(-0.0529475 -0.00543319 0)
(-0.04566 -0.00380154 0)
(-0.0401788 -0.00315143 0)
(-0.0337754 -0.00512181 0)
(-0.0227738 -0.0129708 0)
(-0.0254486 -0.0140558 0)
(-0.0105888 -0.0114515 0)
(-0.142601 0.0364909 0)
(-0.159788 0.0261146 0)
(-0.165554 0.0230081 0)
(-0.145219 0.0303001 0)
(-0.130633 0.0314014 0)
(-0.13653 0.020296 0)
(-0.141949 0.00486178 0)
(-0.138485 -0.00615289 0)
(-0.13025 -0.0140208 0)
(-0.116912 -0.0148384 0)
(-0.0920004 -0.0109447 0)
(-0.0537964 -0.00875116 0)
(-0.0340377 -0.00759288 0)
(-0.0304172 -0.00260767 0)
(-0.0178484 -0.00380229 0)
(-0.0212174 -0.0132013 0)
(-0.0315512 -0.0111998 0)
(-0.0367578 -0.0134623 0)
(-0.00197389 -0.0195964 0)
(-0.129257 0.0925901 0)
(-0.140554 0.0305576 0)
(-0.147253 0.00391675 0)
(-0.118958 0.00710952 0)
(-0.0752701 0.0197601 0)
(-0.0686209 0.0286576 0)
(-0.105879 0.00765875 0)
(-0.141648 -0.0104787 0)
(-0.160222 -0.0234784 0)
(-0.135484 -0.0331535 0)
(-0.0739835 -0.0436462 0)
(0.0114482 -0.0329954 0)
(0.0119022 -0.00586439 0)
(0.00761383 -0.00623121 0)
(0.0468428 -0.0120232 0)
(0.0184822 0.00846778 0)
(-0.05719 -0.00502833 0)
(0.0350077 -0.0423595 0)
(0.0612208 -0.0155624 0)
(-0.109728 0.141495 0)
(-0.100191 0.0459091 0)
(-0.126507 0.00316392 0)
(-0.112575 -0.00388408 0)
(-0.0743583 -0.00412939 0)
(-0.0401157 0.0336886 0)
(-0.0716407 0.0281761 0)
(-0.104396 0.00692933 0)
(-0.116234 -0.0163658 0)
(-0.0882748 -0.0468946 0)
(-0.0424824 -0.0790209 0)
(0.0257541 -0.0545671 0)
(0.0564017 -0.00438478 0)
(0.0523444 -0.0100024 0)
(0.0499287 -0.0188099 0)
(0.0380338 0.0274225 0)
(0.0186515 -0.008927 0)
(0.0377184 -0.0645178 0)
(0.0678122 0.0158512 0)
(-0.0938198 0.179845 0)
(-0.0513723 0.05633 0)
(-0.101408 0.00543361 0)
(-0.0995763 -0.0110311 0)
(-0.0777873 -0.0250323 0)
(-0.0320449 0.029424 0)
(-0.0424008 0.040097 0)
(-0.0664501 0.0143268 0)
(-0.0728728 -0.0178889 0)
(-0.0673897 -0.0553301 0)
(-0.0377514 -0.103719 0)
(0.00357327 -0.0812242 0)
(0.0576702 -0.0104918 0)
(0.0497705 -0.00649877 0)
(0.0226808 -0.0149613 0)
(0.0129622 0.0355787 0)
(0.0207321 -0.0135783 0)
(0.0289011 -0.0685212 0)
(0.0568971 0.0346332 0)
(-0.0804056 0.20874 0)
(-0.0130345 0.0618278 0)
(-0.0580218 0.0153518 0)
(-0.0723162 -0.00729686 0)
(-0.0749664 -0.0342766 0)
(-0.042552 0.0160635 0)
(-0.0298768 0.0457043 0)
(-0.0416313 0.0214736 0)
(-0.0452475 -0.0152184 0)
(-0.054898 -0.0577872 0)
(-0.0411955 -0.113737 0)
(-0.0403912 -0.100191 0)
(0.0203102 -0.0151779 0)
(0.00596568 0.00132865 0)
(-0.0168087 -0.00841291 0)
(-0.0189159 0.0376122 0)
(0.0118929 -0.0259905 0)
(0.014027 -0.0728389 0)
(0.0443108 0.0485075 0)
(-0.0137289 -0.0115199 0)
(-0.0321368 -0.0161908 0)
(-0.0456829 -0.0194389 0)
(-0.0512322 -0.025112 0)
(-0.050893 -0.0307065 0)
(-0.0481078 -0.0286816 0)
(-0.0458532 -0.0160755 0)
(-0.0455632 -0.0107042 0)
(-0.0433036 -0.0189785 0)
(-0.0391345 -0.0266987 0)
(-0.0361268 -0.0281743 0)
(-0.0339451 -0.0215053 0)
(-0.0343986 -0.011811 0)
(-0.0371997 -0.00868207 0)
(-0.0398359 -0.00340374 0)
(-0.0422423 0.00984619 0)
(-0.0466236 0.0243517 0)
(-0.0518869 0.0371369 0)
(-0.056639 0.0483224 0)
(-0.0591783 0.0575222 0)
(-0.0587514 0.0622873 0)
(-0.0557487 0.058489 0)
(-0.0394847 0.047584 0)
(-0.0123659 0.0266907 0)
(-0.0301577 0.0143542 0)
(-0.0443261 -0.0028425 0)
(-0.053626 -0.0210744 0)
(-0.0600473 -0.0369506 0)
(-0.0607903 -0.0433258 0)
(-0.0535763 -0.0389206 0)
(-0.0449392 -0.0347041 0)
(-0.0403135 -0.0350733 0)
(-0.0383723 -0.0359251 0)
(-0.0379704 -0.039244 0)
(-0.0350484 -0.0342598 0)
(-0.0296244 -0.0247817 0)
(-0.0257808 -0.0128552 0)
(-0.0377375 -0.00161113 0)
(-0.0472216 0.0119867 0)
(-0.0546402 0.0265485 0)
(-0.0604015 0.0385986 0)
(-0.0634104 0.0467353 0)
(-0.0610787 0.0527207 0)
(-0.0558678 0.0554556 0)
(-0.0516495 0.048188 0)
(-0.0480616 0.0341087 0)
(0.000383422 0.03047 0)
(0.0021094 0.0170136 0)
(0.00154263 0.00356975 0)
(-0.0125433 -0.00638472 0)
(-0.0311142 -0.0222695 0)
(-0.040903 -0.033932 0)
(-0.0405555 -0.036344 0)
(-0.036503 -0.0308957 0)
(-0.0389764 -0.0293849 0)
(-0.0510193 -0.0309596 0)
(-0.0708519 -0.032435 0)
(-0.0874897 -0.0243435 0)
(-0.100348 -0.0127788 0)
(-0.108903 0.00570266 0)
(-0.111891 0.013168 0)
(-0.113077 0.0244482 0)
(-0.110818 0.0366023 0)
(-0.107378 0.0461578 0)
(-0.101783 0.0495048 0)
(-0.0932313 0.0521757 0)
(-0.0812325 0.0542976 0)
(-0.0678273 0.0530069 0)
(-0.0694142 0.0539586 0)
(0.00387877 0.0231529 0)
(0.0105926 0.0130257 0)
(0.0091071 0.0111816 0)
(-0.00178187 0.0110609 0)
(-0.0140035 -0.00799023 0)
(-0.0271017 -0.0309505 0)
(-0.0412514 -0.040179 0)
(-0.0585215 -0.0279114 0)
(-0.0810735 -0.00963332 0)
(-0.1153 0.00100931 0)
(-0.145735 -0.000225746 0)
(-0.159667 -0.00330949 0)
(-0.160509 -0.00623731 0)
(-0.154353 0.00130096 0)
(-0.146562 0.00599304 0)
(-0.141068 0.0164162 0)
(-0.134031 0.026774 0)
(-0.125407 0.0337196 0)
(-0.116327 0.0353843 0)
(-0.107846 0.0360377 0)
(-0.0940154 0.0310181 0)
(-0.0724461 0.0306246 0)
(-0.0574647 0.0492018 0)
(0.000279424 0.019551 0)
(-0.00452044 0.0153573 0)
(-0.0148594 0.0179575 0)
(-0.0250636 0.01712 0)
(-0.0395092 0.0029839 0)
(-0.0593553 -0.0119478 0)
(-0.0855519 -0.0115291 0)
(-0.107611 0.00872886 0)
(-0.123861 0.0233442 0)
(-0.128874 0.0210321 0)
(-0.125658 0.00693443 0)
(-0.119286 -0.00730151 0)
(-0.114041 -0.0143676 0)
(-0.109855 -0.00934161 0)
(-0.104298 -0.00162272 0)
(-0.099917 0.010876 0)
(-0.0952848 0.0211419 0)
(-0.0892963 0.0261584 0)
(-0.0836423 0.0289634 0)
(-0.0825544 0.0294126 0)
(-0.0752648 0.0157775 0)
(-0.0654093 0.0083022 0)
(-0.0471733 0.0319776 0)
(-0.0058749 0.0240592 0)
(-0.0167553 0.0278118 0)
(-0.0317202 0.0341184 0)
(-0.0479257 0.0359544 0)
(-0.0707943 0.0283262 0)
(-0.0975787 0.0179121 0)
(-0.118194 0.0126599 0)
(-0.126675 0.0189254 0)
(-0.121973 0.020236 0)
(-0.111694 0.00853741 0)
(-0.101901 -0.00370636 0)
(-0.0973326 -0.0135002 0)
(-0.09559 -0.0165952 0)
(-0.09308 -0.0125693 0)
(-0.0876845 -0.00410901 0)
(-0.0793572 0.00762561 0)
(-0.0688006 0.0183123 0)
(-0.0571596 0.0235929 0)
(-0.0469781 0.029447 0)
(-0.0427897 0.0335321 0)
(-0.0399814 0.0191585 0)
(-0.0476405 0.0054375 0)
(-0.0492137 0.0131263 0)
(-0.00903898 0.0320813 0)
(-0.0175789 0.0380125 0)
(-0.0271367 0.0466943 0)
(-0.0386842 0.0530963 0)
(-0.0608217 0.0488114 0)
(-0.0919601 0.0320513 0)
(-0.121152 0.0125384 0)
(-0.136153 0.000162344 0)
(-0.133388 -0.0087271 0)
(-0.122354 -0.0210048 0)
(-0.109909 -0.0303368 0)
(-0.0992194 -0.0354901 0)
(-0.0915412 -0.0360654 0)
(-0.0836403 -0.0341832 0)
(-0.073062 -0.0282256 0)
(-0.0589626 -0.0195842 0)
(-0.0404535 -0.00952228 0)
(-0.0245606 -0.00298954 0)
(-0.0101568 0.00631172 0)
(0.000340484 0.017533 0)
(0.00586262 0.0200441 0)
(0.00108397 0.0167421 0)
(-0.00809971 0.0133022 0)
(-0.0169018 0.063376 0)
(-0.0372597 0.0642376 0)
(-0.0594785 0.0643265 0)
(-0.0743986 0.0644621 0)
(-0.0908207 0.064088 0)
(-0.118248 0.0605108 0)
(-0.146911 0.0459521 0)
(-0.151467 0.0266207 0)
(-0.139994 0.0030382 0)
(-0.121729 -0.0133184 0)
(-0.109955 -0.0208587 0)
(-0.108862 -0.0237364 0)
(-0.112069 -0.0248487 0)
(-0.110994 -0.0273682 0)
(-0.102228 -0.0279117 0)
(-0.0831133 -0.0274323 0)
(-0.0554931 -0.0214965 0)
(-0.0293629 -0.0117122 0)
(-0.00792668 0.00163813 0)
(0.0117991 0.0099077 0)
(0.0253087 0.0145358 0)
(0.0305798 0.0149531 0)
(0.0266704 0.0127933 0)
(-0.00587911 0.0714365 0)
(-0.00117087 0.0701139 0)
(0.000850086 0.068921 0)
(0.0151517 0.0778472 0)
(0.0263113 0.118029 0)
(-0.00345789 0.134372 0)
(-0.00111201 0.11486 0)
(-0.126654 0.051118 0)
(-0.159116 0.00936158 0)
(-0.153096 -0.0083158 0)
(-0.137217 -0.0115593 0)
(-0.129263 0.00180119 0)
(-0.13234 0.00236674 0)
(-0.140392 -0.0100667 0)
(-0.127667 -0.0357221 0)
(-0.0974543 -0.0547014 0)
(-0.0462044 -0.0514178 0)
(-0.0733884 -0.0146343 0)
(-0.0591431 -0.0211647 0)
(-0.0563801 -0.000763066 0)
(-0.0782726 0.0190553 0)
(-0.148566 0.0263758 0)
(-0.168571 0.024965 0)
(0.0121271 0.0818156 0)
(0.046819 0.090038 0)
(0.0382909 0.0949322 0)
(-0.0308616 0.0978349 0)
(0.0190752 0.112193 0)
(0.047423 0.085676 0)
(0.0393581 0.134681 0)
(0.0556318 0.036371 0)
(0.0547908 -0.0547279 0)
(0.0393955 -0.0865513 0)
(0.025983 -0.0806583 0)
(0.00600188 -0.0582991 0)
(0.0060571 -0.0433557 0)
(0.013989 -0.0412996 0)
(0.0183629 -0.060369 0)
(0.0131958 -0.077782 0)
(-0.00915526 -0.076319 0)
(-0.00392674 0.0115394 0)
(0.00763926 -0.0428168 0)
(-0.0197768 0.0194319 0)
(0.0389084 0.107227 0)
(0.026115 0.0570332 0)
(0.131017 -0.0222877 0)
(0.0229605 0.0207388 0)
(0.0199689 0.0170183 0)
(0.0176316 0.108879 0)
(0.0377056 -0.0160296 0)
(0.0551412 0.0299643 0)
(0.054474 0.101273 0)
(0.061404 0.135858 0)
(0.0916924 0.10885 0)
(0.0902572 0.0638107 0)
(0.0753077 0.0239965 0)
(0.0656017 0.00375005 0)
(0.0637336 -0.00309918 0)
(0.0687986 -0.0107524 0)
(0.071537 -0.0220678 0)
(0.064538 -0.0393536 0)
(0.0485256 -0.0520202 0)
(0.0272149 -0.0512853 0)
(0.02092 -0.0181174 0)
(0.0158828 -0.0132663 0)
(0.0248641 -0.0192273 0)
(0.106759 -0.0252899 0)
(0.185657 -0.0767818 0)
(0.23571 -0.0752845 0)
(-0.0108213 -0.0675431 0)
(-0.0285734 0.0210781 0)
(-0.00226815 -0.00948525 0)
(0.0249539 0.097735 0)
(0.0128695 0.105813 0)
(0.013169 0.0987559 0)
(0.039076 0.0783694 0)
(0.0670914 0.0334944 0)
(0.0836296 -0.00394486 0)
(0.08432 -0.0230135 0)
(0.0740955 -0.0318639 0)
(0.0661328 -0.0348087 0)
(0.0623245 -0.0337866 0)
(0.0577592 -0.0310979 0)
(0.0486549 -0.0344687 0)
(0.0370883 -0.0409632 0)
(0.0224583 -0.0347635 0)
(0.00939095 -0.00921585 0)
(0.00322441 -0.0148097 0)
(0.0293779 -0.0697674 0)
(0.0853333 -0.101424 0)
(0.138865 -0.103056 0)
(0.173765 -0.0878727 0)
(-0.01496 0.0895237 0)
(-0.018591 0.101063 0)
(-0.0187787 0.0983009 0)
(-0.0164333 0.0777403 0)
(0.00429312 0.0644367 0)
(0.0241149 0.0593457 0)
(0.0493192 0.0524365 0)
(0.0642153 0.0394493 0)
(0.0667168 0.0227575 0)
(0.0629174 0.00345308 0)
(0.05688 -0.0106562 0)
(0.0495589 -0.0177356 0)
(0.0420711 -0.0196422 0)
(0.0345949 -0.0198491 0)
(0.0263478 -0.0250283 0)
(0.015927 -0.0292058 0)
(-0.00150774 -0.0183387 0)
(-0.0167379 -0.00271284 0)
(-0.00796035 -0.0350118 0)
(0.0213224 -0.108992 0)
(0.0502169 -0.148408 0)
(0.0736272 -0.13692 0)
(0.084568 -0.107253 0)
(-0.00268472 0.0286777 0)
(0.000640114 0.0417607 0)
(0.00380155 0.0340794 0)
(0.00815748 0.0438807 0)
(0.0199656 0.0484269 0)
(0.0319845 0.0484563 0)
(0.0427159 0.0418459 0)
(0.0483956 0.0287205 0)
(0.0501 0.0145719 0)
(0.0486671 0.0025642 0)
(0.0439026 -0.0071036 0)
(0.0369785 -0.0122989 0)
(0.0301861 -0.0133653 0)
(0.0244619 -0.0130531 0)
(0.0176862 -0.0151961 0)
(0.00598561 -0.0134402 0)
(-0.0104649 -0.00215707 0)
(-0.015048 -0.00392381 0)
(-0.00269626 -0.0543807 0)
(0.00711248 -0.124716 0)
(0.00500751 -0.159326 0)
(-0.00193029 -0.135742 0)
(-0.0185201 -0.0902144 0)
(0.000813836 0.0419353 0)
(0.00567212 0.0440854 0)
(0.0111233 0.0418402 0)
(0.0150742 0.0446647 0)
(0.0208032 0.0452218 0)
(0.0269955 0.0419908 0)
(0.0331402 0.0351422 0)
(0.0372771 0.0256805 0)
(0.038818 0.0156662 0)
(0.0380524 0.00626333 0)
(0.0348539 -0.00127148 0)
(0.0298978 -0.00560323 0)
(0.0248215 -0.00690761 0)
(0.0202422 -0.00686065 0)
(0.0144737 -0.00643925 0)
(0.00560727 -0.000753739 0)
(-0.00246459 0.00585431 0)
(-0.00101593 -0.00603872 0)
(0.000653008 -0.0552735 0)
(-0.0133738 -0.115619 0)
(-0.0436358 -0.137769 0)
(-0.0729658 -0.107868 0)
(-0.0954779 -0.0658179 0)
(0.00168916 0.0418223 0)
(0.00563529 0.0415535 0)
(0.00976354 0.0405543 0)
(0.0129161 0.04049 0)
(0.0170014 0.039173 0)
(0.0218055 0.0357674 0)
(0.0267546 0.0302558 0)
(0.0303182 0.0229616 0)
(0.0318688 0.0151738 0)
(0.0315518 0.0080629 0)
(0.0293986 0.00239216 0)
(0.0259544 -0.00107624 0)
(0.0220984 -0.00232033 0)
(0.018306 -0.00196682 0)
(0.0138698 -8.82631e-05 0)
(0.00894753 0.00535988 0)
(0.00599469 0.0081361 0)
(0.00528468 -0.00395542 0)
(-0.00425868 -0.0414267 0)
(-0.032795 -0.0863055 0)
(-0.0757784 -0.101395 0)
(-0.106227 -0.082075 0)
(-0.122709 -0.0474913 0)
(0.00147118 0.0379089 0)
(0.0043454 0.0363264 0)
(0.00735118 0.0359997 0)
(0.010343 0.0356755 0)
(0.0139592 0.0341837 0)
(0.0180633 0.0309987 0)
(0.022199 0.0262528 0)
(0.0252112 0.0203788 0)
(0.0267295 0.0144031 0)
(0.0268775 0.00901486 0)
(0.0256288 0.00482444 0)
(0.023384 0.00219044 0)
(0.020704 0.00123995 0)
(0.0179554 0.00178374 0)
(0.0150966 0.00383258 0)
(0.0127047 0.0078353 0)
(0.0114664 0.0104431 0)
(0.00811791 0.00397406 0)
(-0.00569362 -0.0197475 0)
(-0.0368879 -0.0509654 0)
(-0.079021 -0.0655217 0)
(-0.105187 -0.0639711 0)
(-0.114143 -0.0372444 0)
(0.00103877 0.0351091 0)
(0.00313377 0.0330043 0)
(0.00528936 0.0328627 0)
(0.00796228 0.0322126 0)
(0.0110962 0.0303203 0)
(0.0145855 0.0270894 0)
(0.0180655 0.0228433 0)
(0.0207154 0.018015 0)
(0.0222787 0.0134212 0)
(0.0228268 0.00937017 0)
(0.0223416 0.00623055 0)
(0.0210948 0.00424805 0)
(0.0194881 0.00352823 0)
(0.0178215 0.00402852 0)
(0.0163081 0.00574836 0)
(0.0153178 0.00871077 0)
(0.0151526 0.0118712 0)
(0.0136834 0.0123441 0)
(0.0040281 0.00254796 0)
(-0.0210762 -0.0177994 0)
(-0.0578432 -0.0326289 0)
(-0.0875706 -0.0456004 0)
(-0.0987023 -0.0331645 0)
(0.000561001 0.033586 0)
(0.00192476 0.0311652 0)
(0.00326312 0.0307051 0)
(0.00543277 0.0294851 0)
(0.0080556 0.0271177 0)
(0.0110297 0.0237977 0)
(0.0140534 0.0198935 0)
(0.0164927 0.015829 0)
(0.0181892 0.0121897 0)
(0.0191064 0.00912407 0)
(0.0192453 0.00677535 0)
(0.0187979 0.00530684 0)
(0.0180492 0.00475979 0)
(0.0172841 0.00513962 0)
(0.0167223 0.00644584 0)
(0.0166684 0.00869731 0)
(0.0173137 0.0116797 0)
(0.0180567 0.0149226 0)
(0.0160782 0.0158406 0)
(0.00521666 0.00840282 0)
(-0.0181402 -0.00103368 0)
(-0.0501325 -0.0192672 0)
(-0.0738525 -0.0263606 0)
(7.83222e-05 0.0329084 0)
(0.000689885 0.0302617 0)
(0.00124334 0.0292507 0)
(0.00285938 0.0273577 0)
(0.00498626 0.0244759 0)
(0.00758018 0.0209448 0)
(0.0103099 0.0172015 0)
(0.0126665 0.0136761 0)
(0.0145263 0.0107363 0)
(0.0157733 0.00839119 0)
(0.0164061 0.00667717 0)
(0.0165542 0.00561041 0)
(0.0164324 0.00520161 0)
(0.0162718 0.00544661 0)
(0.0163363 0.00635218 0)
(0.0169083 0.00798986 0)
(0.0181978 0.0103738 0)
(0.0201565 0.0136169 0)
(0.0223858 0.0171207 0)
(0.0226572 0.0179254 0)
(0.0172054 0.0176113 0)
(0.00317015 0.0125634 0)
(-0.0210961 -0.00195496 0)
(-0.000357404 0.0330238 0)
(-0.000494784 0.030197 0)
(-0.000690082 0.0284663 0)
(0.000405432 0.025784 0)
(0.0021038 0.0222613 0)
(0.00443247 0.0183881 0)
(0.0069986 0.0146383 0)
(0.00935177 0.0114841 0)
(0.0113561 0.00907607 0)
(0.0128748 0.00731642 0)
(0.013867 0.00611392 0)
(0.0144198 0.00539365 0)
(0.0147137 0.00511424 0)
(0.0149487 0.00524733 0)
(0.0153705 0.00582213 0)
(0.0162383 0.00687412 0)
(0.0177559 0.00850252 0)
(0.0201107 0.0109205 0)
(0.0235556 0.0140754 0)
(0.0269785 0.0160988 0)
(0.0290477 0.0181413 0)
(0.0291221 0.0197231 0)
(0.0267988 0.0210687 0)
(-0.000737042 0.0338944 0)
(-0.00159337 0.0308392 0)
(-0.00245046 0.0282676 0)
(-0.00181243 0.0246718 0)
(-0.000460722 0.0203732 0)
(0.00169303 0.0160099 0)
(0.00413265 0.0121433 0)
(0.00652994 0.00922284 0)
(0.00867074 0.00723247 0)
(0.0103776 0.00596959 0)
(0.0116075 0.00523099 0)
(0.0124313 0.00485261 0)
(0.0129743 0.00472658 0)
(0.0134168 0.00481412 0)
(0.0139778 0.0051149 0)
(0.01487 0.00566323 0)
(0.0162842 0.00655068 0)
(0.0185119 0.0079913 0)
(0.0219016 0.0101644 0)
(0.0260026 0.012428 0)
(0.0300919 0.014452 0)
(0.0341558 0.0161052 0)
(0.0379929 0.0162873 0)
(-0.00109621 0.0354552 0)
(-0.00258094 0.0321358 0)
(-0.00396997 0.0285993 0)
(-0.00373675 0.0238934 0)
(-0.00267726 0.0187014 0)
(-0.00068221 0.0137213 0)
(0.00167139 0.00967924 0)
(0.00410045 0.00690181 0)
(0.00634168 0.00524862 0)
(0.0082041 0.00442838 0)
(0.00961011 0.00414006 0)
(0.0105893 0.00411579 0)
(0.0112663 0.0041796 0)
(0.0117923 0.00428586 0)
(0.0123461 0.00441078 0)
(0.013108 0.0045856 0)
(0.0142398 0.00488209 0)
(0.0159964 0.00546051 0)
(0.0186644 0.00650523 0)
(0.0224154 0.00802896 0)
(0.0268842 0.00954159 0)
(0.0317819 0.010814 0)
(0.0371187 0.0125499 0)
(-0.00143215 0.0376324 0)
(-0.00349181 0.0340045 0)
(-0.00536601 0.02935 0)
(-0.00546764 0.0234779 0)
(-0.0045493 0.0172384 0)
(-0.00271229 0.0115561 0)
(-0.000473881 0.00725552 0)
(0.00194027 0.00453253 0)
(0.00425168 0.00315777 0)
(0.00623837 0.00276312 0)
(0.00778663 0.00290957 0)
(0.00888118 0.00325604 0)
(0.00963179 0.00357456 0)
(0.0101677 0.00376238 0)
(0.0106408 0.00381106 0)
(0.0112155 0.00374601 0)
(0.0120265 0.00362447 0)
(0.0132331 0.00354919 0)
(0.0150513 0.00366251 0)
(0.0177649 0.00410384 0)
(0.0214953 0.0048121 0)
(0.0258979 0.00549044 0)
(0.0308864 0.00684385 0)
(-0.00175936 0.0403743 0)
(-0.00433765 0.0363731 0)
(-0.00661519 0.0304352 0)
(-0.00703258 0.0233005 0)
(-0.0062786 0.0160143 0)
(-0.00457798 0.00958627 0)
(-0.00245208 0.00489586 0)
(-0.000101727 0.00213094 0)
(0.0022487 0.000971774 0)
(0.00433995 0.000964709 0)
(0.00601888 0.00155204 0)
(0.00724729 0.00230469 0)
(0.00807157 0.00293722 0)
(0.0085992 0.0032883 0)
(0.00897431 0.00335508 0)
(0.00934551 0.00317381 0)
(0.009829 0.00280329 0)
(0.0105578 0.00231454 0)
(0.0116848 0.00182372 0)
(0.0133961 0.00143663 0)
(0.0158314 0.00121991 0)
(0.019025 0.00122216 0)
(0.0228332 0.00171713 0)
(-0.00205758 0.0436489 0)
(-0.00511884 0.0392019 0)
(-0.00777638 0.0318611 0)
(-0.00847211 0.0233238 0)
(-0.00788598 0.014869 0)
(-0.00639256 0.00775632 0)
(-0.00443434 0.00272151 0)
(-0.00215402 -0.000243379 0)
(0.000202169 -0.00129508 0)
(0.00237478 -0.000976944 0)
(0.00419646 4.18565e-05 0)
(0.00559019 0.00123717 0)
(0.00653277 0.00224364 0)
(0.0070903 0.00285512 0)
(0.00739721 0.00303815 0)
(0.00760168 0.00284791 0)
(0.00782646 0.0023599 0)
(0.0081791 0.00165348 0)
(0.00875534 0.000800478 0)
(0.00968242 -0.000110967 0)
(0.0110665 -0.000991317 0)
(0.0130098 -0.00168773 0)
(0.0154511 -0.00190032 0)
(-0.00235163 0.0474348 0)
(-0.00589299 0.0424387 0)
(-0.0089147 0.0336139 0)
(-0.00985075 0.0235653 0)
(-0.00942286 0.0139052 0)
(-0.00818838 0.00614984 0)
(-0.00647953 0.000699265 0)
(-0.00432906 -0.0024945 0)
(-0.00200567 -0.00357328 0)
(0.000252656 -0.00306322 0)
(0.00221677 -0.00166085 0)
(0.00380796 -1.10102e-05 0)
(0.00493586 0.00143706 0)
(0.00559845 0.00241027 0)
(0.00590176 0.00281727 0)
(0.00599749 0.00270994 0)
(0.00602169 0.00218406 0)
(0.00607807 0.00135144 0)
(0.00625261 0.000282816 0)
(0.00664743 -0.000930419 0)
(0.0073131 -0.00220654 0)
(0.0083316 -0.00338991 0)
(0.00975942 -0.00423818 0)
(-0.00265719 0.0517385 0)
(-0.00668517 0.0461157 0)
(-0.0100908 0.0356983 0)
(-0.0112486 0.0239912 0)
(-0.010956 0.0131123 0)
(-0.0100173 0.0048537 0)
(-0.00857436 -0.00112794 0)
(-0.00655235 -0.00466587 0)
(-0.00431681 -0.00581213 0)
(-0.00207857 -0.00519869 0)
(2.05371e-05 -0.00355345 0)
(0.00183364 -0.00149205 0)
(0.00320494 0.000440338 0)
(0.00406332 0.00186871 0)
(0.00445446 0.00261755 0)
(0.00451698 0.0026966 0)
(0.00441471 0.0022295 0)
(0.00426068 0.00135145 0)
(0.0041354 0.000166952 0)
(0.00414902 -0.00123285 0)
(0.00435416 -0.00277816 0)
(0.00477832 -0.00434093 0)
(0.00560236 -0.00569729 0)
(-0.00297077 0.056584 0)
(-0.00751249 0.050248 0)
(-0.0113042 0.0380932 0)
(-0.0126137 0.0245146 0)
(-0.0125613 0.0125559 0)
(-0.0119758 0.00389466 0)
(-0.0106667 -0.00282267 0)
(-0.00872333 -0.00675526 0)
(-0.00658121 -0.00802349 0)
(-0.00440683 -0.00736453 0)
(-0.00228596 -0.00555331 0)
(-0.000326137 -0.00319469 0)
(0.00130769 -0.000805511 0)
(0.00244403 0.00113913 0)
(0.00302685 0.0023379 0)
(0.00315541 0.00272682 0)
(0.00299923 0.00242027 0)
(0.00269604 0.00157383 0)
(0.00235889 0.000343516 0)
(0.00209971 -0.00117827 0)
(0.00196826 -0.00292801 0)
(0.00201505 -0.00481203 0)
(0.0024582 -0.0066073 0)
(-0.00326512 0.0619581 0)
(-0.00827205 0.0547995 0)
(-0.0123297 0.0407256 0)
(-0.0138704 0.0252202 0)
(-0.0143152 0.0124596 0)
(-0.0139812 0.00308159 0)
(-0.0125956 -0.00449456 0)
(-0.0106587 -0.00878696 0)
(-0.00861934 -0.0101498 0)
(-0.00656912 -0.00949312 0)
(-0.00451903 -0.00761811 0)
(-0.00251456 -0.00507275 0)
(-0.000694242 -0.00232246 0)
(0.000730204 0.000140321 0)
(0.00159089 0.00187995 0)
(0.00188405 0.00270336 0)
(0.00175464 0.00266436 0)
(0.00138435 0.00194752 0)
(0.000906128 0.000732814 0)
(0.000437769 -0.000861667 0)
(6.08749e-05 -0.00277637 0)
(-0.000184488 -0.0049401 0)
(-4.72561e-05 -0.00714346 0)
(-0.0034889 0.0677828 0)
(-0.00884844 0.0596775 0)
(-0.0130403 0.0435188 0)
(-0.0149279 0.0264504 0)
(-0.0159738 0.0128872 0)
(-0.015683 0.0021357 0)
(-0.0140715 -0.00625304 0)
(-0.0121218 -0.0107739 0)
(-0.0102151 -0.012146 0)
(-0.00835951 -0.0114857 0)
(-0.00649027 -0.00961764 0)
(-0.00457633 -0.00701759 0)
(-0.00269317 -0.00404825 0)
(-0.00104151 -0.00115215 0)
(0.000128233 0.00116435 0)
(0.000678214 0.00253129 0)
(0.000674825 0.00288513 0)
(0.000306647 0.00239582 0)
(-0.000250188 0.00126655 0)
(-0.000853778 -0.000348641 0)
(-0.00142928 -0.00238638 0)
(-0.00190511 -0.00478917 0)
(-0.00201953 -0.00735158 0)
(-0.00354136 0.0739441 0)
(-0.0091266 0.0648263 0)
(-0.0134724 0.0464687 0)
(-0.0157544 0.0282171 0)
(-0.0171025 0.01354 0)
(-0.0166009 0.000964829 0)
(-0.0148096 -0.00811499 0)
(-0.0128938 -0.0126872 0)
(-0.0111766 -0.0139514 0)
(-0.00959204 -0.0132456 0)
(-0.00801167 -0.0114193 0)
(-0.00633129 -0.00887658 0)
(-0.00454655 -0.005857 0)
(-0.00279841 -0.00268589 0)
(-0.00135748 0.000146181 0)
(-0.000492306 0.00212663 0)
(-0.000272109 0.00299767 0)
(-0.000548802 0.00284081 0)
(-0.00111689 0.00188181 0)
(-0.0018047 0.000305107 0)
(-0.00251347 -0.00180664 0)
(-0.00317668 -0.00439783 0)
(-0.00351765 -0.0072646 0)
(-0.00337749 0.0800861 0)
(-0.00898669 0.0701381 0)
(-0.013513 0.0496501 0)
(-0.0161154 0.0302838 0)
(-0.0173916 0.0140359 0)
(-0.0165094 -0.000395189 0)
(-0.0146309 -0.0100318 0)
(-0.0128275 -0.0144665 0)
(-0.011376 -0.0154939 0)
(-0.0101391 -0.0146795 0)
(-0.00894097 -0.0128984 0)
(-0.00762051 -0.0104929 0)
(-0.00609752 -0.00758211 0)
(-0.00442771 -0.00434166 0)
(-0.00283248 -0.00115324 0)
(-0.00164793 0.00142199 0)
(-0.00111929 0.00291338 0)
(-0.00121478 0.00321185 0)
(-0.00172042 0.00251406 0)
(-0.00242761 0.00104268 0)
(-0.00322503 -0.00108857 0)
(-0.00402128 -0.00381492 0)
(-0.00453633 -0.00692803 0)
(-0.00301305 0.0859023 0)
(-0.00841418 0.0754104 0)
(-0.013018 0.05306 0)
(-0.0157337 0.0323916 0)
(-0.0167047 0.0142161 0)
(-0.0153761 -0.00195414 0)
(-0.0134704 -0.0119389 0)
(-0.0118694 -0.0160304 0)
(-0.010773 -0.016693 0)
(-0.00995408 -0.0157045 0)
(-0.00920609 -0.0139534 0)
(-0.00833611 -0.0117295 0)
(-0.00720928 -0.0090518 0)
(-0.00579612 -0.00594901 0)
(-0.00422421 -0.00263882 0)
(-0.00280468 0.000394061 0)
(-0.0019182 0.00253687 0)
(-0.00173244 0.0034164 0)
(-0.00209522 0.00309058 0)
(-0.00276751 0.00180349 0)
(-0.00359104 -0.000284282 0)
(-0.00447282 -0.00308548 0)
(-0.00513036 -0.0063851 0)
(-0.00247509 0.0911261 0)
(-0.00742037 0.0804626 0)
(-0.0117956 0.0565354 0)
(-0.0144026 0.0343459 0)
(-0.0149733 0.0140075 0)
(-0.0131434 -0.0037446 0)
(-0.0113386 -0.0137342 0)
(-0.0100724 -0.0172667 0)
(-0.00943315 -0.0174612 0)
(-0.00908831 -0.0162576 0)
(-0.00882207 -0.0145214 0)
(-0.00844113 -0.0124935 0)
(-0.0077907 -0.0101236 0)
(-0.00677672 -0.00732445 0)
(-0.00542303 -0.00414539 0)
(-0.00393848 -0.000899797 0)
(-0.00272828 0.0018096 0)
(-0.00217288 0.00336011 0)
(-0.00229651 0.00353558 0)
(-0.00285856 0.00252643 0)
(-0.00366128 0.00055081 0)
(-0.0045737 -0.00226325 0)
(-0.00531704 -0.00569122 0)
(-0.00176979 0.0954628 0)
(-0.00603195 0.0850492 0)
(-0.00992148 0.0597139 0)
(-0.012149 0.035971 0)
(-0.0120864 0.0133569 0)
(-0.00981468 -0.0056715 0)
(-0.00837482 -0.0152226 0)
(-0.00762732 -0.0180266 0)
(-0.00754138 -0.0177153 0)
(-0.00769621 -0.0163076 0)
(-0.00789606 -0.0145915 0)
(-0.0079797 -0.0127556 0)
(-0.00781391 -0.0107147 0)
(-0.00727409 -0.00831446 0)
(-0.00630023 -0.00547353 0)
(-0.00496816 -0.0023086 0)
(-0.00358163 0.000740319 0)
(-0.00262584 0.00295584 0)
(-0.00240433 0.00376546 0)
(-0.00278402 0.00315252 0)
(-0.00350021 0.00136484 0)
(-0.0043934 -0.00140491 0)
(-0.00517831 -0.00490492 0)
(-0.000946699 0.0986507 0)
(-0.00432055 0.0889338 0)
(-0.00759366 0.0624308 0)
(-0.00923782 0.0369383 0)
(-0.00811454 0.0122275 0)
(-0.00566226 -0.00750844 0)
(-0.00491757 -0.0161419 0)
(-0.00487956 -0.0181652 0)
(-0.0053923 -0.0174114 0)
(-0.00601845 -0.015876 0)
(-0.0066133 -0.0142161 0)
(-0.00707293 -0.0125614 0)
(-0.00732202 -0.0108234 0)
(-0.00724453 -0.00883506 0)
(-0.00673509 -0.00644699 0)
(-0.00575149 -0.00361759 0)
(-0.00442895 -0.000555034 0)
(-0.00317888 0.00214997 0)
(-0.00253278 0.00367637 0)
(-0.00262495 0.00360506 0)
(-0.00319997 0.0021003 0)
(-0.00401846 -0.000565694 0)
(-0.00477908 -0.00409335 0)
(-9.47528e-05 0.100532 0)
(-0.0023563 0.0919257 0)
(-0.00504923 0.0647346 0)
(-0.00619155 0.0368634 0)
(-0.00329943 0.0106029 0)
(-0.00129205 -0.00894696 0)
(-0.0014692 -0.0162611 0)
(-0.0022713 -0.0176133 0)
(-0.00333548 -0.0165888 0)
(-0.00433405 -0.0150586 0)
(-0.00520062 -0.0135172 0)
(-0.00589813 -0.0120344 0)
(-0.00642614 -0.0105402 0)
(-0.00671113 -0.00890117 0)
(-0.00664875 -0.00696578 0)
(-0.00612763 -0.00461018 0)
(-0.00512332 -0.00184303 0)
(-0.00384145 0.00101413 0)
(-0.00281327 0.00318894 0)
(-0.00252284 0.00380176 0)
(-0.00287695 0.00270062 0)
(-0.00357097 0.000195222 0)
(-0.00426515 -0.00332872 0)
(0.000615286 0.101019 0)
(-0.000153333 0.0940335 0)
(-0.00271494 0.066729 0)
(-0.00366018 0.0356741 0)
(0.0019212 0.00742744 0)
(0.00223558 -0.0092509 0)
(0.00142332 -0.0153603 0)
(-0.0001967 -0.016382 0)
(-0.00168361 -0.0153602 0)
(-0.00289077 -0.0140007 0)
(-0.00387274 -0.0126528 0)
(-0.00465102 -0.0113413 0)
(-0.00528926 -0.0100244 0)
(-0.00577218 -0.00862648 0)
(-0.00603626 -0.00704292 0)
(-0.00596471 -0.00514796 0)
(-0.00544058 -0.00284339 0)
(-0.00445707 -0.000196833 0)
(-0.00331895 0.00231601 0)
(-0.00263532 0.00365269 0)
(-0.00270096 0.00309971 0)
(-0.00321023 0.000830004 0)
(-0.00376114 -0.00267358 0)
(0.00103171 0.100161 0)
(0.00213246 0.0950388 0)
(-0.000986336 0.0694633 0)
(-0.00201571 0.0317729 0)
(0.00553911 0.00515313 0)
(0.00432333 -0.00862305 0)
(0.00314241 -0.0136559 0)
(0.00108151 -0.0145428 0)
(-0.000627753 -0.013824 0)
(-0.00183977 -0.0127973 0)
(-0.00277558 -0.0117114 0)
(-0.00349422 -0.0105836 0)
(-0.00408911 -0.00940278 0)
(-0.00459116 -0.00814694 0)
(-0.00499211 -0.00677332 0)
(-0.00522416 -0.00520821 0)
(-0.00517032 -0.00334824 0)
(-0.0047071 -0.00112391 0)
(-0.00388367 0.00131397 0)
(-0.00307232 0.00316273 0)
(-0.00283311 0.00322685 0)
(-0.00310254 0.00121852 0)
(-0.00343887 -0.00231179 0)
(0.00104888 0.0981974 0)
(0.0044458 0.0950394 0)
(-8.47273e-05 0.0727416 0)
(-0.002947 0.0278817 0)
(0.00643487 0.00326433 0)
(0.0045994 -0.00742839 0)
(0.00332305 -0.0114073 0)
(0.00131854 -0.0123675 0)
(-0.000177419 -0.0121311 0)
(-0.00117887 -0.0115211 0)
(-0.00192357 -0.0107174 0)
(-0.00248278 -0.00977191 0)
(-0.00293827 -0.00870644 0)
(-0.00333366 -0.00753356 0)
(-0.00369353 -0.00625171 0)
(-0.00400955 -0.00484189 0)
(-0.00423318 -0.00325775 0)
(-0.00425732 -0.00143625 0)
(-0.00404319 0.000632409 0)
(-0.00363972 0.00255895 0)
(-0.00342008 0.00313105 0)
(-0.00349624 0.00148937 0)
(-0.00341416 -0.00209607 0)
(0.000614095 0.0933661 0)
(0.00731761 0.0929919 0)
(0.000264562 0.0841365 0)
(-0.00642916 0.0220576 0)
(0.00394063 -0.00252119 0)
(0.00212087 -0.00692922 0)
(0.00189878 -0.0099574 0)
(0.000720608 -0.0110537 0)
(-0.000109195 -0.0112506 0)
(-0.000686749 -0.010975 0)
(-0.00111839 -0.0103718 0)
(-0.00144686 -0.00953917 0)
(-0.00171742 -0.00852654 0)
(-0.00195646 -0.00736485 0)
(-0.00218517 -0.00606607 0)
(-0.00241757 -0.004627 0)
(-0.00266427 -0.0030278 0)
(-0.00290917 -0.00123601 0)
(-0.00312964 0.000745929 0)
(-0.00327626 0.00257277 0)
(-0.00331304 0.00305974 0)
(-0.00317191 0.0009598 0)
(-0.00260361 -0.00353481 0)
(-0.0434695 0.0216694 0)
(-0.0560266 0.0229928 0)
(-0.072712 0.0394349 0)
(-0.0991209 0.0940946 0)
(-0.0550426 0.0285799 0)
(-0.0674733 0.0330118 0)
(-0.0812687 0.037123 0)
(-0.0852169 0.0529661 0)
(-0.0773071 0.0547951 0)
(-0.0768317 0.0619507 0)
(-0.0758174 0.0609436 0)
(-0.0795236 0.067035 0)
(-0.0477217 0.0387334 0)
(-0.0398616 0.041123 0)
(-0.0327258 0.0519928 0)
(-0.0461939 0.0953146 0)
(-0.0352952 0.0328594 0)
(-0.0349636 0.0458285 0)
(-0.0369933 0.062114 0)
(-0.0347706 0.110821 0)
(-0.0383538 0.0162834 0)
(-0.0291613 0.0309884 0)
(-0.019484 0.0468394 0)
(-0.0110723 0.0879946 0)
(-0.00910337 0.00811101 0)
(-0.00873814 0.0136501 0)
(-0.00510469 0.0286907 0)
(0.00042188 0.0600409 0)
(0.0207039 0.0114067 0)
(0.012873 0.014077 0)
(0.00795721 0.0222775 0)
(0.0109254 0.0381111 0)
(-0.0936157 0.0336297 0)
(-0.071168 0.0356931 0)
(-0.0348535 0.032942 0)
(-0.0196869 0.0335536 0)
(0.136387 -0.0916829 0)
(0.125355 -0.087817 0)
(0.14097 -0.0942379 0)
(0.154722 -0.0281283 0)
(0.257371 -0.063039 0)
(0.262818 -0.0335476 0)
(0.262055 0.00916313 0)
(0.277043 0.042479 0)
(0.184315 -0.0788894 0)
(0.185964 -0.0666201 0)
(0.184161 -0.0478681 0)
(0.192551 -0.0210924 0)
(0.0860277 -0.0814534 0)
(0.0808533 -0.0528048 0)
(0.0751053 -0.0262171 0)
(0.0726682 0.00114501 0)
(-0.0303859 -0.0475887 0)
(-0.0390699 -0.032607 0)
(-0.0421613 -0.0211346 0)
(-0.042418 -0.00815354 0)
(-0.108763 -0.0351115 0)
(-0.114876 -0.0247373 0)
(-0.11877 -0.0153252 0)
(-0.1202 -0.00630546 0)
(-0.134903 -0.0209527 0)
(-0.140283 -0.0160594 0)
(-0.1426 -0.013614 0)
(-0.141565 -0.0120292 0)
(-0.120578 -0.00750843 0)
(-0.125415 -0.00776015 0)
(-0.126439 -0.0124413 0)
(-0.123342 -0.0154339 0)
(-0.0987371 0.000232465 0)
(-0.0992448 -0.00307739 0)
(-0.0973327 -0.0158315 0)
(-0.0923725 -0.0232917 0)
(-0.0772132 -0.00925377 0)
(-0.0723981 -0.0106599 0)
(-0.0686309 -0.0224413 0)
(-0.0646447 -0.0315142 0)
(-0.0366994 -0.0136305 0)
(-0.0383415 -0.0182185 0)
(-0.0400451 -0.0255985 0)
(-0.0404918 -0.0354812 0)
(0.0195615 0.0102547 0)
(0.0114927 -0.00271271 0)
(0.00361353 -0.0123522 0)
(-0.00363396 -0.0260411 0)
(0.0388973 0.014475 0)
(0.0378476 0.0106009 0)
(0.0348305 0.00407078 0)
(0.0301349 -0.00709513 0)
(0.0399942 0.0127154 0)
(0.040947 0.0101172 0)
(0.0408917 0.0056161 0)
(0.0394192 0.00016138 0)
(0.0350215 0.00847561 0)
(0.0372242 0.00777362 0)
(0.0386857 0.00561786 0)
(0.039385 0.00208066 0)
(0.0266044 0.00324824 0)
(0.0288174 0.00282896 0)
(0.0308617 0.00157664 0)
(0.0326712 -0.000722473 0)
(0.018193 -0.000908695 0)
(0.0199551 -0.00147871 0)
(0.0217863 -0.00270759 0)
(0.0236161 -0.00463642 0)
(0.0115835 -0.00390483 0)
(0.012903 -0.00476632 0)
(0.0143416 -0.00615364 0)
(0.0158082 -0.00804831 0)
(0.0068742 -0.00604417 0)
(0.00781667 -0.00719168 0)
(0.00888162 -0.00875492 0)
(0.0100094 -0.0107339 0)
(0.0033153 -0.00757416 0)
(0.00401461 -0.00896619 0)
(0.00480429 -0.0107049 0)
(0.00563172 -0.0128095 0)
(0.00051736 -0.00864021 0)
(0.000992391 -0.010236 0)
(0.00153604 -0.0121336 0)
(0.00213613 -0.014373 0)
(-0.00175908 -0.00930948 0)
(-0.00145201 -0.0110851 0)
(-0.00108732 -0.0131307 0)
(-0.000713654 -0.0155026 0)
(-0.00348102 -0.00961599 0)
(-0.00334991 -0.0115504 0)
(-0.00317417 -0.0137288 0)
(-0.00298508 -0.0162306 0)
(-0.00473821 -0.00960003 0)
(-0.00473762 -0.0116695 0)
(-0.00470521 -0.0139598 0)
(-0.00471483 -0.0165675 0)
(-0.00548191 -0.00931505 0)
(-0.00561292 -0.0114925 0)
(-0.00572719 -0.0138669 0)
(-0.00588541 -0.0165491 0)
(-0.00581536 -0.00881655 0)
(-0.00602358 -0.0110756 0)
(-0.00622518 -0.0135064 0)
(-0.00652381 -0.0162272 0)
(-0.00571639 -0.00816674 0)
(-0.00599245 -0.0104887 0)
(-0.00626657 -0.0129516 0)
(-0.00662545 -0.0156801 0)
(-0.00534061 -0.00745476 0)
(-0.00561532 -0.00982952 0)
(-0.00588085 -0.0123161 0)
(-0.00625736 -0.0150296 0)
(-0.00473465 -0.00678443 0)
(-0.00497828 -0.00922018 0)
(-0.00519533 -0.0117401 0)
(-0.00546648 -0.0144299 0)
(-0.00409348 -0.00625935 0)
(-0.00420943 -0.00879283 0)
(-0.00426963 -0.0113916 0)
(-0.00435696 -0.0140783 0)
(-0.00346797 -0.00610521 0)
(-0.00338777 -0.00878754 0)
(-0.0032175 -0.0115125 0)
(-0.00299108 -0.0141969 0)
(-0.00285983 -0.00628021 0)
(-0.0024173 -0.00920714 0)
(-0.00192669 -0.0120985 0)
(-0.00145041 -0.0147713 0)
(-0.00168689 -0.00817404 0)
(-0.00117911 -0.0110332 0)
(-0.000728337 -0.0136923 0)
(-0.000355533 -0.0159913 0)
(-0.0859029 0.194659 0)
(-0.00637907 0.0552801 0)
(-0.0424619 0.0275395 0)
(-0.0509446 0.00726176 0)
(-0.0798713 -0.0312655 0)
(-0.0777022 0.00157914 0)
(-0.0553321 0.0361471 0)
(-0.0498913 0.0234007 0)
(-0.046482 -0.00762744 0)
(-0.0364672 -0.0589541 0)
(-0.0538773 -0.105187 0)
(-0.0907552 -0.0990725 0)
(-0.0608828 -0.0183172 0)
(-0.0704248 0.00923681 0)
(-0.0680871 0.00421966 0)
(-0.0600947 0.0228181 0)
(0.00411182 -0.0561623 0)
(-0.00355923 -0.0796858 0)
(0.0228336 0.062486 0)
(-0.0602134 0.119416 0)
(-0.0372109 0.0543507 0)
(-0.0861682 0.042288 0)
(-0.101424 0.0155683 0)
(-0.123299 -0.00712685 0)
(-0.125929 0.00819313 0)
(-0.103569 0.0202177 0)
(-0.0800075 0.009948 0)
(-0.0557962 -0.0250273 0)
(-0.0539232 -0.0499571 0)
(-0.12683 -0.0615974 0)
(-0.181445 -0.0671838 0)
(-0.16682 -0.0270792 0)
(-0.128407 -0.0120313 0)
(-0.0946704 -0.00667362 0)
(-0.0608502 -0.0197283 0)
(0.00176336 -0.0820682 0)
(-0.0329793 -0.0729576 0)
(0.00133951 0.0579233 0)
(-0.0750652 0.0959986 0)
(-0.0763974 0.0836705 0)
(-0.0901271 0.0645015 0)
(-0.101536 0.0270036 0)
(-0.121818 -0.00429886 0)
(-0.129269 -0.0106894 0)
(-0.112933 -0.0140732 0)
(-0.0968287 -0.0191971 0)
(-0.104736 -0.0256919 0)
(-0.141242 -0.00762069 0)
(-0.185899 -0.0120843 0)
(-0.196244 -0.0635446 0)
(-0.178906 -0.0745437 0)
(-0.141435 -0.0615176 0)
(-0.0974517 -0.0511771 0)
(-0.0443103 -0.0722471 0)
(-0.01701 -0.0810289 0)
(-0.0535775 -0.056101 0)
(-0.0233861 0.0240187 0)
(-0.0667253 0.104527 0)
(-0.0625562 0.0797693 0)
(-0.0511679 0.0712386 0)
(-0.0406426 0.0391637 0)
(-0.0390855 0.0242199 0)
(-0.0563953 0.00495053 0)
(-0.0895171 -0.00783078 0)
(-0.130637 0.00612732 0)
(-0.166931 0.00441843 0)
(-0.17597 0.00908043 0)
(-0.167618 -0.0066882 0)
(-0.163451 -0.0578227 0)
(-0.161628 -0.0918609 0)
(-0.14442 -0.0929073 0)
(-0.114765 -0.0917392 0)
(-0.0863766 -0.0953689 0)
(-0.0679654 -0.0720181 0)
(-0.0804194 -0.0474581 0)
(-0.0428459 -0.0190982 0)
(-0.0301815 0.114357 0)
(-0.0177042 0.0768559 0)
(-0.0248322 0.0484324 0)
(-0.0013934 0.0164273 0)
(0.00753912 0.019925 0)
(-0.00901451 0.0337409 0)
(-0.0587048 0.0468209 0)
(-0.103554 0.045883 0)
(-0.139271 0.0272121 0)
(-0.158679 -0.00116437 0)
(-0.154201 -0.0239447 0)
(-0.152857 -0.0533266 0)
(-0.169281 -0.0867476 0)
(-0.181177 -0.101695 0)
(-0.182691 -0.104204 0)
(-0.17451 -0.102497 0)
(-0.151145 -0.0872489 0)
(-0.111723 -0.0832131 0)
(-0.0518185 -0.102506 0)
(0.00528817 0.0990965 0)
(0.018405 0.0778448 0)
(0.0137885 0.0528077 0)
(0.00203756 0.0134252 0)
(-0.00670687 0.0237035 0)
(-0.0150316 0.0589603 0)
(-0.0364638 0.0771944 0)
(-0.0673786 0.0754034 0)
(-0.0993724 0.0571393 0)
(-0.122145 0.0218324 0)
(-0.141355 -0.0154948 0)
(-0.17176 -0.0413319 0)
(-0.199018 -0.063656 0)
(-0.216094 -0.0893412 0)
(-0.218147 -0.106341 0)
(-0.202293 -0.118644 0)
(-0.168007 -0.125389 0)
(-0.117766 -0.136736 0)
(-0.0411339 -0.180529 0)
(0.0214938 0.0760575 0)
(0.0396359 0.071252 0)
(0.0442295 0.0589054 0)
(0.0310296 0.0353607 0)
(0.00475479 0.0354462 0)
(-0.0114257 0.0682684 0)
(-0.0263856 0.0942982 0)
(-0.052262 0.100854 0)
(-0.0868423 0.0874129 0)
(-0.12271 0.0524528 0)
(-0.156182 0.0119947 0)
(-0.187793 -0.0157779 0)
(-0.211034 -0.0429359 0)
(-0.221857 -0.0810033 0)
(-0.218195 -0.116666 0)
(-0.197335 -0.145697 0)
(-0.160935 -0.17088 0)
(-0.108264 -0.200807 0)
(-0.027582 -0.256648 0)
(0.0334353 0.0487624 0)
(0.0569536 0.0535862 0)
(0.0701571 0.0545382 0)
(0.065294 0.0518097 0)
(0.040913 0.056546 0)
(0.0121481 0.0813573 0)
(-0.0096289 0.104347 0)
(-0.0325244 0.114119 0)
(-0.0589151 0.10578 0)
(-0.0874043 0.0756701 0)
(-0.126213 0.0369658 0)
(-0.182827 0.0132009 0)
(-0.221599 -0.0259884 0)
(-0.234165 -0.0810949 0)
(-0.229006 -0.13203 0)
(-0.204543 -0.176621 0)
(-0.162638 -0.220535 0)
(-0.105094 -0.265565 0)
(-0.0235355 -0.316875 0)
(0.0161117 0.0313511 0)
(0.0476554 0.0402806 0)
(0.0603156 0.0500486 0)
(0.058662 0.0581996 0)
(0.0450114 0.0687805 0)
(0.0250716 0.0940387 0)
(0.000991632 0.114304 0)
(-0.038337 0.124033 0)
(-0.0798016 0.118037 0)
(-0.133369 0.0982758 0)
(-0.18324 0.0703993 0)
(-0.219571 0.0448059 0)
(-0.246437 -0.0081885 0)
(-0.261561 -0.0817947 0)
(-0.257401 -0.142488 0)
(-0.2242 -0.194837 0)
(-0.176249 -0.248035 0)
(-0.115478 -0.302176 0)
(-0.0315284 -0.348736 0)
(0.0541068 -0.00268198 0)
(-0.0231149 0.018692 0)
(0.0360351 0.0406837 0)
(0.0534384 0.0630359 0)
(0.0555901 0.0815741 0)
(0.0435007 0.113152 0)
(0.01545 0.151341 0)
(-0.0526656 0.178059 0)
(-0.121902 0.183378 0)
(-0.213364 0.157416 0)
(-0.280416 0.100762 0)
(-0.324473 0.0880747 0)
(-0.414384 0.0408678 0)
(-0.468922 -0.0778797 0)
(-0.389194 -0.164408 0)
(-0.293552 -0.223167 0)
(-0.214694 -0.289383 0)
(-0.125518 -0.370913 0)
(-0.0350257 -0.426272 0)
(0.254354 0.113924 0)
(0.250636 0.0770087 0)
(0.230324 0.00635461 0)
(0.156725 0.0728084 0)
(0.102754 0.132177 0)
(0.0512595 0.173394 0)
(-0.00829906 0.283331 0)
(-0.0531466 0.306374 0)
(-0.0548551 0.310881 0)
(-0.0691872 0.271459 0)
(-0.151206 0.148272 0)
(-0.0780306 0.0965814 0)
(-0.0793134 0.177658 0)
(-0.253786 0.0113529 0)
(-0.27558 -0.306469 0)
(-0.28544 -0.380452 0)
(-0.194361 -0.437025 0)
(-0.134943 -0.477249 0)
(-0.0448455 -0.516661 0)
(0.212378 0.0520608 0)
(0.226568 0.0772 0)
(0.209174 0.100213 0)
(0.16635 0.127736 0)
(0.112222 0.166917 0)
(0.0689609 0.199183 0)
(0.0717853 0.233991 0)
(0.14812 0.195349 0)
(0.227545 0.182421 0)
(0.287043 0.233424 0)
(0.302781 0.165415 0)
(0.341262 0.11417 0)
(0.340175 0.0993069 0)
(0.361514 0.0520944 0)
(0.389531 -0.160092 0)
(0.207162 -0.366023 0)
(0.0568978 -0.433378 0)
(0.00563485 -0.531542 0)
(-0.0105327 -0.610254 0)
(0.0858453 0.0492632 0)
(0.114695 0.0782058 0)
(0.13194 0.107355 0)
(0.139263 0.146269 0)
(0.147506 0.184201 0)
(0.170169 0.178488 0)
(0.227202 0.143551 0)
(0.288676 0.157208 0)
(0.320434 0.201913 0)
(0.365029 0.201014 0)
(0.402683 0.150458 0)
(0.445385 0.0890938 0)
(0.475723 0.083167 0)
(0.494711 0.0207958 0)
(0.496733 -0.0542531 0)
(0.4337 -0.0934794 0)
(0.266383 -0.229954 0)
(0.115147 -0.406748 0)
(0.0311973 -0.564022 0)
(-0.0378787 0.0145418 0)
(-0.0111389 0.053022 0)
(0.0205632 0.0922271 0)
(0.0570933 0.132942 0)
(0.109823 0.164202 0)
(0.16985 0.171264 0)
(0.220398 0.168698 0)
(0.256598 0.158551 0)
(0.288718 0.146583 0)
(0.335009 0.129205 0)
(0.38206 0.0943931 0)
(0.418104 0.0655296 0)
(0.444073 0.0429404 0)
(0.455522 0.0148042 0)
(0.431352 -0.0447598 0)
(0.377757 -0.0994498 0)
(0.291889 -0.154342 0)
(0.182335 -0.283858 0)
(0.0709654 -0.454892 0)
(-0.121605 0.00747987 0)
(-0.102559 0.0326739 0)
(-0.0721416 0.0580848 0)
(-0.0325574 0.0800596 0)
(0.0216102 0.0927535 0)
(0.0868503 0.0906034 0)
(0.14374 0.0857627 0)
(0.192561 0.0932908 0)
(0.226327 0.0970167 0)
(0.257489 0.0886383 0)
(0.288355 0.0678614 0)
(0.312993 0.0370344 0)
(0.334355 0.0196853 0)
(0.342279 0.015408 0)
(0.314504 0.00077154 0)
(0.257896 -0.0222239 0)
(0.205806 -0.116897 0)
(0.151801 -0.229638 0)
(0.075573 -0.348612 0)
(-0.140538 -0.00627086 0)
(-0.124732 0.00759017 0)
(-0.102792 0.0257058 0)
(-0.0728723 0.0362138 0)
(-0.0341148 0.033965 0)
(0.0113923 0.0337069 0)
(0.0580058 0.0417697 0)
(0.10213 0.0667698 0)
(0.12921 0.0783979 0)
(0.147004 0.0727988 0)
(0.162238 0.0523913 0)
(0.169755 0.0175153 0)
(0.187936 0.00783371 0)
(0.205388 0.0235236 0)
(0.195059 0.0341259 0)
(0.169777 0.0155971 0)
(0.157745 -0.0710496 0)
(0.129168 -0.168792 0)
(0.0751639 -0.255578 0)
(-0.120137 -0.0131655 0)
(-0.106454 -0.00481628 0)
(-0.0941679 0.00938232 0)
(-0.0776964 0.0140219 0)
(-0.0585722 0.0064027 0)
(-0.0384523 0.00391915 0)
(-0.0159578 0.0106057 0)
(0.0171172 0.0381061 0)
(0.0461356 0.0577925 0)
(0.0639541 0.0608417 0)
(0.0734679 0.0440569 0)
(0.0694867 0.00604967 0)
(0.0713166 -0.00335232 0)
(0.0871754 0.0226292 0)
(0.101876 0.0401254 0)
(0.116188 0.00966055 0)
(0.128939 -0.0625871 0)
(0.112791 -0.125394 0)
(0.0728549 -0.167286 0)
(-0.0875559 -0.0225901 0)
(-0.0754633 -0.0141946 0)
(-0.0728859 0.00394244 0)
(-0.0721353 0.00658184 0)
(-0.0694076 -0.00246443 0)
(-0.063542 -0.00818749 0)
(-0.0533561 -0.00639802 0)
(-0.0344572 0.0113317 0)
(-0.00859644 0.03292 0)
(0.0160047 0.0458321 0)
(0.0323817 0.0388984 0)
(0.0287056 0.0106397 0)
(0.0167657 -0.00336163 0)
(0.0186878 0.00808462 0)
(0.048968 0.0172467 0)
(0.0809171 -0.0194426 0)
(0.094037 -0.0663102 0)
(0.0799839 -0.0996983 0)
(0.0523738 -0.108622 0)
(-0.0600605 -0.0320801 0)
(-0.0495866 -0.0192237 0)
(-0.0503975 0.00795475 0)
(-0.0571606 0.0109556 0)
(-0.0626616 -0.00184974 0)
(-0.064262 -0.0113247 0)
(-0.0606851 -0.0154136 0)
(-0.0520421 -0.005215 0)
(-0.0364011 0.0121335 0)
(-0.0149045 0.0252876 0)
(0.00776618 0.0282408 0)
(0.019017 0.0144198 0)
(0.015001 0.00341554 0)
(0.0112092 -0.00440427 0)
(0.0338787 -0.0171617 0)
(0.0547512 -0.0408528 0)
(0.060483 -0.0626251 0)
(0.0491478 -0.0715684 0)
(0.0360556 -0.052075 0)
(-0.0401229 -0.0392179 0)
(-0.0361037 -0.0232882 0)
(-0.0341246 0.00992839 0)
(-0.0368198 0.0175566 0)
(-0.0410653 0.00214718 0)
(-0.0428166 -0.00924666 0)
(-0.0414444 -0.019783 0)
(-0.038654 -0.0115208 0)
(-0.0340032 -0.000816323 0)
(-0.0232012 0.00729632 0)
(-0.00721698 0.00994915 0)
(0.00937861 0.00684597 0)
(0.0187859 0.00538391 0)
(0.0236383 -0.00679475 0)
(0.0341073 -0.0280085 0)
(0.0382591 -0.0434664 0)
(0.0353259 -0.0587526 0)
(0.0222994 -0.0599919 0)
(0.017673 -0.0288963 0)
(-0.0124385 -0.0352024 0)
(-0.021917 -0.0228303 0)
(-0.021321 0.00687744 0)
(-0.0170342 0.019435 0)
(-0.016731 0.00499525 0)
(-0.0162042 -0.00924818 0)
(-0.0123101 -0.0218216 0)
(-0.00825408 -0.0147982 0)
(-0.00385781 -0.00573101 0)
(0.00062529 -0.000130691 0)
(0.00568722 -0.00293091 0)
(0.0117785 -0.00545956 0)
(0.0192072 -0.00318775 0)
(0.0274891 -0.0127771 0)
(0.0325009 -0.0286713 0)
(0.0308547 -0.0410069 0)
(0.0232744 -0.0492764 0)
(0.0071077 -0.0485688 0)
(0.00331312 -0.0179155 0)
(0.0188487 -0.0202985 0)
(0.00236283 -0.0166193 0)
(-0.000274257 0.00166984 0)
(0.00785628 0.0133821 0)
(0.016704 0.00416414 0)
(0.0202234 -0.0109553 0)
(0.0203857 -0.0234016 0)
(0.0210594 -0.0200826 0)
(0.0268081 -0.01079 0)
(0.0328831 -0.00291412 0)
(0.0365537 -0.0041002 0)
(0.0362025 -0.00691493 0)
(0.0352831 -0.00844782 0)
(0.0360628 -0.0166148 0)
(0.0362167 -0.027882 0)
(0.0324997 -0.037471 0)
(0.0226507 -0.03687 0)
(0.00491744 -0.0375012 0)
(-0.00547348 -0.0192266 0)
(0.0341704 -0.00761241 0)
(0.0263788 -0.00827326 0)
(0.0257594 -0.00184384 0)
(0.0333149 0.002479 0)
(0.043975 -0.00337859 0)
(0.0494376 -0.01307 0)
(0.051305 -0.0223761 0)
(0.0513123 -0.022787 0)
(0.054288 -0.0165152 0)
(0.0579559 -0.00851783 0)
(0.0614287 -0.004597 0)
(0.0618325 -0.00385895 0)
(0.0601902 -0.00520768 0)
(0.056803 -0.0125284 0)
(0.0504174 -0.0223119 0)
(0.0403533 -0.0304098 0)
(0.0270298 -0.0240938 0)
(0.011184 -0.0235565 0)
(-0.00520723 -0.0197699 0)
(0.0386893 -0.00416338 0)
(0.0379424 -0.00662344 0)
(0.0400759 -0.00583538 0)
(0.0470216 -0.00593203 0)
(0.0552617 -0.0103697 0)
(0.0612709 -0.0173236 0)
(0.0645038 -0.0236382 0)
(0.0655617 -0.0239021 0)
(0.067893 -0.0188642 0)
(0.070988 -0.0118727 0)
(0.0743451 -0.00672522 0)
(0.0761342 -0.00398348 0)
(0.0756976 -0.00325252 0)
(0.0723134 -0.00629003 0)
(0.064516 -0.0122044 0)
(0.0505584 -0.0179843 0)
(0.0331343 -0.0105349 0)
(0.0189103 -0.00852615 0)
(0.000181426 -0.0138925 0)
(0.0342991 -0.00538153 0)
(0.0370298 -0.00842206 0)
(0.0406224 -0.0102348 0)
(0.0463077 -0.0123181 0)
(0.0526323 -0.0162113 0)
(0.0578557 -0.0212651 0)
(0.0608609 -0.0254069 0)
(0.0624139 -0.0254291 0)
(0.0648886 -0.0214931 0)
(0.0689601 -0.0153912 0)
(0.0735894 -0.00960027 0)
(0.0770942 -0.00513955 0)
(0.0782062 -0.0022441 0)
(0.0757019 -0.00133642 0)
(0.0684475 -0.00208338 0)
(0.0552102 -0.00282915 0)
(0.0376628 0.00366308 0)
(0.0233045 0.00571352 0)
(0.00422837 -0.00183752 0)
(0.0257916 -0.00834926 0)
(0.0295193 -0.011605 0)
(0.0332161 -0.0144084 0)
(0.0378278 -0.0172588 0)
(0.0427131 -0.020728 0)
(0.0469723 -0.0244456 0)
(0.0498896 -0.0272173 0)
(0.0521255 -0.0273326 0)
(0.0549959 -0.0246898 0)
(0.0593425 -0.0199079 0)
(0.0645906 -0.0139815 0)
(0.0691417 -0.00787163 0)
(0.071487 -0.00218479 0)
(0.0702542 0.00265872 0)
(0.0643538 0.00652027 0)
(0.0531313 0.0104795 0)
(0.0376407 0.0174903 0)
(0.0239318 0.0198158 0)
(0.00580866 0.0120542 0)
(0.0177268 -0.0113105 0)
(0.0212055 -0.0147541 0)
(0.0245791 -0.0180006 0)
(0.0284806 -0.0211992 0)
(0.0325393 -0.0244823 0)
(0.0363115 -0.0275328 0)
(0.0394601 -0.0296688 0)
(0.0422558 -0.0299229 0)
(0.0453105 -0.0281307 0)
(0.0491151 -0.0242655 0)
(0.0536147 -0.0185326 0)
(0.0579105 -0.0112623 0)
(0.0605759 -0.00302716 0)
(0.0602418 0.00549477 0)
(0.0557883 0.0136647 0)
(0.0467353 0.0215803 0)
(0.0336703 0.0300955 0)
(0.0216247 0.032923 0)
(0.00555094 0.0255451 0)
(0.0115288 -0.0138518 0)
(0.0144974 -0.0175331 0)
(0.0174936 -0.0211106 0)
(0.020914 -0.0246119 0)
(0.0245206 -0.0279023 0)
(0.0280371 -0.0306682 0)
(0.0312483 -0.0324557 0)
(0.0341933 -0.0327076 0)
(0.0371108 -0.0312104 0)
(0.0402176 -0.0277775 0)
(0.0435692 -0.0222055 0)
(0.0468327 -0.0142135 0)
(0.0489027 -0.0040332 0)
(0.0487008 0.00750525 0)
(0.0451973 0.0193271 0)
(0.0379632 0.030649 0)
(0.0272897 0.0407696 0)
(0.0174191 0.0441186 0)
(0.00415092 0.0370264 0)
(0.00681802 -0.0159332 0)
(0.00925878 -0.0199214 0)
(0.0118624 -0.0238635 0)
(0.0148514 -0.0276359 0)
(0.018051 -0.0310111 0)
(0.021251 -0.0336643 0)
(0.0242782 -0.0352269 0)
(0.0270665 -0.0353414 0)
(0.0296608 -0.033815 0)
(0.0321168 -0.0304367 0)
(0.0344606 -0.0247889 0)
(0.0365785 -0.0162252 0)
(0.0377304 -0.00455182 0)
(0.0370993 0.00929662 0)
(0.0340084 0.0239577 0)
(0.028187 0.037964 0)
(0.019769 0.0493063 0)
(0.0121742 0.0530035 0)
(0.00218971 0.0454779 0)
(0.00302353 -0.0175649 0)
(0.00495323 -0.0219187 0)
(0.00711728 -0.0262208 0)
(0.00964099 -0.0302597 0)
(0.0123659 -0.0337468 0)
(0.015125 -0.0363534 0)
(0.0177598 -0.037737 0)
(0.0201597 -0.0376439 0)
(0.0222613 -0.0359212 0)
(0.024047 -0.0323761 0)
(0.0255241 -0.0264776 0)
(0.0266404 -0.0173027 0)
(0.0269458 -0.00437789 0)
(0.0258198 0.0112375 0)
(0.0229254 0.0279285 0)
(0.018296 0.0437214 0)
(0.0121042 0.0557216 0)
(0.00679464 0.059421 0)
(0.000305363 0.0504478 0)
(-9.50358e-05 -0.0187863 0)
(0.00132785 -0.0234991 0)
(0.00300507 -0.0281246 0)
(0.00498187 -0.0324046 0)
(0.00713119 -0.0360057 0)
(0.00931057 -0.0385844 0)
(0.0113684 -0.0398085 0)
(0.013171 -0.0394666 0)
(0.014606 -0.0374471 0)
(0.0156094 -0.0335824 0)
(0.0162325 -0.0273095 0)
(0.0165162 -0.0175437 0)
(0.0162736 -0.00363236 0)
(0.0150202 0.0133001 0)
(0.0124903 0.0312823 0)
(0.00904931 0.0479459 0)
(0.00509844 0.0600137 0)
(0.00208387 0.0632968 0)
(-0.00102672 0.0522068 0)
(-0.00263124 -0.0196152 0)
(-0.00170793 -0.0246436 0)
(-0.000558925 -0.0295387 0)
(0.000804053 -0.0340001 0)
(0.00227342 -0.037679 0)
(0.00373116 -0.0402049 0)
(0.00504962 -0.0412465 0)
(0.00608174 -0.0405947 0)
(0.00668536 -0.0381832 0)
(0.00680715 -0.033911 0)
(0.00661334 -0.0272837 0)
(0.0063288 -0.0172174 0)
(0.00602953 -0.00278853 0)
(0.0052299 0.0150511 0)
(0.00346709 0.0337827 0)
(0.00129924 0.0505941 0)
(-0.000489942 0.0622072 0)
(-0.00135586 0.0647016 0)
(-0.00167363 0.051628 0)
(-0.00459578 -0.0200419 0)
(-0.00417204 -0.0253175 0)
(-0.00358 -0.0304078 0)
(-0.00287146 -0.0349815 0)
(-0.00213371 -0.0386751 0)
(-0.00145806 -0.0411044 0)
(-0.000954407 -0.0419169 0)
(-0.000766743 -0.0408938 0)
(-0.0010473 -0.03804 0)
(-0.00182552 -0.0334268 0)
(-0.00275001 -0.0267192 0)
(-0.00322996 -0.0167917 0)
(-0.0030231 -0.00230788 0)
(-0.00280993 0.0159926 0)
(-0.00335423 0.0350781 0)
(-0.00411158 0.0515831 0)
(-0.00407138 0.0624687 0)
(-0.00331073 0.0641422 0)
(-0.00177106 0.0496578 0)
(-0.00599589 -0.0200915 0)
(-0.00603374 -0.0255285 0)
(-0.0059857 -0.0307205 0)
(-0.0059253 -0.035324 0)
(-0.00591122 -0.0389769 0)
(-0.00599275 -0.0412847 0)
(-0.0062359 -0.0418568 0)
(-0.00675683 -0.0404486 0)
(-0.00772858 -0.0371468 0)
(-0.00922332 -0.0323126 0)
(-0.0107097 -0.0259324 0)
(-0.0110789 -0.0168025 0)
(-0.00992999 -0.00283371 0)
(-0.00832674 0.0156552 0)
(-0.00739756 0.0350137 0)
(-0.00680856 0.051197 0)
(-0.00543331 0.0613981 0)
(-0.00390854 0.0625152 0)
(-0.00165523 0.0471388 0)
(-0.00680832 -0.0198107 0)
(-0.00723357 -0.0253135 0)
(-0.00766223 -0.0305109 0)
(-0.00818475 -0.0350654 0)
(-0.0088252 -0.0386396 0)
(-0.00956949 -0.0408433 0)
(-0.0103986 -0.0412467 0)
(-0.0113441 -0.0395379 0)
(-0.0125708 -0.0358114 0)
(-0.0143437 -0.0307215 0)
(-0.0162613 -0.024907 0)
(-0.0165651 -0.0175823 0)
(-0.0143304 -0.00475893 0)
(-0.0111256 0.0138453 0)
(-0.00857412 0.0335926 0)
(-0.00682043 0.0497607 0)
(-0.00478088 0.0597359 0)
(-0.00350286 0.0608556 0)
(-0.00157145 0.044603 0)
(-0.00703836 -0.0192777 0)
(-0.00771583 -0.0247563 0)
(-0.00849822 -0.0298647 0)
(-0.00948376 -0.0342925 0)
(-0.0106665 -0.0377606 0)
(-0.0119587 -0.0399166 0)
(-0.013223 -0.0403136 0)
(-0.0143408 -0.0385465 0)
(-0.0153515 -0.0345855 0)
(-0.0166241 -0.0291602 0)
(-0.0183819 -0.0236732 0)
(-0.0191503 -0.0185891 0)
(-0.016874 -0.0079604 0)
(-0.0121433 0.0103243 0)
(-0.00751097 0.0307104 0)
(-0.00458084 0.047716 0)
(-0.00246675 0.0583005 0)
(-0.00243924 0.0600579 0)
(-0.00163231 0.042347 0)
(-0.006692 -0.0186178 0)
(-0.00744265 -0.0239938 0)
(-0.00839553 -0.0289163 0)
(-0.00967198 -0.0331244 0)
(-0.0112565 -0.0364373 0)
(-0.013002 -0.0385876 0)
(-0.0146561 -0.0391574 0)
(-0.0159283 -0.0376739 0)
(-0.0166164 -0.0339036 0)
(-0.0168733 -0.0283278 0)
(-0.0174688 -0.0225894 0)
(-0.0186245 -0.0186711 0)
(-0.0178145 -0.0111392 0)
(-0.0127272 0.00503047 0)
(-0.00554276 0.0259844 0)
(-0.000792822 0.045221 0)
(0.00123146 0.057774 0)
(-0.000824173 0.06074 0)
(-0.00163791 0.0406065 0)
(-0.00581894 -0.0179966 0)
(-0.00640052 -0.0232118 0)
(-0.00729743 -0.0278483 0)
(-0.00864884 -0.0317168 0)
(-0.0104518 -0.0347726 0)
(-0.0125401 -0.0368802 0)
(-0.0145971 -0.037708 0)
(-0.0161953 -0.0367819 0)
(-0.0168945 -0.0337063 0)
(-0.0164945 -0.0285709 0)
(-0.0155635 -0.0225077 0)
(-0.0156522 -0.0179212 0)
(-0.015961 -0.0128594 0)
(-0.0126081 -0.00102066 0)
(-0.00383674 0.0189209 0)
(0.00362572 0.0417862 0)
(0.00578967 0.0582568 0)
(0.00157096 0.063296 0)
(-0.00113115 0.0398933 0)
(-0.00447403 -0.0176233 0)
(-0.0046529 -0.0226289 0)
(-0.00528793 -0.0268766 0)
(-0.00649146 -0.0302718 0)
(-0.00827388 -0.0329225 0)
(-0.0105015 -0.034849 0)
(-0.0128824 -0.0358587 0)
(-0.0149491 -0.0355566 0)
(-0.0161134 -0.0334983 0)
(-0.0158597 -0.029467 0)
(-0.0141681 -0.0238698 0)
(-0.0122698 -0.0181419 0)
(-0.011416 -0.0132803 0)
(-0.00945427 -0.00559092 0)
(-0.00153744 0.0103012 0)
(0.0079995 0.0369572 0)
(0.0106202 0.0596344 0)
(0.00467393 0.0675415 0)
(0.000136922 0.0410215 0)
(-0.00276761 -0.0176907 0)
(-0.00243389 -0.022414 0)
(-0.00274781 -0.0261887 0)
(-0.00366116 -0.0290355 0)
(-0.00516626 -0.0311737 0)
(-0.0071949 -0.0327439 0)
(-0.00958508 -0.0337151 0)
(-0.0119807 -0.0338539 0)
(-0.0137957 -0.0327974 0)
(-0.0143315 -0.0302036 0)
(-0.0130313 -0.0259848 0)
(-0.00993298 -0.0205746 0)
(-0.00608194 -0.0152444 0)
(-0.00290938 -0.0101293 0)
(0.00487026 -0.000526949 0)
(0.0143712 0.03131 0)
(0.0151155 0.0629057 0)
(0.00722824 0.0725548 0)
(0.00162267 0.0445225 0)
(-0.000960683 -0.018169 0)
(-0.00038986 -0.0225108 0)
(-0.000536456 -0.0257848 0)
(-0.00114701 -0.0281467 0)
(-0.00218976 -0.0298264 0)
(-0.00365227 -0.030983 0)
(-0.00552835 -0.0316967 0)
(-0.00769847 -0.0319386 0)
(-0.00980225 -0.03156 0)
(-0.0111784 -0.030294 0)
(-0.0110077 -0.0278513 0)
(-0.00865943 -0.0240143 0)
(-0.00373745 -0.0189411 0)
(0.00229639 -0.0130889 0)
(0.0204801 -0.00405487 0)
(0.0311364 0.0305865 0)
(0.0205223 0.0700228 0)
(0.00696999 0.077024 0)
(0.00266763 0.0505574 0)
(3.44732e-05 -0.0190044 0)
(0.000371961 -0.0227164 0)
(0.000241856 -0.0254535 0)
(-9.21198e-05 -0.0274329 0)
(-0.000613648 -0.02876 0)
(-0.0013325 -0.0295171 0)
(-0.00230196 -0.0297695 0)
(-0.0035596 -0.0296087 0)
(-0.00500802 -0.0291904 0)
(-0.00631103 -0.0286898 0)
(-0.00673428 -0.0282759 0)
(-0.00520684 -0.0281601 0)
(-0.000134958 -0.0291162 0)
(0.00937975 -0.0343377 0)
(0.032959 -0.0433929 0)
(0.0540546 0.0303224 0)
(0.0267854 0.108635 0)
(0.000992039 0.0857738 0)
(0.00269829 0.0548504 0)
)
;

boundaryField
{
    leftWall
    {
        type            noSlip;
    }
    rightWall
    {
        type            noSlip;
    }
    lowerWall
    {
        type            noSlip;
    }
    atmosphere
    {
        type            pressureInletOutletVelocity;
        value           nonuniform List<vector> 
46
(
(0.000614095 0.0933661 0)
(0.00731761 0.0929919 0)
(0.000264562 0.0841365 0)
(-0.00642916 0.0220576 0)
(0 -0.00252119 0)
(0 -0.00692922 0)
(0 -0.0099574 0)
(0 -0.0110537 0)
(0 -0.0112506 0)
(0 -0.010975 0)
(0 -0.0103718 0)
(0 -0.00953917 0)
(0 -0.00852654 0)
(0 -0.00736485 0)
(0 -0.00606607 0)
(0 -0.004627 0)
(0 -0.0030278 0)
(0 -0.00123601 0)
(-0.00312964 0.000745929 0)
(-0.00327626 0.00257277 0)
(-0.00331304 0.00305974 0)
(-0.00317191 0.0009598 0)
(0 -0.00353481 0)
(0 -0.00817404 0)
(0 -0.0110332 0)
(0 -0.0136923 0)
(0 -0.0159913 0)
(0 -0.0190044 0)
(0 -0.0227164 0)
(0 -0.0254535 0)
(0 -0.0274329 0)
(0 -0.02876 0)
(0 -0.0295171 0)
(0 -0.0297695 0)
(0 -0.0296087 0)
(0 -0.0291904 0)
(0 -0.0286898 0)
(0 -0.0282759 0)
(0 -0.0281601 0)
(0 -0.0291162 0)
(0 -0.0343377 0)
(0 -0.0433929 0)
(0.0540546 0.0303224 0)
(0.0267854 0.108635 0)
(0.000992039 0.0857738 0)
(0.00269829 0.0548504 0)
)
;
    }
    defaultFaces
    {
        type            empty;
    }
}


// ************************************************************************* //
