/*--------------------------------*- C++ -*----------------------------------*\
| =========                 |                                                 |
| \\      /  F ield         | OpenFOAM: The Open Source CFD Toolbox           |
|  \\    /   O peration     | Version:  2312                                  |
|   \\  /    A nd           | Website:  www.openfoam.com                      |
|    \\/     M anipulation  |                                                 |
\*---------------------------------------------------------------------------*/
FoamFile
{
    version     2.0;
    format      ascii;
    arch        "LSB;label=32;scalar=64";
    class       volVectorField;
    location    "1.9";
    object      U;
}
// * * * * * * * * * * * * * * * * * * * * * * * * * * * * * * * * * * * * * //

dimensions      [0 1 -1 0 0 0 0];

internalField   nonuniform List<vector> 
2268
(
(0.0114353 -0.00577505 0)
(0.00679605 0.00236018 0)
(-0.0110435 0.00475931 0)
(-0.0302683 0.00572332 0)
(-0.0523288 0.00562312 0)
(-0.0740829 0.00534947 0)
(-0.0943166 0.00444796 0)
(-0.109457 0.00287655 0)
(-0.117329 0.000939449 0)
(-0.116956 -0.000898489 0)
(-0.109865 -0.00224442 0)
(-0.0980018 -0.00320345 0)
(-0.0828615 -0.00372989 0)
(-0.066447 -0.00375587 0)
(-0.0508508 -0.00338244 0)
(-0.0375951 -0.00278265 0)
(-0.0272824 -0.00216065 0)
(-0.0196433 -0.00167383 0)
(-0.0139591 -0.00135257 0)
(-0.00971976 -0.00110428 0)
(-0.00644673 -0.000882207 0)
(-0.00529355 -0.000558039 0)
(-0.00350726 -0.000819727 0)
(-0.00545081 -0.00413075 0)
(-0.00626347 0.00882545 0)
(-0.0252196 0.0125697 0)
(-0.0396468 0.0140408 0)
(-0.0593902 0.0146292 0)
(-0.0798159 0.0147925 0)
(-0.0998316 0.0129645 0)
(-0.115069 0.00888989 0)
(-0.12293 0.00314482 0)
(-0.12216 -0.00260974 0)
(-0.114373 -0.00711947 0)
(-0.101688 -0.0101921 0)
(-0.085779 -0.0118239 0)
(-0.0687851 -0.0117766 0)
(-0.052825 -0.0104179 0)
(-0.0394131 -0.00834285 0)
(-0.0291074 -0.00620531 0)
(-0.0215356 -0.0045095 0)
(-0.0158639 -0.00329565 0)
(-0.0115924 -0.00229335 0)
(-0.0083049 -0.00152922 0)
(-0.00707478 -0.000653832 0)
(-0.00608943 -0.00353523 0)
(-0.0158346 0.00028219 0)
(-0.0208081 0.0135385 0)
(-0.0386694 0.020442 0)
(-0.0510836 0.0219355 0)
(-0.0688432 0.0233197 0)
(-0.0882434 0.0238266 0)
(-0.108403 0.0210656 0)
(-0.124011 0.0142282 0)
(-0.13165 0.00449827 0)
(-0.129862 -0.00513184 0)
(-0.120565 -0.0124645 0)
(-0.106361 -0.017394 0)
(-0.0891199 -0.0199851 0)
(-0.0710188 -0.0196926 0)
(-0.0543112 -0.0172353 0)
(-0.0404729 -0.0137447 0)
(-0.0298852 -0.010262 0)
(-0.0218804 -0.00756974 0)
(-0.0154588 -0.00564644 0)
(-0.0104407 -0.00399721 0)
(-0.00659206 -0.00282105 0)
(-0.00541719 -0.00152153 0)
(-0.00342856 -0.00673045 0)
(-0.0220646 0.0123766 0)
(-0.0343175 0.0205599 0)
(-0.0509333 0.0269176 0)
(-0.0616331 0.0286942 0)
(-0.0768704 0.0322187 0)
(-0.0955685 0.0338473 0)
(-0.116503 0.0304072 0)
(-0.13304 0.0207386 0)
(-0.140475 0.00656889 0)
(-0.137066 -0.00801338 0)
(-0.125574 -0.0191085 0)
(-0.10939 -0.0260173 0)
(-0.0902936 -0.0294714 0)
(-0.0705607 -0.028703 0)
(-0.052725 -0.0249616 0)
(-0.0380879 -0.0198112 0)
(-0.0266888 -0.0147407 0)
(-0.0175428 -0.0109796 0)
(-0.00972413 -0.00832812 0)
(-0.00401514 -0.00579349 0)
(-0.000347452 -0.00350175 0)
(-0.000234284 -0.000718709 0)
(0.00304746 -0.00608032 0)
(-0.0216966 0.025688 0)
(-0.0321312 0.0293484 0)
(-0.0476226 0.03412 0)
(-0.0605005 0.0341004 0)
(-0.0785969 0.0393994 0)
(-0.098983 0.0431013 0)
(-0.122247 0.040096 0)
(-0.140737 0.0273724 0)
(-0.148621 0.00739196 0)
(-0.143829 -0.0118936 0)
(-0.129684 -0.0252693 0)
(-0.110527 -0.0336551 0)
(-0.0885666 -0.0384461 0)
(-0.0661208 -0.0374269 0)
(-0.0462587 -0.0326018 0)
(-0.0303316 -0.0261106 0)
(-0.0181677 -0.0201053 0)
(-0.00817946 -0.0155962 0)
(1.32578e-05 -0.0119612 0)
(0.00439966 -0.00889313 0)
(0.00634732 -0.00652919 0)
(0.00393679 -0.00545004 0)
(0.00775317 -0.00941801 0)
(-0.0145454 0.0315723 0)
(-0.0236706 0.0287555 0)
(-0.0482447 0.0357311 0)
(-0.0655687 0.0387573 0)
(-0.0878309 0.0463604 0)
(-0.108375 0.0512967 0)
(-0.13193 0.0480019 0)
(-0.150149 0.0329546 0)
(-0.156929 0.00862872 0)
(-0.153308 -0.0181474 0)
(-0.137535 -0.0383267 0)
(-0.114347 -0.0488305 0)
(-0.088424 -0.0542646 0)
(-0.0623628 -0.0512619 0)
(-0.0408652 -0.0430035 0)
(-0.0253065 -0.0332847 0)
(-0.0142118 -0.0268789 0)
(-0.00408596 -0.0234229 0)
(0.0032146 -0.0191816 0)
(0.00552405 -0.0125646 0)
(0.00381078 -0.00547242 0)
(-0.00387255 -0.00191435 0)
(0.00283942 0.000102871 0)
(-0.0395392 0.0506011 0)
(-0.110904 0.0476178 0)
(-0.13308 0.0541181 0)
(-0.131351 0.0529169 0)
(-0.137727 0.0579835 0)
(-0.147751 0.0624085 0)
(-0.16692 0.057647 0)
(-0.185792 0.0382898 0)
(-0.189508 0.00867176 0)
(-0.172077 -0.0182744 0)
(-0.146817 -0.0375951 0)
(-0.120665 -0.0479713 0)
(-0.0937712 -0.0541301 0)
(-0.0674296 -0.0509179 0)
(-0.0444364 -0.043873 0)
(-0.0193764 -0.0361166 0)
(0.00811951 -0.0273984 0)
(0.0254765 -0.0151256 0)
(0.00844846 -0.00446634 0)
(-0.0300243 0.00169083 0)
(-0.0605759 0.004177 0)
(-0.0663947 -0.000202904 0)
(-0.0306862 -0.0103143 0)
(-0.0275642 0.110399 0)
(-0.193553 0.081809 0)
(-0.248692 0.0498798 0)
(-0.249998 0.0467598 0)
(-0.234346 0.0555057 0)
(-0.216194 0.0663711 0)
(-0.200628 0.0673709 0)
(-0.188845 0.0468962 0)
(-0.176736 0.00813433 0)
(-0.16237 -0.039418 0)
(-0.138727 -0.0673028 0)
(-0.107477 -0.0781533 0)
(-0.0722501 -0.0862144 0)
(-0.0366027 -0.0793844 0)
(-0.0153735 -0.0656271 0)
(-0.0119331 -0.0531453 0)
(0.00293138 -0.0435376 0)
(0.0233794 -0.0245272 0)
(0.0258398 -0.00188612 0)
(0.0127946 0.0113568 0)
(-0.0110483 0.00721414 0)
(-0.0279143 -0.0207304 0)
(-0.0220258 -0.0585007 0)
(-0.0906455 0.0352069 0)
(-0.166971 0.0144597 0)
(-0.219401 -0.00352088 0)
(-0.213948 -0.0110485 0)
(-0.18901 -0.00757946 0)
(-0.155135 -0.00613377 0)
(-0.0982242 -0.0100637 0)
(-0.0579476 -0.00581615 0)
(-0.0500387 -0.0047208 0)
(-0.0563819 -0.00211086 0)
(-0.0635404 -0.0016408 0)
(-0.0672782 -0.00160092 0)
(-0.0796822 -0.00190443 0)
(-0.0970523 -0.00193729 0)
(-0.108645 -0.00151786 0)
(-0.109337 -0.00415416 0)
(-0.0988276 -0.00422038 0)
(-0.0866851 -0.00795122 0)
(-0.0230305 -0.00847144 0)
(-0.0227349 0.0597967 0)
(-0.0271153 0.0455808 0)
(-0.0650658 0.0200717 0)
(-0.0769428 -0.00669184 0)
(-0.0924406 -0.019489 0)
(-0.0553953 -0.0290953 0)
(0.0168676 -0.04281 0)
(0.0604543 -0.0134747 0)
(0.0823615 0.00543173 0)
(0.0562483 0.013159 0)
(-0.00725023 0.00642479 0)
(-0.04463 0.00562485 0)
(-0.0556478 0.0142933 0)
(-0.0647865 0.0135426 0)
(-0.0756677 0.0081123 0)
(-0.0888944 -0.00209222 0)
(-0.102789 -0.00595256 0)
(-0.0959536 -0.0217245 0)
(-0.0405328 -0.0442056 0)
(0.0142536 0.0596792 0)
(0.0458345 0.0496733 0)
(0.0338389 0.0210132 0)
(0.0611422 -0.00110961 0)
(0.0506592 -0.0125436 0)
(0.0795883 -0.0400732 0)
(0.122432 -0.0606289 0)
(0.157713 -0.0448059 0)
(0.221163 -0.0050402 0)
(0.223852 0.0336612 0)
(0.167281 0.0451755 0)
(0.0676431 0.0206569 0)
(-0.00784385 0.00589239 0)
(-0.0303229 0.00533857 0)
(-0.0358639 0.00909382 0)
(-0.0585258 0.0105074 0)
(-0.0830751 -3.38893e-05 0)
(-0.0556699 -0.0317798 0)
(-0.0169196 -0.0672341 0)
(-0.00204783 0.0331902 0)
(0.034979 0.0493137 0)
(0.0692644 0.00593918 0)
(0.0970475 -0.00719459 0)
(0.142599 -0.0356794 0)
(0.201942 -0.0593953 0)
(0.222651 -0.0657941 0)
(0.204713 -0.0552749 0)
(0.214979 -0.0264038 0)
(0.242578 0.0373304 0)
(0.211975 0.0685599 0)
(0.148923 0.0638039 0)
(0.00796138 0.0611012 0)
(-0.15387 0.0340962 0)
(-0.140671 0.0168789 0)
(-0.0631858 0.0169113 0)
(-0.018781 -0.00833415 0)
(0.0141004 -0.037846 0)
(0.0275329 -0.071367 0)
(-0.0841872 0.038944 0)
(0.0140431 0.0202068 0)
(0.0490413 -0.0214121 0)
(0.104883 -0.033721 0)
(0.183403 -0.0628192 0)
(0.245367 -0.0743861 0)
(0.265468 -0.0637258 0)
(0.228341 -0.0452501 0)
(0.158121 -0.02212 0)
(0.149083 0.0478441 0)
(0.0870532 0.0990784 0)
(-0.0535013 0.122637 0)
(-0.143909 0.132147 0)
(-0.243688 0.0692665 0)
(-0.157775 -0.0480818 0)
(-0.0906625 -0.0181362 0)
(-0.0735202 -0.0402501 0)
(0.0183588 -0.0582157 0)
(0.0622654 -0.0618323 0)
(0.0158222 0.066606 0)
(0.10173 -0.00234689 0)
(0.100442 -0.0258504 0)
(0.104035 -0.0561881 0)
(0.15599 -0.0909671 0)
(0.197316 -0.0915064 0)
(0.211507 -0.0581008 0)
(0.149148 -0.0142161 0)
(0.0702555 0.00141373 0)
(0.00689836 0.0769219 0)
(-0.120009 0.154402 0)
(-0.177701 0.146377 0)
(-0.176473 0.143012 0)
(-0.188156 0.0588785 0)
(-0.135676 -0.0747443 0)
(-0.127315 -0.00993572 0)
(-0.0981545 -0.0602841 0)
(-0.0457536 -0.0988999 0)
(0.0552993 -0.0423456 0)
(0.140679 -0.0170677 0)
(0.150521 -0.0207069 0)
(0.101112 -0.0252321 0)
(0.0230879 -0.0544187 0)
(0.0343595 -0.109322 0)
(0.0593693 -0.0954066 0)
(0.0333069 -0.0322221 0)
(-0.0164175 0.0115386 0)
(-0.0813836 0.0340877 0)
(-0.163388 0.124414 0)
(-0.238324 0.169656 0)
(-0.205376 0.139481 0)
(-0.153694 0.129471 0)
(-0.142466 0.0600837 0)
(-0.15302 -0.0761389 0)
(-0.166072 -0.0201052 0)
(-0.121372 -0.077666 0)
(-0.0736079 -0.122534 0)
(-0.00256371 -0.0435514 0)
(0.0399605 -0.0626611 0)
(-0.037924 0.0241297 0)
(-0.248102 0.0389651 0)
(-0.203467 -0.0588111 0)
(-0.173513 -0.120671 0)
(-0.17362 -0.0935582 0)
(-0.150647 -0.025761 0)
(-0.177875 0.0363283 0)
(-0.270228 0.0753196 0)
(-0.310737 0.153814 0)
(-0.284694 0.159302 0)
(-0.205804 0.1186 0)
(-0.127458 0.110194 0)
(-0.110508 0.0678641 0)
(-0.174628 -0.0555032 0)
(-0.201936 -0.0329347 0)
(-0.153816 -0.0960064 0)
(-0.0759617 -0.155001 0)
(-0.0204675 -0.0707729 0)
(0.0296006 0.155586 0)
(-0.0411159 0.179038 0)
(-0.135486 0.095477 0)
(-0.183596 0.0586612 0)
(-0.203918 0.0479542 0)
(-0.203306 0.0433079 0)
(-0.190109 0.0342493 0)
(-0.162245 0.0068019 0)
(-0.123602 -0.0150968 0)
(-0.091502 -0.0388924 0)
(-0.0664963 -0.0780162 0)
(-0.0434808 -0.0994344 0)
(-0.0199659 -0.107743 0)
(0.00293721 -0.0917559 0)
(0.0330942 -0.0706086 0)
(0.0681621 -0.061494 0)
(0.100942 -0.0549297 0)
(0.11331 -0.0308448 0)
(0.10708 0.0061423 0)
(0.0858024 0.0335718 0)
(0.0434777 0.0475189 0)
(-0.00934881 0.0397272 0)
(-0.113383 0.0207277 0)
(0.0737239 0.111965 0)
(0.0807924 0.216357 0)
(0.0272454 0.171883 0)
(-0.0255599 0.103352 0)
(-0.0581581 0.0694081 0)
(-0.0528401 0.0499443 0)
(-0.0438012 0.0352008 0)
(0.000231516 -0.0166545 0)
(0.0113689 -0.0411486 0)
(0.027384 -0.0844095 0)
(0.0542329 -0.11312 0)
(0.0764985 -0.123436 0)
(0.10548 -0.128193 0)
(0.136079 -0.126366 0)
(0.17175 -0.119818 0)
(0.202629 -0.106805 0)
(0.221624 -0.0805612 0)
(0.225004 -0.0405576 0)
(0.209837 0.0139027 0)
(0.175636 0.0592788 0)
(0.129011 0.0822879 0)
(0.080032 0.0820851 0)
(0.0167164 0.0683559 0)
(0.078934 -0.00619894 0)
(0.0980332 0.224243 0)
(0.0545029 0.206933 0)
(0.0650926 0.147504 0)
(0.0496142 0.082882 0)
(0.0945597 0.0427917 0)
(0.15356 -0.00524023 0)
(0.222872 -0.0459333 0)
(0.273112 -0.0516664 0)
(0.302201 -0.0709696 0)
(0.304396 -0.102745 0)
(0.30227 -0.125634 0)
(0.305733 -0.144332 0)
(0.316223 -0.153771 0)
(0.328861 -0.143917 0)
(0.339529 -0.116993 0)
(0.339961 -0.0680094 0)
(0.325167 -0.00132751 0)
(0.298045 0.0756297 0)
(0.255784 0.140328 0)
(0.193021 0.181138 0)
(0.105073 0.19439 0)
(-0.0121651 0.180102 0)
(0.0254597 -0.0843374 0)
(0.0722258 0.256344 0)
(-0.00569923 0.198074 0)
(0.0354209 0.132713 0)
(0.00213952 0.0412456 0)
(0.0977458 -0.0535655 0)
(0.165272 -0.108705 0)
(0.234829 -0.131192 0)
(0.305263 -0.128926 0)
(0.374108 -0.128135 0)
(0.431664 -0.137495 0)
(0.469355 -0.142934 0)
(0.483002 -0.147167 0)
(0.479291 -0.149466 0)
(0.470036 -0.141741 0)
(0.46311 -0.123526 0)
(0.461222 -0.0855945 0)
(0.452601 -0.0287559 0)
(0.421338 0.0393926 0)
(0.362577 0.115079 0)
(0.280058 0.191603 0)
(0.165453 0.264553 0)
(0.0116025 0.305999 0)
(-0.0455182 -0.12683 0)
(0.0736532 0.285889 0)
(0.0110531 0.205629 0)
(0.0525354 0.127345 0)
(0.0615708 -0.00498008 0)
(0.113104 -0.127816 0)
(0.15252 -0.175514 0)
(0.19602 -0.195381 0)
(0.245281 -0.199876 0)
(0.298964 -0.200006 0)
(0.353436 -0.194744 0)
(0.397231 -0.17906 0)
(0.424987 -0.161668 0)
(0.445829 -0.146912 0)
(0.45803 -0.137681 0)
(0.465057 -0.125085 0)
(0.488465 -0.0758495 0)
(0.499344 0.0315215 0)
(0.458713 0.140424 0)
(0.383583 0.228864 0)
(0.283919 0.309522 0)
(0.140265 0.377582 0)
(-0.0492243 0.439178 0)
(-0.0947624 -0.12856 0)
(0.0795856 0.256142 0)
(0.0843391 0.20276 0)
(0.128692 0.113282 0)
(0.186141 -0.010406 0)
(0.197594 -0.127377 0)
(0.176773 -0.177051 0)
(0.165269 -0.207062 0)
(0.185027 -0.223901 0)
(0.227417 -0.229681 0)
(0.28228 -0.216796 0)
(0.328384 -0.185424 0)
(0.37474 -0.174407 0)
(0.455571 -0.174966 0)
(0.580005 -0.147585 0)
(0.533384 -0.128605 0)
(0.272586 -0.0461796 0)
(0.104327 0.0610838 0)
(-0.0570196 0.262868 0)
(-0.193297 0.375921 0)
(-0.227939 0.448806 0)
(-0.241239 0.597563 0)
(-0.308238 0.602192 0)
(-0.094497 -0.0827057 0)
(0.0049934 0.109326 0)
(0.110293 0.153773 0)
(0.171107 0.0549043 0)
(0.233043 -0.048991 0)
(0.254635 -0.111498 0)
(0.20609 -0.144434 0)
(0.147179 -0.197548 0)
(0.160216 -0.245263 0)
(0.229799 -0.276932 0)
(0.331059 -0.291671 0)
(0.434897 -0.287889 0)
(0.498164 -0.30302 0)
(0.479885 -0.385103 0)
(0.0615158 0.0697012 0)
(-0.277323 0.137886 0)
(-0.548336 0.190046 0)
(-0.780355 0.288471 0)
(-1.03529 0.409278 0)
(-1.22537 0.446805 0)
(-1.30536 0.550911 0)
(-1.45266 0.826752 0)
(-0.960492 0.638553 0)
(-0.127233 -0.0355333 0)
(-0.106845 0.00831938 0)
(0.072004 0.068411 0)
(0.157622 -0.0324528 0)
(0.244501 -0.0922242 0)
(0.290642 -0.109759 0)
(0.268169 -0.0935735 0)
(0.298223 -0.120967 0)
(0.220316 -0.310883 0)
(0.270185 -0.412277 0)
(0.315617 -0.471564 0)
(0.325439 -0.393764 0)
(0.339648 -0.239712 0)
(-0.322778 0.252035 0)
(-0.709345 0.484137 0)
(-0.962279 0.462032 0)
(-1.3035 0.528771 0)
(-1.69273 0.649071 0)
(-2.11762 0.784318 0)
(-2.29977 0.673448 0)
(-2.37437 0.431432 0)
(-2.03526 0.192057 0)
(-1.29077 0.203061 0)
(0.00806525 0.139219 0)
(-0.0215301 -0.109355 0)
(0.0342366 -0.125337 0)
(0.0680905 -0.13147 0)
(0.0362111 -0.16583 0)
(-0.0826125 -0.128065 0)
(-0.0794659 -0.115622 0)
(0.0028759 -0.154584 0)
(0.0738817 -0.345515 0)
(0.0184107 -0.425835 0)
(-0.139607 -0.405493 0)
(-0.45911 -0.135487 0)
(-0.699821 0.320142 0)
(-0.806008 0.547546 0)
(-0.950578 0.663159 0)
(-1.12636 0.732457 0)
(-1.3837 0.84282 0)
(-1.64215 0.949815 0)
(-2.02315 0.952258 0)
(-2.00233 0.669631 0)
(-1.60087 -0.0526465 0)
(-1.51222 -0.133424 0)
(-1.34461 -0.0989224 0)
(0.0606081 0.022105 0)
(0.0942891 -0.0368248 0)
(0.085212 -0.0636655 0)
(0.0863467 -0.0548796 0)
(0.0735612 -0.0213636 0)
(0.0602008 -0.0702962 0)
(0.0591099 -0.160838 0)
(-0.015555 -0.195313 0)
(-0.145932 -0.225858 0)
(-0.344485 -0.156427 0)
(-0.531515 -0.0343999 0)
(-0.685029 0.125775 0)
(-0.772389 0.340227 0)
(-0.844869 0.605927 0)
(-0.917066 0.77712 0)
(-1.01813 0.907944 0)
(-1.1543 1.04277 0)
(-1.2703 1.15104 0)
(-1.40224 1.09063 0)
(-1.45159 0.383456 0)
(-1.43184 -0.0721558 0)
(-1.36663 -0.140154 0)
(-1.32881 -0.140137 0)
(0.0367581 -0.0546202 0)
(0.0658836 -0.0776878 0)
(0.0665158 -0.0868503 0)
(0.0512013 -0.0886127 0)
(0.0433208 -0.0864169 0)
(0.0134038 -0.0675835 0)
(-0.0106908 -0.0456338 0)
(-0.208396 -0.0497083 0)
(-0.335857 -0.0588316 0)
(-0.440076 -0.0697063 0)
(-0.536576 -0.00556476 0)
(-0.624258 0.170703 0)
(-0.693795 0.402183 0)
(-0.735809 0.639005 0)
(-0.763811 0.830035 0)
(-0.800307 0.986575 0)
(-0.845243 1.11797 0)
(-0.851686 1.18657 0)
(-0.790673 1.18639 0)
(-0.906589 0.623533 0)
(-1.26624 -0.0471661 0)
(-1.3924 -0.22908 0)
(-1.2676 -0.210729 0)
(0.0210661 -0.0965227 0)
(0.0407904 -0.0840777 0)
(0.0384227 -0.0730083 0)
(0.018076 -0.052164 0)
(-0.0187213 -0.0237573 0)
(-0.10038 0.0125268 0)
(-0.186148 0.0818704 0)
(-0.268921 0.0685451 0)
(-0.308766 0.0249831 0)
(-0.372174 0.0407803 0)
(-0.459331 0.125982 0)
(-0.53826 0.262334 0)
(-0.583377 0.449549 0)
(-0.59554 0.652515 0)
(-0.586108 0.836078 0)
(-0.568095 0.994451 0)
(-0.54265 1.11262 0)
(-0.513464 1.1364 0)
(-0.401668 1.11355 0)
(-0.333064 0.907077 0)
(-0.470293 0.384775 0)
(-0.718366 -0.0667809 0)
(-1.0481 -0.384946 0)
(0.0033044 -0.115599 0)
(0.00835129 -0.0856962 0)
(-0.00858641 -0.0573127 0)
(-0.040082 -0.0174555 0)
(-0.0892577 0.0442326 0)
(-0.152767 0.100654 0)
(-0.186271 0.121278 0)
(-0.223661 0.0856693 0)
(-0.25389 0.0590132 0)
(-0.321393 0.0974111 0)
(-0.396567 0.189458 0)
(-0.453419 0.315713 0)
(-0.477112 0.470052 0)
(-0.466148 0.639542 0)
(-0.427534 0.803163 0)
(-0.369877 0.950021 0)
(-0.293982 1.05933 0)
(-0.230678 1.06514 0)
(-0.154479 0.980613 0)
(-0.0440775 0.817168 0)
(-0.0436181 0.542352 0)
(-0.139321 0.288101 0)
(-0.252644 0.143984 0)
(-0.0110335 -0.107891 0)
(-0.0268126 -0.0668033 0)
(-0.0627191 -0.0233739 0)
(-0.104377 0.0291493 0)
(-0.143108 0.0843313 0)
(-0.170527 0.126949 0)
(-0.184135 0.141658 0)
(-0.208174 0.117707 0)
(-0.253072 0.120083 0)
(-0.315739 0.172388 0)
(-0.36182 0.246002 0)
(-0.388655 0.345305 0)
(-0.389702 0.467857 0)
(-0.360763 0.604501 0)
(-0.303258 0.741635 0)
(-0.22194 0.868068 0)
(-0.120856 0.965979 0)
(-0.0120035 0.984243 0)
(0.0510362 0.889803 0)
(0.127512 0.729968 0)
(0.181567 0.488735 0)
(0.153738 0.285866 0)
(0.130355 0.160135 0)
(-0.0252608 -0.0758978 0)
(-0.0631451 -0.0296552 0)
(-0.115911 0.0194953 0)
(-0.159831 0.0689608 0)
(-0.189093 0.112293 0)
(-0.204519 0.143582 0)
(-0.215213 0.155958 0)
(-0.241462 0.15408 0)
(-0.277803 0.170763 0)
(-0.308175 0.211459 0)
(-0.327621 0.271093 0)
(-0.332476 0.350515 0)
(-0.317233 0.447268 0)
(-0.277321 0.555168 0)
(-0.211256 0.664907 0)
(-0.121131 0.766837 0)
(-0.0113304 0.847598 0)
(0.114784 0.873444 0)
(0.220077 0.799244 0)
(0.291205 0.653346 0)
(0.347243 0.46119 0)
(0.330862 0.27861 0)
(0.313561 0.160346 0)
(-0.0423846 -0.0238339 0)
(-0.102831 0.0287749 0)
(-0.163599 0.0711837 0)
(-0.202085 0.104585 0)
(-0.225872 0.134379 0)
(-0.237392 0.157887 0)
(-0.244439 0.170208 0)
(-0.257693 0.175655 0)
(-0.27349 0.192131 0)
(-0.284159 0.225641 0)
(-0.287247 0.27479 0)
(-0.278735 0.338944 0)
(-0.254143 0.415413 0)
(-0.209581 0.499533 0)
(-0.142915 0.584631 0)
(-0.0550386 0.66284 0)
(0.0529876 0.724463 0)
(0.175825 0.746726 0)
(0.289428 0.7 0)
(0.371991 0.591094 0)
(0.42744 0.453339 0)
(0.436944 0.30366 0)
(0.433871 0.167007 0)
(-0.0563309 0.0598966 0)
(-0.118462 0.0972496 0)
(-0.175361 0.117538 0)
(-0.211834 0.134367 0)
(-0.234318 0.150821 0)
(-0.244349 0.165468 0)
(-0.247383 0.175404 0)
(-0.249905 0.183045 0)
(-0.252201 0.198365 0)
(-0.251179 0.226401 0)
(-0.244263 0.266924 0)
(-0.22795 0.318615 0)
(-0.198726 0.378818 0)
(-0.153569 0.443703 0)
(-0.0906842 0.508237 0)
(-0.0107115 0.566248 0)
(0.0879687 0.610718 0)
(0.197731 0.626348 0)
(0.304684 0.596353 0)
(0.389531 0.520551 0)
(0.448994 0.419483 0)
(0.47743 0.302715 0)
(0.493537 0.18305 0)
(-0.0538909 0.141919 0)
(-0.108976 0.15683 0)
(-0.162982 0.161077 0)
(-0.197691 0.163491 0)
(-0.219258 0.166662 0)
(-0.228655 0.170731 0)
(-0.229865 0.174965 0)
(-0.227494 0.181322 0)
(-0.223212 0.195094 0)
(-0.215765 0.218938 0)
(-0.203039 0.252426 0)
(-0.182456 0.293966 0)
(-0.151453 0.341141 0)
(-0.107855 0.390788 0)
(-0.0505637 0.438997 0)
(0.0205374 0.48115 0)
(0.106121 0.51184 0)
(0.20031 0.521546 0)
(0.294495 0.500697 0)
(0.374857 0.44657 0)
(0.436174 0.369792 0)
(0.474556 0.276282 0)
(0.49869 0.1756 0)
(-0.0459259 0.212044 0)
(-0.0937124 0.212357 0)
(-0.143592 0.202578 0)
(-0.175364 0.19163 0)
(-0.19541 0.182306 0)
(-0.204251 0.175959 0)
(-0.204935 0.173315 0)
(-0.200732 0.17616 0)
(-0.193295 0.187077 0)
(-0.182256 0.206779 0)
(-0.166288 0.234166 0)
(-0.143683 0.267386 0)
(-0.11267 0.304189 0)
(-0.0717657 0.341927 0)
(-0.020583 0.377479 0)
(0.0420106 0.407684 0)
(0.114649 0.428041 0)
(0.193899 0.433079 0)
(0.274089 0.416989 0)
(0.345985 0.377023 0)
(0.404401 0.317802 0)
(0.445091 0.243164 0)
(0.471316 0.160715 0)
(-0.038215 0.273209 0)
(-0.0794652 0.262407 0)
(-0.124692 0.24065 0)
(-0.153273 0.21761 0)
(-0.171666 0.196887 0)
(-0.179885 0.180918 0)
(-0.180282 0.171292 0)
(-0.175143 0.169531 0)
(-0.165877 0.176658 0)
(-0.152689 0.192098 0)
(-0.134985 0.214067 0)
(-0.111734 0.240443 0)
(-0.0817812 0.269036 0)
(-0.044211 0.297564 0)
(0.00120324 0.323542 0)
(0.0554626 0.34467 0)
(0.116707 0.357608 0)
(0.182878 0.359178 0)
(0.250058 0.345729 0)
(0.312163 0.315237 0)
(0.364637 0.26947 0)
(0.403321 0.211029 0)
(0.429541 0.145559 0)
(-0.0317839 0.325462 0)
(-0.067629 0.30658 0)
(-0.108302 0.274833 0)
(-0.133946 0.24118 0)
(-0.150861 0.210236 0)
(-0.158447 0.185372 0)
(-0.158484 0.168776 0)
(-0.152593 0.161814 0)
(-0.142069 0.164678 0)
(-0.127549 0.175954 0)
(-0.108986 0.193237 0)
(-0.0858691 0.214083 0)
(-0.0575322 0.23629 0)
(-0.0235048 0.257815 0)
(0.0165695 0.276686 0)
(0.063008 0.29105 0)
(0.114448 0.298729 0)
(0.169414 0.297766 0)
(0.225191 0.28595 0)
(0.277737 0.261919 0)
(0.323389 0.226327 0)
(0.358568 0.180949 0)
(0.384434 0.12966 0)
(-0.0264114 0.369676 0)
(-0.057711 0.345288 0)
(-0.094209 0.305397 0)
(-0.117347 0.262586 0)
(-0.133067 0.222502 0)
(-0.14013 0.189325 0)
(-0.139834 0.165745 0)
(-0.133345 0.153205 0)
(-0.121933 0.151589 0)
(-0.106567 0.158948 0)
(-0.0876364 0.172288 0)
(-0.0650593 0.188778 0)
(-0.0385361 0.206147 0)
(-0.00791983 0.222489 0)
(0.0273255 0.236223 0)
(0.0668237 0.245754 0)
(0.109846 0.249781 0)
(0.155292 0.247032 0)
(0.201284 0.236291 0)
(0.245088 0.216659 0)
(0.284025 0.188435 0)
(0.315331 0.152782 0)
(0.340482 0.112299 0)
(-0.0216645 0.406918 0)
(-0.048832 0.379189 0)
(-0.0815224 0.332823 0)
(-0.10258 0.282198 0)
(-0.117433 0.23393 0)
(-0.124217 0.192924 0)
(-0.123806 0.162355 0)
(-0.11698 0.143985 0)
(-0.105021 0.13777 0)
(-0.0891715 0.141474 0)
(-0.0701813 0.151524 0)
(-0.0483271 0.164683 0)
(-0.0236013 0.178517 0)
(0.00402949 0.191193 0)
(0.0348905 0.2013 0)
(0.0685403 0.207587 0)
(0.104534 0.209198 0)
(0.142023 0.20536 0)
(0.179729 0.195384 0)
(0.21584 0.178789 0)
(0.248498 0.155755 0)
(0.275713 0.12701 0)
(0.299231 0.0943036 0)
(-0.0171378 0.437765 0)
(-0.0401302 0.408724 0)
(-0.0691899 0.357513 0)
(-0.0884856 0.30039 0)
(-0.102819 0.244845 0)
(-0.109687 0.196464 0)
(-0.109539 0.158913 0)
(-0.102772 0.134483 0)
(-0.0906781 0.123551 0)
(-0.0746726 0.123805 0)
(-0.0558345 0.131117 0)
(-0.0347558 0.141799 0)
(-0.0117246 0.153165 0)
(0.0133109 0.163371 0)
(0.0403704 0.171104 0)
(0.0691964 0.175349 0)
(0.0994073 0.175511 0)
(0.130388 0.171113 0)
(0.161282 0.161859 0)
(0.190883 0.147515 0)
(0.217912 0.128198 0)
(0.240991 0.104347 0)
(0.261876 0.0771479 0)
(-0.0124957 0.462149 0)
(-0.0307892 0.433896 0)
(-0.0560773 0.379664 0)
(-0.0737609 0.317494 0)
(-0.0879364 0.255659 0)
(-0.0953601 0.200385 0)
(-0.0959935 0.155869 0)
(-0.0897718 0.125123 0)
(-0.0780184 0.109315 0)
(-0.062218 0.106211 0)
(-0.0437704 0.111202 0)
(-0.0235501 0.120098 0)
(-0.00207875 0.12986 0)
(0.0207047 0.138543 0)
(0.0445127 0.144868 0)
(0.069312 0.147956 0)
(0.0948015 0.14738 0)
(0.120537 0.142882 0)
(0.145956 0.134379 0)
(0.170223 0.121839 0)
(0.192454 0.105336 0)
(0.211685 0.0851184 0)
(0.229461 0.0619512 0)
(-0.00751442 0.479471 0)
(-0.0200681 0.454211 0)
(-0.0410136 0.399183 0)
(-0.0570088 0.333747 0)
(-0.0713552 0.26686 0)
(-0.0798761 0.205286 0)
(-0.0819534 0.153775 0)
(-0.0768372 0.116448 0)
(-0.0660138 0.0955212 0)
(-0.0508771 0.0890157 0)
(-0.0331212 0.0919088 0)
(-0.0138857 0.0995613 0)
(0.00612196 0.108432 0)
(0.0267762 0.11634 0)
(0.0477975 0.121941 0)
(0.06921 0.124557 0)
(0.0908117 0.123762 0)
(0.112284 0.119499 0)
(0.133265 0.111765 0)
(0.153218 0.100726 0)
(0.1715 0.0864647 0)
(0.187427 0.0691096 0)
(0.202209 0.049103 0)
(-0.00218303 0.488735 0)
(-0.00749837 0.468728 0)
(-0.0229057 0.415576 0)
(-0.0367127 0.349106 0)
(-0.0514471 0.278669 0)
(-0.0617319 0.211687 0)
(-0.0660308 0.153479 0)
(-0.0626044 0.109106 0)
(-0.0534502 0.0827708 0)
(-0.0395583 0.0726746 0)
(-0.022966 0.0735367 0)
(-0.00498264 0.0802733 0)
(0.0135345 0.0888084 0)
(0.0321016 0.0964848 0)
(0.0506248 0.101925 0)
(0.0691045 0.104516 0)
(0.0874038 0.103885 0)
(0.10532 0.100038 0)
(0.122649 0.0930991 0)
(0.139054 0.0833239 0)
(0.154082 0.0708765 0)
(0.167246 0.0558429 0)
(0.179462 0.0384315 0)
(0.00321063 0.488754 0)
(0.00622506 0.475825 0)
(-0.0015416 0.428349 0)
(-0.0115823 0.363527 0)
(-0.0259532 0.291602 0)
(-0.0383442 0.219996 0)
(-0.0464442 0.154694 0)
(-0.0457823 0.103814 0)
(-0.0390192 0.0717842 0)
(-0.0271017 0.0578505 0)
(-0.0123329 0.0565516 0)
(0.00399058 0.0625075 0)
(0.0207138 0.0710355 0)
(0.0371662 0.0788881 0)
(0.0533171 0.0845472 0)
(0.0691404 0.0874046 0)
(0.0845484 0.087183 0)
(0.0994254 0.0839027 0)
(0.113657 0.0777523 0)
(0.127047 0.0690317 0)
(0.139313 0.0580293 0)
(0.150121 0.044866 0)
(0.160169 0.0296109 0)
(0.00874528 0.479096 0)
(0.0198732 0.473796 0)
(0.020594 0.434059 0)
(0.0162755 0.375281 0)
(0.00533194 0.306963 0)
(-0.00715378 0.233717 0)
(-0.0188518 0.161168 0)
(-0.0236735 0.100639 0)
(-0.0214037 0.0632359 0)
(-0.0123519 0.0453806 0)
(-0.000316891 0.0416431 0)
(0.0137142 0.0467472 0)
(0.0281659 0.0553217 0)
(0.0423638 0.0635372 0)
(0.0561252 0.0696214 0)
(0.069434 0.0729649 0)
(0.0822297 0.0733024 0)
(0.0944223 0.0706645 0)
(0.105937 0.0652623 0)
(0.11669 0.057438 0)
(0.126535 0.0475718 0)
(0.135263 0.0358752 0)
(0.143423 0.0223799 0)
(0.0144642 0.459921 0)
(0.0327299 0.463414 0)
(0.041083 0.432293 0)
(0.0424154 0.380517 0)
(0.0361646 0.317201 0)
(0.0263188 0.247519 0)
(0.0152573 0.174478 0)
(0.0066575 0.107926 0)
(0.00178562 0.0596272 0)
(0.00583491 0.0360226 0)
(0.013827 0.0297624 0)
(0.0245699 0.0336929 0)
(0.0362088 0.0420719 0)
(0.0479237 0.0506071 0)
(0.0592713 0.0571849 0)
(0.0701121 0.0610521 0)
(0.080407 0.0619887 0)
(0.0901311 0.0600045 0)
(0.0992298 0.055301 0)
(0.107645 0.0482398 0)
(0.115301 0.0392531 0)
(0.122129 0.0286844 0)
(0.128588 0.0165967 0)
(0.020168 0.431609 0)
(0.0442592 0.44604 0)
(0.0584951 0.424591 0)
(0.0639513 0.3807 0)
(0.0615408 0.322916 0)
(0.0545932 0.256398 0)
(0.0458534 0.184456 0)
(0.0373748 0.116173 0)
(0.0301053 0.0643188 0)
(0.0277323 0.0337427 0)
(0.0306334 0.0225689 0)
(0.0369913 0.0240105 0)
(0.0451728 0.0316352 0)
(0.0540366 0.0403178 0)
(0.0627654 0.0473332 0)
(0.0711047 0.0516608 0)
(0.0790073 0.0531054 0)
(0.086418 0.0516998 0)
(0.0932968 0.0476244 0)
(0.0995925 0.0411966 0)
(0.105278 0.0328931 0)
(0.110353 0.0231603 0)
(0.115231 0.0121611 0)
(0.0250692 0.394985 0)
(0.0535842 0.423403 0)
(0.0715682 0.413028 0)
(0.079333 0.377702 0)
(0.0795867 0.325691 0)
(0.0754071 0.262578 0)
(0.0693655 0.192391 0)
(0.0625721 0.1244 0)
(0.0554305 0.0700829 0)
(0.0503998 0.0354439 0)
(0.0490749 0.020091 0)
(0.0510791 0.0185953 0)
(0.0553233 0.0245778 0)
(0.0607692 0.0328761 0)
(0.0666159 0.0401116 0)
(0.0723598 0.0447877 0)
(0.077869 0.0465931 0)
(0.0830797 0.0456185 0)
(0.0879109 0.0420364 0)
(0.0922953 0.0361347 0)
(0.0961853 0.0283506 0)
(0.0996229 0.0191993 0)
(0.103032 0.00899705 0)
(0.0276189 0.351931 0)
(0.0588466 0.397371 0)
(0.078504 0.399453 0)
(0.0875628 0.372675 0)
(0.0902315 0.326022 0)
(0.089156 0.266073 0)
(0.0863269 0.197932 0)
(0.0821287 0.131081 0)
(0.0764809 0.076354 0)
(0.0708086 0.0396629 0)
(0.0668264 0.0212245 0)
(0.065251 0.0171042 0)
(0.0657481 0.0214154 0)
(0.0677318 0.0287846 0)
(0.0705302 0.0356654 0)
(0.0736135 0.0403871 0)
(0.0767884 0.0423457 0)
(0.0799024 0.0415998 0)
(0.0828396 0.038356 0)
(0.0854854 0.0328471 0)
(0.0877523 0.0254463 0)
(0.0896925 0.0167009 0)
(0.0917451 0.00704608 0)
(0.0265048 0.306925 0)
(0.0583957 0.370737 0)
(0.0775916 0.384968 0)
(0.088355 0.365568 0)
(0.0944044 0.323276 0)
(0.097289 0.266083 0)
(0.0982745 0.200195 0)
(0.0971281 0.135356 0)
(0.0933401 0.0817802 0)
(0.0878667 0.0448556 0)
(0.0823037 0.0249403 0)
(0.0779535 0.018942 0)
(0.0752705 0.0216814 0)
(0.0740506 0.027989 0)
(0.0739104 0.0341869 0)
(0.0744618 0.0384798 0)
(0.075422 0.0402874 0)
(0.0766142 0.0395282 0)
(0.0778413 0.0364203 0)
(0.0789418 0.031154 0)
(0.0797846 0.0240282 0)
(0.0803681 0.0155449 0)
(0.0811666 0.00623601 0)
(0.0205094 0.26474 0)
(0.052101 0.34667 0)
(0.0694478 0.369562 0)
(0.0834528 0.355224 0)
(0.0940982 0.316382 0)
(0.10162 0.261946 0)
(0.106658 0.198835 0)
(0.108445 0.13707 0)
(0.106299 0.0860608 0)
(0.101065 0.0504665 0)
(0.094388 0.030516 0)
(0.0878509 0.0235396 0)
(0.0824664 0.0249668 0)
(0.0785403 0.0300661 0)
(0.0759264 0.0353226 0)
(0.0743135 0.0389023 0)
(0.0733627 0.0402072 0)
(0.0728779 0.0392011 0)
(0.0726403 0.0360297 0)
(0.0724216 0.0308652 0)
(0.0720467 0.0239123 0)
(0.0714525 0.0155899 0)
(0.0711318 0.00646475 0)
(0.0088507 0.231691 0)
(0.0407362 0.325815 0)
(0.0575595 0.352107 0)
(0.0761737 0.340487 0)
(0.0916795 0.30472 0)
(0.103774 0.253564 0)
(0.112341 0.194246 0)
(0.116255 0.136808 0)
(0.115043 0.089669 0)
(0.109636 0.0566509 0)
(0.101783 0.0377623 0)
(0.0933818 0.0304561 0)
(0.0858642 0.0307509 0)
(0.0799092 0.0344823 0)
(0.07552 0.0385023 0)
(0.0723693 0.0410994 0)
(0.0700771 0.0416956 0)
(0.0683573 0.0402531 0)
(0.0669775 0.0368923 0)
(0.0657204 0.0317235 0)
(0.0643727 0.0248831 0)
(0.0627887 0.016673 0)
(0.0615002 0.00763721 0)
(-0.00398583 0.213219 0)
(0.0261421 0.304427 0)
(0.0459317 0.331179 0)
(0.0689237 0.321119 0)
(0.0885721 0.288517 0)
(0.104216 0.241703 0)
(0.114763 0.187426 0)
(0.119329 0.135396 0)
(0.117991 0.0931418 0)
(0.111857 0.0636561 0)
(0.102791 0.0465311 0)
(0.0929154 0.0392494 0)
(0.0839672 0.038356 0)
(0.0768355 0.0404334 0)
(0.0715834 0.0429109 0)
(0.0677892 0.0443376 0)
(0.0649391 0.0441515 0)
(0.0626362 0.0422354 0)
(0.0605947 0.0386565 0)
(0.0586412 0.0334573 0)
(0.056592 0.0267139 0)
(0.05425 0.0186126 0)
(0.0521605 0.00963433 0)
(-0.00995697 0.2084 0)
(0.0128776 0.27998 0)
(0.0364456 0.306582 0)
(0.0618595 0.297788 0)
(0.0841464 0.268655 0)
(0.101418 0.227877 0)
(0.111949 0.179774 0)
(0.115881 0.133949 0)
(0.113593 0.0972131 0)
(0.10629 0.0717009 0)
(0.0960878 0.0564972 0)
(0.0853265 0.0491713 0)
(0.0758526 0.0468319 0)
(0.068553 0.0469151 0)
(0.0634091 0.0475784 0)
(0.059888 0.047716 0)
(0.0573364 0.0467763 0)
(0.0552331 0.0445006 0)
(0.0531712 0.0408436 0)
(0.0510007 0.0357026 0)
(0.0485822 0.0291304 0)
(0.0457374 0.0212069 0)
(0.0430301 0.0123019 0)
(-0.00703772 0.209042 0)
(0.00754038 0.257793 0)
(0.0299248 0.280531 0)
(0.0545071 0.272855 0)
(0.0762609 0.247369 0)
(0.09285 0.213977 0)
(0.102497 0.172611 0)
(0.105316 0.133493 0)
(0.101567 0.10253 0)
(0.092896 0.0809043 0)
(0.0819045 0.0672813 0)
(0.0710552 0.0594387 0)
(0.0619927 0.0552249 0)
(0.0553639 0.052995 0)
(0.0510296 0.0516366 0)
(0.0484187 0.0503992 0)
(0.046825 0.048753 0)
(0.0456249 0.0462962 0)
(0.0442675 0.0428372 0)
(0.0425181 0.0380263 0)
(0.0401997 0.0318413 0)
(0.0371806 0.0242228 0)
(0.0340585 0.0154285 0)
(-0.00128088 0.207217 0)
(0.00957536 0.242198 0)
(0.0269304 0.258311 0)
(0.0473504 0.250992 0)
(0.0654032 0.229177 0)
(0.0793962 0.201353 0)
(0.0874126 0.16682 0)
(0.0881762 0.134801 0)
(0.0824253 0.109514 0)
(0.0727369 0.0911283 0)
(0.0619546 0.0781822 0)
(0.0521552 0.0690842 0)
(0.0444051 0.0626295 0)
(0.0389689 0.0580123 0)
(0.0356557 0.0546171 0)
(0.0340228 0.051947 0)
(0.0335091 0.0495484 0)
(0.0335111 0.0469631 0)
(0.0333829 0.0438798 0)
(0.0327182 0.0397539 0)
(0.031115 0.0343832 0)
(0.028412 0.0274252 0)
(0.0251633 0.0190432 0)
(0.0016196 0.201296 0)
(0.0117125 0.230611 0)
(0.0250485 0.241971 0)
(0.0406074 0.234372 0)
(0.0540177 0.215461 0)
(0.0638866 0.191519 0)
(0.0680648 0.163824 0)
(0.065528 0.138459 0)
(0.0581767 0.11763 0)
(0.0488815 0.100977 0)
(0.0398493 0.0876127 0)
(0.0322224 0.0768908 0)
(0.0263734 0.0683936 0)
(0.022285 0.0617657 0)
(0.0197913 0.0566451 0)
(0.0186931 0.0526334 0)
(0.0186882 0.0493756 0)
(0.0193997 0.046508 0)
(0.0203418 0.0436599 0)
(0.0210003 0.0403338 0)
(0.0207332 0.0361755 0)
(0.0191592 0.0302039 0)
(0.0162159 0.0222605 0)
(0.00218564 0.190644 0)
(0.0112312 0.215692 0)
(0.0217913 0.224838 0)
(0.0328536 0.218615 0)
(0.0412628 0.2045 0)
(0.0456897 0.186927 0)
(0.0451239 0.167086 0)
(0.040243 0.147475 0)
(0.0332345 0.128973 0)
(0.0260726 0.111969 0)
(0.0198248 0.0969273 0)
(0.0148411 0.084147 0)
(0.0110848 0.0736727 0)
(0.00841119 0.065273 0)
(0.0066689 0.0586206 0)
(0.0057385 0.0532706 0)
(0.0055181 0.0488843 0)
(0.00588978 0.0451777 0)
(0.00674155 0.0419536 0)
(0.00774651 0.0389299 0)
(0.00840609 0.0358273 0)
(0.00831167 0.0318043 0)
(0.00666696 0.0257531 0)
(-0.171261 0.0195558 0)
(-0.190324 -0.0426015 0)
(-0.152414 -0.0980745 0)
(-0.105069 -0.0916134 0)
(-0.023431 0.0556963 0)
(-0.0512822 0.035102 0)
(-0.106802 -0.0173983 0)
(-0.195125 0.0274799 0)
(-0.102173 0.155652 0)
(-0.160667 0.147397 0)
(-0.233503 0.169612 0)
(-0.313204 0.223421 0)
(-0.111092 0.302115 0)
(-0.190909 0.306087 0)
(-0.259135 0.313418 0)
(-0.320237 0.329324 0)
(-0.195695 0.445418 0)
(-0.26824 0.439303 0)
(-0.315336 0.422316 0)
(-0.352961 0.401139 0)
(-0.406518 0.57048 0)
(-0.451684 0.527702 0)
(-0.463683 0.478843 0)
(-0.465077 0.429467 0)
(-0.719848 0.534157 0)
(-0.706448 0.492198 0)
(-0.673798 0.441303 0)
(-0.631258 0.393562 0)
(-1.04265 0.269937 0)
(-0.959089 0.296814 0)
(-0.884799 0.299532 0)
(-0.811601 0.290305 0)
(-1.23317 -0.00852902 0)
(-1.15185 0.0559582 0)
(-1.07329 0.104402 0)
(-0.996339 0.13381 0)
(-1.27322 -0.100441 0)
(-1.23163 -0.0560455 0)
(-1.18483 -0.0100424 0)
(-1.12986 0.0249752 0)
(-1.19489 -0.16109 0)
(-1.14964 -0.121511 0)
(-1.11734 -0.085524 0)
(-1.08681 -0.0610312 0)
(-1.14843 -0.319731 0)
(-1.15781 -0.220562 0)
(-1.1447 -0.135102 0)
(-1.11642 -0.0782688 0)
(-0.467451 -0.0651149 0)
(-0.56748 -0.164642 0)
(-0.614683 -0.178475 0)
(-0.651522 -0.166642 0)
(0.0917755 0.122538 0)
(0.0532381 0.0888055 0)
(0.00920766 0.0472786 0)
(-0.0395622 0.0136416 0)
(0.295723 0.116076 0)
(0.28678 0.0760955 0)
(0.285061 0.0497705 0)
(0.286511 0.038806 0)
(0.418478 0.119391 0)
(0.418574 0.0784404 0)
(0.424839 0.0347271 0)
(0.426601 -0.0067494 0)
(0.487802 0.124231 0)
(0.486437 0.0704823 0)
(0.48775 0.02861 0)
(0.488529 -0.00404607 0)
(0.498852 0.126363 0)
(0.499927 0.0769423 0)
(0.49839 0.0323503 0)
(0.493935 0.00234011 0)
(0.47385 0.119901 0)
(0.475899 0.0791817 0)
(0.474188 0.0427888 0)
(0.469234 0.0143347 0)
(0.43387 0.112597 0)
(0.437236 0.0794715 0)
(0.436874 0.0489234 0)
(0.433482 0.0232532 0)
(0.390462 0.103214 0)
(0.395608 0.0763979 0)
(0.397235 0.0509812 0)
(0.395914 0.0282233 0)
(0.34787 0.0908465 0)
(0.354627 0.0690617 0)
(0.35819 0.0481323 0)
(0.359077 0.0286536 0)
(0.307205 0.0764774 0)
(0.314792 0.0584958 0)
(0.31953 0.0412234 0)
(0.321922 0.0248413 0)
(0.269585 0.0619073 0)
(0.277036 0.046721 0)
(0.282034 0.0322471 0)
(0.285133 0.0184222 0)
(0.236338 0.0486365 0)
(0.243019 0.0355417 0)
(0.247601 0.0231341 0)
(0.250708 0.0112117 0)
(0.20806 0.0373473 0)
(0.213695 0.0259121 0)
(0.217561 0.0150645 0)
(0.220298 0.00453448 0)
(0.184344 0.0280139 0)
(0.189014 0.0179628 0)
(0.192164 0.00836078 0)
(0.19446 -0.00108036 0)
(0.1642 0.0203427 0)
(0.168017 0.0114528 0)
(0.170586 0.0028633 0)
(0.172433 -0.00571302 0)
(0.146688 0.0140865 0)
(0.14978 0.00616692 0)
(0.151811 -0.0015884 0)
(0.153255 -0.00945486 0)
(0.131136 0.00911529 0)
(0.133538 0.00199772 0)
(0.135078 -0.00507348 0)
(0.136167 -0.0123398 0)
(0.11709 0.00534501 0)
(0.118872 -0.00111747 0)
(0.119935 -0.00763004 0)
(0.120637 -0.0144096 0)
(0.10421 0.00271422 0)
(0.105371 -0.00321327 0)
(0.106014 -0.00926721 0)
(0.106363 -0.0156518 0)
(0.0922782 0.00116344 0)
(0.0928902 -0.00434036 0)
(0.0931088 -0.0100261 0)
(0.0930786 -0.0160919 0)
(0.0810685 0.000626954 0)
(0.0811525 -0.00455942 0)
(0.0810034 -0.009956 0)
(0.0806314 -0.0157682 0)
(0.0704496 0.00101681 0)
(0.0700874 -0.00394063 0)
(0.0695914 -0.00911693 0)
(0.0688836 -0.0147414 0)
(0.0602726 0.00224112 0)
(0.059501 -0.00257037 0)
(0.0587306 -0.00759863 0)
(0.0577587 -0.0131125 0)
(0.0504578 0.00418893 0)
(0.0493632 -0.000559257 0)
(0.0483447 -0.00551302 0)
(0.0471318 -0.0109955 0)
(0.0409116 0.00673537 0)
(0.0395723 0.00198013 0)
(0.0384003 -0.00298131 0)
(0.0370484 -0.00853607 0)
(0.0316401 0.00964004 0)
(0.0301599 0.00477604 0)
(0.0288794 -0.0003103 0)
(0.0274902 -0.0060594 0)
(0.0226473 0.0130345 0)
(0.0211708 0.00798546 0)
(0.0199607 0.00262132 0)
(0.0187018 -0.00346915 0)
(0.0137815 0.0158614 0)
(0.0124072 0.0104771 0)
(0.0113452 0.0046539 0)
(0.0103537 -0.0018675 0)
(0.00504692 0.0194114 0)
(0.00409582 0.0137845 0)
(0.00331068 0.00733017 0)
(0.00265083 8.84931e-05 0)
(-0.199006 0.0373885 0)
(-0.337091 0.132986 0)
(-0.340315 0.0134048 0)
(-0.317135 -0.0809915 0)
(-0.332221 -0.103229 0)
(-0.356131 -0.0777672 0)
(-0.406698 -0.00861472 0)
(-0.450962 0.0698523 0)
(-0.440879 0.0899838 0)
(-0.382956 0.119367 0)
(-0.290963 0.0971226 0)
(-0.185425 0.0583739 0)
(-0.113247 0.0741931 0)
(-0.0803293 0.100184 0)
(-0.186528 -0.0188194 0)
(-0.237082 -0.0372827 0)
(-0.188107 -0.126538 0)
(-0.0534656 -0.215901 0)
(0.0142178 -0.08872 0)
(-0.33919 0.170496 0)
(-0.437957 0.150389 0)
(-0.434978 0.00376727 0)
(-0.458287 -0.0635061 0)
(-0.484072 -0.0732526 0)
(-0.511717 -0.0442879 0)
(-0.516391 0.0209797 0)
(-0.481561 0.0494935 0)
(-0.423346 0.0367136 0)
(-0.339972 0.0266382 0)
(-0.23914 -0.00532444 0)
(-0.158825 -0.0183637 0)
(-0.114023 0.0227755 0)
(-0.0691303 0.118265 0)
(-0.19243 0.0942795 0)
(-0.270458 -0.0312442 0)
(-0.158658 -0.254839 0)
(-0.00820038 -0.361534 0)
(0.0640336 -0.0734789 0)
(-0.378353 0.275265 0)
(-0.455568 0.197496 0)
(-0.471337 0.0253617 0)
(-0.500996 -0.0472809 0)
(-0.508931 -0.0576902 0)
(-0.509945 -0.0421493 0)
(-0.489731 -0.0180582 0)
(-0.447111 -0.00913617 0)
(-0.38937 -0.0315803 0)
(-0.32454 -0.0599666 0)
(-0.26243 -0.0795643 0)
(-0.209501 -0.0698989 0)
(-0.173071 0.00580875 0)
(-0.150197 0.140903 0)
(-0.211374 0.158595 0)
(-0.228314 -0.0649272 0)
(-0.069781 -0.387899 0)
(0.00117121 -0.445527 0)
(0.0731673 -0.0387098 0)
(-0.363883 0.33967 0)
(-0.423523 0.250283 0)
(-0.454946 0.0567149 0)
(-0.483075 -0.03679 0)
(-0.491787 -0.0605557 0)
(-0.490094 -0.052951 0)
(-0.474694 -0.0446525 0)
(-0.445544 -0.0505711 0)
(-0.409068 -0.0720067 0)
(-0.370953 -0.0986995 0)
(-0.333977 -0.117954 0)
(-0.3045 -0.101995 0)
(-0.276328 -0.00700571 0)
(-0.215872 0.140408 0)
(-0.17799 0.151945 0)
(-0.118822 -0.114713 0)
(-0.00394654 -0.464397 0)
(-0.0037013 -0.489389 0)
(0.0464416 -0.00143967 0)
(-0.373904 0.375144 0)
(-0.401525 0.283271 0)
(-0.440235 0.100912 0)
(-0.477903 -0.0136138 0)
(-0.493682 -0.0475523 0)
(-0.495708 -0.0482329 0)
(-0.482314 -0.0497984 0)
(-0.460595 -0.0652257 0)
(-0.434331 -0.0933386 0)
(-0.407581 -0.122457 0)
(-0.385952 -0.137542 0)
(-0.371954 -0.116465 0)
(-0.343476 -0.0427511 0)
(-0.255789 0.0612802 0)
(-0.129378 0.0870673 0)
(0.00258956 -0.161445 0)
(0.0281611 -0.484328 0)
(-0.00777935 -0.493679 0)
(0.00910408 0.0166909 0)
(-0.454028 0.38412 0)
(-0.443136 0.288027 0)
(-0.465016 0.13534 0)
(-0.506765 0.0129933 0)
(-0.539286 -0.0450579 0)
(-0.54749 -0.0646062 0)
(-0.531267 -0.0774453 0)
(-0.498329 -0.0962815 0)
(-0.459138 -0.121616 0)
(-0.423039 -0.144983 0)
(-0.395736 -0.155572 0)
(-0.370373 -0.139154 0)
(-0.320885 -0.106296 0)
(-0.227286 -0.0845037 0)
(-0.0985984 -0.103047 0)
(0.0269982 -0.240244 0)
(0.0252058 -0.469625 0)
(-0.017901 -0.461093 0)
(-0.040524 -0.00341068 0)
(-0.586136 0.356246 0)
(-0.525444 0.274332 0)
(-0.514393 0.155378 0)
(-0.530261 0.0512478 0)
(-0.551956 -0.0146521 0)
(-0.560613 -0.0588571 0)
(-0.549944 -0.0948613 0)
(-0.524542 -0.130016 0)
(-0.48974 -0.161537 0)
(-0.451393 -0.181079 0)
(-0.412082 -0.186072 0)
(-0.363753 -0.174776 0)
(-0.293681 -0.168891 0)
(-0.20034 -0.165 0)
(-0.0973241 -0.177202 0)
(-0.0221479 -0.268732 0)
(0.00560601 -0.46998 0)
(-0.0395321 -0.423473 0)
(-0.0509439 -0.052106 0)
(-0.744963 0.278199 0)
(-0.638616 0.230164 0)
(-0.598561 0.145892 0)
(-0.590572 0.0616884 0)
(-0.594785 -0.00495283 0)
(-0.595213 -0.0571006 0)
(-0.585538 -0.103726 0)
(-0.564576 -0.148771 0)
(-0.534917 -0.1899 0)
(-0.497441 -0.218169 0)
(-0.451448 -0.230872 0)
(-0.394236 -0.234335 0)
(-0.32722 -0.246059 0)
(-0.252796 -0.248295 0)
(-0.165613 -0.251 0)
(-0.0744229 -0.326503 0)
(-0.0341215 -0.464323 0)
(-0.0769635 -0.396316 0)
(-0.0350614 -0.100541 0)
(-0.924223 0.146982 0)
(-0.794149 0.144103 0)
(-0.729191 0.103055 0)
(-0.698557 0.0479074 0)
(-0.68287 -0.00881857 0)
(-0.665131 -0.0672764 0)
(-0.643035 -0.123015 0)
(-0.619179 -0.175276 0)
(-0.593222 -0.222875 0)
(-0.561633 -0.258269 0)
(-0.5199 -0.275787 0)
(-0.471692 -0.284428 0)
(-0.418041 -0.302698 0)
(-0.351697 -0.321208 0)
(-0.259436 -0.344111 0)
(-0.152935 -0.400848 0)
(-0.107266 -0.461583 0)
(-0.119927 -0.394261 0)
(-0.0397692 -0.156092 0)
(-1.07068 0.0451787 0)
(-0.946666 0.0602496 0)
(-0.85674 0.0544794 0)
(-0.79369 0.0218411 0)
(-0.746846 -0.0360999 0)
(-0.710379 -0.0984323 0)
(-0.680615 -0.152866 0)
(-0.656003 -0.204707 0)
(-0.634182 -0.254618 0)
(-0.609691 -0.297355 0)
(-0.578876 -0.322862 0)
(-0.542081 -0.337885 0)
(-0.493463 -0.3662 0)
(-0.427178 -0.402905 0)
(-0.346999 -0.439971 0)
(-0.26797 -0.481443 0)
(-0.211373 -0.495495 0)
(-0.160495 -0.433314 0)
(-0.0808258 -0.266023 0)
(-1.05191 -0.0501961 0)
(-0.982209 -0.0464897 0)
(-0.903708 -0.0456147 0)
(-0.829118 -0.0617443 0)
(-0.771307 -0.0945408 0)
(-0.730939 -0.136371 0)
(-0.706109 -0.180522 0)
(-0.688287 -0.226573 0)
(-0.668082 -0.274595 0)
(-0.643514 -0.320931 0)
(-0.616402 -0.353207 0)
(-0.584595 -0.377872 0)
(-0.537348 -0.41799 0)
(-0.468936 -0.463876 0)
(-0.394694 -0.503882 0)
(-0.324878 -0.538604 0)
(-0.262301 -0.545654 0)
(-0.187527 -0.498401 0)
(-0.113979 -0.397733 0)
(-1.07662 -0.0665846 0)
(-1.00578 -0.0789528 0)
(-0.938091 -0.0775066 0)
(-0.868 -0.0862768 0)
(-0.780635 -0.10815 0)
(-0.716961 -0.129634 0)
(-0.734497 -0.139661 0)
(-0.788883 -0.184783 0)
(-0.796983 -0.248275 0)
(-0.748138 -0.317914 0)
(-0.684852 -0.362385 0)
(-0.59844 -0.399843 0)
(-0.561778 -0.45705 0)
(-0.491054 -0.515312 0)
(-0.417802 -0.556871 0)
(-0.349369 -0.590166 0)
(-0.280877 -0.594866 0)
(-0.198483 -0.562856 0)
(-0.12896 -0.528201 0)
(-0.657699 -0.145175 0)
(-0.701509 -0.160625 0)
(-0.698591 -0.184669 0)
(-0.749669 -0.208998 0)
(-0.805118 -0.197585 0)
(-0.790099 -0.176788 0)
(-0.742303 -0.185865 0)
(-0.66868 -0.253888 0)
(-0.588635 -0.335411 0)
(-0.480265 -0.423377 0)
(-0.37208 -0.467617 0)
(-0.282009 -0.441244 0)
(-0.199739 -0.494447 0)
(-0.209958 -0.563855 0)
(-0.239018 -0.603115 0)
(-0.255541 -0.650515 0)
(-0.236105 -0.663002 0)
(-0.196907 -0.649584 0)
(-0.133995 -0.663089 0)
(-0.102573 -0.0637421 0)
(-0.178607 -0.0579848 0)
(-0.19316 -0.0304323 0)
(-0.285231 -0.0753452 0)
(-0.348956 -0.128993 0)
(-0.346648 -0.200673 0)
(-0.31553 -0.252913 0)
(-0.274439 -0.320133 0)
(-0.248507 -0.394065 0)
(-0.236626 -0.491386 0)
(-0.166628 -0.553888 0)
(-0.108759 -0.559287 0)
(-0.0366817 -0.551631 0)
(-0.000648647 -0.524043 0)
(-0.0153336 -0.557271 0)
(-0.0345951 -0.635631 0)
(-0.0401543 -0.681852 0)
(-0.0211161 -0.703385 0)
(-0.00555569 -0.848353 0)
(0.307999 0.00309761 0)
(0.292779 -0.0335747 0)
(0.252594 -0.0707238 0)
(0.253424 -0.0601853 0)
(0.23825 -0.0699124 0)
(0.211919 -0.1356 0)
(0.17833 -0.217842 0)
(0.154907 -0.307814 0)
(0.13247 -0.376369 0)
(0.0726304 -0.470143 0)
(0.00837956 -0.576996 0)
(0.0212067 -0.602803 0)
(0.0412853 -0.592226 0)
(0.0530812 -0.545136 0)
(0.063786 -0.549903 0)
(0.0574307 -0.616151 0)
(0.0397816 -0.665377 0)
(0.0292181 -0.694965 0)
(0.01943 -0.766133 0)
(0.451433 -0.0497262 0)
(0.475133 -0.0413315 0)
(0.49658 -0.0411189 0)
(0.515927 -0.062637 0)
(0.537143 -0.0936629 0)
(0.546804 -0.137529 0)
(0.535507 -0.195301 0)
(0.500492 -0.257337 0)
(0.445335 -0.3154 0)
(0.37454 -0.380219 0)
(0.263165 -0.491458 0)
(0.169732 -0.582473 0)
(0.117582 -0.590605 0)
(0.0953297 -0.553088 0)
(0.105332 -0.55656 0)
(0.105063 -0.60274 0)
(0.0824137 -0.642652 0)
(0.0514259 -0.674134 0)
(0.0256183 -0.727213 0)
(0.492091 -0.0601851 0)
(0.505238 -0.0760381 0)
(0.537697 -0.0832553 0)
(0.579435 -0.0904988 0)
(0.613782 -0.112956 0)
(0.639238 -0.14756 0)
(0.644231 -0.184277 0)
(0.624446 -0.224871 0)
(0.580962 -0.267213 0)
(0.51593 -0.313267 0)
(0.427853 -0.386059 0)
(0.324373 -0.491919 0)
(0.231372 -0.537176 0)
(0.173861 -0.536583 0)
(0.159381 -0.553423 0)
(0.143826 -0.585384 0)
(0.112271 -0.612738 0)
(0.0682158 -0.641903 0)
(0.0294961 -0.685249 0)
(0.488508 -0.0526733 0)
(0.474845 -0.0995903 0)
(0.485979 -0.119645 0)
(0.516188 -0.130638 0)
(0.55437 -0.140995 0)
(0.584595 -0.164803 0)
(0.598143 -0.192401 0)
(0.595785 -0.216594 0)
(0.573233 -0.235402 0)
(0.52621 -0.25905 0)
(0.463095 -0.31758 0)
(0.395912 -0.405488 0)
(0.321217 -0.462945 0)
(0.254517 -0.494901 0)
(0.212941 -0.527007 0)
(0.175609 -0.554431 0)
(0.13215 -0.573252 0)
(0.0797267 -0.599106 0)
(0.032732 -0.63606 0)
(0.462295 -0.0361615 0)
(0.445333 -0.0834966 0)
(0.429039 -0.130577 0)
(0.431509 -0.157674 0)
(0.448923 -0.171341 0)
(0.474052 -0.182802 0)
(0.494593 -0.190414 0)
(0.50224 -0.198122 0)
(0.489279 -0.208795 0)
(0.462313 -0.226733 0)
(0.434917 -0.278961 0)
(0.40221 -0.350891 0)
(0.351848 -0.403185 0)
(0.292672 -0.444447 0)
(0.242052 -0.483786 0)
(0.191707 -0.510691 0)
(0.14029 -0.52716 0)
(0.0842259 -0.550513 0)
(0.0339399 -0.583437 0)
(0.429267 -0.024394 0)
(0.416113 -0.0664675 0)
(0.400924 -0.112458 0)
(0.388479 -0.157439 0)
(0.380613 -0.187474 0)
(0.386238 -0.202117 0)
(0.397417 -0.202722 0)
(0.406384 -0.197273 0)
(0.410202 -0.189709 0)
(0.408095 -0.200026 0)
(0.40012 -0.250524 0)
(0.377758 -0.314618 0)
(0.33623 -0.36079 0)
(0.288612 -0.399943 0)
(0.241493 -0.437413 0)
(0.189697 -0.462145 0)
(0.137158 -0.478567 0)
(0.0818473 -0.500783 0)
(0.0327703 -0.53119 0)
(0.394464 -0.0171263 0)
(0.38554 -0.05892 0)
(0.375048 -0.0996002 0)
(0.363652 -0.138182 0)
(0.351861 -0.177502 0)
(0.342641 -0.210213 0)
(0.33788 -0.220375 0)
(0.339859 -0.213124 0)
(0.344484 -0.204959 0)
(0.349183 -0.213066 0)
(0.348207 -0.249361 0)
(0.327831 -0.293006 0)
(0.295327 -0.329319 0)
(0.260982 -0.364429 0)
(0.220737 -0.39534 0)
(0.173965 -0.416276 0)
(0.125878 -0.432211 0)
(0.0750662 -0.453763 0)
(0.0300778 -0.482358 0)
(0.360412 -0.0125724 0)
(0.353743 -0.0523583 0)
(0.345116 -0.0920503 0)
(0.334661 -0.129925 0)
(0.321771 -0.164198 0)
(0.308516 -0.190968 0)
(0.298264 -0.20759 0)
(0.291948 -0.212772 0)
(0.289302 -0.211635 0)
(0.289243 -0.221552 0)
(0.284601 -0.246906 0)
(0.272603 -0.275404 0)
(0.25386 -0.305223 0)
(0.227426 -0.334628 0)
(0.193033 -0.358744 0)
(0.153164 -0.376036 0)
(0.111663 -0.390954 0)
(0.0668839 -0.411611 0)
(0.0269151 -0.438415 0)
(0.325879 -0.0112942 0)
(0.321906 -0.047226 0)
(0.315226 -0.083497 0)
(0.305258 -0.119147 0)
(0.291487 -0.152586 0)
(0.275507 -0.180123 0)
(0.26102 -0.196772 0)
(0.251598 -0.201299 0)
(0.24809 -0.202573 0)
(0.247145 -0.21296 0)
(0.243873 -0.233427 0)
(0.234876 -0.259341 0)
(0.218973 -0.285999 0)
(0.196169 -0.309608 0)
(0.167344 -0.32809 0)
(0.134158 -0.342066 0)
(0.0986791 -0.35526 0)
(0.0594825 -0.374612 0)
(0.0240886 -0.399324 0)
(0.290595 -0.0127372 0)
(0.289182 -0.044556 0)
(0.28517 -0.076781 0)
(0.277376 -0.108651 0)
(0.265338 -0.138885 0)
(0.250073 -0.165386 0)
(0.234335 -0.184863 0)
(0.222489 -0.195634 0)
(0.21679 -0.202465 0)
(0.214615 -0.213043 0)
(0.211481 -0.229901 0)
(0.203939 -0.250487 0)
(0.190622 -0.270998 0)
(0.171577 -0.288711 0)
(0.147607 -0.302558 0)
(0.11954 -0.313246 0)
(0.0884929 -0.324055 0)
(0.0535915 -0.341941 0)
(0.0217109 -0.364261 0)
(0.256367 -0.0159299 0)
(0.256492 -0.0440612 0)
(0.254721 -0.0726723 0)
(0.249584 -0.100894 0)
(0.240668 -0.127792 0)
(0.228742 -0.152053 0)
(0.215581 -0.171837 0)
(0.20423 -0.186052 0)
(0.196981 -0.197072 0)
(0.19272 -0.209244 0)
(0.18841 -0.224437 0)
(0.181245 -0.241311 0)
(0.169768 -0.257427 0)
(0.153685 -0.270848 0)
(0.133313 -0.280802 0)
(0.108781 -0.288017 0)
(0.0808391 -0.296062 0)
(0.0490798 -0.312469 0)
(0.0196494 -0.332402 0)
(0.225396 -0.0194624 0)
(0.226139 -0.0446715 0)
(0.225514 -0.0703572 0)
(0.222223 -0.0956867 0)
(0.215993 -0.119941 0)
(0.207438 -0.142231 0)
(0.197668 -0.161633 0)
(0.188478 -0.177624 0)
(0.181388 -0.191257 0)
(0.176088 -0.204651 0)
(0.170859 -0.218846 0)
(0.163795 -0.233109 0)
(0.15364 -0.245828 0)
(0.139811 -0.255569 0)
(0.122135 -0.261782 0)
(0.100252 -0.265329 0)
(0.0748663 -0.270509 0)
(0.0454352 -0.285189 0)
(0.0176462 -0.303234 0)
(0.198697 -0.022556 0)
(0.199394 -0.0454762 0)
(0.199114 -0.0688806 0)
(0.196739 -0.0920388 0)
(0.192184 -0.114343 0)
(0.185935 -0.135229 0)
(0.178741 -0.154145 0)
(0.171616 -0.170818 0)
(0.165396 -0.185704 0)
(0.160049 -0.199714 0)
(0.154676 -0.213243 0)
(0.148068 -0.225669 0)
(0.139218 -0.235747 0)
(0.127372 -0.24231 0)
(0.112029 -0.24497 0)
(0.0925553 -0.244824 0)
(0.0695769 -0.247065 0)
(0.0420742 -0.259494 0)
(0.0156986 -0.276513 0)
(0.175843 -0.0251298 0)
(0.176337 -0.046087 0)
(0.176011 -0.0676426 0)
(0.173984 -0.0891056 0)
(0.170278 -0.109995 0)
(0.165343 -0.129876 0)
(0.159706 -0.148358 0)
(0.153961 -0.16527 0)
(0.148577 -0.180723 0)
(0.143594 -0.195005 0)
(0.138542 -0.208055 0)
(0.132636 -0.219151 0)
(0.125066 -0.227129 0)
(0.115018 -0.230907 0)
(0.101837 -0.230224 0)
(0.0847324 -0.226481 0)
(0.0642026 -0.22558 0)
(0.038541 -0.235297 0)
(0.0138095 -0.252217 0)
(0.155953 -0.0271022 0)
(0.156143 -0.0464155 0)
(0.155639 -0.0664169 0)
(0.153712 -0.0865155 0)
(0.150433 -0.106304 0)
(0.146196 -0.125404 0)
(0.141398 -0.143526 0)
(0.136429 -0.160497 0)
(0.131584 -0.176228 0)
(0.12694 -0.190649 0)
(0.122252 -0.203377 0)
(0.116993 -0.213522 0)
(0.11053 -0.219839 0)
(0.102064 -0.221214 0)
(0.0909145 -0.217468 0)
(0.0761339 -0.210343 0)
(0.0581606 -0.206151 0)
(0.0346328 -0.212911 0)
(0.012137 -0.230405 0)
(0.138167 -0.0285188 0)
(0.138007 -0.0464385 0)
(0.137246 -0.0651266 0)
(0.13528 -0.0840779 0)
(0.13219 -0.102951 0)
(0.128298 -0.121419 0)
(0.123895 -0.139221 0)
(0.119289 -0.156158 0)
(0.114702 -0.17204 0)
(0.110231 -0.186553 0)
(0.105759 -0.199094 0)
(0.100942 -0.208593 0)
(0.0953277 -0.213656 0)
(0.0881984 -0.213052 0)
(0.0789726 -0.206618 0)
(0.0664759 -0.196393 0)
(0.0512145 -0.18899 0)
(0.0303992 -0.192848 0)
(0.0108193 -0.211081 0)
(0.121968 -0.0293484 0)
(0.121378 -0.0460921 0)
(0.12028 -0.0636787 0)
(0.118167 -0.0816603 0)
(0.115096 -0.0997474 0)
(0.11133 -0.117667 0)
(0.107098 -0.135153 0)
(0.102633 -0.152007 0)
(0.0981204 -0.167961 0)
(0.0936746 -0.182552 0)
(0.0892449 -0.195027 0)
(0.084643 -0.20415 0)
(0.0796107 -0.208366 0)
(0.0735748 -0.206276 0)
(0.0661829 -0.197643 0)
(0.0560322 -0.184669 0)
(0.0436844 -0.174327 0)
(0.0260118 -0.175627 0)
(0.00983205 -0.194168 0)
(0.107028 -0.0295532 0)
(0.105952 -0.0453227 0)
(0.104453 -0.0619887 0)
(0.102121 -0.079158 0)
(0.0989788 -0.0965697 0)
(0.0952563 -0.113986 0)
(0.0911115 -0.131176 0)
(0.0867221 -0.147912 0)
(0.0822473 -0.163885 0)
(0.0777707 -0.178537 0)
(0.0732822 -0.191011 0)
(0.068719 -0.199963 0)
(0.064017 -0.203725 0)
(0.0588137 -0.200737 0)
(0.053116 -0.190561 0)
(0.0453596 -0.175349 0)
(0.0362447 -0.162483 0)
(0.0218053 -0.161483 0)
(0.0090445 -0.179577 0)
(0.0931283 -0.0291301 0)
(0.0915382 -0.0441032 0)
(0.0896341 -0.0600155 0)
(0.0870855 -0.0765227 0)
(0.0838923 -0.0933887 0)
(0.0802399 -0.110382 0)
(0.0762541 -0.127303 0)
(0.0720351 -0.143889 0)
(0.0676906 -0.159809 0)
(0.0632444 -0.174466 0)
(0.0586869 -0.186929 0)
(0.05405 -0.195832 0)
(0.0494499 -0.199493 0)
(0.0447866 -0.196228 0)
(0.0405478 -0.185309 0)
(0.0350728 -0.168567 0)
(0.0293692 -0.153584 0)
(0.0181424 -0.150383 0)
(0.00850571 -0.167041 0)
(0.0801185 -0.0280923 0)
(0.0780465 -0.042452 0)
(0.0757972 -0.0577863 0)
(0.0731001 -0.0738044 0)
(0.069966 -0.0902695 0)
(0.066546 -0.10695 0)
(0.0629058 -0.12364 0)
(0.0590536 -0.140073 0)
(0.0550037 -0.155855 0)
(0.0507034 -0.170393 0)
(0.0461316 -0.182755 0)
(0.0413644 -0.191645 0)
(0.0367024 -0.195458 0)
(0.0322936 -0.192478 0)
(0.0291548 -0.181677 0)
(0.025632 -0.164309 0)
(0.0233105 -0.147605 0)
(0.0150447 -0.142002 0)
(0.00814108 -0.156201 0)
(0.0678909 -0.0264831 0)
(0.0654008 -0.0404358 0)
(0.062948 -0.0554154 0)
(0.0602592 -0.0711382 0)
(0.057395 -0.0873665 0)
(0.0544257 -0.10387 0)
(0.0513306 -0.120395 0)
(0.0480325 -0.136641 0)
(0.0444236 -0.152174 0)
(0.0403716 -0.166415 0)
(0.0358395 -0.178513 0)
(0.0309313 -0.187338 0)
(0.0261214 -0.191431 0)
(0.0217341 -0.189179 0)
(0.0192683 -0.179324 0)
(0.0171517 -0.162363 0)
(0.0178903 -0.144437 0)
(0.0122953 -0.136062 0)
(0.00787609 -0.146769 0)
(0.0563717 -0.024454 0)
(0.0535716 -0.0381887 0)
(0.05114 -0.0530351 0)
(0.0486926 -0.0687034 0)
(0.0463072 -0.0848964 0)
(0.0439994 -0.101354 0)
(0.041618 -0.117751 0)
(0.0389517 -0.133726 0)
(0.0358137 -0.148844 0)
(0.0320247 -0.162577 0)
(0.0275413 -0.174229 0)
(0.0225104 -0.182882 0)
(0.0175292 -0.187286 0)
(0.0130046 -0.186046 0)
(0.0108154 -0.177772 0)
(0.00944152 -0.162238 0)
(0.0126439 -0.143751 0)
(0.00950209 -0.132319 0)
(0.00755115 -0.138647 0)
(0.0455035 -0.0221073 0)
(0.0426143 -0.0358931 0)
(0.0403912 -0.05088 0)
(0.0384498 -0.0667261 0)
(0.0367908 -0.0830571 0)
(0.0352705 -0.0995209 0)
(0.0336127 -0.115742 0)
(0.0315115 -0.13131 0)
(0.0287378 -0.145821 0)
(0.02512 -0.158853 0)
(0.0206585 -0.169902 0)
(0.0155418 -0.178277 0)
(0.0104154 -0.18297 0)
(0.00570447 -0.182865 0)
(0.00349448 -0.176485 0)
(0.00226738 -0.163309 0)
(0.00696012 -0.1451 0)
(0.00619829 -0.130765 0)
(0.00704941 -0.132007 0)
(0.035316 -0.0195924 0)
(0.0325927 -0.0337566 0)
(0.0308413 -0.0492022 0)
(0.0296328 -0.0654086 0)
(0.0288075 -0.0819509 0)
(0.0280393 -0.0983717 0)
(0.0269378 -0.114259 0)
(0.0251823 -0.129223 0)
(0.0225847 -0.142957 0)
(0.0190262 -0.155166 0)
(0.0145865 -0.165521 0)
(0.00947447 -0.173555 0)
(0.00428545 -0.178495 0)
(-0.000533831 -0.179512 0)
(-0.0029911 -0.175035 0)
(-0.00439999 -0.16486 0)
(0.00064272 -0.147877 0)
(0.00205589 -0.131598 0)
(0.00616339 -0.127285 0)
(0.0258382 -0.0172854 0)
(0.0235492 -0.032091 0)
(0.0225562 -0.0481856 0)
(0.0221914 -0.0648514 0)
(0.0221061 -0.0815184 0)
(0.0218351 -0.0977101 0)
(0.0209923 -0.113054 0)
(0.0193336 -0.127262 0)
(0.0167765 -0.140148 0)
(0.0132854 -0.151539 0)
(0.00900008 -0.161211 0)
(0.00409738 -0.168898 0)
(-0.000977905 -0.174037 0)
(-0.00566228 -0.175971 0)
(-0.0084824 -0.173366 0)
(-0.0100395 -0.165971 0)
(-0.0058041 -0.15146 0)
(-0.00300923 -0.135057 0)
(0.00463731 -0.125059 0)
(0.0173347 -0.0151378 0)
(0.0156535 -0.0309862 0)
(0.0154748 -0.047883 0)
(0.0157904 -0.0649424 0)
(0.0161022 -0.0815512 0)
(0.0159576 -0.0973138 0)
(0.0151244 -0.111997 0)
(0.0134965 -0.12545 0)
(0.0110931 -0.137574 0)
(0.00793855 -0.148269 0)
(0.00417548 -0.157368 0)
(-0.000137534 -0.164754 0)
(-0.00461567 -0.169952 0)
(-0.00886483 -0.172578 0)
(-0.0119077 -0.171615 0)
(-0.0137313 -0.166486 0)
(-0.0108583 -0.154882 0)
(-0.00789891 -0.140548 0)
(0.0021767 -0.125951 0)
(0.00936493 -0.0139911 0)
(0.00852897 -0.0308075 0)
(0.00904881 -0.048385 0)
(0.00965299 -0.0655775 0)
(0.0100137 -0.0818868 0)
(0.00987665 -0.097101 0)
(0.00917531 -0.111148 0)
(0.0079025 -0.123963 0)
(0.00611698 -0.135481 0)
(0.00384216 -0.145633 0)
(0.00114742 -0.154285 0)
(-0.00194443 -0.161312 0)
(-0.00524682 -0.166439 0)
(-0.0085767 -0.169399 0)
(-0.0113825 -0.169517 0)
(-0.0134326 -0.166206 0)
(-0.0122569 -0.157675 0)
(-0.0102058 -0.146437 0)
(-0.000679987 -0.130839 0)
(0.00204363 -0.0128738 0)
(0.00188815 -0.0310646 0)
(0.00277211 -0.0491829 0)
(0.00356992 -0.0661262 0)
(0.00411656 -0.081918 0)
(0.00429422 -0.0965731 0)
(0.00413563 -0.110102 0)
(0.00366406 -0.122459 0)
(0.00291978 -0.133564 0)
(0.00191498 -0.14334 0)
(0.000673283 -0.15166 0)
(-0.000811668 -0.158405 0)
(-0.00248678 -0.163339 0)
(-0.00434167 -0.166269 0)
(-0.00617506 -0.166756 0)
(-0.00788312 -0.164475 0)
(-0.00813126 -0.158335 0)
(-0.00765655 -0.150487 0)
(-0.00209949 -0.137978 0)
)
;

boundaryField
{
    leftWall
    {
        type            noSlip;
    }
    rightWall
    {
        type            noSlip;
    }
    lowerWall
    {
        type            noSlip;
    }
    atmosphere
    {
        type            pressureInletOutletVelocity;
        value           nonuniform List<vector> 
46
(
(0.00218564 0.190644 0)
(0.0112312 0.215692 0)
(0.0217913 0.224838 0)
(0.0328536 0.218615 0)
(0.0412628 0.2045 0)
(0.0456897 0.186927 0)
(0.0451239 0.167086 0)
(0.040243 0.147475 0)
(0.0332345 0.128973 0)
(0.0260726 0.111969 0)
(0.0198248 0.0969273 0)
(0.0148411 0.084147 0)
(0.0110848 0.0736727 0)
(0.00841119 0.065273 0)
(0.0066689 0.0586206 0)
(0.0057385 0.0532706 0)
(0.0055181 0.0488843 0)
(0.00588978 0.0451777 0)
(0.00674155 0.0419536 0)
(0.00774651 0.0389299 0)
(0.00840609 0.0358273 0)
(0.00831167 0.0318043 0)
(0.00666696 0.0257531 0)
(0.00504692 0.0194114 0)
(0.00409582 0.0137845 0)
(0.00331068 0.00733017 0)
(0.00265083 8.84931e-05 0)
(0 -0.0128738 0)
(0 -0.0310646 0)
(0 -0.0491829 0)
(0 -0.0661262 0)
(0 -0.081918 0)
(0 -0.0965731 0)
(0 -0.110102 0)
(0 -0.122459 0)
(0 -0.133564 0)
(0 -0.14334 0)
(0 -0.15166 0)
(0 -0.158405 0)
(0 -0.163339 0)
(0 -0.166269 0)
(0 -0.166756 0)
(0 -0.164475 0)
(0 -0.158335 0)
(0 -0.150487 0)
(0 -0.137978 0)
)
;
    }
    defaultFaces
    {
        type            empty;
    }
}


// ************************************************************************* //
