/*--------------------------------*- C++ -*----------------------------------*\
| =========                 |                                                 |
| \\      /  F ield         | OpenFOAM: The Open Source CFD Toolbox           |
|  \\    /   O peration     | Version:  2312                                  |
|   \\  /    A nd           | Website:  www.openfoam.com                      |
|    \\/     M anipulation  |                                                 |
\*---------------------------------------------------------------------------*/
FoamFile
{
    version     2.0;
    format      ascii;
    arch        "LSB;label=32;scalar=64";
    class       volVectorField;
    location    "1.1";
    object      U;
}
// * * * * * * * * * * * * * * * * * * * * * * * * * * * * * * * * * * * * * //

dimensions      [0 1 -1 0 0 0 0];

internalField   nonuniform List<vector> 
2268
(
(0.0228815 -0.00970565 0)
(0.0619039 -0.00416546 0)
(0.0702364 -0.000474681 0)
(0.0693415 0.00355886 0)
(0.0490718 0.00646325 0)
(0.0218919 0.00769618 0)
(-0.00888342 0.00742925 0)
(-0.0366962 0.00638775 0)
(-0.0594694 0.00481501 0)
(-0.0758086 0.00303691 0)
(-0.085286 0.00134424 0)
(-0.0885657 -4.85285e-05 0)
(-0.0870276 -0.00109037 0)
(-0.0822589 -0.00173988 0)
(-0.0756182 -0.00209004 0)
(-0.0680199 -0.00226586 0)
(-0.059814 -0.00241267 0)
(-0.050925 -0.00261069 0)
(-0.0412343 -0.00282194 0)
(-0.0307588 -0.00291932 0)
(-0.0194329 -0.00277471 0)
(-0.0117796 -0.00283719 0)
(0.00268162 0.000278562 0)
(0.0248114 -0.0328423 0)
(0.0660315 -0.0157834 0)
(0.0738902 -0.00385774 0)
(0.0719233 0.00818303 0)
(0.0499636 0.0166246 0)
(0.0211054 0.0207358 0)
(-0.01076 0.0207864 0)
(-0.0392132 0.0184318 0)
(-0.0623912 0.014393 0)
(-0.07888 0.0094905 0)
(-0.088297 0.00466438 0)
(-0.0914078 0.000643681 0)
(-0.0896453 -0.00224832 0)
(-0.0846563 -0.00403349 0)
(-0.0778913 -0.00497135 0)
(-0.0702928 -0.005427 0)
(-0.0621887 -0.00583679 0)
(-0.0534256 -0.0064325 0)
(-0.0438315 -0.00707766 0)
(-0.0334986 -0.00738476 0)
(-0.0227483 -0.00710616 0)
(-0.0148129 -0.0072754 0)
(-0.00322427 -0.00451853 0)
(0.0256777 -0.0564263 0)
(0.0720947 -0.0259976 0)
(0.0796631 -0.00494884 0)
(0.0755629 0.0158735 0)
(0.0499831 0.029988 0)
(0.0176794 0.0365886 0)
(-0.0162996 0.0362893 0)
(-0.0460515 0.0316178 0)
(-0.0700239 0.0242701 0)
(-0.0867796 0.0155528 0)
(-0.0959054 0.00711039 0)
(-0.0983128 0.00039559 0)
(-0.0957019 -0.00415651 0)
(-0.0900143 -0.00706674 0)
(-0.0828167 -0.00853486 0)
(-0.0750907 -0.00918218 0)
(-0.0670679 -0.00981853 0)
(-0.0583471 -0.010869 0)
(-0.0485236 -0.0120068 0)
(-0.0377056 -0.0124315 0)
(-0.0265611 -0.0117529 0)
(-0.017196 -0.0114146 0)
(-0.00535986 -0.00879617 0)
(0.0206128 -0.082165 0)
(0.0755693 -0.0387676 0)
(0.0832799 -0.00698588 0)
(0.07663 0.0235432 0)
(0.0457609 0.0431245 0)
(0.00878859 0.0516549 0)
(-0.027997 0.0508368 0)
(-0.0594049 0.0442453 0)
(-0.083902 0.0343378 0)
(-0.100046 0.0225034 0)
(-0.107303 0.0109183 0)
(-0.107097 0.0011906 0)
(-0.102277 -0.00595469 0)
(-0.0952208 -0.0101263 0)
(-0.087315 -0.0119888 0)
(-0.0795171 -0.0126546 0)
(-0.0718312 -0.0135125 0)
(-0.0633732 -0.0152029 0)
(-0.053294 -0.0169845 0)
(-0.0417686 -0.0177141 0)
(-0.0300088 -0.0169437 0)
(-0.0190559 -0.0166174 0)
(-0.00680602 -0.0149321 0)
(0.0119215 -0.105484 0)
(0.0757221 -0.0524927 0)
(0.0817668 -0.0075841 0)
(0.0720736 0.0357899 0)
(0.0358765 0.0628372 0)
(-0.00474557 0.0737525 0)
(-0.0435121 0.0713787 0)
(-0.0752194 0.0597404 0)
(-0.0982476 0.0428431 0)
(-0.111609 0.0237698 0)
(-0.114379 0.00727304 0)
(-0.109351 -0.00545782 0)
(-0.101253 -0.0137731 0)
(-0.0924571 -0.0179109 0)
(-0.0840776 -0.0192315 0)
(-0.0764475 -0.019124 0)
(-0.069211 -0.0192158 0)
(-0.0610248 -0.0204817 0)
(-0.0507873 -0.022344 0)
(-0.0389766 -0.0234806 0)
(-0.0276848 -0.0230472 0)
(-0.0171642 -0.0224361 0)
(-0.00946967 -0.0217892 0)
(0.00587703 -0.125704 0)
(0.0797127 -0.0674433 0)
(0.0838084 -0.00592177 0)
(0.0698605 0.0488792 0)
(0.0262096 0.0785165 0)
(-0.0178989 0.0850066 0)
(-0.0574793 0.0750153 0)
(-0.083315 0.0579869 0)
(-0.0957959 0.0410635 0)
(-0.0968661 0.0240113 0)
(-0.089089 0.00675891 0)
(-0.0779864 -0.0072647 0)
(-0.0679805 -0.0157764 0)
(-0.06084 -0.01962 0)
(-0.0556617 -0.0205515 0)
(-0.0506386 -0.0202857 0)
(-0.0446002 -0.0213555 0)
(-0.0359945 -0.0249116 0)
(-0.0246147 -0.0289241 0)
(-0.0122841 -0.0301154 0)
(-0.00299507 -0.0282751 0)
(0.000944553 -0.0286299 0)
(-0.00713963 -0.0317645 0)
(0.0049495 -0.147774 0)
(0.0955451 -0.084163 0)
(0.0960833 -0.00594234 0)
(0.0787453 0.0629225 0)
(0.0404784 0.0961087 0)
(0.00802743 0.100883 0)
(-0.00921937 0.0939436 0)
(0.00941628 0.0750997 0)
(0.0791342 0.0526115 0)
(0.153951 0.0256718 0)
(0.185334 0.00441804 0)
(0.195542 -0.00530337 0)
(0.191455 -0.0106896 0)
(0.176581 -0.0139086 0)
(0.15853 -0.0165268 0)
(0.147626 -0.0197688 0)
(0.149016 -0.0243524 0)
(0.160786 -0.0301168 0)
(0.176192 -0.0346149 0)
(0.189484 -0.0345202 0)
(0.186836 -0.0229739 0)
(0.157155 -0.000830475 0)
(0.0739583 -0.00732471 0)
(0.0042011 -0.18397 0)
(0.120058 -0.105579 0)
(0.118584 0.00647014 0)
(0.119827 0.0735816 0)
(0.0944271 0.109327 0)
(0.0970409 0.119819 0)
(0.15697 0.0976708 0)
(0.200587 0.0399748 0)
(0.253772 7.21279e-05 0)
(0.290457 -0.0168673 0)
(0.309232 -0.0168079 0)
(0.317416 -0.0146547 0)
(0.318039 -0.0120652 0)
(0.311084 -0.00935079 0)
(0.296608 -0.00904306 0)
(0.276961 -0.0138032 0)
(0.25896 -0.0230874 0)
(0.250506 -0.0329269 0)
(0.251609 -0.0362409 0)
(0.25606 -0.034751 0)
(0.249645 -0.0287276 0)
(0.23843 0.00943689 0)
(0.141344 0.057375 0)
(-0.0173829 -0.0127314 0)
(0.0567264 -0.00432647 0)
(0.0743984 -0.000706713 0)
(0.0334601 0.0291284 0)
(-0.101541 0.0300998 0)
(-0.221117 0.0284693 0)
(-0.347745 0.00754888 0)
(-0.352726 -0.0241213 0)
(-0.239201 -0.0348592 0)
(-0.18876 -0.0215726 0)
(-0.159632 -0.010434 0)
(-0.111638 -0.0139829 0)
(-0.0401668 -0.026803 0)
(0.0688095 -0.0317439 0)
(0.144162 -0.0247608 0)
(0.22224 -0.0217236 0)
(0.28768 -0.0148185 0)
(0.308388 0.0038964 0)
(0.306982 0.0693304 0)
(-0.0177856 -0.0102333 0)
(-0.0244672 -0.0222891 0)
(-0.036425 -0.00793921 0)
(0.0328058 0.050244 0)
(0.020934 0.0713605 0)
(-0.0441505 0.0704056 0)
(-0.107474 0.0329323 0)
(-0.1331 -0.0032313 0)
(-0.207269 -0.0287857 0)
(-0.240364 -0.0125023 0)
(-0.190778 -0.0243465 0)
(-0.117635 -0.0405613 0)
(-0.0528334 -0.0487778 0)
(0.00485771 -0.0539069 0)
(0.0669331 -0.0487835 0)
(0.138294 -0.0502079 0)
(0.211446 -0.0340345 0)
(0.225231 0.012879 0)
(0.247035 0.150016 0)
(-0.0177014 0.0134239 0)
(-0.134791 0.00248129 0)
(-0.0876736 -0.0405951 0)
(-0.00319951 0.00202723 0)
(-0.00317318 0.0576465 0)
(-0.0918938 0.0912699 0)
(-0.214473 0.0603665 0)
(-0.333326 0.02246 0)
(-0.397824 0.0122354 0)
(-0.317788 -0.0345406 0)
(-0.218342 -0.0713039 0)
(-0.143168 -0.0785108 0)
(-0.0902634 -0.0719518 0)
(-0.059999 -0.07857 0)
(-0.0303657 -0.081544 0)
(0.0224759 -0.0865846 0)
(0.0931663 -0.0556859 0)
(0.0898899 0.0202161 0)
(0.165233 0.230052 0)
(-0.116778 0.0673657 0)
(-0.144843 0.00375213 0)
(-0.171682 -0.056309 0)
(-0.20517 0.025558 0)
(-0.306737 0.134242 0)
(-0.437064 0.170284 0)
(-0.496202 0.115563 0)
(-0.504009 0.0414976 0)
(-0.384366 -0.0344389 0)
(-0.279349 -0.0805275 0)
(-0.189321 -0.103469 0)
(-0.129525 -0.0955893 0)
(-0.0964678 -0.0767084 0)
(-0.0977848 -0.0829214 0)
(-0.103922 -0.0847447 0)
(-0.0982881 -0.0960778 0)
(-0.0585434 -0.0637505 0)
(-0.0447641 0.0190873 0)
(0.0555485 0.28691 0)
(-0.173656 0.152304 0)
(-0.206097 0.00018541 0)
(-0.258762 -0.0212511 0)
(-0.348028 0.0596755 0)
(-0.509312 0.185248 0)
(-0.641133 0.208016 0)
(-0.627283 0.100585 0)
(-0.517746 -0.0207101 0)
(-0.400654 -0.0909705 0)
(-0.274364 -0.125173 0)
(-0.185531 -0.132326 0)
(-0.142595 -0.108366 0)
(-0.121339 -0.0852673 0)
(-0.142215 -0.0806856 0)
(-0.173846 -0.0688247 0)
(-0.166373 -0.102433 0)
(-0.141588 -0.0884375 0)
(-0.142619 -0.00478136 0)
(-0.03257 0.250416 0)
(-0.17267 0.207296 0)
(-0.213744 0.022427 0)
(-0.305685 0.0215603 0)
(-0.429508 0.116681 0)
(-0.572061 0.232143 0)
(-0.678241 0.225635 0)
(-0.628975 0.0550054 0)
(-0.533312 -0.068119 0)
(-0.417161 -0.14938 0)
(-0.321741 -0.174519 0)
(-0.2591 -0.160295 0)
(-0.214819 -0.12075 0)
(-0.171286 -0.0762249 0)
(-0.194297 -0.0554308 0)
(-0.175071 -0.0728731 0)
(-0.131396 -0.10889 0)
(-0.117937 -0.083209 0)
(-0.162032 0.014758 0)
(-0.0119054 0.177041 0)
(-0.146217 0.281774 0)
(-0.188943 0.0588988 0)
(-0.331039 0.080691 0)
(-0.482882 0.176179 0)
(-0.587337 0.27271 0)
(-0.6503 0.233816 0)
(-0.603777 0.0333117 0)
(-0.516102 -0.112644 0)
(-0.416137 -0.192778 0)
(-0.35454 -0.198793 0)
(-0.324676 -0.178328 0)
(-0.312067 -0.14238 0)
(-0.266971 -0.079076 0)
(-0.191901 -0.0752943 0)
(-0.110148 -0.10284 0)
(-0.0520321 -0.130572 0)
(-0.0152166 -0.114873 0)
(-0.0106117 -0.0347185 0)
(0.0437125 0.151252 0)
(-0.120488 0.359483 0)
(-0.142337 0.112721 0)
(-0.313883 0.159247 0)
(-0.503034 0.238938 0)
(-0.588006 0.294448 0)
(-0.605077 0.24871 0)
(-0.550063 0.0128264 0)
(-0.463713 -0.160909 0)
(-0.407247 -0.224832 0)
(-0.363026 -0.206895 0)
(-0.349583 -0.16925 0)
(-0.337702 -0.146096 0)
(-0.277057 -0.126573 0)
(-0.170559 -0.136422 0)
(-0.0702305 -0.150091 0)
(-0.0147056 -0.148854 0)
(0.0261669 -0.117456 0)
(0.018601 0.00873213 0)
(0.0661356 0.160845 0)
(-0.00597467 -0.231373 0)
(0.141475 -0.158477 0)
(0.210774 -0.0399257 0)
(0.245997 0.0744638 0)
(0.235843 0.129337 0)
(0.246159 0.0975134 0)
(0.297802 0.0439305 0)
(0.349741 0.00503402 0)
(0.378146 -0.00946876 0)
(0.391776 -0.0140097 0)
(0.396697 -0.014056 0)
(0.393613 -0.0101839 0)
(0.382506 -0.00513482 0)
(0.365219 -0.000474864 0)
(0.341122 0.00186095 0)
(0.310873 -0.00235474 0)
(0.282476 -0.0163191 0)
(0.268233 -0.0399581 0)
(0.256809 -0.0666473 0)
(0.22481 -0.0473006 0)
(0.133686 0.00105582 0)
(-0.00191032 0.117321 0)
(0.0176455 0.189063 0)
(-0.0261335 -0.274128 0)
(0.135617 -0.272716 0)
(0.0948549 -0.0739878 0)
(0.146051 0.0934433 0)
(0.240242 0.0823992 0)
(0.348031 0.0314751 0)
(0.432979 -0.00524394 0)
(0.483952 -0.0248404 0)
(0.511718 -0.0297742 0)
(0.524653 -0.0242652 0)
(0.526295 -0.0132034 0)
(0.517207 2.11175e-05 0)
(0.498253 0.014911 0)
(0.469251 0.0320532 0)
(0.432136 0.046135 0)
(0.389477 0.0448181 0)
(0.342615 0.0205045 0)
(0.280011 -0.000145716 0)
(0.130328 0.0505945 0)
(-0.0832627 0.131363 0)
(-0.18424 0.134502 0)
(-0.249607 0.149335 0)
(-0.263967 0.153281 0)
(-0.0222387 -0.373721 0)
(0.0458546 -0.256621 0)
(0.00989685 -0.0651157 0)
(0.16891 -0.0752975 0)
(0.305886 -0.0830827 0)
(0.413299 -0.0853385 0)
(0.48628 -0.0824942 0)
(0.530755 -0.0724475 0)
(0.555266 -0.0556208 0)
(0.564949 -0.0347181 0)
(0.563675 -0.00862818 0)
(0.552295 0.0200473 0)
(0.530365 0.0426118 0)
(0.495203 0.0625339 0)
(0.439074 0.08135 0)
(0.353851 0.0949229 0)
(0.230399 0.119615 0)
(1.57241e-05 0.198231 0)
(-0.135398 0.237265 0)
(-0.256616 0.231031 0)
(-0.31666 0.200088 0)
(-0.350606 0.187577 0)
(-0.360841 0.180691 0)
(-0.00439066 -0.396494 0)
(-0.0195716 -0.287978 0)
(0.0588938 -0.220833 0)
(0.191635 -0.215153 0)
(0.312203 -0.19207 0)
(0.405237 -0.162457 0)
(0.469454 -0.131667 0)
(0.506115 -0.0999087 0)
(0.524642 -0.0654384 0)
(0.528043 -0.032715 0)
(0.524652 -0.00677542 0)
(0.493486 0.0234813 0)
(0.421778 0.0628053 0)
(0.331202 0.121194 0)
(0.218983 0.185381 0)
(0.0650016 0.244609 0)
(-0.0769681 0.311835 0)
(-0.239554 0.34709 0)
(-0.322743 0.330705 0)
(-0.366795 0.277981 0)
(-0.386673 0.229928 0)
(-0.406841 0.205195 0)
(-0.419771 0.197177 0)
(0.0467376 -0.346055 0)
(0.0603894 -0.290749 0)
(0.103359 -0.309949 0)
(0.184102 -0.329198 0)
(0.278397 -0.295129 0)
(0.346144 -0.240993 0)
(0.394256 -0.185829 0)
(0.411178 -0.135488 0)
(0.419711 -0.095059 0)
(0.394994 -0.0557354 0)
(0.292089 0.0341 0)
(0.188739 0.129497 0)
(0.0748588 0.189414 0)
(-0.0173999 0.256399 0)
(-0.10694 0.32402 0)
(-0.224961 0.392589 0)
(-0.332322 0.447068 0)
(-0.407329 0.422289 0)
(-0.428627 0.363594 0)
(-0.439173 0.298896 0)
(-0.450599 0.251224 0)
(-0.461364 0.226313 0)
(-0.475904 0.217353 0)
(0.0604073 -0.476173 0)
(0.149052 -0.29147 0)
(0.145759 -0.348267 0)
(0.169767 -0.394009 0)
(0.22156 -0.351335 0)
(0.235922 -0.278373 0)
(0.255541 -0.205725 0)
(0.219038 -0.128433 0)
(0.134026 0.00208883 0)
(-0.044407 0.118908 0)
(-0.0858116 0.182832 0)
(-0.166929 0.233808 0)
(-0.276575 0.285414 0)
(-0.350164 0.34716 0)
(-0.408409 0.420407 0)
(-0.47938 0.486941 0)
(-0.508704 0.496731 0)
(-0.516107 0.440093 0)
(-0.510811 0.370215 0)
(-0.516338 0.310829 0)
(-0.524349 0.262931 0)
(-0.537155 0.232352 0)
(-0.535965 0.215972 0)
(-0.0232964 -0.653229 0)
(0.21651 -0.334296 0)
(0.193038 -0.359442 0)
(0.143467 -0.411204 0)
(0.129202 -0.352641 0)
(0.0417164 -0.235059 0)
(-0.0401852 -0.0919422 0)
(-0.19683 0.0353226 0)
(-0.275702 0.133065 0)
(-0.385969 0.184461 0)
(-0.501661 0.241147 0)
(-0.553904 0.305666 0)
(-0.612793 0.351115 0)
(-0.629988 0.397691 0)
(-0.64691 0.455914 0)
(-0.642785 0.50044 0)
(-0.62176 0.491319 0)
(-0.604748 0.431745 0)
(-0.589706 0.372669 0)
(-0.59198 0.317905 0)
(-0.587125 0.276367 0)
(-0.581308 0.240592 0)
(-0.567791 0.21256 0)
(-0.0768271 -0.705654 0)
(0.127052 -0.414379 0)
(0.108333 -0.360818 0)
(0.0207939 -0.348725 0)
(-0.0734868 -0.240379 0)
(-0.172736 -0.118559 0)
(-0.280073 -0.00476551 0)
(-0.522176 0.143489 0)
(-0.738956 0.233197 0)
(-0.799185 0.268643 0)
(-0.811356 0.3047 0)
(-0.794867 0.329477 0)
(-0.790425 0.359437 0)
(-0.782543 0.397402 0)
(-0.767682 0.439586 0)
(-0.741539 0.472266 0)
(-0.704169 0.459389 0)
(-0.677566 0.401864 0)
(-0.654645 0.348072 0)
(-0.642467 0.297254 0)
(-0.639785 0.246708 0)
(-0.638088 0.195455 0)
(-0.62686 0.152729 0)
(-0.102141 -0.696545 0)
(0.0202633 -0.420881 0)
(-0.0780034 -0.310507 0)
(-0.151988 -0.242722 0)
(-0.222311 -0.151265 0)
(-0.297971 -0.0463662 0)
(-0.647591 0.318973 0)
(-1.00139 0.497378 0)
(-0.919947 0.258759 0)
(-0.918404 0.271566 0)
(-0.89891 0.288027 0)
(-0.884937 0.309635 0)
(-0.871715 0.339472 0)
(-0.853299 0.374406 0)
(-0.828277 0.40871 0)
(-0.795285 0.429619 0)
(-0.754093 0.4099 0)
(-0.716218 0.362753 0)
(-0.687024 0.322596 0)
(-0.664915 0.288665 0)
(-0.652163 0.252415 0)
(-0.638222 0.209271 0)
(-0.616434 0.160344 0)
(-0.115357 -0.622729 0)
(-0.0980599 -0.374024 0)
(-0.219094 -0.234972 0)
(-0.276551 -0.182356 0)
(-0.345745 -0.1175 0)
(-0.46301 0.302265 0)
(-0.898031 0.716547 0)
(-0.891256 0.303488 0)
(-0.894351 0.253366 0)
(-0.89985 0.261617 0)
(-0.901834 0.277983 0)
(-0.900743 0.299553 0)
(-0.891402 0.327669 0)
(-0.872652 0.35628 0)
(-0.844592 0.383882 0)
(-0.809282 0.398866 0)
(-0.7698 0.378313 0)
(-0.724876 0.34089 0)
(-0.675327 0.311946 0)
(-0.628261 0.289091 0)
(-0.599384 0.260936 0)
(-0.600186 0.227263 0)
(-0.667663 0.118229 0)
(-0.128439 -0.49656 0)
(-0.172476 -0.2843 0)
(-0.286807 -0.179661 0)
(-0.367247 -0.1311 0)
(-0.44428 -0.0594848 0)
(-0.535782 0.705138 0)
(-0.699276 0.903697 0)
(-0.794101 0.31051 0)
(-0.825383 0.283167 0)
(-0.849039 0.28765 0)
(-0.872961 0.300746 0)
(-0.885317 0.310317 0)
(-0.878335 0.321195 0)
(-0.856784 0.336411 0)
(-0.82543 0.356757 0)
(-0.791762 0.375038 0)
(-0.758547 0.354107 0)
(-0.713401 0.292892 0)
(-0.682219 0.246304 0)
(-0.685886 0.239779 0)
(-0.636248 0.25662 0)
(-0.551142 0.233801 0)
(-0.474969 0.098053 0)
(-0.140006 -0.334133 0)
(-0.208387 -0.175259 0)
(-0.316278 -0.102481 0)
(-0.422385 -0.0395722 0)
(-0.519772 0.0592818 0)
(-0.478926 0.755212 0)
(-0.469885 0.926703 0)
(-0.688036 0.387066 0)
(-0.73923 0.344703 0)
(-0.776284 0.32615 0)
(-0.806828 0.317949 0)
(-0.832363 0.298289 0)
(-0.839278 0.296568 0)
(-0.767648 0.312345 0)
(-0.855278 0.314413 0)
(-0.848352 0.336931 0)
(-0.826294 0.28712 0)
(-0.789477 0.225075 0)
(-0.697861 0.21402 0)
(-0.573675 0.173872 0)
(-0.44011 0.146516 0)
(-0.2989 0.0779479 0)
(-0.163517 -0.0219712 0)
(-0.137436 -0.180893 0)
(-0.205455 -0.0701912 0)
(-0.310428 -0.00374615 0)
(-0.41747 0.0696372 0)
(-0.524687 0.20926 0)
(-0.561876 0.495782 0)
(-0.339062 0.902312 0)
(-0.596652 0.547982 0)
(-0.66628 0.420922 0)
(-0.702257 0.360024 0)
(-0.669222 0.334745 0)
(-0.65984 0.32392 0)
(-0.824849 0.257163 0)
(-0.861684 0.342345 0)
(-0.872727 0.320742 0)
(-0.83916 0.302575 0)
(-0.76854 0.246568 0)
(-0.655033 0.154054 0)
(-0.498962 0.0636552 0)
(-0.345391 0.00035928 0)
(-0.219905 -0.0349892 0)
(-0.109954 -0.0701908 0)
(-0.0308939 -0.0996785 0)
(-0.11304 -0.0348015 0)
(-0.180077 0.0307137 0)
(-0.281503 0.0882193 0)
(-0.374861 0.158692 0)
(-0.462913 0.289039 0)
(-0.484774 0.512589 0)
(-0.38962 0.835976 0)
(-0.500969 0.674448 0)
(-0.624391 0.447358 0)
(-0.539055 0.288116 0)
(-0.431311 0.482309 0)
(-0.631594 0.451481 0)
(-0.711076 0.398902 0)
(-0.765636 0.372352 0)
(-0.763519 0.32687 0)
(-0.710574 0.246963 0)
(-0.593835 0.123726 0)
(-0.417175 -0.0197471 0)
(-0.289377 -0.0936563 0)
(-0.196765 -0.110842 0)
(-0.10981 -0.122213 0)
(-0.0351858 -0.136314 0)
(0.0270653 -0.148094 0)
(-0.0957406 0.0851766 0)
(-0.15045 0.124585 0)
(-0.240424 0.174553 0)
(-0.313175 0.233009 0)
(-0.38094 0.33271 0)
(-0.402367 0.495025 0)
(-0.342801 0.741242 0)
(-0.18396 0.936169 0)
(-0.356298 0.333993 0)
(-0.33697 0.190799 0)
(-0.493239 0.526767 0)
(-0.543065 0.513119 0)
(-0.580731 0.444481 0)
(-0.594906 0.379019 0)
(-0.576611 0.28556 0)
(-0.499851 0.151415 0)
(-0.343221 -0.0231103 0)
(-0.217965 -0.147888 0)
(-0.156619 -0.174398 0)
(-0.0885894 -0.18559 0)
(-0.0289002 -0.189828 0)
(0.0210451 -0.19144 0)
(0.0636379 -0.189785 0)
(-0.082157 0.187322 0)
(-0.118571 0.202614 0)
(-0.189229 0.244413 0)
(-0.240054 0.294797 0)
(-0.289685 0.366152 0)
(-0.328605 0.469773 0)
(-0.275198 0.601546 0)
(0.222668 1.07103 0)
(0.0123945 0.772023 0)
(-0.0980375 0.371659 0)
(-0.320775 0.584163 0)
(-0.409107 0.557421 0)
(-0.417951 0.466266 0)
(-0.410845 0.356698 0)
(-0.372297 0.224752 0)
(-0.278937 0.0527243 0)
(-0.108818 -0.154234 0)
(-0.0872439 -0.208529 0)
(-0.0406378 -0.228672 0)
(-0.00126043 -0.234719 0)
(0.0335255 -0.232659 0)
(0.0637018 -0.227108 0)
(0.0915059 -0.218911 0)
(-0.0698829 0.272109 0)
(-0.0850385 0.257407 0)
(-0.128978 0.289249 0)
(-0.152638 0.333653 0)
(-0.183321 0.39072 0)
(-0.197085 0.42958 0)
(0.10446 0.332986 0)
(0.0425714 0.888219 0)
(0.0622969 0.432832 0)
(-0.1083 0.673018 0)
(-0.241438 0.657701 0)
(-0.27386 0.585097 0)
(-0.262795 0.460062 0)
(-0.229946 0.321163 0)
(-0.169857 0.155585 0)
(0.00260464 -0.097094 0)
(0.00985332 -0.193709 0)
(0.0285259 -0.237904 0)
(0.0477343 -0.257681 0)
(0.0655849 -0.261307 0)
(0.0820877 -0.256187 0)
(0.096826 -0.247038 0)
(0.110711 -0.235959 0)
(-0.057529 0.332621 0)
(-0.0496505 0.285294 0)
(-0.0656835 0.306158 0)
(-0.0573555 0.346836 0)
(-0.0792919 0.375983 0)
(0.12757 0.156349 0)
(0.455682 0.329486 0)
(-0.0344724 0.940312 0)
(0.00793713 0.811046 0)
(-0.205772 0.782877 0)
(-0.176686 0.698249 0)
(-0.168762 0.578217 0)
(-0.126725 0.428876 0)
(-0.0614895 0.254302 0)
(0.0382862 0.0343472 0)
(0.0975067 -0.121772 0)
(0.103982 -0.206207 0)
(0.109748 -0.250297 0)
(0.113415 -0.268501 0)
(0.115899 -0.270807 0)
(0.118089 -0.264481 0)
(0.120371 -0.254177 0)
(0.122962 -0.242326 0)
(-0.0432349 0.368559 0)
(-0.0105571 0.28607 0)
(-0.00376475 0.298178 0)
(0.0208769 0.329692 0)
(0.0822659 0.224613 0)
(0.291773 -0.0925415 0)
(-0.0765502 0.553279 0)
(-0.116141 1.0168 0)
(-0.0478848 0.838193 0)
(-0.171594 0.801411 0)
(-0.106366 0.679318 0)
(-0.067717 0.534094 0)
(0.00328691 0.356404 0)
(0.0821935 0.165474 0)
(0.161023 -0.0181664 0)
(0.175737 -0.141064 0)
(0.174533 -0.212578 0)
(0.168169 -0.250211 0)
(0.159577 -0.265673 0)
(0.150657 -0.267339 0)
(0.142576 -0.261284 0)
(0.135886 -0.251539 0)
(0.130283 -0.240388 0)
(-0.0289083 0.383717 0)
(0.0350201 0.265491 0)
(0.0436102 0.273432 0)
(0.0938765 0.249545 0)
(0.200998 0.114977 0)
(0.440848 0.349735 0)
(-0.244481 0.798298 0)
(-0.0717235 1.01622 0)
(-0.101592 0.858262 0)
(-0.108936 0.782363 0)
(-0.036471 0.62929 0)
(0.0275968 0.458726 0)
(0.105741 0.278221 0)
(0.176524 0.100215 0)
(0.218295 -0.0479159 0)
(0.224467 -0.146757 0)
(0.217607 -0.206819 0)
(0.204188 -0.239306 0)
(0.188248 -0.253146 0)
(0.172376 -0.255164 0)
(0.157903 -0.250398 0)
(0.145485 -0.242217 0)
(0.134486 -0.232631 0)
(-0.0166223 0.362607 0)
(0.0723769 0.237215 0)
(0.0798697 0.236568 0)
(0.184919 0.107827 0)
(0.600344 -0.0670212 0)
(-0.0413917 0.586979 0)
(-0.14039 0.962646 0)
(-0.129657 0.953869 0)
(-0.103952 0.853017 0)
(-0.0545991 0.734614 0)
(0.0270234 0.554858 0)
(0.102608 0.380867 0)
(0.176595 0.208066 0)
(0.231869 0.0533259 0)
(0.253988 -0.065506 0)
(0.253451 -0.145089 0)
(0.24176 -0.194766 0)
(0.224093 -0.222598 0)
(0.204241 -0.235227 0)
(0.184692 -0.238004 0)
(0.166738 -0.234948 0)
(0.151006 -0.228762 0)
(0.136769 -0.221112 0)
(-0.0110776 0.320414 0)
(0.101751 0.204637 0)
(0.128647 0.11403 0)
(0.335057 -0.289225 0)
(0.0978824 0.500591 0)
(-0.463432 0.815401 0)
(-0.138703 0.909315 0)
(-0.18857 0.896121 0)
(-0.0920335 0.805653 0)
(-0.00727186 0.651679 0)
(0.0796942 0.471822 0)
(0.15772 0.304206 0)
(0.220929 0.149683 0)
(0.2607 0.0217438 0)
(0.271593 -0.0729197 0)
(0.266654 -0.137401 0)
(0.252322 -0.178767 0)
(0.232847 -0.202864 0)
(0.211513 -0.214681 0)
(0.190509 -0.218385 0)
(0.171014 -0.217123 0)
(0.15369 -0.213014 0)
(0.137788 -0.207414 0)
(-0.0153315 0.258547 0)
(0.120673 0.0999297 0)
(0.13609 -0.186598 0)
(-0.118773 0.223813 0)
(-0.598822 0.55952 0)
(-0.216418 0.85214 0)
(-0.252229 0.804075 0)
(-0.1716 0.822596 0)
(-0.0665525 0.721244 0)
(0.0372965 0.553123 0)
(0.123328 0.387466 0)
(0.194876 0.23615 0)
(0.245096 0.105252 0)
(0.27203 0.00187478 0)
(0.276777 -0.0740099 0)
(0.269487 -0.126719 0)
(0.254201 -0.161345 0)
(0.234434 -0.182268 0)
(0.213012 -0.193387 0)
(0.191863 -0.197954 0)
(0.172081 -0.198382 0)
(0.154271 -0.196273 0)
(0.137782 -0.192687 0)
(-0.0341509 0.189469 0)
(0.123353 -0.00405844 0)
(0.103055 -0.0188567 0)
(-0.190124 0.475488 0)
(-0.275683 0.723012 0)
(-0.189182 0.713732 0)
(-0.224888 0.748657 0)
(-0.125044 0.739197 0)
(-0.0238065 0.616618 0)
(0.0781475 0.457849 0)
(0.157232 0.31097 0)
(0.217371 0.180748 0)
(0.255771 0.0729811 0)
(0.27376 -0.0102897 0)
(0.275164 -0.0716345 0)
(0.266486 -0.114776 0)
(0.250918 -0.143666 0)
(0.231489 -0.161816 0)
(0.210656 -0.172326 0)
(0.190098 -0.177682 0)
(0.170754 -0.179657 0)
(0.153215 -0.179404 0)
(0.136846 -0.177734 0)
(-0.0570496 0.133966 0)
(0.123123 0.0252872 0)
(0.0832419 0.0628068 0)
(0.053245 0.714459 0)
(-0.126346 0.73159 0)
(-0.135844 0.69236 0)
(-0.157951 0.708186 0)
(-0.0663763 0.649241 0)
(0.0273553 0.514622 0)
(0.115049 0.374152 0)
(0.182278 0.246843 0)
(0.230215 0.137569 0)
(0.259059 0.0497148 0)
(0.270974 -0.0174739 0)
(0.269821 -0.0669998 0)
(0.259992 -0.102098 0)
(0.244334 -0.126111 0)
(0.225513 -0.141949 0)
(0.205631 -0.152024 0)
(0.186082 -0.158142 0)
(0.167649 -0.161525 0)
(0.150791 -0.162962 0)
(0.134964 -0.163045 0)
(-0.0607377 0.142038 0)
(0.149926 0.0588357 0)
(0.244973 0.104166 0)
(0.103095 0.840516 0)
(-0.0796438 0.815972 0)
(-0.0888623 0.716323 0)
(-0.093227 0.668338 0)
(-0.00700059 0.561172 0)
(0.0731901 0.42987 0)
(0.145305 0.305045 0)
(0.200058 0.195525 0)
(0.237368 0.104577 0)
(0.258523 0.0331993 0)
(0.2656 -0.0207624 0)
(0.261998 -0.0604353 0)
(0.251092 -0.0888277 0)
(0.235472 -0.108872 0)
(0.217446 -0.122939 0)
(0.198737 -0.132804 0)
(0.180438 -0.139674 0)
(0.163127 -0.14432 0)
(0.147224 -0.147251 0)
(0.132171 -0.148906 0)
(-0.0193377 0.0601906 0)
(0.203412 -0.268865 0)
(0.252756 0.176299 0)
(-0.094874 0.979729 0)
(-0.0939788 0.894955 0)
(-0.0784598 0.72714 0)
(-0.0467826 0.616531 0)
(0.0383451 0.483652 0)
(0.108413 0.359224 0)
(0.168331 0.248343 0)
(0.212432 0.154916 0)
(0.24088 0.0798053 0)
(0.255398 0.022301 0)
(0.258147 -0.0205655 0)
(0.252176 -0.0520903 0)
(0.24037 -0.0751063 0)
(0.224997 -0.0921304 0)
(0.207946 -0.104983 0)
(0.190547 -0.114852 0)
(0.173598 -0.122448 0)
(0.157533 -0.128207 0)
(0.14264 -0.132438 0)
(0.128448 -0.135461 0)
(0.135752 -0.304622 0)
(-0.0892116 -0.282408 0)
(-0.334688 0.484597 0)
(-0.369498 0.977677 0)
(-0.163354 0.844117 0)
(-0.100468 0.68019 0)
(-0.014476 0.5414 0)
(0.0705181 0.409752 0)
(0.135139 0.297002 0)
(0.18576 0.20116 0)
(0.220738 0.123061 0)
(0.24135 0.0620854 0)
(0.249819 0.0164668 0)
(0.248671 -0.0171801 0)
(0.240645 -0.0422341 0)
(0.228282 -0.061206 0)
(0.213427 -0.0761151 0)
(0.197505 -0.0882338 0)
(0.181469 -0.0982541 0)
(0.165882 -0.106521 0)
(0.151029 -0.113234 0)
(0.137198 -0.11857 0)
(0.123876 -0.122772 0)
(-0.0521491 -0.0319389 0)
(-0.222306 0.200288 0)
(-0.446267 0.567152 0)
(-0.303791 0.820827 0)
(-0.178392 0.688088 0)
(-0.0614741 0.582245 0)
(0.0242953 0.452045 0)
(0.101758 0.338703 0)
(0.158595 0.242553 0)
(0.199544 0.162741 0)
(0.225573 0.0992915 0)
(0.238773 0.0509228 0)
(0.241748 0.0152592 0)
(0.237299 -0.0110605 0)
(0.227756 -0.0313085 0)
(0.215262 -0.0474804 0)
(0.201187 -0.061038 0)
(0.186488 -0.0727728 0)
(0.171798 -0.0830126 0)
(0.157502 -0.0918608 0)
(0.143832 -0.0993718 0)
(0.13097 -0.105636 0)
(0.11849 -0.110826 0)
(-0.0837422 0.0347567 0)
(-0.162583 0.275874 0)
(-0.361004 0.567057 0)
(-0.163122 0.67227 0)
(-0.129682 0.567677 0)
(0.00993572 0.476244 0)
(0.0700286 0.371619 0)
(0.133655 0.277881 0)
(0.179256 0.198502 0)
(0.209541 0.13388 0)
(0.226598 0.0836187 0)
(0.232906 0.0459151 0)
(0.231223 0.0180692 0)
(0.224202 -0.00289086 0)
(0.21391 -0.0198682 0)
(0.201708 -0.0342803 0)
(0.188598 -0.0470476 0)
(0.17514 -0.0586079 0)
(0.161723 -0.0690662 0)
(0.148626 -0.0783918 0)
(0.136012 -0.0865526 0)
(0.124105 -0.09358 0)
(0.112426 -0.0995957 0)
(-0.078396 0.163477 0)
(-0.104318 0.368659 0)
(-0.25102 0.582823 0)
(-0.0580988 0.564629 0)
(-0.0553127 0.488649 0)
(0.0679643 0.393478 0)
(0.113239 0.308351 0)
(0.161177 0.231024 0)
(0.194422 0.166294 0)
(0.214262 0.114843 0)
(0.22313 0.075571 0)
(0.223675 0.0461827 0)
(0.21854 0.0239541 0)
(0.20994 0.00640954 0)
(0.199507 -0.00850025 0)
(0.187943 -0.021875 0)
(0.175879 -0.0342009 0)
(0.163615 -0.0456802 0)
(0.151372 -0.0563122 0)
(0.139358 -0.0660088 0)
(0.127737 -0.0746918 0)
(0.116654 -0.082345 0)
(0.105715 -0.0890436 0)
(-0.0603966 0.245476 0)
(-0.0635694 0.415567 0)
(-0.149397 0.569428 0)
(0.0140522 0.478304 0)
(0.0162251 0.424662 0)
(0.107797 0.334162 0)
(0.146135 0.261226 0)
(0.180048 0.197368 0)
(0.201931 0.145189 0)
(0.212741 0.10461 0)
(0.215044 0.0738278 0)
(0.211451 0.0503459 0)
(0.204217 0.0317519 0)
(0.195001 0.0161644 0)
(0.184774 0.00239483 0)
(0.174156 -0.0104211 0)
(0.16314 -0.0224841 0)
(0.151991 -0.0338998 0)
(0.140821 -0.0446415 0)
(0.129789 -0.0546124 0)
(0.119036 -0.0637098 0)
(0.108763 -0.0718735 0)
(0.0984946 -0.0791418 0)
(-0.0413972 0.305937 0)
(-0.0388262 0.43317 0)
(-0.0608246 0.532509 0)
(0.0584456 0.414121 0)
(0.0724444 0.366972 0)
(0.135383 0.289456 0)
(0.166567 0.227064 0)
(0.188983 0.174982 0)
(0.201357 0.133412 0)
(0.205187 0.101307 0)
(0.202969 0.0765436 0)
(0.196969 0.0568485 0)
(0.188873 0.0403586 0)
(0.179749 0.0258078 0)
(0.170164 0.0124725 0)
(0.160334 3.98311e-05 0)
(0.150425 -0.0118522 0)
(0.140308 -0.0231813 0)
(0.130123 -0.0339631 0)
(0.11998 -0.0441177 0)
(0.110041 -0.0535309 0)
(0.100444 -0.0621109 0)
(0.0907947 -0.0698354 0)
(-0.0243902 0.341299 0)
(-0.0201613 0.428407 0)
(0.00562153 0.475689 0)
(0.0865557 0.368744 0)
(0.11024 0.318973 0)
(0.152074 0.255763 0)
(0.174895 0.203919 0)
(0.188204 0.161929 0)
(0.193502 0.12873 0)
(0.192722 0.102686 0)
(0.188017 0.0818032 0)
(0.181089 0.0643091 0)
(0.17304 0.0489298 0)
(0.164474 0.0348896 0)
(0.155674 0.0217818 0)
(0.146738 0.0094334 0)
(0.137696 -0.00222796 0)
(0.128579 -0.0134298 0)
(0.119305 -0.0241788 0)
(0.109986 -0.0344357 0)
(0.100755 -0.0440802 0)
(0.0918372 -0.0529853 0)
(0.0827653 -0.0610791 0)
(-0.0101869 0.354266 0)
(0.000868428 0.406321 0)
(0.0466786 0.414293 0)
(0.103912 0.33182 0)
(0.129595 0.282669 0)
(0.15725 0.231776 0)
(0.172311 0.189641 0)
(0.179177 0.155754 0)
(0.180082 0.12862 0)
(0.176941 0.106562 0)
(0.171394 0.088004 0)
(0.164571 0.0717275 0)
(0.157115 0.0569392 0)
(0.149343 0.0431871 0)
(0.141387 0.0302409 0)
(0.1333 0.0179938 0)
(0.125085 0.00641717 0)
(0.116795 -0.00458959 0)
(0.108373 -0.0152186 0)
(0.0998188 -0.0254934 0)
(0.0912814 -0.0352917 0)
(0.0829236 -0.0444523 0)
(0.0743885 -0.0528359 0)
(0.00149316 0.350041 0)
(0.0209297 0.373949 0)
(0.0681031 0.36043 0)
(0.110467 0.299898 0)
(0.133551 0.25623 0)
(0.151942 0.215533 0)
(0.161311 0.181551 0)
(0.164379 0.153751 0)
(0.163232 0.130751 0)
(0.159438 0.111216 0)
(0.154122 0.0940587 0)
(0.147976 0.0785209 0)
(0.141363 0.0641322 0)
(0.134454 0.0506271 0)
(0.127327 0.037862 0)
(0.120023 0.0257592 0)
(0.112575 0.0142734 0)
(0.104971 0.00340712 0)
(0.0973328 -0.00704033 0)
(0.0895232 -0.0172394 0)
(0.081601 -0.0271171 0)
(0.0738232 -0.0364673 0)
(0.0657778 -0.0450941 0)
(0.0100672 0.332241 0)
(0.0346471 0.339184 0)
(0.075555 0.317442 0)
(0.107467 0.273281 0)
(0.126404 0.237144 0)
(0.139067 0.204692 0)
(0.145087 0.177038 0)
(0.146489 0.153617 0)
(0.144908 0.133427 0)
(0.141475 0.115575 0)
(0.13692 0.0993957 0)
(0.131668 0.0844442 0)
(0.125944 0.0704445 0)
(0.119868 0.0572309 0)
(0.113508 0.0447021 0)
(0.106914 0.032793 0)
(0.100135 0.0214581 0)
(0.0932102 0.0106641 0)
(0.0861335 0.000410544 0)
(0.0790511 -0.0096266 0)
(0.0717539 -0.0195103 0)
(0.06446 -0.0290062 0)
(0.0568893 -0.037816 0)
(0.0145596 0.30646 0)
(0.0400821 0.306394 0)
(0.0732689 0.284414 0)
(0.0975191 0.251893 0)
(0.112692 0.223055 0)
(0.122119 0.197012 0)
(0.126616 0.174073 0)
(0.1277 0.153834 0)
(0.126532 0.135696 0)
(0.123881 0.119149 0)
(0.120229 0.103823 0)
(0.115865 0.0894693 0)
(0.110961 0.0759218 0)
(0.105627 0.0630708 0)
(0.0999411 0.0508394 0)
(0.0939712 0.0391713 0)
(0.0877775 0.0280233 0)
(0.0814194 0.0173603 0)
(0.0749254 0.00716202 0)
(0.0683447 -0.00263653 0)
(0.0616978 -0.0124353 0)
(0.0549302 -0.0220224 0)
(0.0478192 -0.0309856 0)
(0.0151536 0.278798 0)
(0.0387591 0.277816 0)
(0.0651003 0.259033 0)
(0.0839091 0.234806 0)
(0.0963096 0.212018 0)
(0.104052 0.19084 0)
(0.108074 0.171451 0)
(0.109446 0.15367 0)
(0.108954 0.137217 0)
(0.107123 0.121851 0)
(0.104296 0.107389 0)
(0.100698 0.0936988 0)
(0.0964842 0.0806817 0)
(0.0917699 0.0682627 0)
(0.0866486 0.056383 0)
(0.0812011 0.0449961 0)
(0.0755009 0.0340635 0)
(0.0696162 0.0235536 0)
(0.0636112 0.0134368 0)
(0.0574688 0.00371524 0)
(0.0513992 -0.00591701 0)
(0.0450765 -0.0155181 0)
(0.0384416 -0.0245875 0)
(0.0132677 0.25364 0)
(0.0336396 0.254111 0)
(0.0544728 0.239205 0)
(0.0694843 0.220886 0)
(0.0799422 0.202772 0)
(0.0867722 0.185303 0)
(0.0907124 0.168696 0)
(0.0924784 0.152957 0)
(0.0925955 0.13802 0)
(0.0914333 0.123809 0)
(0.089255 0.110255 0)
(0.0862536 0.0972968 0)
(0.0825783 0.0848772 0)
(0.0783504 0.072947 0)
(0.0736738 0.0614633 0)
(0.0686402 0.0503898 0)
(0.0633329 0.0396965 0)
(0.0578266 0.0293613 0)
(0.0521816 0.019374 0)
(0.0464271 0.00974852 0)
(0.0406097 0.000537055 0)
(0.034989 -0.00895912 0)
(0.0288273 -0.0182978 0)
(0.0105789 0.23295 0)
(0.0274047 0.235158 0)
(0.0438289 0.223629 0)
(0.0560466 0.209506 0)
(0.0650135 0.194893 0)
(0.071191 0.180265 0)
(0.075067 0.165888 0)
(0.0770946 0.151892 0)
(0.0776216 0.138333 0)
(0.076916 0.12523 0)
(0.0751886 0.112578 0)
(0.0726094 0.100355 0)
(0.0693209 0.0885344 0)
(0.0654472 0.0770839 0)
(0.0610981 0.0659738 0)
(0.0563729 0.0551747 0)
(0.0513656 0.044658 0)
(0.0461686 0.0343916 0)
(0.0408809 0.0243406 0)
(0.0355982 0.0144695 0)
(0.0302056 0.0048068 0)
(0.0248151 -0.00481991 0)
(0.0190547 -0.0139745 0)
(0.00817097 0.210382 0)
(0.0216076 0.214548 0)
(0.0343783 0.206254 0)
(0.0443259 0.195966 0)
(0.0519793 0.184849 0)
(0.0575224 0.173286 0)
(0.0612146 0.161543 0)
(0.0633182 0.149798 0)
(0.0640543 0.138165 0)
(0.0636128 0.126712 0)
(0.0621617 0.115471 0)
(0.0598523 0.104449 0)
(0.0568208 0.0936418 0)
(0.0531895 0.0830378 0)
(0.049069 0.0726245 0)
(0.0445567 0.0623919 0)
(0.0397389 0.0523312 0)
(0.0346862 0.0424344 0)
(0.0294597 0.0326866 0)
(0.0241415 0.0230468 0)
(0.0188914 0.0134091 0)
(0.0139959 0.00364578 0)
(0.00959851 -0.00689316 0)
(-0.0779514 0.176965 0)
(-0.150956 0.199737 0)
(-0.251137 0.226913 0)
(-0.305909 0.274184 0)
(-0.28577 0.130176 0)
(-0.292289 0.130261 0)
(-0.30447 0.131284 0)
(-0.302801 0.158469 0)
(-0.382552 0.174242 0)
(-0.393082 0.172651 0)
(-0.400604 0.169021 0)
(-0.400461 0.172371 0)
(-0.434716 0.202317 0)
(-0.447529 0.20038 0)
(-0.460825 0.196343 0)
(-0.47289 0.195684 0)
(-0.483443 0.22339 0)
(-0.484279 0.220748 0)
(-0.484998 0.216536 0)
(-0.486487 0.213047 0)
(-0.525869 0.209587 0)
(-0.517915 0.207979 0)
(-0.509304 0.206032 0)
(-0.498839 0.203035 0)
(-0.544507 0.190868 0)
(-0.53141 0.185836 0)
(-0.521904 0.179163 0)
(-0.515409 0.165062 0)
(-0.59319 0.132511 0)
(-0.569977 0.142089 0)
(-0.550873 0.155754 0)
(-0.540417 0.157436 0)
(-0.585663 0.115035 0)
(-0.573961 0.116832 0)
(-0.570145 0.141517 0)
(-0.56856 0.16296 0)
(-0.64378 0.0698428 0)
(-0.625637 0.108662 0)
(-0.600622 0.145972 0)
(-0.567904 0.139863 0)
(-0.382672 0.0143872 0)
(-0.357408 0.0224474 0)
(-0.317644 0.0290499 0)
(-0.27024 0.0255775 0)
(-0.110776 -0.0461509 0)
(-0.0853161 -0.0432319 0)
(-0.0559269 -0.0418787 0)
(-0.0251213 -0.0423668 0)
(0.00352276 -0.107836 0)
(0.028836 -0.107413 0)
(0.0528711 -0.106687 0)
(0.0746312 -0.106082 0)
(0.0517866 -0.151307 0)
(0.0748582 -0.151166 0)
(0.094461 -0.15045 0)
(0.111736 -0.149592 0)
(0.0844117 -0.189794 0)
(0.101982 -0.188474 0)
(0.116383 -0.186499 0)
(0.12884 -0.184141 0)
(0.105538 -0.216504 0)
(0.116959 -0.213553 0)
(0.126024 -0.210107 0)
(0.133697 -0.206333 0)
(0.118022 -0.231883 0)
(0.123696 -0.227723 0)
(0.12808 -0.223245 0)
(0.131681 -0.218565 0)
(0.124536 -0.237421 0)
(0.125598 -0.232666 0)
(0.126281 -0.22775 0)
(0.126632 -0.222728 0)
(0.127551 -0.235394 0)
(0.125156 -0.23062 0)
(0.123161 -0.225771 0)
(0.121193 -0.220881 0)
(0.128748 -0.228064 0)
(0.124075 -0.22369 0)
(0.120246 -0.219278 0)
(0.11663 -0.21483 0)
(0.129169 -0.21729 0)
(0.123015 -0.213586 0)
(0.118069 -0.209831 0)
(0.113482 -0.206033 0)
(0.129112 -0.204492 0)
(0.122234 -0.201608 0)
(0.116669 -0.198658 0)
(0.111497 -0.195638 0)
(0.128683 -0.190741 0)
(0.121447 -0.188747 0)
(0.115667 -0.186665 0)
(0.110323 -0.184498 0)
(0.127686 -0.176778 0)
(0.12051 -0.175696 0)
(0.114703 -0.174506 0)
(0.109299 -0.173199 0)
(0.126055 -0.163053 0)
(0.119004 -0.162863 0)
(0.113353 -0.162525 0)
(0.1081 -0.162045 0)
(0.123586 -0.149795 0)
(0.11688 -0.150428 0)
(0.111398 -0.150879 0)
(0.106246 -0.151156 0)
(0.120313 -0.137136 0)
(0.113848 -0.138492 0)
(0.108624 -0.139633 0)
(0.103709 -0.140586 0)
(0.116155 -0.125134 0)
(0.110088 -0.127121 0)
(0.105045 -0.128865 0)
(0.100252 -0.130393 0)
(0.111253 -0.113785 0)
(0.105425 -0.116315 0)
(0.100649 -0.118558 0)
(0.0961107 -0.120574 0)
(0.105583 -0.103042 0)
(0.100148 -0.106016 0)
(0.0955489 -0.108672 0)
(0.0911293 -0.111097 0)
(0.0993159 -0.0928848 0)
(0.094081 -0.0962019 0)
(0.0897524 -0.0991856 0)
(0.0856016 -0.101965 0)
(0.0924529 -0.0833135 0)
(0.0875863 -0.0869095 0)
(0.0834008 -0.0901722 0)
(0.0793675 -0.0932543 0)
(0.0851752 -0.0742968 0)
(0.0804737 -0.0781336 0)
(0.07655 -0.0816208 0)
(0.0727964 -0.0849764 0)
(0.0774526 -0.065767 0)
(0.0731074 -0.0697933 0)
(0.0693186 -0.0734848 0)
(0.0656806 -0.0770984 0)
(0.0694498 -0.0577057 0)
(0.0652242 -0.0618691 0)
(0.0617012 -0.065738 0)
(0.0583585 -0.0696189 0)
(0.0611069 -0.0501137 0)
(0.0572194 -0.0544034 0)
(0.0537992 -0.0584703 0)
(0.0505697 -0.0625995 0)
(0.0525741 -0.042963 0)
(0.048776 -0.0473868 0)
(0.045628 -0.0516373 0)
(0.0426977 -0.056002 0)
(0.0437176 -0.036197 0)
(0.0402622 -0.04075 0)
(0.0372364 -0.0452013 0)
(0.0344031 -0.0497722 0)
(0.0346561 -0.029809 0)
(0.0313013 -0.0344751 0)
(0.0285902 -0.0391008 0)
(0.0260593 -0.0438766 0)
(0.0252661 -0.0236861 0)
(0.0223597 -0.0285736 0)
(0.0199269 -0.0334538 0)
(0.0176508 -0.038622 0)
(0.0159341 -0.0194275 0)
(0.0135618 -0.0243765 0)
(0.0118146 -0.02953 0)
(0.0103318 -0.0353735 0)
(0.00733947 -0.0143212 0)
(0.00630599 -0.0203582 0)
(0.00578463 -0.0268351 0)
(0.0055199 -0.0341222 0)
(-0.247941 0.331072 0)
(-0.197895 0.153165 0)
(-0.270754 0.237352 0)
(-0.446977 0.33224 0)
(-0.52312 0.30777 0)
(-0.513783 0.213019 0)
(-0.473893 -0.0183921 0)
(-0.430508 -0.177536 0)
(-0.388356 -0.244978 0)
(-0.342912 -0.211269 0)
(-0.307823 -0.188568 0)
(-0.273111 -0.177568 0)
(-0.206009 -0.176033 0)
(-0.131835 -0.200749 0)
(-0.0630695 -0.186385 0)
(-0.0299518 -0.167249 0)
(-0.0126035 -0.135586 0)
(-0.0321942 -0.0431069 0)
(0.0470244 0.201134 0)
(-0.279283 0.202119 0)
(-0.265885 0.173003 0)
(-0.261819 0.336293 0)
(-0.282946 0.438641 0)
(-0.342575 0.32964 0)
(-0.312894 0.201225 0)
(-0.287212 -0.0406639 0)
(-0.245857 -0.222095 0)
(-0.215203 -0.293926 0)
(-0.173072 -0.267882 0)
(-0.129444 -0.238339 0)
(-0.0872191 -0.216145 0)
(-0.0473426 -0.223612 0)
(-0.0412633 -0.245568 0)
(-0.0543867 -0.201048 0)
(-0.0887397 -0.165261 0)
(-0.12783 -0.107883 0)
(-0.148507 -0.00928534 0)
(-0.0351672 0.162594 0)
(-0.398664 0.17853 0)
(-0.413859 0.195342 0)
(-0.373898 0.310309 0)
(-0.266983 0.38265 0)
(-0.149261 0.334541 0)
(-0.0759618 0.185241 0)
(-0.0200041 -0.0448368 0)
(0.00760807 -0.24445 0)
(-0.00989723 -0.297695 0)
(-0.00617619 -0.294897 0)
(0.0188586 -0.289396 0)
(0.0739309 -0.264621 0)
(0.118861 -0.242298 0)
(0.106185 -0.201382 0)
(-0.000461163 -0.133254 0)
(-0.113076 -0.103951 0)
(-0.16449 -0.0950228 0)
(-0.14523 -0.0805397 0)
(-0.0904882 0.0215892 0)
(-0.485283 0.190551 0)
(-0.498241 0.183567 0)
(-0.454326 0.214393 0)
(-0.345855 0.228438 0)
(-0.205681 0.191195 0)
(-0.0699068 0.0825522 0)
(0.0141432 -0.0996457 0)
(0.0408887 -0.243987 0)
(0.034905 -0.290916 0)
(0.0361217 -0.301874 0)
(0.0521394 -0.310738 0)
(0.0857855 -0.317261 0)
(0.132163 -0.27963 0)
(0.133618 -0.168294 0)
(0.0672521 -0.0513219 0)
(-0.0632906 -0.0579552 0)
(-0.135983 -0.0882181 0)
(-0.108874 -0.119224 0)
(-0.0301362 -0.0637285 0)
(-0.487855 0.20593 0)
(-0.486601 0.180439 0)
(-0.456373 0.157289 0)
(-0.39003 0.120482 0)
(-0.301859 0.0506523 0)
(-0.214281 -0.0600392 0)
(-0.141244 -0.16899 0)
(-0.0724761 -0.250607 0)
(-0.0324255 -0.288644 0)
(0.00994944 -0.314803 0)
(0.0485916 -0.329862 0)
(0.105418 -0.333115 0)
(0.0867216 -0.285175 0)
(0.0975893 -0.141318 0)
(0.0767274 0.0647827 0)
(-0.18547 0.119187 0)
(-0.204852 -0.0804901 0)
(-0.165045 -0.168746 0)
(-0.0413206 -0.115066 0)
(-0.4864 0.196477 0)
(-0.450183 0.166465 0)
(-0.394592 0.12813 0)
(-0.328324 0.0907288 0)
(-0.258631 0.0165783 0)
(-0.186583 -0.095597 0)
(-0.107979 -0.202519 0)
(-0.0285984 -0.29884 0)
(0.117201 -0.323579 0)
(0.0106295 -0.333049 0)
(-0.130814 -0.339987 0)
(-0.279741 -0.26403 0)
(-0.398857 -0.220739 0)
(-0.60215 -0.0215212 0)
(-0.631052 0.278192 0)
(-0.58733 0.321962 0)
(-0.381728 -0.127844 0)
(-0.226511 -0.234182 0)
(-0.0910751 -0.223304 0)
(-0.508686 0.143613 0)
(-0.480936 0.0858444 0)
(-0.434132 0.026521 0)
(-0.367356 -0.00777876 0)
(-0.30125 -0.0828334 0)
(-0.245475 -0.180787 0)
(-0.0105387 -0.2841 0)
(-0.0839102 -0.440198 0)
(-0.281071 -0.275467 0)
(-0.324169 -0.241382 0)
(-0.395744 -0.185103 0)
(-0.5036 -0.154339 0)
(-0.621987 -0.0936926 0)
(-0.708078 0.0100291 0)
(-0.632259 0.0824723 0)
(-0.486696 0.0269477 0)
(-0.346535 -0.411051 0)
(-0.17066 -0.487653 0)
(-0.0534967 -0.408834 0)
(-0.53024 0.144848 0)
(-0.501966 0.0939149 0)
(-0.466965 0.0131366 0)
(-0.412966 -0.0181046 0)
(-0.213324 -0.0537103 0)
(-0.26228 -0.330166 0)
(-0.475315 -0.24813 0)
(-0.519675 -0.231801 0)
(-0.518456 -0.210397 0)
(-0.509047 -0.182824 0)
(-0.522163 -0.128322 0)
(-0.546943 -0.0958013 0)
(-0.559858 -0.067086 0)
(-0.525269 -0.0177938 0)
(-0.440032 0.0331039 0)
(-0.294766 -0.0258265 0)
(-0.18447 -0.410733 0)
(-0.11305 -0.636446 0)
(-0.0705586 -0.511802 0)
(-0.557165 0.138155 0)
(-0.520834 0.079793 0)
(-0.478421 -0.0394744 0)
(-0.518864 -0.199429 0)
(-0.53038 -0.141941 0)
(-0.518615 -0.13745 0)
(-0.514332 -0.183861 0)
(-0.502192 -0.244717 0)
(-0.494122 -0.24641 0)
(-0.484415 -0.201748 0)
(-0.472354 -0.142365 0)
(-0.460721 -0.106573 0)
(-0.451818 -0.0879365 0)
(-0.430486 -0.0831691 0)
(-0.37153 -0.112278 0)
(-0.267506 -0.245723 0)
(-0.174778 -0.472668 0)
(-0.111972 -0.637865 0)
(-0.0918437 -0.556445 0)
(-0.519163 0.0902642 0)
(-0.43362 -0.0171144 0)
(-0.38311 -0.0353624 0)
(-0.357599 -0.0964985 0)
(-0.346834 -0.124704 0)
(-0.332002 -0.167708 0)
(-0.323855 -0.21207 0)
(-0.326665 -0.249142 0)
(-0.339325 -0.247881 0)
(-0.335331 -0.21271 0)
(-0.316327 -0.164733 0)
(-0.290819 -0.125737 0)
(-0.261972 -0.103286 0)
(-0.227467 -0.100181 0)
(-0.184874 -0.137362 0)
(-0.146855 -0.281971 0)
(-0.115921 -0.507952 0)
(-0.0778906 -0.686027 0)
(-0.0780107 -0.652234 0)
(-0.221216 0.00745364 0)
(-0.151512 -0.0365073 0)
(-0.119474 -0.0762576 0)
(-0.103033 -0.121229 0)
(-0.099533 -0.150834 0)
(-0.103709 -0.176866 0)
(-0.117429 -0.208952 0)
(-0.128142 -0.239526 0)
(-0.144572 -0.242286 0)
(-0.14489 -0.225907 0)
(-0.134991 -0.188015 0)
(-0.118843 -0.150118 0)
(-0.0941184 -0.137847 0)
(-0.0582858 -0.142936 0)
(-0.0134091 -0.171755 0)
(0.0209224 -0.270549 0)
(-0.00221955 -0.500996 0)
(-0.0180295 -0.691665 0)
(-0.0512541 -0.701696 0)
(0.0219253 -0.0458217 0)
(0.0682691 -0.0722041 0)
(0.0955028 -0.0936816 0)
(0.106861 -0.116947 0)
(0.105176 -0.137764 0)
(0.0942991 -0.157196 0)
(0.0720482 -0.180362 0)
(0.042698 -0.217336 0)
(0.0148075 -0.232882 0)
(0.0050154 -0.232091 0)
(0.013703 -0.203013 0)
(0.0226648 -0.160157 0)
(0.0370563 -0.158358 0)
(0.0600986 -0.176255 0)
(0.0912807 -0.210135 0)
(0.116859 -0.275789 0)
(0.0939794 -0.451575 0)
(0.0505736 -0.649648 0)
(-0.0182486 -0.70938 0)
(0.118711 -0.103702 0)
(0.155248 -0.109498 0)
(0.184727 -0.116868 0)
(0.202445 -0.125852 0)
(0.208499 -0.1349 0)
(0.205214 -0.144777 0)
(0.194193 -0.156623 0)
(0.171792 -0.176773 0)
(0.138576 -0.200353 0)
(0.114204 -0.217908 0)
(0.105682 -0.208206 0)
(0.111223 -0.170341 0)
(0.124315 -0.167249 0)
(0.135719 -0.192011 0)
(0.148754 -0.229881 0)
(0.156028 -0.281746 0)
(0.138209 -0.414647 0)
(0.0904256 -0.588613 0)
(0.00949691 -0.675363 0)
(0.146888 -0.144049 0)
(0.177815 -0.141208 0)
(0.20521 -0.140083 0)
(0.224519 -0.140357 0)
(0.235089 -0.141937 0)
(0.238133 -0.145299 0)
(0.235361 -0.150707 0)
(0.226397 -0.160141 0)
(0.208979 -0.174389 0)
(0.185245 -0.194068 0)
(0.163564 -0.199025 0)
(0.15757 -0.177462 0)
(0.166947 -0.174699 0)
(0.174075 -0.197113 0)
(0.175267 -0.231611 0)
(0.165345 -0.27438 0)
(0.14618 -0.386414 0)
(0.101235 -0.530328 0)
(0.0243906 -0.622839 0)
(0.15348 -0.174712 0)
(0.176079 -0.166067 0)
(0.197239 -0.159102 0)
(0.213605 -0.15347 0)
(0.224359 -0.149252 0)
(0.229878 -0.147612 0)
(0.230963 -0.149072 0)
(0.22827 -0.153825 0)
(0.220966 -0.162527 0)
(0.207439 -0.176016 0)
(0.189596 -0.182945 0)
(0.17944 -0.177083 0)
(0.181859 -0.180049 0)
(0.184819 -0.198285 0)
(0.180842 -0.224957 0)
(0.164145 -0.256693 0)
(0.14094 -0.358319 0)
(0.0954629 -0.477554 0)
(0.0272663 -0.566989 0)
(0.14887 -0.194586 0)
(0.16348 -0.183075 0)
(0.177897 -0.172909 0)
(0.189908 -0.163908 0)
(0.198884 -0.156248 0)
(0.204722 -0.151116 0)
(0.207573 -0.149729 0)
(0.207567 -0.151568 0)
(0.204645 -0.156742 0)
(0.197676 -0.165847 0)
(0.187654 -0.172659 0)
(0.180918 -0.174947 0)
(0.180239 -0.181612 0)
(0.179775 -0.196402 0)
(0.173798 -0.215613 0)
(0.158339 -0.236832 0)
(0.133176 -0.325931 0)
(0.0838593 -0.427062 0)
(0.0245296 -0.516542 0)
(0.139074 -0.205863 0)
(0.14677 -0.193358 0)
(0.154974 -0.181899 0)
(0.162553 -0.171385 0)
(0.169037 -0.162088 0)
(0.174212 -0.15506 0)
(0.177706 -0.151474 0)
(0.179289 -0.151279 0)
(0.178984 -0.154407 0)
(0.176377 -0.16065 0)
(0.172057 -0.167178 0)
(0.168864 -0.172954 0)
(0.167968 -0.181159 0)
(0.166348 -0.193134 0)
(0.160147 -0.20633 0)
(0.147557 -0.219426 0)
(0.123051 -0.290571 0)
(0.0725858 -0.377856 0)
(0.0228646 -0.472615 0)
(0.128122 -0.210218 0)
(0.130221 -0.197974 0)
(0.133185 -0.18654 0)
(0.136787 -0.175859 0)
(0.140694 -0.166252 0)
(0.144589 -0.158635 0)
(0.148045 -0.153974 0)
(0.150674 -0.152578 0)
(0.15226 -0.154459 0)
(0.152613 -0.1592 0)
(0.152046 -0.16543 0)
(0.151637 -0.172329 0)
(0.151555 -0.180511 0)
(0.149955 -0.189752 0)
(0.144032 -0.197858 0)
(0.132903 -0.204525 0)
(0.110732 -0.255892 0)
(0.0647676 -0.334969 0)
(0.023659 -0.432722 0)
(0.118391 -0.209325 0)
(0.116228 -0.198109 0)
(0.115072 -0.187568 0)
(0.115406 -0.177663 0)
(0.117016 -0.168697 0)
(0.119537 -0.161428 0)
(0.122559 -0.156675 0)
(0.125664 -0.154914 0)
(0.128519 -0.156246 0)
(0.13088 -0.160316 0)
(0.132741 -0.166224 0)
(0.134296 -0.173078 0)
(0.13518 -0.180294 0)
(0.134012 -0.186663 0)
(0.128517 -0.189999 0)
(0.117832 -0.190858 0)
(0.098966 -0.22636 0)
(0.059465 -0.29811 0)
(0.0248701 -0.394848 0)
(0.110982 -0.204672 0)
(0.10579 -0.194939 0)
(0.101671 -0.18584 0)
(0.0995705 -0.177333 0)
(0.0993572 -0.169653 0)
(0.100655 -0.163399 0)
(0.10309 -0.159286 0)
(0.106261 -0.157832 0)
(0.10977 -0.159183 0)
(0.113258 -0.163021 0)
(0.11647 -0.168579 0)
(0.119187 -0.174853 0)
(0.120826 -0.180619 0)
(0.120193 -0.183978 0)
(0.115232 -0.182546 0)
(0.10476 -0.177958 0)
(0.0888538 -0.202021 0)
(0.0552985 -0.266418 0)
(0.0257011 -0.358533 0)
(0.106052 -0.197529 0)
(0.0989429 -0.189543 0)
(0.0929235 -0.182209 0)
(0.0891975 -0.175464 0)
(0.087665 -0.169451 0)
(0.0879532 -0.164628 0)
(0.0897255 -0.161612 0)
(0.0925976 -0.160888 0)
(0.0961362 -0.162591 0)
(0.0999192 -0.16642 0)
(0.103589 -0.171662 0)
(0.106796 -0.177214 0)
(0.10893 -0.181419 0)
(0.108858 -0.181762 0)
(0.104592 -0.175561 0)
(0.0945768 -0.16583 0)
(0.0810953 -0.181972 0)
(0.0519053 -0.238753 0)
(0.0259075 -0.323758 0)
(0.103195 -0.188936 0)
(0.0950263 -0.182831 0)
(0.0879504 -0.177413 0)
(0.0832387 -0.172576 0)
(0.0807779 -0.168375 0)
(0.0801958 -0.165149 0)
(0.0811871 -0.163418 0)
(0.0833981 -0.163605 0)
(0.0864155 -0.165823 0)
(0.0898386 -0.169801 0)
(0.0933345 -0.174868 0)
(0.0965773 -0.179828 0)
(0.0990209 -0.182639 0)
(0.0995359 -0.180147 0)
(0.0962101 -0.169316 0)
(0.0872634 -0.154803 0)
(0.0756756 -0.164967 0)
(0.0488165 -0.213404 0)
(0.0254418 -0.290729 0)
(0.101668 -0.179655 0)
(0.0930329 -0.175461 0)
(0.0854395 -0.171968 0)
(0.080132 -0.169015 0)
(0.0769556 -0.166578 0)
(0.0755391 -0.164913 0)
(0.0756151 -0.164463 0)
(0.0768887 -0.165598 0)
(0.0790178 -0.168425 0)
(0.0816823 -0.172711 0)
(0.0846359 -0.177829 0)
(0.087628 -0.182485 0)
(0.0902234 -0.184244 0)
(0.091287 -0.179268 0)
(0.0890822 -0.164162 0)
(0.0817194 -0.14525 0)
(0.0713654 -0.149381 0)
(0.0456449 -0.189514 0)
(0.0246573 -0.259586 0)
(0.1007 -0.170168 0)
(0.0919033 -0.167824 0)
(0.0840719 -0.16616 0)
(0.0783484 -0.164949 0)
(0.0745365 -0.16411 0)
(0.0722806 -0.163861 0)
(0.0713674 -0.164599 0)
(0.0715777 -0.166662 0)
(0.0726579 -0.170162 0)
(0.0743759 -0.174911 0)
(0.0765741 -0.180321 0)
(0.0790747 -0.185003 0)
(0.0815828 -0.186118 0)
(0.0829712 -0.179103 0)
(0.081787 -0.160245 0)
(0.0759127 -0.137052 0)
(0.0665097 -0.134653 0)
(0.0420885 -0.167067 0)
(0.0238222 -0.230346 0)
(0.0996246 -0.160709 0)
(0.0908293 -0.160095 0)
(0.0828627 -0.160103 0)
(0.0767815 -0.160436 0)
(0.072365 -0.16099 0)
(0.0692894 -0.161981 0)
(0.0674011 -0.163793 0)
(0.0665498 -0.166746 0)
(0.0665533 -0.170955 0)
(0.0672386 -0.176273 0)
(0.0685088 -0.182155 0)
(0.070231 -0.187132 0)
(0.0722811 -0.187987 0)
(0.0735709 -0.179398 0)
(0.0730154 -0.157342 0)
(0.0682857 -0.12998 0)
(0.060222 -0.120979 0)
(0.0381967 -0.147117 0)
(0.0229703 -0.203063 0)
(0.0980278 -0.15137 0)
(0.0892819 -0.152338 0)
(0.0812251 -0.153837 0)
(0.0748174 -0.155505 0)
(0.0698361 -0.15725 0)
(0.0660023 -0.159319 0)
(0.0632151 -0.162095 0)
(0.0613682 -0.165877 0)
(0.0603181 -0.170782 0)
(0.0599074 -0.176688 0)
(0.0600666 -0.183104 0)
(0.0606692 -0.188528 0)
(0.0618073 -0.189435 0)
(0.0624665 -0.179735 0)
(0.0621337 -0.155085 0)
(0.058331 -0.123989 0)
(0.0525115 -0.10956 0)
(0.0337058 -0.129988 0)
(0.0217904 -0.178067 0)
(0.0956766 -0.142192 0)
(0.0870327 -0.144584 0)
(0.0789086 -0.147387 0)
(0.0722084 -0.15019 0)
(0.0667231 -0.152948 0)
(0.0622206 -0.155953 0)
(0.058636 -0.159584 0)
(0.0558769 -0.164107 0)
(0.0538068 -0.169627 0)
(0.0522419 -0.176037 0)
(0.0511205 -0.182918 0)
(0.0502765 -0.188808 0)
(0.0500808 -0.189994 0)
(0.0495864 -0.179681 0)
(0.0492373 -0.153222 0)
(0.0464362 -0.11935 0)
(0.0436315 -0.10108 0)
(0.0285848 -0.116102 0)
(0.0204021 -0.155804 0)
(0.0925164 -0.133218 0)
(0.0839916 -0.136868 0)
(0.0758443 -0.140788 0)
(0.0689034 -0.144543 0)
(0.0629917 -0.14816 0)
(0.0579217 -0.151975 0)
(0.0536464 -0.156347 0)
(0.0500602 -0.16149 0)
(0.0470154 -0.167485 0)
(0.0442725 -0.174231 0)
(0.0417851 -0.1814 0)
(0.0392904 -0.187663 0)
(0.0375196 -0.189276 0)
(0.0354817 -0.17891 0)
(0.0351252 -0.151731 0)
(0.0335588 -0.116578 0)
(0.0346062 -0.0960429 0)
(0.0235052 -0.105743 0)
(0.0190704 -0.136422 0)
(0.0885549 -0.124466 0)
(0.0802087 -0.129219 0)
(0.072072 -0.13408 0)
(0.0649431 -0.138624 0)
(0.0586879 -0.142968 0)
(0.0531538 -0.147479 0)
(0.0482937 -0.152469 0)
(0.043972 -0.158089 0)
(0.0400326 -0.164386 0)
(0.0361685 -0.171261 0)
(0.0323947 -0.178499 0)
(0.0282721 -0.184984 0)
(0.0250054 -0.187107 0)
(0.0212883 -0.177338 0)
(0.0212568 -0.150888 0)
(0.0212562 -0.116333 0)
(0.026834 -0.0947482 0)
(0.0192045 -0.0986878 0)
(0.0180293 -0.119598 0)
(0.0838715 -0.115949 0)
(0.0757264 -0.121665 0)
(0.0676483 -0.127305 0)
(0.0603935 -0.132497 0)
(0.0538824 -0.137458 0)
(0.0479874 -0.142558 0)
(0.0426507 -0.148045 0)
(0.0377041 -0.153996 0)
(0.0330113 -0.160433 0)
(0.0282039 -0.167261 0)
(0.0234403 -0.174381 0)
(0.0179942 -0.180953 0)
(0.0137028 -0.183638 0)
(0.00848799 -0.175185 0)
(0.00935226 -0.151222 0)
(0.0109949 -0.11916 0)
(0.0211357 -0.0970031 0)
(0.0158779 -0.094272 0)
(0.0173564 -0.104747 0)
(0.0785444 -0.1077 0)
(0.070648 -0.11424 0)
(0.0626536 -0.120506 0)
(0.0553301 -0.126228 0)
(0.0486507 -0.131716 0)
(0.0424979 -0.13731 0)
(0.0368015 -0.14318 0)
(0.0313753 -0.149348 0)
(0.0261529 -0.155821 0)
(0.0207194 -0.162526 0)
(0.0154772 -0.169449 0)
(0.00925913 -0.176046 0)
(0.00474016 -0.179311 0)
(-0.0015263 -0.172918 0)
(0.000687899 -0.153087 0)
(0.00326645 -0.124879 0)
(0.0171177 -0.101981 0)
(0.0130056 -0.0917888 0)
(0.0169617 -0.0913987 0)
(0.0726753 -0.0997676 0)
(0.065023 -0.10698 0)
(0.0571492 -0.113727 0)
(0.0498219 -0.119887 0)
(0.0430657 -0.12583 0)
(0.0367623 -0.131835 0)
(0.0308444 -0.138006 0)
(0.025139 -0.144339 0)
(0.0197106 -0.150852 0)
(0.0141005 -0.157506 0)
(0.00903849 -0.164292 0)
(0.00272648 -0.170941 0)
(-0.00122085 -0.174707 0)
(-0.00793891 -0.170919 0)
(-0.00449737 -0.156038 0)
(-0.00258012 -0.132398 0)
(0.0135462 -0.108553 0)
(0.0097256 -0.0909003 0)
(0.0166973 -0.0794563 0)
(0.0663282 -0.0921603 0)
(0.0589487 -0.0998949 0)
(0.0512081 -0.107009 0)
(0.0439387 -0.113545 0)
(0.037201 -0.119891 0)
(0.0308705 -0.126252 0)
(0.0249177 -0.132698 0)
(0.0192217 -0.139246 0)
(0.0140193 -0.145928 0)
(0.00877284 -0.152741 0)
(0.00454932 -0.159549 0)
(-0.00123244 -0.166344 0)
(-0.00416595 -0.170399 0)
(-0.010826 -0.169266 0)
(-0.00696449 -0.158771 0)
(-0.00750971 -0.140088 0)
(0.00935207 -0.115542 0)
(0.00525947 -0.0917181 0)
(0.0163451 -0.0692656 0)
(0.059578 -0.084868 0)
(0.052446 -0.0929873 0)
(0.0448738 -0.100391 0)
(0.0377444 -0.107277 0)
(0.0311423 -0.114006 0)
(0.0249598 -0.120723 0)
(0.0192561 -0.127514 0)
(0.0139856 -0.134444 0)
(0.00953185 -0.141525 0)
(0.00518292 -0.14875 0)
(0.00222099 -0.1557 0)
(-0.00265747 -0.162647 0)
(-0.00456076 -0.166682 0)
(-0.0111227 -0.167531 0)
(-0.00795367 -0.160191 0)
(-0.0116517 -0.146181 0)
(0.00408381 -0.121899 0)
(-0.00080806 -0.0946433 0)
(0.0155883 -0.0615493 0)
(0.0524588 -0.0778798 0)
(0.0455834 -0.0862676 0)
(0.0382073 -0.0939297 0)
(0.0313229 -0.101185 0)
(0.0250308 -0.108333 0)
(0.0192863 -0.115504 0)
(0.0142723 -0.122834 0)
(0.00997448 -0.130408 0)
(0.00678375 -0.138119 0)
(0.00370414 -0.145881 0)
(0.00199973 -0.152906 0)
(-0.002023 -0.159765 0)
(-0.00337501 -0.163378 0)
(-0.00994253 -0.1652 0)
(-0.0084477 -0.159685 0)
(-0.0147204 -0.149531 0)
(-0.00201649 -0.126712 0)
(-0.00815589 -0.100155 0)
(0.0137322 -0.0570975 0)
(0.0450369 -0.0712015 0)
(0.0383665 -0.0797624 0)
(0.0312736 -0.0877166 0)
(0.0248199 -0.0954308 0)
(0.0191503 -0.103142 0)
(0.0143291 -0.111006 0)
(0.0106038 -0.119171 0)
(0.00782764 -0.127624 0)
(0.0061727 -0.136009 0)
(0.00435264 -0.14414 0)
(0.00342607 -0.150955 0)
(-0.000113404 -0.157288 0)
(-0.0016323 -0.16007 0)
(-0.00826412 -0.16193 0)
(-0.00889328 -0.157286 0)
(-0.0166509 -0.14998 0)
(-0.00809455 -0.129474 0)
(-0.0150448 -0.107554 0)
(0.00964239 -0.0568377 0)
(0.037309 -0.0647894 0)
(0.0308802 -0.0735178 0)
(0.0242376 -0.0819111 0)
(0.0185677 -0.0903045 0)
(0.014069 -0.0988843 0)
(0.0108444 -0.107799 0)
(0.00896703 -0.117041 0)
(0.00793753 -0.126344 0)
(0.00757824 -0.135104 0)
(0.00653122 -0.143117 0)
(0.00563704 -0.149311 0)
(0.00215897 -0.154665 0)
(-8.99984e-05 -0.156475 0)
(-0.00671863 -0.15774 0)
(-0.00925336 -0.153447 0)
(-0.01737 -0.148025 0)
(-0.0129974 -0.13064 0)
(-0.0193149 -0.113902 0)
(0.00277473 -0.0623094 0)
(0.0293581 -0.0586159 0)
(0.0232461 -0.0676486 0)
(0.0174994 -0.0768098 0)
(0.0132713 -0.0863016 0)
(0.010694 -0.0961878 0)
(0.00961952 -0.106409 0)
(0.00964504 -0.116608 0)
(0.00991875 -0.126293 0)
(0.0100812 -0.134831 0)
(0.00907077 -0.142153 0)
(0.00760161 -0.147412 0)
(0.00391287 -0.151563 0)
(0.000832489 -0.152549 0)
(-0.00548957 -0.15299 0)
(-0.00920247 -0.148875 0)
(-0.0167095 -0.144572 0)
(-0.0156903 -0.130612 0)
(-0.020458 -0.118253 0)
(-0.00457394 -0.0730281 0)
(0.0213615 -0.0527437 0)
(0.0160107 -0.0625211 0)
(0.0119971 -0.0730713 0)
(0.0100392 -0.0842011 0)
(0.00984192 -0.0956152 0)
(0.0107013 -0.106858 0)
(0.0118091 -0.117338 0)
(0.012359 -0.126647 0)
(0.0121473 -0.134396 0)
(0.0106265 -0.14069 0)
(0.00842243 -0.144978 0)
(0.00461935 -0.148038 0)
(0.0010917 -0.148457 0)
(-0.00448331 -0.148206 0)
(-0.00842934 -0.144315 0)
(-0.0146123 -0.140611 0)
(-0.0155188 -0.129791 0)
(-0.0186524 -0.120833 0)
(-0.00897391 -0.0866307 0)
(0.0140234 -0.0477488 0)
(0.0103317 -0.0591388 0)
(0.0090464 -0.0717219 0)
(0.00958176 -0.0845086 0)
(0.0110839 -0.0968338 0)
(0.0125867 -0.108131 0)
(0.0134543 -0.118018 0)
(0.013339 -0.126401 0)
(0.0123262 -0.133168 0)
(0.0102904 -0.138487 0)
(0.00771836 -0.142036 0)
(0.00422976 -0.144323 0)
(0.000901215 -0.144473 0)
(-0.00349622 -0.143793 0)
(-0.00687669 -0.140256 0)
(-0.01134 -0.136845 0)
(-0.0127799 -0.128573 0)
(-0.0145792 -0.122158 0)
(-0.00900872 -0.099517 0)
(0.00855765 -0.0450967 0)
(0.00763842 -0.0585876 0)
(0.00883437 -0.0727269 0)
(0.0104718 -0.0860288 0)
(0.0118794 -0.0980566 0)
(0.0125574 -0.108575 0)
(0.0124089 -0.117541 0)
(0.0114929 -0.125051 0)
(0.010013 -0.131101 0)
(0.00800238 -0.135802 0)
(0.00574382 -0.138964 0)
(0.00309774 -0.140844 0)
(0.000571098 -0.14096 0)
(-0.00239374 -0.140091 0)
(-0.00476006 -0.136996 0)
(-0.0075066 -0.13372 0)
(-0.00862557 -0.127354 0)
(-0.00952185 -0.122543 0)
(-0.00627637 -0.108998 0)
(0.00574212 -0.0449628 0)
(0.00659113 -0.0598101 0)
(0.00784403 -0.0741219 0)
(0.00854293 -0.0869816 0)
(0.00872471 -0.0984079 0)
(0.0084034 -0.10837 0)
(0.00771705 -0.116918 0)
(0.00676761 -0.124131 0)
(0.00565709 -0.129996 0)
(0.00439503 -0.134554 0)
(0.00307969 -0.137676 0)
(0.00165413 -0.13948 0)
(0.000297038 -0.139701 0)
(-0.00119175 -0.138809 0)
(-0.002399 -0.136098 0)
(-0.00368873 -0.132896 0)
(-0.00425184 -0.127694 0)
(-0.00469185 -0.123611 0)
(-0.00307343 -0.115486 0)
)
;

boundaryField
{
    leftWall
    {
        type            noSlip;
    }
    rightWall
    {
        type            noSlip;
    }
    lowerWall
    {
        type            noSlip;
    }
    atmosphere
    {
        type            pressureInletOutletVelocity;
        value           nonuniform List<vector> 
46
(
(0.00817097 0.210382 0)
(0.0216076 0.214548 0)
(0.0343783 0.206254 0)
(0.0443259 0.195966 0)
(0.0519793 0.184849 0)
(0.0575224 0.173286 0)
(0.0612146 0.161543 0)
(0.0633182 0.149798 0)
(0.0640543 0.138165 0)
(0.0636128 0.126712 0)
(0.0621617 0.115471 0)
(0.0598523 0.104449 0)
(0.0568208 0.0936418 0)
(0.0531895 0.0830378 0)
(0.049069 0.0726245 0)
(0.0445567 0.0623919 0)
(0.0397389 0.0523312 0)
(0.0346862 0.0424344 0)
(0.0294597 0.0326866 0)
(0.0241415 0.0230468 0)
(0.0188914 0.0134091 0)
(0.0139959 0.00364578 0)
(0 -0.00689316 0)
(0 -0.0143212 0)
(0 -0.0203582 0)
(0 -0.0268351 0)
(0 -0.0341222 0)
(0 -0.0449628 0)
(0 -0.0598101 0)
(0 -0.0741219 0)
(0 -0.0869816 0)
(0 -0.0984079 0)
(0 -0.10837 0)
(0 -0.116918 0)
(0 -0.124131 0)
(0 -0.129996 0)
(0 -0.134554 0)
(0 -0.137676 0)
(0 -0.13948 0)
(0 -0.139701 0)
(0 -0.138809 0)
(0 -0.136098 0)
(0 -0.132896 0)
(0 -0.127694 0)
(0 -0.123611 0)
(0 -0.115486 0)
)
;
    }
    defaultFaces
    {
        type            empty;
    }
}


// ************************************************************************* //
