/*--------------------------------*- C++ -*----------------------------------*\
| =========                 |                                                 |
| \\      /  F ield         | OpenFOAM: The Open Source CFD Toolbox           |
|  \\    /   O peration     | Version:  2312                                  |
|   \\  /    A nd           | Website:  www.openfoam.com                      |
|    \\/     M anipulation  |                                                 |
\*---------------------------------------------------------------------------*/
FoamFile
{
    version     2.0;
    format      ascii;
    arch        "LSB;label=32;scalar=64";
    class       surfaceScalarField;
    location    "4.35";
    object      phi;
}
// * * * * * * * * * * * * * * * * * * * * * * * * * * * * * * * * * * * * * //

dimensions      [0 3 -1 0 0 0 0];

oriented        oriented;

internalField   nonuniform List<scalar> 
4432
(
2.73552e-06
-2.73534e-06
4.66671e-06
-1.93104e-06
6.30719e-06
-1.64038e-06
7.60508e-06
-1.29783e-06
8.54333e-06
-9.38225e-07
9.11261e-06
-5.69291e-07
9.36437e-06
-2.51773e-07
9.36039e-06
3.98023e-09
9.13501e-06
2.25381e-07
8.69165e-06
4.43394e-07
8.05446e-06
6.37245e-07
7.28188e-06
7.72642e-07
6.41462e-06
8.67337e-07
5.49603e-06
9.18677e-07
4.57682e-06
9.19299e-07
3.70403e-06
8.72872e-07
2.88874e-06
8.15373e-07
2.14426e-06
7.44535e-07
1.50188e-06
6.42434e-07
9.45438e-07
5.56485e-07
4.94223e-07
4.51246e-07
2.40647e-08
4.70195e-07
2.40683e-08
2.08537e-06
-4.82028e-06
4.03943e-06
-3.88477e-06
5.71507e-06
-3.31578e-06
7.07877e-06
-2.66136e-06
8.07318e-06
-1.93255e-06
8.67825e-06
-1.17435e-06
8.96826e-06
-5.41847e-07
9.02465e-06
-5.25285e-08
8.8449e-06
4.05017e-07
8.42347e-06
8.64706e-07
7.80116e-06
1.25946e-06
7.04427e-06
1.52949e-06
6.19216e-06
1.71946e-06
5.28839e-06
1.82252e-06
4.3843e-06
1.8235e-06
3.52691e-06
1.73041e-06
2.73699e-06
1.60544e-06
2.03178e-06
1.44988e-06
1.42867e-06
1.24565e-06
9.35555e-07
1.04969e-06
5.57309e-07
8.29563e-07
1.73448e-07
8.54106e-07
1.97595e-07
1.83485e-06
-6.65512e-06
3.7492e-06
-5.79911e-06
5.42499e-06
-4.99156e-06
6.80443e-06
-4.04081e-06
7.81323e-06
-2.94136e-06
8.41916e-06
-1.78031e-06
8.71403e-06
-8.36761e-07
8.77515e-06
-1.13686e-07
8.61292e-06
5.67193e-07
8.20795e-06
1.26963e-06
7.57614e-06
1.89121e-06
6.81711e-06
2.28848e-06
5.96317e-06
2.5734e-06
5.06429e-06
2.72143e-06
4.1764e-06
2.71143e-06
3.35997e-06
2.54689e-06
2.61482e-06
2.35064e-06
1.95419e-06
2.11055e-06
1.40961e-06
1.79026e-06
9.85616e-07
1.47371e-06
6.86412e-07
1.12879e-06
4.35933e-07
1.10461e-06
6.33517e-07
1.82785e-06
-8.48294e-06
3.75381e-06
-7.72506e-06
5.42781e-06
-6.66556e-06
6.81151e-06
-5.42452e-06
7.7968e-06
-3.92669e-06
8.33258e-06
-2.31613e-06
8.58776e-06
-1.09201e-06
8.66058e-06
-1.86614e-07
8.51912e-06
7.08601e-07
8.08227e-06
1.70643e-06
7.38945e-06
2.58398e-06
6.59186e-06
3.08604e-06
5.70043e-06
3.46484e-06
4.79047e-06
3.63142e-06
3.92e-06
3.58194e-06
3.1532e-06
3.31377e-06
2.50102e-06
3.00289e-06
1.94293e-06
2.66871e-06
1.49346e-06
2.2398e-06
1.14305e-06
1.82419e-06
8.75115e-07
1.39677e-06
6.82672e-07
1.29709e-06
1.31625e-06
2.05e-06
-1.05331e-05
4.08012e-06
-9.75529e-06
5.80569e-06
-8.39123e-06
7.19816e-06
-6.81706e-06
8.15663e-06
-4.8852e-06
8.63004e-06
-2.78958e-06
8.82952e-06
-1.29151e-06
8.87816e-06
-2.35228e-07
8.71688e-06
8.69915e-07
8.21321e-06
2.21013e-06
7.39068e-06
3.40656e-06
6.50067e-06
3.97611e-06
5.45999e-06
4.50556e-06
4.42439e-06
4.66707e-06
3.4881e-06
4.51826e-06
2.62952e-06
4.17237e-06
2.13209e-06
3.50033e-06
1.77388e-06
3.02692e-06
1.4892e-06
2.52447e-06
1.23175e-06
2.08162e-06
8.9885e-07
1.72966e-06
6.4581e-07
1.55011e-06
1.962e-06
2.44223e-06
-1.29752e-05
4.64228e-06
-1.19553e-05
6.40413e-06
-1.01531e-05
7.7837e-06
-8.19666e-06
8.82051e-06
-5.92206e-06
9.31306e-06
-3.28218e-06
9.42352e-06
-1.40202e-06
9.04765e-06
1.40587e-07
8.31134e-06
1.60623e-06
7.50003e-06
3.02149e-06
6.75121e-06
4.15541e-06
5.92874e-06
4.79861e-06
5.06032e-06
5.374e-06
4.35962e-06
5.36773e-06
3.68575e-06
5.19204e-06
3.08414e-06
4.77392e-06
2.74939e-06
3.83502e-06
2.55458e-06
3.22172e-06
2.35507e-06
2.72399e-06
1.95896e-06
2.47776e-06
9.63687e-07
2.72497e-06
-2.39616e-07
2.75349e-06
1.72257e-06
2.73946e-06
-1.57146e-05
5.06433e-06
-1.42801e-05
6.81932e-06
-1.1908e-05
7.90429e-06
-9.2816e-06
8.40321e-06
-6.421e-06
9.05907e-06
-3.93809e-06
9.99837e-06
-2.34144e-06
1.06989e-05
-5.60138e-07
1.1051e-05
1.25401e-06
1.11386e-05
2.9336e-06
1.10941e-05
4.19957e-06
9.76479e-06
6.12769e-06
7.96645e-06
7.17205e-06
6.4132e-06
6.9207e-06
4.87026e-06
6.73476e-06
4.62468e-06
5.01937e-06
4.14822e-06
4.31142e-06
4.09185e-06
3.27812e-06
3.78795e-06
3.02798e-06
3.02201e-06
3.24381e-06
1.45311e-06
4.29403e-06
-8.79344e-07
5.08617e-06
8.4326e-07
2.79637e-06
-1.85111e-05
5.19266e-06
-1.66765e-05
7.19459e-06
-1.391e-05
9.08912e-06
-1.11762e-05
1.1042e-05
-8.37392e-06
1.31534e-05
-6.04956e-06
1.33273e-05
-2.5154e-06
1.06249e-05
2.14208e-06
7.23937e-06
4.6393e-06
5.72628e-06
4.4464e-06
5.469e-06
4.4566e-06
5.76746e-06
5.829e-06
6.07565e-06
6.86368e-06
6.25362e-06
6.74264e-06
6.6378e-06
6.35056e-06
6.57027e-06
5.08694e-06
6.97554e-06
3.90621e-06
7.0902e-06
3.16358e-06
6.56027e-06
3.55804e-06
5.75338e-06
4.05085e-06
5.07913e-06
4.96841e-06
4.19528e-06
5.97006e-06
5.03874e-06
-2.10979e-06
2.10991e-06
-3.08162e-06
9.71893e-07
-4.71163e-06
1.63002e-06
-6.86961e-06
2.15799e-06
-9.15213e-06
2.2825e-06
-1.12395e-05
2.08732e-06
-1.22375e-05
9.98034e-07
-1.15649e-05
-6.72688e-07
-9.57309e-06
-1.99186e-06
-7.44769e-06
-2.12543e-06
-5.37671e-06
-2.07103e-06
-3.55031e-06
-1.82643e-06
-2.5551e-06
-9.95245e-07
-1.93578e-06
-6.19341e-07
-1.43876e-06
-4.97029e-07
-8.85387e-07
-5.53385e-07
-3.58213e-07
-5.27183e-07
1.13703e-08
-3.69588e-07
1.14075e-08
-8.50148e-07
2.96029e-06
-2.24428e-06
2.36616e-06
-3.7217e-06
3.10754e-06
-5.70852e-06
4.14487e-06
-8.04315e-06
4.61718e-06
-1.01301e-05
4.1743e-06
-1.14266e-05
2.29451e-06
-1.07264e-05
-1.37296e-06
-8.68112e-06
-4.03721e-06
-6.48755e-06
-4.31906e-06
-4.72149e-06
-3.83718e-06
-3.31004e-06
-3.23801e-06
-2.71292e-06
-1.59249e-06
-2.42874e-06
-9.03672e-07
-2.09866e-06
-8.27272e-07
-1.65551e-06
-9.96684e-07
-1.00972e-06
-1.17312e-06
-3.0551e-07
-1.07393e-06
-2.94223e-07
-2.0839e-06
5.04421e-06
-4.33924e-06
4.62152e-06
-5.38256e-06
4.15082e-06
-6.25451e-06
5.01676e-06
-7.80486e-06
6.16743e-06
-9.78302e-06
6.15237e-06
-1.15296e-05
4.041e-06
-1.19305e-05
-9.72196e-07
-9.5112e-06
-6.45651e-06
-7.11333e-06
-6.71691e-06
-5.59347e-06
-5.35709e-06
-4.81831e-06
-4.01324e-06
-4.17967e-06
-2.2312e-06
-3.84599e-06
-1.2374e-06
-3.30675e-06
-1.36655e-06
-2.94412e-06
-1.35928e-06
-2.9326e-06
-1.18456e-06
-2.04448e-06
-1.96193e-06
-2.33846e-06
-4.30611e-06
9.35109e-06
-8.21114e-06
8.52707e-06
-1.00488e-05
5.98893e-06
-9.23511e-06
4.20329e-06
-8.03858e-06
4.97109e-06
-6.35523e-06
4.4691e-06
-4.32282e-06
2.00854e-06
-4.7968e-06
-4.9833e-07
-5.26554e-06
-5.98811e-06
-5.85836e-06
-6.1245e-06
-6.32223e-06
-4.89389e-06
-5.59569e-06
-4.74063e-06
-5.70319e-06
-2.12467e-06
-5.80245e-06
-1.13923e-06
-3.59276e-06
-3.5773e-06
-3.64432e-06
-1.30873e-06
-3.81443e-06
-1.01529e-06
-2.28584e-06
-3.49122e-06
-4.62519e-06
-8.77641e-06
1.81275e-05
-1.38528e-05
1.36035e-05
-1.45307e-05
6.66673e-06
-1.1147e-05
8.1937e-07
-6.57298e-06
3.96876e-07
-3.33681e-06
1.23265e-06
9.07269e-07
-2.23578e-06
8.17747e-06
-7.76877e-06
1.00398e-05
-7.8507e-06
4.35106e-06
-4.36031e-07
-1.63999e-06
1.09693e-06
-2.12317e-06
-4.25752e-06
-5.25488e-06
1.00695e-06
-5.83087e-06
-5.63146e-07
-1.12353e-07
-9.29567e-06
3.15998e-06
-4.58077e-06
6.62569e-06
-4.48064e-06
7.21831e-06
-4.08341e-06
2.59416e-06
-6.83314e-06
2.49613e-05
-1.07521e-05
1.75229e-05
-9.68908e-06
5.60421e-06
-5.60185e-06
-3.26755e-06
-1.68833e-06
-3.51648e-06
-1.60828e-06
1.15275e-06
-6.60576e-07
-3.18349e-06
2.86899e-06
-1.12984e-05
5.90877e-06
-1.08908e-05
4.96179e-06
5.10454e-07
3.38271e-06
2.67536e-06
3.08295e-06
-3.95843e-06
1.99264e-06
2.09653e-06
7.54153e-07
6.74511e-07
3.35743e-06
-1.18997e-05
5.99689e-06
-7.22101e-06
7.59734e-06
-6.08176e-06
6.15704e-06
-2.64389e-06
8.74948e-06
-4.03809e-06
2.89999e-05
-6.12276e-06
1.9608e-05
-4.75756e-06
4.2393e-06
-1.01171e-06
-7.01324e-06
1.17915e-06
-5.70721e-06
-5.23821e-07
2.85574e-06
-1.17579e-06
-2.53161e-06
-9.79219e-07
-1.14952e-05
4.92104e-07
-1.23624e-05
1.44188e-06
-4.39794e-07
3.0552e-06
1.06147e-06
3.39243e-06
-4.29625e-06
2.87693e-06
2.61136e-06
2.40732e-06
1.14342e-06
3.2394e-06
-1.27324e-05
4.39739e-06
-8.37968e-06
5.1486e-06
-6.8338e-06
4.6978e-06
-2.19422e-06
1.34471e-05
-1.51596e-06
3.0516e-05
-1.52816e-08
1.81074e-05
7.47924e-07
3.47615e-06
1.38843e-06
-7.65371e-06
1.28069e-06
-5.59948e-06
-1.96503e-06
6.10147e-06
-2.17028e-06
-2.32643e-06
-3.92283e-06
-9.74281e-06
-5.07965e-06
-1.12057e-05
-2.77119e-06
-2.74845e-06
7.94888e-07
-2.5048e-06
2.74814e-06
-6.24972e-06
2.07689e-06
3.28238e-06
1.92617e-06
1.2939e-06
1.41705e-06
-1.22236e-05
7.89542e-07
-7.75255e-06
5.65233e-07
-6.60989e-06
1.8743e-06
-3.50342e-06
1.53204e-05
4.22589e-06
-2.27375e-05
7.477e-06
-1.9928e-05
7.87878e-06
-1.43121e-05
5.79305e-06
-9.09066e-06
5.03535e-06
-7.61638e-06
5.69908e-06
-6.71339e-06
7.09643e-06
-3.91281e-06
9.58128e-06
-3.42813e-07
1.2867e-05
1.35362e-06
1.4964e-05
2.34945e-06
1.58798e-05
3.54098e-06
1.6545e-05
5.16397e-06
1.72534e-05
6.15554e-06
1.77099e-05
6.2863e-06
1.8251e-05
5.8097e-06
1.8972e-05
4.36616e-06
2.01914e-05
2.6871e-06
2.02589e-05
3.09622e-06
1.91673e-05
4.64989e-06
1.76323e-05
5.58603e-06
1.67075e-05
5.89335e-06
1.70629e-05
5.61507e-06
5.99779e-06
1.61038e-05
-1.92942e-06
-2.08082e-05
-3.51111e-06
-1.83464e-05
-3.03277e-06
-1.47905e-05
-9.68326e-07
-1.11551e-05
2.50546e-06
-1.10901e-05
5.47651e-06
-9.68433e-06
8.30307e-06
-6.73923e-06
1.19095e-05
-3.949e-06
1.49779e-05
-1.7146e-06
1.74952e-05
-1.6756e-07
1.88823e-05
2.15413e-06
1.91071e-05
4.93945e-06
1.91129e-05
6.15e-06
1.91604e-05
6.23904e-06
1.9175e-05
5.79542e-06
1.96577e-05
3.88367e-06
1.98725e-05
2.47256e-06
1.82108e-05
4.7582e-06
1.56064e-05
7.25455e-06
1.40405e-05
7.15212e-06
1.30684e-05
6.86561e-06
1.25699e-05
6.11357e-06
7.28502e-06
1.12828e-05
-1.59306e-06
-1.92151e-05
-2.70504e-06
-1.72344e-05
-1.93484e-06
-1.55606e-05
5.71257e-07
-1.36611e-05
2.66693e-06
-1.31856e-05
5.06248e-06
-1.20797e-05
7.33377e-06
-9.01024e-06
9.75447e-06
-6.36939e-06
1.24426e-05
-4.4024e-06
1.4979e-05
-2.7035e-06
1.63921e-05
7.41446e-07
1.56193e-05
5.7127e-06
1.4158e-05
7.61176e-06
1.25975e-05
7.80001e-06
9.16314e-06
9.23029e-06
4.76635e-06
8.2809e-06
-4.66009e-07
7.70533e-06
-3.25722e-06
7.54976e-06
-5.13603e-06
9.13361e-06
-6.29983e-06
8.31608e-06
-7.46031e-06
8.0261e-06
-9.50276e-06
8.15634e-06
9.81331e-06
-1.20311e-05
-2.69371e-06
-1.65213e-05
-5.14754e-06
-1.47805e-05
-6.45594e-06
-1.42521e-05
-6.37287e-06
-1.37441e-05
-5.80483e-06
-1.37535e-05
-4.48427e-06
-1.34e-05
-2.75149e-06
-1.07428e-05
-1.86623e-06
-7.25431e-06
-3.35408e-06
-2.91413e-06
-6.18541e-06
1.2834e-07
-7.93728e-06
2.49392e-06
-8.9608e-06
6.73687e-06
-1.06605e-05
9.31223e-06
-1.39682e-05
1.11084e-05
-2.11883e-05
1.6451e-05
-2.97373e-05
1.68303e-05
-3.35493e-05
1.15177e-05
-3.32746e-05
7.27531e-06
-3.27481e-05
8.60722e-06
-3.35647e-05
9.13264e-06
-3.48824e-05
9.34374e-06
-3.67892e-05
1.00627e-05
1.09528e-05
-3.79287e-05
-7.27339e-06
-9.2479e-06
-1.34239e-05
-8.62997e-06
-1.77042e-05
-9.97194e-06
-2.04324e-05
-1.10159e-05
-2.25753e-05
-1.16107e-05
-2.51816e-05
-1.07937e-05
-2.81322e-05
-7.79225e-06
-3.16399e-05
-3.74643e-06
-3.44589e-05
-9.50123e-08
-3.56222e-05
1.29202e-06
-3.47589e-05
1.63108e-06
-3.21769e-05
4.15534e-06
-3.01343e-05
7.27033e-06
-3.02601e-05
1.12346e-05
-3.18904e-05
1.80816e-05
-3.57809e-05
2.0721e-05
-3.77252e-05
1.34619e-05
-4.04998e-05
1.00498e-05
-4.21968e-05
1.0304e-05
-4.37131e-05
1.06486e-05
-4.52242e-05
1.08544e-05
-4.66863e-05
1.15245e-05
1.17307e-05
-4.74646e-05
-9.57386e-06
3.25922e-07
-1.61009e-05
-2.10301e-06
-2.06161e-05
-5.45688e-06
-2.449e-05
-7.14206e-06
-2.79068e-05
-8.194e-06
-3.0181e-05
-8.51967e-06
-3.04923e-05
-7.48103e-06
-2.92658e-05
-4.97297e-06
-2.7392e-05
-1.96868e-06
-2.63529e-05
2.53084e-07
-2.68607e-05
2.13913e-06
-2.78046e-05
5.09971e-06
-2.90759e-05
8.54207e-06
-3.02472e-05
1.24062e-05
-2.97817e-05
1.76163e-05
-2.96181e-05
2.05574e-05
-3.25594e-05
1.64032e-05
-3.67419e-05
1.42323e-05
-4.01274e-05
1.36894e-05
-4.24336e-05
1.29546e-05
-4.39513e-05
1.23718e-05
-4.48774e-05
1.24503e-05
1.24785e-05
-4.56255e-05
-9.28888e-06
9.61504e-06
-1.78837e-05
6.49279e-06
-2.32935e-05
-4.52484e-08
-2.57038e-05
-4.72918e-06
-2.61403e-05
-7.7542e-06
-2.62544e-05
-8.40348e-06
-2.48523e-05
-8.88144e-06
-2.2415e-05
-7.4095e-06
-1.98352e-05
-4.54812e-06
-1.77295e-05
-1.85257e-06
-1.79046e-05
2.31438e-06
-1.92539e-05
6.44913e-06
-2.10952e-05
1.03837e-05
-2.28782e-05
1.41894e-05
-2.34217e-05
1.81601e-05
-2.38514e-05
2.09875e-05
-2.72031e-05
1.97553e-05
-3.14152e-05
1.84449e-05
-3.46308e-05
1.69054e-05
-3.6479e-05
1.48032e-05
-3.74054e-05
1.32984e-05
-3.77831e-05
1.28282e-05
1.29215e-05
-3.82262e-05
-1.88318e-05
2.84458e-05
-3.53794e-05
2.30407e-05
-4.5056e-05
9.63219e-06
-4.54874e-05
-4.29691e-06
-4.29918e-05
-1.02494e-05
-5.28862e-05
1.49085e-06
-5.58157e-05
-5.9502e-06
-5.52118e-05
-8.0102e-06
-6.0166e-05
4.09059e-07
-5.5033e-05
-6.98736e-06
-4.50999e-05
-7.62576e-06
-3.78176e-05
-8.44098e-07
-3.19872e-05
4.54524e-06
-2.94789e-05
1.16745e-05
-2.74512e-05
1.61293e-05
-2.63886e-05
1.9924e-05
-2.97482e-05
2.31152e-05
-3.23305e-05
2.10279e-05
-3.38074e-05
1.83831e-05
-3.40138e-05
1.50101e-05
-3.35758e-05
1.28609e-05
-3.24722e-05
1.17249e-05
1.17947e-05
-3.13451e-05
-1.87681e-06
3.03233e-05
5.28884e-06
1.58753e-05
-1.38599e-06
1.63076e-05
-4.75806e-06
-9.24941e-07
-7.13221e-06
-7.87641e-06
-5.60914e-06
-3.15528e-08
-2.17059e-05
1.01484e-05
-3.80319e-05
8.3209e-06
-3.92144e-05
1.59835e-06
-3.79635e-05
-8.22936e-06
-3.94283e-05
-6.15017e-06
-4.28558e-05
2.59181e-06
-4.89967e-05
1.06879e-05
-4.96487e-05
1.23249e-05
-5.11591e-05
1.76346e-05
-5.10666e-05
1.98215e-05
-4.76848e-05
1.97205e-05
-4.78737e-05
2.121e-05
-4.77199e-05
1.82263e-05
-4.45405e-05
1.18283e-05
-4.0708e-05
9.02631e-06
-3.61316e-05
7.14655e-06
9.05351e-06
-3.33925e-05
4.86185e-06
2.54632e-05
-1.02475e-06
2.17634e-05
2.58719e-06
1.26975e-05
1.40218e-06
2.62161e-07
-2.0483e-06
-4.42399e-06
-5.03117e-07
-1.57461e-06
2.08288e-06
7.56396e-06
4.82275e-06
5.58215e-06
6.12566e-06
2.96941e-07
3.37924e-06
-5.47808e-06
-9.66638e-07
-1.79394e-06
-5.64062e-06
7.28087e-06
-1.00487e-05
1.51057e-05
-2.09395e-05
2.32247e-05
-3.31403e-05
2.98454e-05
-3.85428e-05
2.52292e-05
-3.853e-05
1.97059e-05
-4.26402e-05
2.53151e-05
-3.90752e-05
1.46555e-05
-3.36287e-05
6.38162e-06
-3.51408e-05
1.05376e-05
-3.39512e-05
5.95641e-06
4.50132e-06
-2.93983e-05
-3.89219e-06
2.93544e-05
4.15633e-06
1.37165e-05
1.05885e-05
6.26742e-06
9.17662e-06
1.67556e-06
3.85353e-06
9.00544e-07
-1.33266e-06
3.61286e-06
8.6914e-08
6.1454e-06
4.93616e-06
7.32775e-07
7.15731e-06
-1.92575e-06
4.50597e-06
-2.82946e-06
1.41025e-06
1.29813e-06
1.25847e-06
7.42959e-06
2.65297e-06
1.37112e-05
1.53707e-06
2.43397e-05
-2.76286e-06
3.41493e-05
-5.33189e-06
2.78083e-05
-3.39447e-06
1.77821e-05
6.24623e-06
1.56834e-05
1.6217e-05
4.68961e-06
1.55769e-05
7.02479e-06
1.37481e-05
1.23688e-05
8.22831e-06
1.14806e-05
1.65407e-05
-3.80792e-06
4.1198e-06
2.52351e-05
8.52579e-06
9.31176e-06
1.00907e-05
4.70353e-06
8.01574e-06
3.75147e-06
4.57248e-06
4.34479e-06
1.78267e-06
6.40356e-06
1.93852e-06
5.9901e-06
2.76125e-06
-9.00432e-08
2.32992e-06
-1.49538e-06
-2.56165e-08
-4.76131e-07
-1.38186e-06
2.65137e-06
1.15175e-06
4.89273e-06
6.29851e-06
8.56133e-06
1.33256e-05
1.73093e-05
2.02993e-05
2.71725e-05
2.41657e-05
2.3944e-05
2.56884e-05
1.62653e-05
3.20681e-05
9.31073e-06
3.14056e-05
5.35759e-06
2.84377e-05
9.99252e-06
2.96937e-05
1.11141e-05
2.85184e-05
1.26561e-05
1.73582e-05
2.77036e-05
8.20708e-06
1.70297e-05
9.04151e-06
8.47819e-06
8.04638e-06
5.69941e-06
6.32365e-06
5.47496e-06
4.2516e-06
6.41766e-06
2.99349e-06
7.66241e-06
3.79106e-06
5.19312e-06
2.56494e-06
1.13633e-06
7.09833e-07
3.5945e-07
-1.23879e-06
1.47163e-06
-9.16702e-07
2.32803e-06
1.57984e-06
2.39481e-06
5.64059e-06
4.49902e-06
1.22678e-05
1.06801e-05
2.11809e-05
1.82566e-05
2.63579e-05
1.87645e-05
2.87136e-05
1.39077e-05
3.03239e-05
7.69869e-06
3.13362e-05
4.34369e-06
3.59565e-05
5.37109e-06
3.8153e-05
8.91741e-06
3.76359e-05
1.31738e-05
1.7352e-05
3.76445e-05
5.57597e-06
1.14546e-05
6.46983e-06
7.58508e-06
5.77063e-06
6.39937e-06
4.89214e-06
6.35424e-06
4.43673e-06
6.87389e-06
4.97703e-06
7.12295e-06
5.0734e-06
5.09753e-06
3.43083e-06
2.77964e-06
1.66848e-06
2.1224e-06
4.32324e-07
2.70822e-06
4.52648e-07
2.30803e-06
1.36143e-06
1.48648e-06
2.56195e-06
3.29911e-06
5.97148e-06
7.27102e-06
1.17255e-05
1.25029e-05
1.59164e-05
1.45737e-05
1.91057e-05
1.07185e-05
2.32625e-05
3.54197e-06
2.82867e-05
-6.80411e-07
3.2205e-05
1.45268e-06
3.34321e-05
7.69061e-06
3.28947e-05
1.37111e-05
1.83341e-05
3.19155e-05
3.06285e-06
8.39266e-06
3.83093e-06
6.8179e-06
3.68274e-06
6.54844e-06
3.4519e-06
6.58596e-06
3.64753e-06
6.67913e-06
4.37318e-06
6.39817e-06
4.48642e-06
4.9852e-06
3.73356e-06
3.53343e-06
2.67833e-06
3.17859e-06
2.12673e-06
3.2608e-06
1.74264e-06
2.69322e-06
1.28486e-06
1.94556e-06
1.2955e-06
3.29004e-06
2.6618e-06
5.90648e-06
5.95166e-06
9.21489e-06
9.53195e-06
1.09951e-05
1.25489e-05
7.70322e-06
1.48649e-05
1.22762e-06
1.77219e-05
-3.53588e-06
1.98248e-05
-6.49336e-07
2.02662e-05
7.25024e-06
1.92213e-05
1.47578e-05
2.08834e-05
1.66742e-05
1.41207e-06
6.98169e-06
1.93831e-06
6.29272e-06
2.01157e-06
6.47618e-06
2.06224e-06
6.53626e-06
2.35327e-06
6.38903e-06
2.84788e-06
5.90449e-06
2.95881e-06
4.87521e-06
2.54955e-06
3.94369e-06
2.16324e-06
3.56598e-06
2.0436e-06
3.38162e-06
1.86033e-06
2.87783e-06
1.28824e-06
2.51923e-06
1.16501e-06
3.41513e-06
1.82552e-06
5.24809e-06
3.79697e-06
7.24574e-06
6.53963e-06
8.25484e-06
8.09905e-06
6.14624e-06
7.6494e-06
1.67965e-06
6.79742e-06
-2.6818e-06
7.29334e-06
-1.1435e-06
8.11612e-06
6.4292e-06
6.69416e-06
1.61803e-05
2.44141e-05
3.16713e-06
5.05294e-07
6.47756e-06
7.06819e-07
6.09234e-06
7.69229e-07
6.41484e-06
8.95557e-07
6.41094e-06
1.134e-06
6.15155e-06
1.41785e-06
5.62159e-06
1.47179e-06
4.82222e-06
1.31006e-06
4.10643e-06
1.20183e-06
3.67529e-06
1.23761e-06
3.34703e-06
1.09503e-06
3.02175e-06
7.65775e-07
2.85003e-06
7.67265e-07
3.41541e-06
1.50182e-06
4.51552e-06
3.1031e-06
5.64663e-06
5.20687e-06
6.15333e-06
6.28316e-06
5.07223e-06
5.01103e-06
2.95403e-06
2.14894e-06
1.82337e-07
1.10473e-06
-9.78152e-08
1.76948e-06
5.76576e-06
1.50224e-06
1.64499e-05
2.6156e-05
-2.37748e-07
-1.39565e-09
6.48025e-06
-6.69264e-08
6.15907e-06
-8.16751e-08
6.43069e-06
6.8223e-09
6.32347e-06
1.81388e-07
5.97796e-06
3.76115e-07
5.42781e-06
4.57825e-07
4.74146e-06
4.48596e-07
4.11664e-06
4.72617e-07
3.65231e-06
5.17742e-07
3.30302e-06
5.0999e-07
3.03075e-06
4.16841e-07
2.94457e-06
5.75908e-07
3.2579e-06
1.25253e-06
3.84059e-06
2.47815e-06
4.4228e-06
4.01538e-06
4.61794e-06
4.97803e-06
4.11147e-06
4.77308e-06
3.16081e-06
2.68975e-06
2.26732e-06
3.91396e-07
2.20193e-06
2.47943e-07
5.91082e-06
1.78295e-06
1.49151e-05
2.48059e-05
3.13601e-06
-2.84262e-07
6.76561e-06
-5.73768e-07
6.44972e-06
-6.85647e-07
6.54365e-06
-6.63592e-07
6.30242e-06
-5.32763e-07
5.84809e-06
-3.50174e-07
5.24615e-06
-1.93088e-07
4.58531e-06
-6.42937e-08
3.9888e-06
6.74323e-08
3.52158e-06
1.98199e-07
3.17333e-06
2.84919e-07
2.94518e-06
3.49759e-07
2.88099e-06
5.68307e-07
3.04071e-06
1.07368e-06
3.33665e-06
1.89532e-06
3.60264e-06
2.86529e-06
3.64946e-06
3.60525e-06
3.37298e-06
3.75628e-06
3.01121e-06
3.10694e-06
2.91798e-06
1.72538e-06
3.58445e-06
1.47695e-06
6.1601e-06
3.93953e-06
1.24547e-05
2.09977e-05
7.74919e-06
-5.04113e-07
7.271e-06
-9.54313e-07
6.90108e-06
-1.18319e-06
6.77359e-06
-1.23232e-06
6.35253e-06
-1.13955e-06
5.75625e-06
-9.53733e-07
5.06124e-06
-7.26666e-07
4.35915e-06
-4.80696e-07
3.74375e-06
-2.26852e-07
3.26869e-06
9.2584e-09
2.93821e-06
2.09131e-07
2.74637e-06
3.93743e-07
2.6975e-06
6.4752e-07
2.78811e-06
1.03233e-06
2.95305e-06
1.54559e-06
3.09061e-06
2.09291e-06
3.10333e-06
2.49047e-06
2.97659e-06
2.64539e-06
2.85738e-06
2.56169e-06
3.00264e-06
2.35309e-06
3.79392e-06
2.77204e-06
5.74229e-06
5.45537e-06
9.77119e-06
1.61852e-05
1.027e-05
-6.88307e-07
7.96029e-06
-1.29039e-06
7.50419e-06
-1.64338e-06
7.12757e-06
-1.78311e-06
6.49319e-06
-1.74028e-06
5.71432e-06
-1.55592e-06
4.87774e-06
-1.27475e-06
4.07884e-06
-9.36735e-07
3.40662e-06
-5.79391e-07
2.91225e-06
-2.38873e-07
2.59863e-06
6.5526e-08
2.44294e-06
3.46047e-07
2.41799e-06
6.42964e-07
2.49223e-06
9.8306e-07
2.614e-06
1.35422e-06
2.72047e-06
1.69868e-06
2.75986e-06
1.93949e-06
2.73672e-06
2.05483e-06
2.74293e-06
2.12739e-06
2.9309e-06
2.38324e-06
3.53866e-06
3.27393e-06
4.85203e-06
5.74725e-06
7.29959e-06
1.14472e-05
1.04861e-05
-8.56833e-07
8.81825e-06
-1.60827e-06
8.25662e-06
-2.09e-06
7.61022e-06
-2.32711e-06
6.73116e-06
-2.33516e-06
5.72321e-06
-2.15297e-06
4.69636e-06
-1.82693e-06
3.75362e-06
-1.4137e-06
2.9942e-06
-9.71103e-07
2.47049e-06
-5.46399e-07
2.17478e-06
-1.63596e-07
2.06101e-06
1.8121e-07
2.07408e-06
5.10129e-07
2.16422e-06
8.38434e-07
2.28659e-06
1.15855e-06
2.40123e-06
1.43743e-06
2.48179e-06
1.64052e-06
2.53441e-06
1.7756e-06
2.60856e-06
1.91903e-06
2.78812e-06
2.25922e-06
3.19906e-06
3.12881e-06
3.98336e-06
5.08651e-06
5.34178e-06
7.61088e-06
8.92441e-06
-1.01619e-06
9.83518e-06
-1.90992e-06
9.15119e-06
-2.51481e-06
8.21594e-06
-2.83129e-06
7.04844e-06
-2.8815e-06
5.77419e-06
-2.69272e-06
4.50835e-06
-2.32074e-06
3.38239e-06
-1.83944e-06
2.51367e-06
-1.32367e-06
1.95549e-06
-8.3136e-07
1.68325e-06
-3.93479e-07
1.62391e-06
-1.19359e-08
1.69332e-06
3.27879e-07
1.82518e-06
6.42636e-07
1.97259e-06
9.35258e-07
2.10933e-06
1.19408e-06
2.22365e-06
1.407e-06
2.32212e-06
1.58588e-06
2.43029e-06
1.7862e-06
2.58838e-06
2.1319e-06
2.85383e-06
2.82425e-06
3.29143e-06
4.17376e-06
3.99386e-06
5.09503e-06
6.69041e-06
-1.16232e-06
1.09985e-05
-2.18572e-06
1.01754e-05
-2.89341e-06
8.9244e-06
-3.27874e-06
7.43451e-06
-3.35038e-06
5.84655e-06
-3.1419e-06
4.30058e-06
-2.7201e-06
2.96129e-06
-2.17489e-06
1.96915e-06
-1.59516e-06
1.37646e-06
-1.04587e-06
1.13464e-06
-5.65711e-07
1.14444e-06
-1.6106e-07
1.28934e-06
1.76109e-07
1.48867e-06
4.7103e-07
1.67831e-06
7.34081e-07
1.84688e-06
9.73328e-07
1.98496e-06
1.19191e-06
2.10406e-06
1.4045e-06
2.21818e-06
1.64917e-06
2.34416e-06
2.00064e-06
2.50286e-06
2.56806e-06
2.7248e-06
3.49843e-06
3.06337e-06
3.59112e-06
5.00352e-06
-1.2942e-06
1.22933e-05
-2.43018e-06
1.13121e-05
-3.22347e-06
9.71838e-06
-3.65637e-06
7.86809e-06
-3.73382e-06
5.92466e-06
-3.4961e-06
4.0635e-06
-3.02415e-06
2.48998e-06
-2.42371e-06
1.36935e-06
-1.78835e-06
7.41709e-07
-1.19204e-06
5.38941e-07
-6.74923e-07
6.27904e-07
-2.52418e-07
8.67403e-07
8.6431e-08
1.15036e-06
3.58112e-07
1.40714e-06
5.90003e-07
1.61546e-06
7.99697e-07
1.77571e-06
1.00376e-06
1.9004e-06
1.22037e-06
2.00197e-06
1.47796e-06
2.08697e-06
1.82228e-06
2.1589e-06
2.31557e-06
2.23172e-06
3.0305e-06
2.34971e-06
2.57799e-06
4.04394e-06
-1.41141e-06
1.37055e-05
-2.64382e-06
1.25452e-05
-3.50479e-06
1.058e-05
-3.96835e-06
8.33226e-06
-4.03917e-06
5.99608e-06
-3.7665e-06
3.79141e-06
-3.24853e-06
1.97258e-06
-2.60404e-06
7.25415e-07
-1.92929e-06
6.75026e-08
-1.2944e-06
-9.54338e-08
-7.43629e-07
7.76248e-08
-2.97378e-07
4.21616e-07
4.33803e-08
8.10038e-07
3.01784e-07
1.14914e-06
5.03663e-07
1.41395e-06
6.79667e-07
1.60003e-06
8.52279e-07
1.72808e-06
1.04459e-06
1.80994e-06
1.28032e-06
1.8515e-06
1.59034e-06
1.8492e-06
2.01493e-06
1.80773e-06
2.59722e-06
1.76723e-06
1.80047e-06
3.37549e-06
-1.51491e-06
1.52208e-05
-2.82921e-06
1.386e-05
-3.74327e-06
1.14946e-05
-4.22514e-06
8.81469e-06
-4.28014e-06
6.05162e-06
-3.96981e-06
3.48161e-06
-3.41318e-06
1.41647e-06
-2.74261e-06
5.53321e-08
-2.04395e-06
-6.30694e-07
-1.38251e-06
-7.5645e-07
-8.04125e-07
-5.00356e-07
-3.32522e-07
-4.96167e-08
2.73724e-08
4.5048e-07
2.8203e-07
8.94778e-07
4.60465e-07
1.23578e-06
6.02564e-07
1.45816e-06
7.38101e-07
1.59274e-06
8.87837e-07
1.66039e-06
1.07868e-06
1.66086e-06
1.32994e-06
1.59816e-06
1.6726e-06
1.46522e-06
2.13764e-06
1.30323e-06
1.19304e-06
2.7452e-06
-1.60495e-06
1.68264e-05
-2.98885e-06
1.52445e-05
-3.94553e-06
1.24518e-05
-4.43824e-06
9.3079e-06
-4.47248e-06
6.08635e-06
-4.12004e-06
3.12965e-06
-3.53619e-06
8.33074e-07
-2.86067e-06
-6.19771e-07
-2.15533e-06
-1.33565e-06
-1.48046e-06
-1.43096e-06
-8.80868e-07
-1.09963e-06
-3.82329e-07
-5.47874e-07
8.77942e-10
6.75189e-08
2.66253e-07
6.29613e-07
4.39889e-07
1.06231e-06
5.5337e-07
1.34482e-06
6.47307e-07
1.49892e-06
7.51985e-07
1.5558e-06
8.84132e-07
1.52882e-06
1.0666e-06
1.41589e-06
1.31806e-06
1.21417e-06
1.66574e-06
9.55264e-07
7.33037e-07
2.12606e-06
-1.68021e-06
1.85069e-05
-3.12219e-06
1.66869e-05
-4.11531e-06
1.34454e-05
-4.61216e-06
9.80519e-06
-4.62569e-06
6.10031e-06
-4.22636e-06
2.73073e-06
-3.62738e-06
2.34486e-07
-2.96747e-06
-1.27933e-06
-2.27298e-06
-2.02983e-06
-1.6015e-06
-2.10216e-06
-9.93772e-07
-1.70712e-06
-4.73453e-07
-1.06799e-06
-6.00265e-08
-3.45744e-07
2.33331e-07
3.36382e-07
4.13837e-07
8.819e-07
5.13243e-07
1.24547e-06
5.74069e-07
1.43812e-06
6.30529e-07
1.49937e-06
7.04825e-07
1.45458e-06
8.12972e-07
1.30787e-06
9.72413e-07
1.05469e-06
1.20343e-06
7.25003e-07
4.0558e-07
1.53066e-06
-1.71594e-06
2.02234e-05
-3.20259e-06
1.8174e-05
-4.22482e-06
1.4468e-05
-4.72687e-06
1.03076e-05
-4.71874e-06
6.09255e-06
-4.30339e-06
2.31574e-06
-3.69478e-06
-3.73802e-07
-3.05735e-06
-1.91646e-06
-2.38657e-06
-2.70036e-06
-1.73884e-06
-2.74969e-06
-1.14378e-06
-2.30202e-06
-6.16491e-07
-1.59515e-06
-1.75612e-07
-7.86535e-07
1.55058e-07
5.7631e-09
3.62996e-07
6.73981e-07
4.65452e-07
1.143e-06
5.04835e-07
1.39871e-06
5.20256e-07
1.48391e-06
5.39721e-07
1.43511e-06
5.79027e-07
1.26863e-06
6.52528e-07
9.81498e-07
7.80143e-07
5.97115e-07
2.02384e-07
9.83482e-07
-1.66359e-06
2.18872e-05
-3.15372e-06
1.96644e-05
-4.186e-06
1.55006e-05
-4.69746e-06
1.08194e-05
-4.70002e-06
6.09542e-06
-4.31517e-06
1.93117e-06
-3.72831e-06
-9.60405e-07
-3.09315e-06
-2.5514e-06
-2.45836e-06
-3.33497e-06
-1.86187e-06
-3.34603e-06
-1.31032e-06
-2.85348e-06
-8.03169e-07
-2.10225e-06
-3.51605e-07
-1.23808e-06
1.58275e-08
-3.61687e-07
2.66754e-07
4.23006e-07
3.94813e-07
1.01487e-06
4.29239e-07
1.36419e-06
4.17434e-07
1.49563e-06
3.91499e-07
1.461e-06
3.70301e-07
1.28988e-06
3.67796e-07
9.83976e-07
4.03323e-07
5.62243e-07
1.09042e-07
4.96499e-07
-1.49041e-06
2.3378e-05
-2.90678e-06
2.10811e-05
-3.91502e-06
1.65091e-05
-4.43535e-06
1.134e-05
-4.47329e-06
6.1336e-06
-4.14636e-06
1.60446e-06
-3.61025e-06
-1.49633e-06
-2.99066e-06
-3.17085e-06
-2.42713e-06
-3.8984e-06
-1.9231e-06
-3.85e-06
-1.45622e-06
-3.32034e-06
-1.0072e-06
-2.55128e-06
-5.75755e-07
-1.66958e-06
-1.87414e-07
-7.50111e-07
1.12565e-07
1.22916e-07
2.86203e-07
8.411e-07
3.40424e-07
1.30982e-06
3.16688e-07
1.51923e-06
2.58013e-07
1.51958e-06
1.89299e-07
1.35861e-06
1.25205e-07
1.04827e-06
8.4316e-08
6.02801e-07
1.03497e-07
8.97968e-08
-1.19588e-06
2.4574e-05
-2.44567e-06
2.2331e-05
-3.37449e-06
1.74381e-05
-3.87691e-06
1.18426e-05
-3.98598e-06
6.24285e-06
-3.68808e-06
1.3067e-06
-3.19113e-06
-1.99317e-06
-2.66988e-06
-3.69203e-06
-2.23946e-06
-4.32877e-06
-1.87836e-06
-4.2111e-06
-1.54105e-06
-3.65769e-06
-1.1924e-06
-2.90001e-06
-8.20525e-07
-2.04157e-06
-4.42331e-07
-1.12845e-06
-1.05552e-07
-2.14032e-07
1.28847e-07
6.06515e-07
2.27796e-07
1.21068e-06
2.15999e-07
1.53084e-06
1.41978e-07
1.59346e-06
3.96046e-08
1.46093e-06
-7.15099e-08
1.15918e-06
-1.73215e-07
7.0491e-07
1.71702e-07
-2.41871e-07
-7.9942e-07
2.53737e-05
-1.79132e-06
2.33231e-05
-2.56058e-06
1.82075e-05
-3.01526e-06
1.22974e-05
-3.13788e-06
6.36555e-06
-2.86523e-06
1.03412e-06
-2.45789e-06
-2.40048e-06
-2.11947e-06
-4.03046e-06
-1.88102e-06
-4.56726e-06
-1.7057e-06
-4.38649e-06
-1.53474e-06
-3.82875e-06
-1.32302e-06
-3.11187e-06
-1.04983e-06
-2.31493e-06
-7.2103e-07
-1.45745e-06
-3.75854e-07
-5.59431e-07
-8.49994e-08
3.15425e-07
7.97077e-08
1.04573e-06
1.07722e-07
1.50259e-06
3.8476e-08
1.66251e-06
-8.01954e-08
1.57947e-06
-2.23144e-07
1.30217e-06
-3.7028e-07
8.5162e-07
2.93871e-07
-4.92674e-07
-3.39205e-07
2.57128e-05
-9.85169e-07
2.39691e-05
-1.53191e-06
1.87543e-05
-1.8793e-06
1.26448e-05
-1.91176e-06
6.39803e-06
-1.67115e-06
7.93505e-07
-1.48336e-06
-2.58831e-06
-1.3873e-06
-4.12658e-06
-1.37755e-06
-4.5771e-06
-1.41057e-06
-4.3536e-06
-1.42464e-06
-3.81484e-06
-1.37179e-06
-3.16492e-06
-1.22693e-06
-2.46001e-06
-9.86132e-07
-1.69849e-06
-6.73864e-07
-8.7196e-07
-3.51532e-07
-7.18235e-09
-1.11686e-07
8.05609e-07
-1.6657e-08
1.40729e-06
-5.4921e-08
1.70054e-06
-1.73067e-07
1.69746e-06
-3.32314e-07
1.46115e-06
-5.08512e-07
1.02809e-06
4.57441e-07
-6.72555e-07
1.3015e-07
2.55828e-05
-1.23955e-07
2.42232e-05
-3.95214e-07
1.90256e-05
-5.09065e-07
1.27586e-05
-3.42156e-07
6.23107e-06
-2.66579e-07
7.17859e-07
-3.705e-07
-2.48448e-06
-5.49863e-07
-3.94734e-06
-7.80924e-07
-4.34619e-06
-1.02204e-06
-4.11266e-06
-1.21744e-06
-3.61964e-06
-1.32493e-06
-3.05765e-06
-1.32106e-06
-2.46414e-06
-1.19599e-06
-1.82383e-06
-9.57923e-07
-1.11031e-06
-6.47847e-07
-3.17555e-07
-3.4977e-07
5.07232e-07
-1.70863e-07
1.22809e-06
-1.49681e-07
1.67909e-06
-2.46507e-07
1.79408e-06
-4.06999e-07
1.62158e-06
-5.97491e-07
1.21801e-06
6.44494e-07
-7.84947e-07
5.41364e-07
2.50413e-05
7.04274e-07
2.40603e-05
7.48719e-07
1.89811e-05
9.20212e-07
1.25871e-05
1.16459e-06
5.9866e-06
1.05232e-06
8.30024e-07
7.54425e-07
-2.18672e-06
3.19117e-07
-3.51218e-06
-1.59674e-07
-3.86757e-06
-5.89768e-07
-3.68277e-06
-9.39964e-07
-3.26966e-06
-1.18596e-06
-2.8119e-06
-1.3138e-06
-2.33655e-06
-1.31371e-06
-1.82419e-06
-1.18118e-06
-1.24313e-06
-9.31436e-07
-5.676e-07
-6.22332e-07
1.97829e-07
-3.65247e-07
9.70716e-07
-2.57789e-07
1.57136e-06
-3.08359e-07
1.84445e-06
-4.54694e-07
1.76751e-06
-6.47217e-07
1.41065e-06
8.43412e-07
-8.46785e-07
8.29341e-07
2.42121e-05
1.30912e-06
2.35805e-05
1.65174e-06
1.86384e-05
2.09299e-06
1.21457e-05
2.37004e-06
5.70944e-06
2.19463e-06
1.0053e-06
1.71084e-06
-1.70307e-06
1.0699e-06
-2.87139e-06
3.98377e-07
-3.19623e-06
-1.81021e-07
-3.10357e-06
-6.38025e-07
-2.81287e-06
-9.77799e-07
-2.47236e-06
-1.20451e-06
-2.11009e-06
-1.31487e-06
-1.71408e-06
-1.29896e-06
-1.25931e-06
-1.15099e-06
-7.15846e-07
-8.90058e-07
-6.33745e-08
-5.94923e-07
6.75312e-07
-3.97156e-07
1.37335e-06
-3.74298e-07
1.82135e-06
-4.899e-07
1.88302e-06
-6.73797e-07
1.59399e-06
1.04324e-06
-8.73956e-07
9.76854e-07
2.32351e-05
1.63866e-06
2.29186e-05
2.19886e-06
1.80782e-05
2.85204e-06
1.14925e-05
3.16464e-06
5.39679e-06
2.92998e-06
1.23989e-06
2.30124e-06
-1.07442e-06
1.5243e-06
-2.09456e-06
7.64333e-07
-2.43637e-06
1.23013e-07
-2.46238e-06
-3.69215e-07
-2.32079e-06
-7.40695e-07
-2.10104e-06
-1.01375e-06
-1.83721e-06
-1.19543e-06
-1.53258e-06
-1.27833e-06
-1.17659e-06
-1.24569e-06
-7.48675e-07
-1.08696e-06
-2.2229e-07
-8.30684e-07
4.18846e-07
-5.79154e-07
1.12164e-06
-4.68522e-07
1.71059e-06
-5.34773e-07
1.94902e-06
-6.99474e-07
1.75894e-06
1.23719e-06
-8.93758e-07
9.7488e-07
2.22602e-05
1.67042e-06
2.2223e-05
2.33083e-06
1.74177e-05
3.12951e-06
1.06937e-05
3.43196e-06
5.09426e-06
3.09548e-06
1.57627e-06
2.37611e-06
-3.55146e-07
1.5723e-06
-1.29084e-06
8.48292e-07
-1.71248e-06
2.63637e-07
-1.87785e-06
-1.83126e-07
-1.87416e-06
-5.21593e-07
-1.76271e-06
-7.81603e-07
-1.57734e-06
-9.79321e-07
-1.33501e-06
-1.11576e-06
-1.0403e-06
-1.17686e-06
-6.87737e-07
-1.13969e-06
-2.59605e-07
-9.94135e-07
2.73136e-07
-7.77194e-07
9.04567e-07
-6.10646e-07
1.54393e-06
-6.18178e-07
1.95658e-06
-7.52973e-07
1.89329e-06
1.41007e-06
-9.26146e-07
8.40264e-07
2.14198e-05
1.41375e-06
2.16494e-05
2.01685e-06
1.68144e-05
2.78768e-06
9.92273e-06
2.99817e-06
4.88358e-06
2.60096e-06
1.97329e-06
1.88769e-06
3.57928e-07
1.22043e-06
-6.23786e-07
6.64676e-07
-1.15692e-06
2.3119e-07
-1.44456e-06
-9.96374e-08
-1.54353e-06
-3.52745e-07
-1.5098e-06
-5.52374e-07
-1.37791e-06
-7.14935e-07
-1.17265e-06
-8.48218e-07
-9.07213e-07
-9.48938e-07
-5.87209e-07
-1.00056e-06
-2.08168e-07
-9.86962e-07
2.59352e-07
-8.86117e-07
8.03547e-07
-7.68533e-07
1.42621e-06
-7.65849e-07
1.95358e-06
-8.93581e-07
2.02101e-06
1.56701e-06
-1.0508e-06
6.26585e-07
9.38678e-07
1.26719e-06
1.65094e-06
1.68061e-06
1.38495e-06
9.97351e-07
6.22173e-07
3.28838e-07
1.00667e-07
-7.6438e-08
-2.15044e-07
-3.2771e-07
-4.24124e-07
-5.11944e-07
-5.96773e-07
-6.79735e-07
-7.40417e-07
-7.85608e-07
-8.28726e-07
-9.15246e-07
-1.0455e-06
-1.1278e-06
1.27525e-05
3.35123e-06
8.89122e-06
3.86177e-06
5.00907e-06
3.88196e-06
3.59708e-06
1.41209e-06
9.75387e-06
4.8802e-06
7.82043e-06
5.79483e-06
5.52352e-06
6.17906e-06
6.23208e-06
2.88842e-06
-1.32928e-05
6.14192e-06
-1.43082e-05
6.81073e-06
-1.54116e-05
7.28209e-06
8.27976e-06
-1.74594e-05
-3.74646e-05
5.67753e-06
-3.63757e-05
5.7212e-06
-3.53878e-05
6.29413e-06
7.7986e-06
-3.4907e-05
-4.69814e-05
5.19411e-06
-4.61684e-05
4.90824e-06
-4.4875e-05
5.00022e-06
5.81451e-06
-4.28912e-05
-4.55693e-05
5.13754e-06
-4.53171e-05
4.65549e-06
-4.45836e-05
4.26622e-06
4.22653e-06
-4.2996e-05
-3.84006e-05
5.3119e-06
-3.86202e-05
4.8747e-06
-3.87969e-05
4.44246e-06
3.94458e-06
-3.85152e-05
-3.14266e-05
5.39341e-06
-3.14185e-05
4.86669e-06
-3.13739e-05
4.39796e-06
4.02862e-06
-3.1458e-05
-3.31605e-05
5.15927e-06
-3.28765e-05
4.58142e-06
-3.25078e-05
4.0281e-06
4.53215e-06
-3.30121e-05
-2.90206e-05
4.78306e-06
-3.56948e-05
1.12544e-05
-4.77928e-05
1.61245e-05
6.59632e-06
-4.98584e-05
-9.59447e-06
1.05732e-05
-1.19762e-05
1.36409e-05
-9.78266e-06
1.39325e-05
3.07971e-06
-6.26501e-06
2.94339e-05
8.84353e-06
3.30327e-05
1.00417e-05
3.82568e-05
8.70968e-06
4.765e-06
3.65711e-05
3.82084e-05
8.28042e-06
3.97472e-05
8.50347e-06
4.03614e-05
8.09456e-06
7.33111e-06
3.77944e-05
3.12946e-05
8.90192e-06
3.05428e-05
9.25514e-06
2.96958e-05
8.94071e-06
8.12578e-06
2.88996e-05
1.4207e-05
1.13703e-05
1.19102e-05
1.15524e-05
1.11958e-05
9.65383e-06
6.62722e-06
1.26935e-05
2.85916e-07
1.42524e-05
-2.08309e-06
1.39215e-05
-1.54796e-06
9.11894e-06
4.5225e-06
5.56109e-07
-1.59807e-06
1.56141e-05
-2.98823e-06
1.53131e-05
-3.53817e-06
9.66853e-06
5.19589e-06
-4.2112e-06
4.0002e-06
1.4751e-05
4.4763e-06
1.4837e-05
3.03034e-06
1.11156e-05
7.30827e-06
9.18041e-07
1.00559e-05
1.24457e-05
1.19533e-05
1.29416e-05
1.19221e-05
1.11468e-05
8.85968e-06
1.03715e-05
1.30248e-05
9.69168e-06
1.54986e-05
1.04677e-05
1.68053e-05
9.84135e-06
8.64341e-06
1.70219e-05
1.31928e-05
6.98607e-06
1.58949e-05
7.76732e-06
1.80267e-05
7.70969e-06
7.20806e-06
1.94629e-05
1.12283e-05
4.68307e-06
1.37257e-05
5.26981e-06
1.60235e-05
5.41334e-06
5.25528e-06
1.79768e-05
8.30571e-06
3.06909e-06
1.01814e-05
3.39627e-06
1.20886e-05
3.50665e-06
3.44127e-06
1.39036e-05
5.99318e-06
2.08025e-06
7.1752e-06
2.21418e-06
8.45123e-06
2.23221e-06
2.13711e-06
9.75602e-06
4.67953e-06
1.44547e-06
5.4204e-06
1.47516e-06
6.23582e-06
1.41727e-06
1.2878e-06
7.08609e-06
3.84047e-06
9.81131e-07
4.366e-06
9.49481e-07
4.93316e-06
8.5157e-07
6.93499e-07
5.52814e-06
3.10834e-06
6.1879e-07
3.51026e-06
5.49322e-07
3.93984e-06
4.22519e-07
2.44255e-07
4.39002e-06
2.40526e-06
3.39982e-07
2.71049e-06
2.43729e-07
3.04005e-06
9.42733e-08
-9.91888e-08
3.38407e-06
1.73559e-06
1.35346e-07
1.96635e-06
1.43598e-08
2.2113e-06
-1.5035e-07
-3.6577e-07
2.47866e-06
1.12373e-06
-4.5853e-09
1.28142e-06
-1.43698e-07
1.46136e-06
-3.29155e-07
-5.57658e-07
1.65378e-06
5.79354e-07
-8.69721e-08
6.81755e-07
-2.44712e-07
7.95273e-07
-4.42304e-07
-6.8442e-07
9.22727e-07
1.24231e-07
-1.21214e-07
1.71024e-07
-2.92004e-07
2.30233e-07
-5.00554e-07
-7.53719e-07
2.99893e-07
-2.47055e-07
-1.1604e-07
-2.41648e-07
-2.96439e-07
-2.28123e-07
-5.14028e-07
-7.76714e-07
-2.04681e-07
-5.29573e-07
-7.91424e-08
-5.58017e-07
-2.68654e-07
-5.78938e-07
-4.92475e-07
-7.62011e-07
-5.93444e-07
-7.31108e-07
-2.05963e-08
-7.81898e-07
-2.17054e-07
-8.28721e-07
-4.45768e-07
-7.1979e-07
-8.70665e-07
-8.57209e-07
5.14295e-08
-9.24436e-07
-1.50757e-07
-9.86737e-07
-3.83094e-07
-6.5964e-07
-1.04692e-06
-9.27927e-07
1.32151e-07
-1.00184e-06
-7.63509e-08
-1.07178e-06
-3.13584e-07
-5.91155e-07
-1.14018e-06
-9.5825e-07
2.16201e-07
-1.0335e-06
-2.05484e-09
-1.10291e-06
-2.43951e-07
-5.22604e-07
-1.17155e-06
-9.7498e-07
2.97318e-07
-1.04479e-06
6.83915e-08
-1.10764e-06
-1.81469e-07
-4.62861e-07
-1.16733e-06
-9.99605e-07
3.7058e-07
-1.06255e-06
1.30363e-07
-1.11555e-06
-1.28253e-07
-4.23162e-07
-1.15534e-06
-1.10655e-06
4.26013e-07
-1.14231e-06
1.66616e-07
-1.13215e-06
-1.38723e-07
-4.33725e-07
-1.12174e-06
-1.11722e-06
-1.08528e-06
-1.01941e-06
-9.32913e-07
7.13003e-06
2.4798e-05
1.18305e-05
1.34069e-05
1.23248e-05
2.9818e-06
7.67342e-06
-3.00234e-06
-1.32769e-06
3.40162e-06
-7.81191e-06
1.25856e-05
-8.4388e-06
-1.69968e-06
-1.44034e-05
-3.77826e-06
-1.7433e-05
-8.17622e-06
-1.06458e-05
-9.53571e-06
-6.3951e-06
-6.75563e-06
-4.44108e-06
-8.20381e-06
-2.7207e-06
1.56193e-06
4.02236e-07
-1.82917e-06
-2.25692e-06
-9.56464e-06
-4.70648e-06
-5.30315e-06
-4.67049e-06
-6.64605e-06
-1.98317e-06
-6.19188e-06
1.33374e-05
5.45864e-06
2.22278e-05
1.375e-06
1.74904e-05
-7.942e-06
1.22987e-05
-1.60268e-05
5.08237e-06
-2.12568e-05
8.63148e-06
-1.88023e-05
1.0131e-05
-1.71981e-05
-3.30398e-06
-1.76289e-05
-3.34767e-06
-1.75618e-05
-8.24324e-06
-1.76801e-05
-9.41749e-06
-1.93632e-05
-5.07246e-06
-1.87586e-05
-8.80835e-06
-1.26841e-05
-4.51247e-06
-8.72432e-06
-5.78883e-06
-1.07661e-05
-7.52264e-06
-1.10645e-05
-5.00475e-06
-1.3046e-05
-4.6648e-06
-1.309e-05
-6.14735e-06
2.47345e-07
-1.75756e-05
2.23436e-05
-2.29335e-05
2.2848e-05
-2.51803e-05
1.45451e-05
-2.58333e-05
5.7351e-06
-2.53122e-05
8.11018e-06
-2.53007e-05
1.01191e-05
-2.76269e-05
-9.77984e-07
-2.89225e-05
-2.05208e-06
-2.9278e-05
-7.88786e-06
-3.00743e-05
-8.62109e-06
-2.75224e-05
-7.62413e-06
-2.5879e-05
-1.04515e-05
-2.03616e-05
-1.00295e-05
-1.91896e-05
-6.96033e-06
-2.26524e-05
-4.05922e-06
-2.52962e-05
-2.36031e-06
-2.51094e-05
-4.85068e-06
-1.96534e-05
-1.16028e-05
-1.94052e-05
-3.35643e-05
2.10002e-05
-3.30197e-05
2.23029e-05
-3.33944e-05
1.49194e-05
-3.25558e-05
4.89619e-06
-2.867e-05
4.22381e-06
-2.78509e-05
9.29964e-06
-3.47448e-05
5.91563e-06
-3.73861e-05
5.89131e-07
-3.70087e-05
-8.26519e-06
-3.54495e-05
-1.01802e-05
-3.27917e-05
-1.02815e-05
-3.31807e-05
-1.00619e-05
-3.40896e-05
-9.11962e-06
-3.66187e-05
-4.43021e-06
-3.88743e-05
-1.80235e-06
-3.58987e-05
-5.3345e-06
-2.85924e-05
-1.21555e-05
-1.63983e-05
-2.37947e-05
-3.5802e-05
-3.75835e-05
1.56918e-05
-3.26414e-05
1.736e-05
-3.1345e-05
1.36223e-05
-3.16684e-05
5.21893e-06
-3.15254e-05
4.08046e-06
-3.2462e-05
1.02356e-05
-3.84575e-05
1.19109e-05
-4.13497e-05
3.48135e-06
-4.48516e-05
-4.76314e-06
-4.72621e-05
-7.76925e-06
-4.78214e-05
-9.72159e-06
-4.76845e-05
-1.01979e-05
-4.76187e-05
-9.18422e-06
-4.45611e-05
-7.48637e-06
-3.86396e-05
-7.72209e-06
-3.26787e-05
-1.12935e-05
-2.48945e-05
-1.99372e-05
-1.32033e-05
-3.54834e-05
-4.90042e-05
-3.79537e-05
1.06489e-05
-3.135e-05
1.07557e-05
-2.88302e-05
1.1102e-05
-3.15765e-05
7.96486e-06
-3.61846e-05
8.6882e-06
-3.93984e-05
1.34493e-05
-4.3428e-05
1.59405e-05
-4.80334e-05
8.08701e-06
-5.24906e-05
-3.05615e-07
-5.44242e-05
-5.83521e-06
-5.39723e-05
-1.01729e-05
-5.08241e-05
-1.33455e-05
-4.55762e-05
-1.44313e-05
-3.8767e-05
-1.42944e-05
-3.16704e-05
-1.48173e-05
-2.50287e-05
-1.79335e-05
-1.755e-05
-2.74144e-05
-7.87515e-06
-4.51571e-05
-5.68795e-05
-3.66212e-05
8.75489e-06
-3.32465e-05
7.38096e-06
-3.22934e-05
1.0149e-05
-3.59687e-05
1.16402e-05
-4.09112e-05
1.36309e-05
-4.40266e-05
1.65651e-05
-4.55488e-05
1.74629e-05
-4.93554e-05
1.1894e-05
-5.26879e-05
3.02701e-06
-5.26444e-05
-5.87869e-06
-5.00169e-05
-1.28007e-05
-4.5852e-05
-1.75105e-05
-4.02487e-05
-2.00347e-05
-3.33027e-05
-2.12403e-05
-2.55363e-05
-2.25834e-05
-1.79024e-05
-2.55674e-05
-1.06591e-05
-3.46578e-05
-3.6379e-06
-5.21788e-05
-6.05178e-05
-3.16421e-05
8.93919e-06
-3.26638e-05
8.40292e-06
-3.35482e-05
1.10337e-05
-3.56658e-05
1.37583e-05
-3.84739e-05
1.64393e-05
-4.0876e-05
1.89676e-05
-4.25726e-05
1.91598e-05
-4.53088e-05
1.46303e-05
-4.69865e-05
4.70464e-06
-4.63257e-05
-6.53975e-06
-4.3664e-05
-1.54628e-05
-4.10109e-05
-2.01639e-05
-3.73493e-05
-2.36966e-05
-3.12588e-05
-2.7331e-05
-2.33364e-05
-3.0506e-05
-1.45275e-05
-3.43765e-05
-6.75599e-06
-4.24295e-05
-2.52233e-06
-5.64121e-05
-6.30393e-05
-3.38633e-05
9.78979e-06
-3.5031e-05
9.56996e-06
-3.55914e-05
1.15938e-05
-3.62063e-05
1.4373e-05
-3.80426e-05
1.82752e-05
-3.97301e-05
2.06546e-05
-4.10067e-05
2.04357e-05
-4.26604e-05
1.62837e-05
-4.43145e-05
6.35945e-06
-4.26431e-05
-8.21032e-06
-4.01193e-05
-1.79855e-05
-3.93537e-05
-2.09284e-05
-3.7794e-05
-2.52554e-05
-3.2799e-05
-3.23249e-05
-2.54446e-05
-3.78594e-05
-1.67982e-05
-4.30217e-05
-8.53935e-06
-5.06874e-05
-4.61173e-06
-6.03388e-05
-6.7649e-05
-4.89922e-05
8.92366e-06
-4.18101e-05
2.38847e-06
-3.3745e-05
3.52695e-06
-3.19082e-05
1.25336e-05
-3.31717e-05
1.95355e-05
-3.71671e-05
2.46493e-05
-4.616e-05
2.94293e-05
-5.97356e-05
2.98578e-05
-7.59841e-05
2.26053e-05
-6.64487e-05
-1.77491e-05
-5.98964e-05
-2.45337e-05
-5.61485e-05
-2.4664e-05
-4.83005e-05
-3.30839e-05
-3.99214e-05
-4.06793e-05
-3.12014e-05
-4.65526e-05
-2.29121e-05
-5.12954e-05
-1.51327e-05
-5.84627e-05
-7.6739e-06
-6.77958e-05
-7.53222e-05
-7.09643e-07
3.36845e-06
-6.60635e-06
8.2887e-06
-1.62387e-05
1.31614e-05
-1.6857e-05
1.31525e-05
-1.92075e-05
2.18812e-05
-1.62719e-05
2.17077e-05
-3.79193e-06
1.69475e-05
1.06968e-05
1.53682e-05
2.45764e-05
8.72163e-06
8.89483e-06
-2.07568e-06
-3.62994e-05
2.06523e-05
-6.29379e-05
1.96683e-06
-5.62047e-05
-3.98255e-05
-4.96926e-05
-4.71988e-05
-4.44395e-05
-5.18118e-05
-3.324e-05
-6.2503e-05
-2.0014e-05
-7.1686e-05
-9.89728e-06
-7.79201e-05
-8.5221e-05
2.48147e-05
1.51248e-05
1.76169e-05
1.54878e-05
1.53927e-05
1.53893e-05
1.11788e-05
1.73687e-05
1.68012e-05
1.62611e-05
2.82284e-05
1.02819e-05
3.99103e-05
5.26617e-06
5.0613e-05
4.66769e-06
5.42635e-05
5.07353e-06
4.49795e-05
7.21094e-06
4.54058e-05
2.02226e-05
4.46844e-05
2.67646e-06
2.29279e-05
-1.80863e-05
9.88291e-07
-2.5282e-05
-8.69027e-06
-4.21574e-05
-9.71489e-06
-6.149e-05
-7.53838e-06
-7.38712e-05
-1.22225e-06
-8.42336e-05
-8.64421e-05
3.40465e-05
1.88723e-05
3.30757e-05
1.64587e-05
3.30739e-05
1.53919e-05
3.47706e-05
1.56729e-05
4.09171e-05
1.01209e-05
4.33284e-05
7.87821e-06
4.06269e-05
7.97111e-06
3.99431e-05
5.35331e-06
4.00786e-05
4.94115e-06
4.06932e-05
6.60299e-06
5.21134e-05
8.80862e-06
5.79453e-05
-3.14557e-06
4.49439e-05
-5.07343e-06
3.44612e-05
-1.47882e-05
2.16611e-05
-2.93473e-05
1.00826e-05
-4.99035e-05
4.70225e-06
-6.84835e-05
3.5953e-06
-8.31197e-05
-8.2843e-05
3.01376e-05
1.7633e-05
3.37386e-05
1.28569e-05
3.5411e-05
1.37188e-05
3.65799e-05
1.45036e-05
3.25508e-05
1.41497e-05
2.49937e-05
1.5435e-05
1.90415e-05
1.39233e-05
1.92211e-05
5.17479e-06
2.17126e-05
2.45266e-06
2.69592e-05
1.3615e-06
3.43687e-05
1.40605e-06
3.59815e-05
-4.74955e-06
3.50913e-05
-4.17295e-06
3.19778e-05
-1.16644e-05
2.61552e-05
-2.3516e-05
1.7079e-05
-4.08206e-05
1.0274e-05
-6.16732e-05
6.1891e-06
-7.90297e-05
-7.6651e-05
1.79725e-05
1.23532e-05
2.37483e-05
7.08117e-06
2.25891e-05
1.48784e-05
1.8538e-05
1.85549e-05
1.05047e-05
2.21835e-05
1.26286e-06
2.46772e-05
-1.07691e-06
1.62636e-05
3.35728e-06
7.41996e-07
9.78276e-06
-3.9703e-06
1.46681e-05
-3.5199e-06
1.80358e-05
-1.95635e-06
1.90799e-05
-5.78733e-06
1.82598e-05
-3.34569e-06
1.85008e-05
-1.18986e-05
1.82166e-05
-2.32261e-05
1.5419e-05
-3.80192e-05
1.14396e-05
-5.76905e-05
7.02043e-06
-7.46069e-05
-6.96287e-05
5.42146e-06
7.48818e-06
8.64324e-06
3.86038e-06
6.74708e-06
1.67759e-05
2.30312e-06
2.30004e-05
-4.27303e-06
2.8761e-05
-1.01453e-05
3.05507e-05
-7.14748e-06
1.32671e-05
-1.96023e-06
-4.44363e-06
1.62754e-06
-7.55574e-06
2.94993e-06
-4.83923e-06
2.88344e-06
-1.88623e-06
2.94391e-06
-5.84404e-06
7.6972e-06
-8.09539e-06
1.26004e-05
-1.67984e-05
1.5662e-05
-2.6285e-05
1.49655e-05
-3.73203e-05
1.23176e-05
-5.50404e-05
7.05714e-06
-6.93442e-05
-6.25702e-05
-3.7691e-06
7.04667e-06
-4.77046e-06
4.86317e-06
-3.48611e-06
1.54933e-05
-3.10647e-06
2.26226e-05
-3.64206e-06
2.92984e-05
-4.2378e-06
3.11481e-05
-4.78838e-06
1.38193e-05
-6.92831e-06
-2.30181e-06
-7.44819e-06
-7.03368e-06
-7.47703e-06
-4.80808e-06
-4.30937e-06
-5.05162e-06
-3.0108e-07
-9.85036e-06
6.89874e-06
-1.52935e-05
1.3001e-05
-2.28992e-05
1.66417e-05
-2.99241e-05
1.65403e-05
-3.72176e-05
1.37282e-05
-5.2227e-05
7.1378e-06
-6.2752e-05
-5.54315e-05
-3.07171e-06
1.10375e-05
-6.95127e-06
8.74431e-06
-5.09026e-06
1.36343e-05
-1.26883e-06
1.88033e-05
3.59542e-06
2.44362e-05
7.99836e-06
2.67471e-05
7.28503e-06
1.45345e-05
1.09931e-06
3.88597e-06
-3.14432e-06
-2.78796e-06
-2.14843e-06
-5.80203e-06
1.95007e-06
-9.1486e-06
6.21891e-06
-1.41181e-05
1.12357e-05
-2.03095e-05
1.56766e-05
-2.73394e-05
1.8427e-05
-3.26738e-05
1.80355e-05
-3.68252e-05
1.45493e-05
-4.87394e-05
7.63572e-06
-5.58373e-05
-4.77949e-05
6.57236e-06
1.48375e-05
2.88163e-06
1.24366e-05
2.34202e-06
1.41757e-05
5.19439e-06
1.59529e-05
1.11567e-05
1.84758e-05
1.77141e-05
2.01916e-05
1.85947e-05
1.36558e-05
1.56056e-05
6.87692e-06
1.26673e-05
1.52193e-07
1.19744e-05
-5.10756e-06
1.27777e-05
-9.95065e-06
1.40799e-05
-1.54194e-05
1.53016e-05
-2.15306e-05
1.66491e-05
-2.86863e-05
1.82056e-05
-3.42296e-05
1.77388e-05
-3.63575e-05
1.4067e-05
-4.50668e-05
7.91283e-06
-4.96816e-05
-3.98815e-05
1.60923e-05
1.57682e-05
1.48002e-05
1.37301e-05
1.4619e-05
1.43587e-05
1.57713e-05
1.48024e-05
1.92842e-05
1.49648e-05
2.44205e-05
1.50572e-05
2.70349e-05
1.10432e-05
2.7836e-05
6.07764e-06
2.74125e-05
5.77464e-07
2.73162e-05
-5.0098e-06
2.69167e-05
-9.54995e-06
2.54226e-05
-1.39243e-05
2.30377e-05
-1.9145e-05
2.02669e-05
-2.5915e-05
1.82737e-05
-3.22356e-05
1.64019e-05
-3.44849e-05
1.27506e-05
-4.14144e-05
7.21479e-06
-4.4145e-05
-3.26658e-05
2.12167e-05
1.40153e-05
2.2264e-05
1.26841e-05
2.36932e-05
1.2931e-05
2.54413e-05
1.30559e-05
2.78996e-05
1.25081e-05
3.13785e-05
1.158e-05
3.39812e-05
8.44228e-06
3.56993e-05
4.36129e-06
3.67209e-05
-4.42521e-07
3.6854e-05
-5.1415e-06
3.63929e-05
-9.08758e-06
3.47604e-05
-1.22909e-05
3.14177e-05
-1.58015e-05
2.62625e-05
-2.07589e-05
2.04375e-05
-2.64097e-05
1.6066e-05
-3.01125e-05
1.15599e-05
-3.69074e-05
5.88919e-06
-3.84729e-05
-2.67762e-05
2.1371e-05
1.06222e-05
2.41103e-05
9.94605e-06
2.69359e-05
1.01068e-05
2.98935e-05
1.00998e-05
3.29453e-05
9.45801e-06
3.6277e-05
8.25e-06
3.88211e-05
5.89986e-06
4.05803e-05
2.60377e-06
4.15225e-05
-1.38311e-06
4.15597e-05
-5.1772e-06
4.07542e-05
-8.28067e-06
3.90425e-05
-1.0578e-05
3.58128e-05
-1.25708e-05
3.04768e-05
-1.54219e-05
2.30867e-05
-1.90187e-05
1.68791e-05
-2.39037e-05
1.0306e-05
-3.03331e-05
4.33701e-06
-3.25031e-05
-2.24382e-05
1.75827e-05
6.94406e-06
2.10714e-05
6.45856e-06
2.47271e-05
6.4524e-06
2.84714e-05
6.35688e-06
3.21439e-05
5.78711e-06
3.5685e-05
4.7105e-06
3.86566e-05
2.92992e-06
4.07619e-05
5.0013e-07
4.17147e-05
-2.33434e-06
4.1584e-05
-5.04495e-06
4.051e-05
-7.20529e-06
3.86411e-05
-8.70775e-06
3.58457e-05
-9.77417e-06
3.12823e-05
-1.08573e-05
2.45503e-05
-1.22855e-05
1.75555e-05
-1.69078e-05
9.40239e-06
-2.21789e-05
2.8027e-06
-2.59017e-05
-1.96352e-05
1.26244e-05
4.07683e-06
1.56632e-05
3.42089e-06
1.91135e-05
3.00327e-06
2.28486e-05
2.62325e-06
2.66108e-05
2.02641e-06
3.0192e-05
1.13088e-06
3.32641e-05
-1.40522e-07
3.55339e-05
-1.76799e-06
3.67822e-05
-3.58102e-06
3.69923e-05
-5.25348e-06
3.62932e-05
-6.50474e-06
3.47982e-05
-7.21134e-06
3.24759e-05
-7.45046e-06
2.89902e-05
-7.37026e-06
2.38205e-05
-7.11447e-06
1.67926e-05
-9.87863e-06
8.99114e-06
-1.4376e-05
1.89269e-06
-1.88025e-05
-1.77413e-05
9.00213e-06
2.16177e-06
1.10594e-05
1.36468e-06
1.34769e-05
5.86957e-07
1.6295e-05
-1.93542e-07
1.93586e-05
-1.03578e-06
2.24149e-05
-1.92383e-06
2.5221e-05
-2.94501e-06
2.751e-05
-4.05538e-06
2.90934e-05
-5.16283e-06
2.98719e-05
-6.03044e-06
2.98263e-05
-6.45763e-06
2.89722e-05
-6.35578e-06
2.73012e-05
-5.77798e-06
2.47228e-05
-4.79037e-06
2.09861e-05
-3.37638e-06
1.49595e-05
-3.85064e-06
8.35636e-06
-7.77175e-06
2.28725e-06
-1.27315e-05
-1.54539e-05
6.8893e-06
8.01648e-07
8.30243e-06
-4.74992e-08
9.85502e-06
-9.64559e-07
1.16102e-05
-1.94749e-06
1.35736e-05
-2.99774e-06
1.57141e-05
-4.06294e-06
1.78749e-05
-5.10419e-06
1.98778e-05
-6.05674e-06
2.15257e-05
-6.80911e-06
2.26573e-05
-7.16055e-06
2.31453e-05
-6.94403e-06
2.2876e-05
-6.08499e-06
2.17765e-05
-4.67695e-06
1.97548e-05
-2.76714e-06
1.67939e-05
-4.13929e-07
1.24704e-05
4.7425e-07
7.60434e-06
-2.90406e-06
3.05819e-06
-8.18467e-06
-1.23943e-05
5.43024e-06
-2.37738e-07
6.51697e-06
-1.1334e-06
7.6836e-06
-2.13025e-06
8.93875e-06
-3.20153e-06
1.02661e-05
-4.32385e-06
1.1658e-05
-5.45342e-06
1.3083e-05
-6.52775e-06
1.44719e-05
-7.44416e-06
1.57352e-05
-8.07094e-06
1.67613e-05
-8.18512e-06
1.73984e-05
-7.57961e-06
1.7457e-05
-6.14207e-06
1.67514e-05
-3.96988e-06
1.5168e-05
-1.18221e-06
1.2768e-05
1.9876e-06
1.0018e-05
3.22558e-06
6.93052e-06
1.84496e-07
3.37443e-06
-4.6264e-06
-9.01981e-06
4.18984e-06
-1.04267e-06
5.08055e-06
-2.02337e-06
6.02908e-06
-3.07796e-06
7.02281e-06
-4.19428e-06
8.03111e-06
-5.33101e-06
9.0179e-06
-6.43896e-06
9.95449e-06
-7.463e-06
1.08197e-05
-8.30793e-06
1.15925e-05
-8.84236e-06
1.22706e-05
-8.86172e-06
1.27698e-05
-8.07734e-06
1.29178e-05
-6.28865e-06
1.24912e-05
-3.54175e-06
1.13747e-05
-6.41963e-08
9.70021e-06
3.66351e-06
8.0707e-06
4.85641e-06
6.06113e-06
2.19568e-06
3.25076e-06
-1.81567e-06
-5.7676e-06
3.10471e-06
-1.66803e-06
3.79532e-06
-2.71339e-06
4.54948e-06
-3.83144e-06
5.33763e-06
-4.98158e-06
6.12364e-06
-6.11603e-06
6.86757e-06
-7.18177e-06
7.52213e-06
-8.11636e-06
8.05907e-06
-8.84361e-06
8.47539e-06
-9.25737e-06
8.7923e-06
-9.1773e-06
9.04518e-06
-8.32886e-06
9.16522e-06
-6.40731e-06
8.97685e-06
-3.35197e-06
8.33933e-06
5.74706e-07
7.38053e-06
4.62362e-06
6.554e-06
5.68416e-06
5.23732e-06
3.51315e-06
2.89504e-06
5.28857e-07
-2.87271e-06
2.10868e-06
-2.12225e-06
2.63129e-06
-3.23548e-06
3.20879e-06
-4.40839e-06
3.81926e-06
-5.59136e-06
4.43489e-06
-6.7308e-06
5.00156e-06
-7.74747e-06
5.47186e-06
-8.58561e-06
5.79979e-06
-9.17041e-06
5.96618e-06
-9.42259e-06
6.01905e-06
-9.22897e-06
6.02809e-06
-8.33666e-06
6.05794e-06
-6.43589e-06
6.06106e-06
-3.35381e-06
5.89925e-06
7.37776e-07
5.62508e-06
4.89897e-06
5.37249e-06
5.93782e-06
4.43803e-06
4.44905e-06
2.4666e-06
2.50021e-06
-4.04694e-07
1.22588e-06
-2.42491e-06
1.59346e-06
-3.60268e-06
2.01363e-06
-4.82813e-06
2.46955e-06
-6.04671e-06
2.9273e-06
-7.18786e-06
3.35046e-06
-8.16983e-06
3.68551e-06
-8.91977e-06
3.8858e-06
-9.36975e-06
3.9123e-06
-9.44809e-06
3.77696e-06
-9.09259e-06
3.58407e-06
-8.14271e-06
3.48331e-06
-6.33406e-06
3.58941e-06
-3.45881e-06
3.86457e-06
4.63686e-07
4.22461e-06
4.53993e-06
4.3826e-06
5.78073e-06
3.70575e-06
5.12629e-06
1.99579e-06
4.21224e-06
1.59064e-06
4.70701e-07
-2.59527e-06
6.98185e-07
-3.82989e-06
9.75971e-07
-5.10563e-06
1.28629e-06
-6.35663e-06
1.60283e-06
-7.50388e-06
1.89881e-06
-8.46518e-06
2.12671e-06
-9.14696e-06
2.23023e-06
-9.4725e-06
2.18102e-06
-9.39808e-06
1.95276e-06
-8.8635e-06
1.61786e-06
-7.80694e-06
1.36982e-06
-6.08515e-06
1.46624e-06
-3.55435e-06
2.07033e-06
-1.39554e-07
2.97544e-06
3.63561e-06
3.47827e-06
5.27858e-06
3.01704e-06
5.58864e-06
1.48849e-06
5.74018e-06
3.08038e-06
-1.43288e-07
-2.65638e-06
-3.56272e-08
-3.93741e-06
1.11622e-07
-5.25273e-06
2.85656e-07
-6.53042e-06
4.68223e-07
-7.68609e-06
6.37409e-07
-8.63392e-06
7.65131e-07
-9.27418e-06
8.16145e-07
-9.52296e-06
7.28424e-07
-9.30977e-06
4.7116e-07
-8.60562e-06
7.95347e-08
-7.4147e-06
-2.70627e-07
-5.73436e-06
-2.86128e-07
-3.53823e-06
4.70885e-07
-8.95961e-07
1.76971e-06
2.33733e-06
2.58381e-06
4.46494e-06
2.36171e-06
5.81063e-06
1.08065e-06
7.02297e-06
4.16027e-06
-6.19829e-07
-2.62977e-06
-6.10288e-07
-3.94692e-06
-5.71816e-07
-5.29118e-06
-5.1595e-07
-6.58619e-06
-4.54442e-07
-7.74742e-06
-4.01411e-07
-8.6867e-06
-3.68135e-07
-9.30714e-06
-3.76649e-07
-9.51411e-06
-4.60271e-07
-9.22578e-06
-6.61221e-07
-8.40429e-06
-9.97232e-07
-7.0783e-06
-1.39063e-06
-5.34058e-06
-1.56662e-06
-3.36188e-06
-8.98383e-07
-1.56387e-06
5.62856e-07
8.76382e-07
1.6135e-06
3.41451e-06
1.69771e-06
5.72714e-06
7.63193e-07
7.95637e-06
4.92453e-06
-9.62077e-07
-2.53832e-06
-1.02935e-06
-3.87972e-06
-1.08209e-06
-5.23853e-06
-1.13196e-06
-6.53636e-06
-1.1863e-06
-7.69306e-06
-1.24624e-06
-8.62667e-06
-1.30705e-06
-9.24622e-06
-1.36719e-06
-9.45382e-06
-1.43741e-06
-9.15541e-06
-1.54782e-06
-8.29373e-06
-1.73597e-06
-6.89e-06
-1.99649e-06
-5.07993e-06
-2.17112e-06
-3.18713e-06
-1.80177e-06
-1.93311e-06
-6.33041e-07
-2.92273e-07
5.38442e-07
2.24305e-06
9.1452e-07
5.35054e-06
5.4062e-07
8.3317e-06
5.46418e-06
-1.181e-06
-2.40424e-06
-1.30265e-06
-3.75823e-06
-1.42579e-06
-5.11557e-06
-1.56411e-06
-6.39819e-06
-1.72202e-06
-7.53524e-06
-1.89026e-06
-8.45849e-06
-2.04767e-06
-9.08884e-06
-2.1692e-06
-9.33232e-06
-2.23746e-06
-9.08717e-06
-2.25411e-06
-8.27709e-06
-2.2484e-06
-6.89574e-06
-2.24865e-06
-5.07972e-06
-2.2592e-06
-3.17665e-06
-2.26808e-06
-1.92432e-06
-1.692e-06
-8.68474e-07
-6.46335e-07
1.19725e-06
8.31195e-08
4.62151e-06
3.54479e-07
8.05887e-06
5.81963e-06
-1.29487e-06
-2.24965e-06
-1.44736e-06
-3.60595e-06
-1.61829e-06
-4.94488e-06
-1.82484e-06
-6.19186e-06
-2.07012e-06
-7.29014e-06
-2.33787e-06
-8.1909e-06
-2.59335e-06
-8.83349e-06
-2.79181e-06
-9.13399e-06
-2.88944e-06
-8.98968e-06
-2.85898e-06
-8.3077e-06
-2.70371e-06
-7.05118e-06
-2.47461e-06
-5.309e-06
-2.26324e-06
-3.38823e-06
-2.3301e-06
-1.85766e-06
-2.31759e-06
-8.81189e-07
-1.72707e-06
6.065e-07
-8.10169e-07
3.70385e-06
2.99096e-08
7.22012e-06
5.84848e-06
-1.32637e-06
-2.09489e-06
-1.48674e-06
-3.44579e-06
-1.68015e-06
-4.75171e-06
-1.92968e-06
-5.94257e-06
-2.23975e-06
-6.98029e-06
-2.59114e-06
-7.83971e-06
-2.94097e-06
-8.48385e-06
-3.23045e-06
-8.8447e-06
-3.39537e-06
-8.82496e-06
-3.38236e-06
-8.32092e-06
-3.16993e-06
-7.26384e-06
-2.79691e-06
-5.68228e-06
-2.39732e-06
-3.78809e-06
-2.24348e-06
-2.01179e-06
-2.41355e-06
-7.11424e-07
-2.31454e-06
5.07211e-07
-1.53909e-06
2.92876e-06
-3.92089e-07
6.07149e-06
5.45731e-06
-1.29941e-06
-1.96293e-06
-1.44029e-06
-3.30503e-06
-1.62537e-06
-4.56677e-06
-1.88488e-06
-5.68317e-06
-2.22648e-06
-6.63878e-06
-2.63305e-06
-7.4332e-06
-3.0625e-06
-8.05446e-06
-3.44948e-06
-8.45778e-06
-3.71582e-06
-8.55868e-06
-3.78532e-06
-8.25149e-06
-3.60853e-06
-7.44071e-06
-3.19803e-06
-6.09287e-06
-2.67633e-06
-4.3099e-06
-2.29658e-06
-2.39164e-06
-2.28564e-06
-7.22421e-07
-2.4188e-06
6.40311e-07
-2.02619e-06
2.53549e-06
-9.23129e-07
4.96993e-06
4.53358e-06
-1.2288e-06
-1.88957e-06
-1.30909e-06
-3.22492e-06
-1.44439e-06
-4.43166e-06
-1.66871e-06
-5.45905e-06
-1.9944e-06
-6.31331e-06
-2.41064e-06
-7.01717e-06
-2.88418e-06
-7.58115e-06
-3.35788e-06
-7.98432e-06
-3.74913e-06
-8.1677e-06
-3.96218e-06
-8.03872e-06
-3.91394e-06
-7.48927e-06
-3.56998e-06
-6.43717e-06
-3.00987e-06
-4.87035e-06
-2.47888e-06
-2.92299e-06
-2.27655e-06
-9.25114e-07
-2.3874e-06
7.50764e-07
-2.25511e-06
2.40353e-06
-1.29824e-06
4.01171e-06
3.23507e-06
-1.07887e-06
-1.93267e-06
-1.05197e-06
-3.25209e-06
-1.09828e-06
-4.38565e-06
-1.24596e-06
-5.3117e-06
-1.49987e-06
-6.05974e-06
-1.85821e-06
-6.6592e-06
-2.30591e-06
-7.13384e-06
-2.80664e-06
-7.48402e-06
-3.29812e-06
-7.67668e-06
-3.67957e-06
-7.65776e-06
-3.84392e-06
-7.32543e-06
-3.68957e-06
-6.59206e-06
-3.22332e-06
-5.33716e-06
-2.60852e-06
-3.53836e-06
-2.25256e-06
-1.28163e-06
-2.31657e-06
8.14267e-07
-2.18643e-06
2.27241e-06
-1.41278e-06
3.2377e-06
1.82219e-06
-7.40924e-07
-6.1555e-07
-5.83105e-07
-6.40206e-07
-7.80402e-07
-9.9837e-07
-1.29321e-06
-1.65962e-06
-2.07041e-06
-2.47799e-06
-2.79546e-06
-2.93588e-06
-2.80052e-06
-2.40758e-06
-2.06186e-06
-2.15144e-06
-1.94104e-06
-1.24486e-06
)
;

boundaryField
{
    leftWall
    {
        type            calculated;
        value           uniform 0;
    }
    rightWall
    {
        type            calculated;
        value           uniform 0;
    }
    lowerWall
    {
        type            calculated;
        value           uniform 0;
    }
    atmosphere
    {
        type            calculated;
        value           nonuniform List<scalar> 
46
(
2.07931e-05
2.13372e-05
1.64858e-05
9.53887e-06
4.8538e-06
2.26884e-06
7.45417e-07
-2.48718e-07
-8.63695e-07
-1.2165e-06
-1.36653e-06
-1.3713e-06
-1.26535e-06
-1.07633e-06
-8.1949e-07
-5.02474e-07
-1.253e-07
3.19941e-07
8.48648e-07
1.46922e-06
2.04004e-06
2.1511e-06
1.64906e-06
4.15201e-07
1.3401e-07
-2.04911e-07
-5.20343e-07
-2.12476e-06
-3.37758e-06
-4.41822e-06
-5.25472e-06
-5.91968e-06
-6.44138e-06
-6.83916e-06
-7.11778e-06
-7.26606e-06
-7.25038e-06
-7.00816e-06
-6.45185e-06
-5.47272e-06
-3.93152e-06
-1.62757e-06
9.03614e-07
2.0619e-06
2.54145e-06
5.77321e-07
)
;
    }
    defaultFaces
    {
        type            empty;
        value           nonuniform List<scalar> 0();
    }
}


// ************************************************************************* //
