/*--------------------------------*- C++ -*----------------------------------*\
| =========                 |                                                 |
| \\      /  F ield         | OpenFOAM: The Open Source CFD Toolbox           |
|  \\    /   O peration     | Version:  2312                                  |
|   \\  /    A nd           | Website:  www.openfoam.com                      |
|    \\/     M anipulation  |                                                 |
\*---------------------------------------------------------------------------*/
FoamFile
{
    version     2.0;
    format      ascii;
    arch        "LSB;label=32;scalar=64";
    class       surfaceScalarField;
    location    "4.7";
    object      phi;
}
// * * * * * * * * * * * * * * * * * * * * * * * * * * * * * * * * * * * * * //

dimensions      [0 3 -1 0 0 0 0];

oriented        oriented;

internalField   nonuniform List<scalar> 
4432
(
7.31874e-07
-7.31922e-07
1.01565e-06
-2.83814e-07
1.20485e-06
-1.89212e-07
1.33451e-06
-1.29661e-07
1.4215e-06
-8.69864e-08
1.47632e-06
-5.48094e-08
1.51969e-06
-4.33511e-08
1.58128e-06
-6.15867e-08
1.68715e-06
-1.05861e-07
1.84465e-06
-1.57498e-07
2.04276e-06
-1.98094e-07
2.25585e-06
-2.13083e-07
2.45577e-06
-1.99896e-07
2.61853e-06
-1.62735e-07
2.73161e-06
-1.13055e-07
2.78998e-06
-5.83321e-08
2.77385e-06
1.61858e-08
2.64173e-06
1.32176e-07
2.33112e-06
3.10673e-07
1.80582e-06
5.25354e-07
1.13815e-06
6.67721e-07
4.21725e-07
7.16481e-07
4.21715e-07
2.20299e-07
-9.52309e-07
4.87677e-07
-5.51252e-07
6.9278e-07
-3.94355e-07
8.40675e-07
-2.77576e-07
9.44699e-07
-1.91018e-07
1.01433e-06
-1.24432e-07
1.07556e-06
-1.04584e-07
1.16055e-06
-1.46562e-07
1.29292e-06
-2.38238e-07
1.47984e-06
-3.44406e-07
1.71044e-06
-4.28679e-07
1.95579e-06
-4.58404e-07
2.18575e-06
-4.29809e-07
2.37558e-06
-3.52497e-07
2.515e-06
-2.52372e-07
2.60143e-06
-1.4465e-07
2.62508e-06
-7.34013e-09
2.53287e-06
2.24552e-07
2.26017e-06
5.83556e-07
1.7653e-06
1.02043e-06
1.14037e-06
1.29287e-06
5.02905e-07
1.35417e-06
9.24924e-07
9.90829e-08
-1.05141e-06
3.48543e-07
-8.00724e-07
5.35524e-07
-5.81339e-07
6.59287e-07
-4.01334e-07
7.33001e-07
-2.64723e-07
7.72923e-07
-1.6434e-07
8.11853e-07
-1.43501e-07
8.81458e-07
-2.16154e-07
1.00564e-06
-3.62403e-07
1.19152e-06
-5.30255e-07
1.42929e-06
-6.66417e-07
1.6863e-06
-7.15369e-07
1.92935e-06
-6.728e-07
2.1325e-06
-5.55597e-07
2.29205e-06
-4.11862e-07
2.41407e-06
-2.66623e-07
2.48633e-06
-7.95511e-08
2.46441e-06
2.46519e-07
2.25344e-06
7.94572e-07
1.78578e-06
1.48814e-06
1.1881e-06
1.8906e-06
6.18662e-07
1.92367e-06
1.54352e-06
2.06845e-07
-1.25828e-06
4.85808e-07
-1.07971e-06
6.80142e-07
-7.75686e-07
7.66475e-07
-4.87673e-07
7.8351e-07
-2.81754e-07
7.73533e-07
-1.54349e-07
7.78275e-07
-1.48221e-07
8.1854e-07
-2.56389e-07
9.09191e-07
-4.53015e-07
1.05886e-06
-6.79875e-07
1.2697e-06
-8.77181e-07
1.50528e-06
-9.50877e-07
1.72816e-06
-8.95606e-07
1.91245e-06
-7.39803e-07
2.06596e-06
-5.65291e-07
2.21425e-06
-4.14845e-07
2.36118e-06
-2.26424e-07
2.44405e-06
1.63736e-07
2.32917e-06
9.09585e-07
1.88733e-06
1.93014e-06
1.29203e-06
2.48608e-06
7.69209e-07
2.44666e-06
2.31299e-06
4.3919e-07
-1.69745e-06
8.14331e-07
-1.45483e-06
1.07709e-06
-1.03843e-06
1.16825e-06
-5.7881e-07
1.15123e-06
-2.64717e-07
1.10473e-06
-1.07829e-07
1.08828e-06
-1.31758e-07
1.09921e-06
-2.67295e-07
1.12153e-06
-4.75324e-07
1.17597e-06
-7.34293e-07
1.3181e-06
-1.01931e-06
1.49084e-06
-1.1236e-06
1.64064e-06
-1.0454e-06
1.74815e-06
-8.47329e-07
1.83696e-06
-6.54127e-07
1.95361e-06
-5.31522e-07
2.14873e-06
-4.21565e-07
2.36294e-06
-5.04788e-08
2.38558e-06
8.86942e-07
1.99585e-06
2.31987e-06
1.36125e-06
3.12068e-06
8.83704e-07
2.92423e-06
3.1966e-06
6.9358e-07
-2.39099e-06
1.25952e-06
-2.02072e-06
1.60931e-06
-1.38815e-06
1.72765e-06
-6.97067e-07
1.74286e-06
-2.79813e-07
1.75765e-06
-1.2248e-07
1.83007e-06
-2.04009e-07
1.92465e-06
-3.61667e-07
2.00784e-06
-5.5828e-07
2.0713e-06
-7.97484e-07
2.08991e-06
-1.03762e-06
2.16997e-06
-1.20345e-06
2.19029e-06
-1.06556e-06
2.09296e-06
-7.49865e-07
1.89843e-06
-4.59501e-07
1.7403e-06
-3.73323e-07
1.8348e-06
-5.1602e-07
2.02079e-06
-2.36421e-07
2.24402e-06
6.63783e-07
2.0531e-06
2.51083e-06
1.42339e-06
3.75043e-06
8.37591e-07
3.51006e-06
4.03429e-06
7.21774e-07
-3.11267e-06
1.65086e-06
-2.94969e-06
2.24948e-06
-1.98663e-06
2.89509e-06
-1.3425e-06
3.8185e-06
-1.20299e-06
4.89149e-06
-1.19516e-06
5.63344e-06
-9.45584e-07
5.75593e-06
-4.83708e-07
5.15877e-06
3.93913e-08
3.82436e-06
5.37523e-07
1.75645e-06
1.03087e-06
7.35755e-07
-1.82203e-07
7.30992e-07
-1.06029e-06
1.12376e-06
-1.14217e-06
1.59849e-06
-9.3384e-07
1.83609e-06
-6.10557e-07
2.23178e-06
-9.11437e-07
2.39312e-06
-3.97573e-07
2.08962e-06
9.67396e-07
1.76081e-06
2.8397e-06
1.5204e-06
3.9909e-06
7.58629e-07
4.27193e-06
4.79294e-06
7.57063e-07
-3.86961e-06
1.82852e-06
-4.02103e-06
2.56361e-06
-2.72161e-06
3.04834e-06
-1.82709e-06
3.42881e-06
-1.5833e-06
3.88473e-06
-1.65088e-06
4.2327e-06
-1.29331e-06
4.4328e-06
-6.83532e-07
4.16081e-06
3.11702e-07
3.55452e-06
1.14413e-06
3.1823e-06
1.40344e-06
2.48e-06
5.20449e-07
1.67878e-06
-2.58712e-07
1.13879e-06
-6.01836e-07
3.84591e-07
-1.79316e-07
-1.28155e-06
1.05587e-06
-2.76354e-06
5.70768e-07
-2.38257e-06
-7.78434e-07
-9.00464e-07
-5.14639e-07
4.0996e-07
1.52934e-06
1.1772e-06
3.22372e-06
7.75534e-07
4.6736e-06
5.56857e-06
2.39456e-07
-2.3944e-07
2.61616e-06
-2.37669e-06
4.58084e-06
-1.96468e-06
5.48794e-06
-9.071e-07
5.91596e-06
-4.28013e-07
5.83703e-06
7.89363e-08
5.27021e-06
5.66823e-07
4.3272e-06
9.43009e-07
2.78401e-06
1.5432e-06
9.4763e-07
1.83638e-06
-2.82824e-07
1.23045e-06
-9.05032e-07
6.22211e-07
-1.36349e-06
4.58457e-07
-1.41873e-06
5.52375e-08
-1.33613e-06
-8.2609e-08
-1.07535e-06
-2.60792e-07
-7.51888e-07
-3.23474e-07
-3.51754e-07
-4.00148e-07
-3.51758e-07
1.69477e-06
-1.93415e-06
3.46561e-06
-4.14749e-06
5.13685e-06
-3.63589e-06
6.2307e-06
-2.00092e-06
6.74861e-06
-9.45905e-07
6.51262e-06
3.14957e-07
5.93503e-06
1.14442e-06
5.10643e-06
1.77162e-06
3.45543e-06
3.19422e-06
1.35654e-06
3.93528e-06
-1.19984e-07
2.70698e-06
-1.09506e-06
1.5973e-06
-1.66562e-06
1.02903e-06
-1.88796e-06
2.7756e-07
-2.08837e-06
1.17799e-07
-1.85597e-06
-4.93224e-07
-1.28845e-06
-8.91033e-07
-6.66538e-07
-1.0221e-06
-1.01834e-06
3.1188e-06
-5.05288e-06
4.04251e-06
-5.07113e-06
4.5632e-06
-4.15655e-06
5.62223e-06
-3.05993e-06
6.46522e-06
-1.7889e-06
6.57415e-06
2.06022e-07
6.26159e-06
1.45697e-06
6.06609e-06
1.9671e-06
5.53754e-06
3.72276e-06
4.09428e-06
5.37852e-06
2.10141e-06
4.69984e-06
-1.95403e-07
3.89411e-06
-1.24139e-06
2.07499e-06
-2.49425e-06
1.53041e-06
-3.49866e-06
1.12218e-06
-3.03045e-06
-9.61471e-07
-1.82272e-06
-2.09882e-06
-7.13915e-07
-2.13095e-06
-1.73226e-06
2.87886e-06
-7.93102e-06
3.81202e-06
-6.00372e-06
3.09232e-06
-3.4364e-06
3.72914e-06
-3.6964e-06
5.18019e-06
-3.23969e-06
6.60232e-06
-1.21591e-06
7.5364e-06
5.23016e-07
6.55834e-06
2.94523e-06
7.84371e-06
2.43743e-06
1.05708e-05
2.65141e-06
1.30504e-05
2.22017e-06
1.42254e-05
2.71898e-06
1.36174e-05
2.68281e-06
5.01029e-06
1.01372e-05
-3.25766e-06
9.38983e-06
-2.36988e-06
-1.84952e-06
1.41266e-06
-5.88163e-06
3.64913e-06
-4.36771e-06
1.91652e-06
-3.59878e-07
-7.57074e-06
4.3177e-07
-6.79505e-06
-9.24632e-07
-2.07981e-06
-5.08981e-07
-4.112e-06
7.96549e-07
-4.54523e-06
-2.82633e-07
-1.36785e-07
-1.02259e-06
1.2629e-06
-6.49582e-07
2.57216e-06
3.78455e-06
-1.99675e-06
1.17126e-05
-5.27669e-06
1.68861e-05
-2.95331e-06
1.89611e-05
6.44027e-07
1.58363e-05
5.80749e-06
9.56226e-06
1.64113e-05
5.09717e-06
1.38549e-05
4.52558e-06
-1.27796e-06
6.1986e-06
-7.55469e-06
6.05228e-06
-4.2214e-06
7.9689e-06
-3.16324e-06
-4.40639e-06
-2.25174e-06
-7.70573e-06
-3.76283e-07
-3.95459e-06
2.56702e-06
-7.05475e-06
4.81441e-06
-6.79222e-06
3.69905e-06
9.7889e-07
-8.60444e-07
5.82264e-06
-8.8462e-07
2.59645e-06
1.75036e-06
-4.63163e-06
6.18912e-06
-9.71543e-06
1.10767e-05
-7.84091e-06
1.4328e-05
-2.60729e-06
1.38068e-05
6.32859e-06
1.19166e-05
1.83012e-05
1.05788e-05
1.51924e-05
8.52813e-06
7.7244e-07
7.89968e-06
-6.92649e-06
6.05616e-06
-2.37816e-06
1.40246e-05
8.86083e-07
-5.29168e-06
1.52351e-06
-8.34246e-06
3.50205e-06
-5.9325e-06
5.29751e-06
-8.8497e-06
6.43457e-06
-7.92887e-06
6.18785e-06
1.22592e-06
3.56927e-06
8.44141e-06
2.68397e-06
3.48192e-06
3.14432e-06
-5.09195e-06
2.14188e-06
-8.71301e-06
4.26295e-06
-9.96208e-06
9.24653e-06
-7.59104e-06
1.06966e-05
4.87825e-06
1.23881e-05
1.66095e-05
1.27097e-05
1.48706e-05
1.04517e-05
3.03014e-06
8.41143e-06
-4.88647e-06
5.55726e-06
4.7564e-07
1.95818e-05
5.06646e-06
-1.03578e-05
6.00319e-06
-9.27885e-06
7.04043e-06
-6.96946e-06
7.63156e-06
-9.44058e-06
7.54151e-06
-7.83862e-06
6.85162e-06
1.91595e-06
6.39584e-06
8.89731e-06
6.57549e-06
3.3023e-06
6.25505e-06
-4.77148e-06
1.81125e-06
-4.26923e-06
3.34371e-07
-8.48525e-06
4.48259e-06
-1.17393e-05
8.06377e-06
1.29697e-06
1.11898e-05
1.34834e-05
1.24704e-05
1.35899e-05
1.05412e-05
4.95918e-06
7.56841e-06
-1.91382e-06
4.36463e-06
3.67938e-06
2.39463e-05
4.63431e-07
-4.33294e-06
1.38766e-06
-4.94514e-06
2.05789e-06
-3.3917e-06
2.54034e-06
-2.30939e-06
2.89945e-06
-1.94224e-06
3.11938e-06
-1.87057e-06
2.81682e-06
-9.90499e-07
2.49626e-06
-3.62664e-07
2.56991e-06
2.38356e-07
2.85038e-06
8.63959e-07
2.67121e-06
1.5829e-06
1.01062e-06
2.1813e-06
-1.26136e-06
2.0135e-06
-2.76487e-06
9.01857e-07
-3.04799e-06
1.03959e-07
-2.89138e-06
8.99381e-07
-3.01483e-06
6.94304e-07
-2.31179e-06
-1.48137e-06
-9.81195e-07
-1.84514e-06
3.03376e-07
2.4487e-07
1.51273e-06
2.01439e-06
5.67879e-06
5.07795e-07
-5.08449e-06
1.63318e-05
-1.52604e-07
-4.18017e-06
-1.66761e-06
-3.43e-06
-2.65733e-06
-2.40184e-06
-2.2046e-06
-2.76198e-06
-1.15487e-06
-2.99176e-06
-9.19789e-07
-2.10545e-06
-1.73985e-06
-1.70179e-07
-1.9286e-06
-1.73644e-07
-1.12238e-06
-5.67615e-07
-1.2441e-07
-1.33791e-07
7.09439e-08
1.3877e-06
-1.18812e-06
3.4405e-06
-2.80988e-06
3.63532e-06
-3.52676e-06
1.61878e-06
-3.49573e-06
7.29162e-08
-3.63121e-06
1.03483e-06
-4.07238e-06
1.13545e-06
-4.22206e-06
-1.33173e-06
-4.07011e-06
-1.9971e-06
-2.46048e-06
-1.36476e-06
1.3862e-06
-1.83224e-06
6.52777e-06
-4.63405e-06
-8.4209e-06
9.86404e-06
1.28097e-06
-5.46102e-06
1.55803e-06
-3.70689e-06
1.83201e-06
-2.67561e-06
2.17982e-07
-1.14772e-06
-8.73322e-07
-1.90022e-06
-2.87255e-06
-1.05933e-07
-6.01498e-06
2.97255e-06
-8.31666e-06
2.12831e-06
-9.29093e-06
4.06883e-07
-1.05382e-05
1.11363e-06
-1.23562e-05
3.20586e-06
-1.36029e-05
4.68715e-06
-1.43662e-05
4.39861e-06
-1.50213e-05
2.27379e-06
-1.58666e-05
9.18031e-07
-1.60521e-05
1.22014e-06
-1.57759e-05
8.58966e-07
-1.56036e-05
-1.50424e-06
-1.46208e-05
-2.98012e-06
-1.25768e-05
-3.40896e-06
-9.35177e-06
-5.05765e-06
-5.0533e-06
-8.93263e-06
-1.21155e-05
-1.35898e-06
2.18608e-06
-7.64681e-06
5.71915e-06
-7.23972e-06
5.71569e-06
-2.67189e-06
1.0267e-06
3.54158e-06
-4.83137e-06
3.95814e-06
-1.07685e-05
5.83148e-06
-1.71088e-05
9.31302e-06
-2.35465e-05
8.56626e-06
-2.90545e-05
5.91498e-06
-3.47001e-05
6.75927e-06
-3.92308e-05
7.73651e-06
-4.17175e-05
7.17373e-06
-4.26391e-05
5.32006e-06
-4.256e-05
2.19437e-06
-4.16014e-05
-4.08641e-08
-3.91651e-05
-1.21659e-06
-3.62016e-05
-2.10504e-06
-3.35761e-05
-4.13024e-06
-2.99505e-05
-6.6061e-06
-2.50803e-05
-8.27969e-06
-2.05869e-05
-9.55143e-06
-1.74522e-05
-1.20678e-05
-1.36905e-05
-1.58777e-05
-4.33069e-06
-3.31601e-06
-8.45347e-06
-3.11676e-06
-1.39924e-05
2.86724e-06
-1.97127e-05
9.2621e-06
-2.69531e-05
1.11986e-05
-3.42805e-05
1.31589e-05
-4.09367e-05
1.59692e-05
-4.78969e-05
1.55264e-05
-5.48261e-05
1.2844e-05
-5.92087e-05
1.11418e-05
-6.09025e-05
9.43018e-06
-6.08726e-05
7.1438e-06
-5.97098e-05
4.15714e-06
-5.8413e-05
8.97445e-07
-5.66519e-05
-1.80233e-06
-5.40706e-05
-3.79838e-06
-5.04541e-05
-5.72216e-06
-4.6479e-05
-8.10607e-06
-4.19827e-05
-1.11029e-05
-3.62502e-05
-1.40126e-05
-3.04033e-05
-1.53989e-05
-2.68491e-05
-1.56226e-05
-1.62067e-05
-2.43333e-05
-6.49631e-06
3.18042e-06
-1.40313e-05
4.4183e-06
-2.09416e-05
9.77757e-06
-2.66764e-05
1.49969e-05
-3.30953e-05
1.76172e-05
-4.02666e-05
2.03299e-05
-4.67772e-05
2.24795e-05
-5.30811e-05
2.18302e-05
-5.93586e-05
1.91216e-05
-6.40482e-05
1.58315e-05
-6.65517e-05
1.19338e-05
-6.70173e-05
7.60953e-06
-6.58985e-05
3.03834e-06
-6.38743e-05
-1.12698e-06
-6.1056e-05
-4.62107e-06
-5.73879e-05
-7.46708e-06
-5.32017e-05
-9.90904e-06
-4.89796e-05
-1.23288e-05
-4.50328e-05
-1.50502e-05
-4.12208e-05
-1.78252e-05
-3.61666e-05
-2.04536e-05
-3.06495e-05
-2.11401e-05
-2.13716e-05
-2.54851e-05
-6.35661e-06
9.5369e-06
-1.33194e-05
1.13809e-05
-1.94083e-05
1.58663e-05
-2.50407e-05
2.06287e-05
-3.18759e-05
2.44516e-05
-3.92949e-05
2.77484e-05
-4.65042e-05
2.96891e-05
-5.3563e-05
2.88894e-05
-6.01512e-05
2.57101e-05
-6.51191e-05
2.07995e-05
-6.77147e-05
1.45296e-05
-6.8067e-05
7.96186e-06
-6.64142e-05
1.38555e-06
-6.42947e-05
-3.24662e-06
-6.09184e-05
-7.99758e-06
-5.64814e-05
-1.19043e-05
-5.16251e-05
-1.47656e-05
-4.6624e-05
-1.733e-05
-4.18117e-05
-1.98625e-05
-3.87374e-05
-2.08996e-05
-3.63699e-05
-2.2821e-05
-3.38651e-05
-2.36451e-05
-2.38412e-05
-3.13956e-05
-5.45052e-06
1.49869e-05
-1.11663e-05
1.70962e-05
-1.66104e-05
2.13099e-05
-2.23292e-05
2.63471e-05
-2.94645e-05
3.15866e-05
-3.80572e-05
3.63413e-05
-4.74508e-05
3.90831e-05
-5.712e-05
3.85585e-05
-6.57254e-05
3.43157e-05
-7.18606e-05
2.69349e-05
-7.44608e-05
1.71303e-05
-7.42745e-05
7.77727e-06
-7.18034e-05
-1.08194e-06
-6.81747e-05
-6.8687e-06
-6.34253e-05
-1.27385e-05
-5.78436e-05
-1.74771e-05
-5.23675e-05
-2.02357e-05
-4.67659e-05
-2.29253e-05
-4.0995e-05
-2.56292e-05
-3.76207e-05
-2.42716e-05
-3.59214e-05
-2.45187e-05
-3.40191e-05
-2.55462e-05
-2.47242e-05
-3.31356e-05
-3.2849e-06
1.8271e-05
-6.59291e-06
2.04038e-05
-9.30958e-06
2.4027e-05
-1.2593e-05
2.96311e-05
-1.82624e-05
3.72563e-05
-2.67224e-05
4.4802e-05
-3.71797e-05
4.95406e-05
-4.97531e-05
5.11341e-05
-6.19617e-05
4.65346e-05
-7.1477e-05
3.6451e-05
-7.47723e-05
2.0427e-05
-7.60111e-05
9.01833e-06
-6.89711e-05
-8.12098e-06
-6.85017e-05
-7.33871e-06
-6.62226e-05
-1.50178e-05
-6.40336e-05
-1.96665e-05
-6.28634e-05
-2.14068e-05
-5.86774e-05
-2.71112e-05
-5.31149e-05
-3.11908e-05
-4.68153e-05
-3.0569e-05
-4.11681e-05
-3.01629e-05
-2.81987e-05
-3.85148e-05
-3.38247e-05
-1.90983e-05
8.8379e-08
1.81823e-05
6.14841e-07
1.98778e-05
1.24523e-06
2.33972e-05
1.67581e-06
2.92016e-05
7.9088e-07
3.81437e-05
2.05478e-06
4.35397e-05
2.8389e-05
2.32043e-05
5.85616e-05
2.09653e-05
2.07721e-05
8.43043e-05
8.74435e-06
4.84798e-05
5.16918e-06
2.40023e-05
-1.03985e-05
2.45827e-05
-2.40545e-05
5.53015e-06
-2.98075e-05
-1.59402e-06
-3.92231e-05
-5.61246e-06
-5.00072e-05
-8.892e-06
-5.41911e-05
-1.72299e-05
-4.89514e-05
-3.23558e-05
-3.84227e-05
-4.17213e-05
-2.64269e-05
-4.25657e-05
-1.68699e-05
-3.97228e-05
-1.62227e-05
-3.91628e-05
-3.77317e-05
-1.23112e-05
4.60435e-06
1.3578e-05
1.07671e-05
1.37152e-05
1.97581e-05
1.44079e-05
2.88011e-05
2.01616e-05
3.08426e-05
3.60988e-05
4.41658e-05
3.02081e-05
6.29725e-05
4.39362e-06
6.50186e-05
1.89078e-05
8.5765e-05
6.35608e-05
9.4678e-05
3.95833e-05
7.4168e-05
4.45129e-05
5.92286e-05
3.95194e-05
4.36381e-05
2.11181e-05
3.68551e-05
5.18763e-06
3.55469e-05
-4.3049e-06
3.77342e-05
-1.10797e-05
3.85822e-05
-1.80767e-05
3.20752e-05
-2.58482e-05
2.08699e-05
-3.05136e-05
9.78357e-06
-3.14768e-05
1.16465e-06
-3.11044e-05
-6.82341e-06
-3.11726e-05
-3.06834e-05
-1.38699e-05
1.50046e-05
-1.42629e-06
3.18046e-05
-3.08549e-06
3.2039e-05
1.41718e-05
3.01841e-05
2.20103e-05
3.5791e-05
3.04869e-05
5.02605e-05
1.57402e-05
5.61401e-05
-1.48373e-06
4.25271e-05
3.25181e-05
6.53122e-05
4.0803e-05
5.10125e-05
5.389e-05
4.18504e-05
5.36747e-05
4.36331e-05
3.77346e-05
4.47306e-05
2.00191e-05
4.28439e-05
7.07369e-06
4.17433e-05
-3.20389e-06
4.15841e-05
-1.09195e-05
3.99802e-05
-1.64716e-05
3.43969e-05
-2.02635e-05
2.65051e-05
-2.26204e-05
2.02675e-05
-2.52375e-05
1.65443e-05
-2.73789e-05
1.26522e-05
-2.7281e-05
-2.52558e-05
7.22656e-06
9.76024e-06
-1.11863e-05
1.89013e-05
-1.22271e-05
2.68362e-05
6.2334e-06
2.48201e-05
2.40266e-05
3.8599e-05
1.67122e-05
4.35655e-05
1.07772e-05
2.78966e-05
1.41795e-05
1.94219e-05
4.09817e-05
1.17457e-05
4.84718e-05
1.43788e-05
5.1253e-05
2.42491e-05
4.38002e-05
3.18657e-05
3.01145e-05
3.58777e-05
1.60048e-05
3.8479e-05
4.47127e-06
3.79853e-05
-2.71058e-06
3.66156e-05
-9.5496e-06
3.45671e-05
-1.44227e-05
3.1007e-05
-1.67033e-05
2.60013e-05
-1.76147e-05
2.18399e-05
-2.10763e-05
1.93114e-05
-2.48513e-05
1.69863e-05
-2.49553e-05
-2.17073e-05
1.3437e-05
7.45842e-06
-1.86437e-05
4.87281e-06
-9.64069e-06
2.48047e-06
8.62604e-06
3.01193e-06
2.34954e-05
5.04717e-06
1.46781e-05
-6.46121e-07
1.64667e-05
-6.84528e-06
2.0372e-05
-5.07073e-06
3.92006e-05
1.20146e-06
4.21946e-05
1.16252e-05
4.08249e-05
2.21813e-05
3.32401e-05
2.99139e-05
2.23788e-05
3.39164e-05
1.2e-05
3.44781e-05
3.90806e-06
3.37402e-05
-1.97364e-06
3.15957e-05
-7.40568e-06
2.87599e-05
-1.15875e-05
2.52235e-05
-1.31674e-05
2.17648e-05
-1.41568e-05
1.91304e-05
-1.8443e-05
1.6946e-05
-2.26679e-05
1.43963e-05
-2.24077e-05
-1.71238e-05
9.81108e-06
-6.84307e-06
-1.17998e-05
-1.38346e-05
-2.64971e-06
-1.26315e-05
7.42294e-06
-8.29045e-06
1.91524e-05
-9.13601e-06
1.55221e-05
-9.72814e-06
1.70571e-05
-1.13761e-05
2.20179e-05
-5.12153e-06
3.29448e-05
3.49962e-06
3.35706e-05
1.39394e-05
3.03824e-05
2.27253e-05
2.44519e-05
2.81698e-05
1.69324e-05
3.03896e-05
9.77869e-06
3.05407e-05
3.75574e-06
2.97392e-05
-1.17304e-06
2.7622e-05
-5.28925e-06
2.46076e-05
-8.57384e-06
2.1595e-05
-1.01556e-05
1.93552e-05
-1.1918e-05
1.67109e-05
-1.58e-05
1.38439e-05
-1.98024e-05
1.01087e-05
-1.86738e-05
-1.15419e-05
4.52516e-06
-6.67922e-06
-5.11886e-06
-9.84171e-06
5.13615e-07
-1.06217e-05
8.20313e-06
-7.14307e-06
1.5674e-05
-7.16107e-06
1.55406e-05
-7.53795e-06
1.7435e-05
-6.52077e-06
2.10016e-05
-1.65169e-07
2.65899e-05
7.67983e-06
2.57252e-05
1.53265e-05
2.27351e-05
2.13593e-05
1.84183e-05
2.50081e-05
1.32828e-05
2.66162e-05
8.16981e-06
2.67864e-05
3.58477e-06
2.59614e-05
-3.48803e-07
2.4287e-05
-3.61555e-06
2.18653e-05
-6.15289e-06
1.96752e-05
-7.96626e-06
1.76378e-05
-9.88141e-06
1.48203e-05
-1.29834e-05
1.11433e-05
-1.61266e-05
6.57856e-06
-1.41101e-05
-5.05477e-06
8.97762e-08
-5.48088e-06
3.6319e-07
-8.05373e-06
3.08745e-06
-7.56425e-06
7.7144e-06
-5.24302e-06
1.33536e-05
-4.60134e-06
1.49001e-05
-3.83336e-06
1.66685e-05
-1.606e-06
1.87759e-05
3.98064e-06
2.10046e-05
9.81001e-06
1.98967e-05
1.49873e-05
1.75582e-05
1.89783e-05
1.44273e-05
2.14737e-05
1.07872e-05
2.26193e-05
7.02381e-06
2.27278e-05
3.4759e-06
2.20856e-05
2.92875e-07
2.08885e-05
-2.419e-06
1.93645e-05
-4.62949e-06
1.78191e-05
-6.42145e-06
1.60783e-05
-8.14125e-06
1.34058e-05
-1.03116e-05
9.81746e-06
-1.2539e-05
6.46927e-06
-1.07629e-05
-1.9706e-06
3.38409e-06
-3.01026e-06
3.37492e-06
-4.94664e-06
5.02492e-06
-5.14861e-06
7.91726e-06
-3.7034e-06
1.19093e-05
-2.47898e-06
1.36771e-05
-8.6451e-07
1.50558e-05
1.74518e-06
1.6168e-05
5.92439e-06
1.68269e-05
9.97205e-06
1.58501e-05
1.34713e-05
1.40595e-05
1.61754e-05
1.17236e-05
1.795e-05
9.01268e-06
1.88499e-05
6.12388e-06
1.90147e-05
3.31087e-06
1.86302e-05
6.77019e-07
1.78625e-05
-1.65165e-06
1.68738e-05
-3.6412e-06
1.57826e-05
-5.33072e-06
1.4463e-05
-6.82208e-06
1.24566e-05
-8.30556e-06
9.6064e-06
-9.68937e-06
7.31073e-06
-8.46751e-06
-1.49773e-06
6.83688e-06
-1.7673e-06
5.1427e-06
-3.11123e-06
6.36952e-06
-3.47855e-06
8.28527e-06
-2.47197e-06
1.09036e-05
-1.13193e-06
1.23381e-05
6.52101e-07
1.32731e-05
3.02161e-06
1.37999e-05
6.03552e-06
1.38142e-05
8.93122e-06
1.29553e-05
1.14524e-05
1.1539e-05
1.34594e-05
9.71691e-06
1.48711e-05
7.60116e-06
1.5675e-05
5.31997e-06
1.59492e-05
3.03655e-06
1.5779e-05
8.47057e-07
1.52876e-05
-1.16059e-06
1.45876e-05
-2.9415e-06
1.37521e-05
-4.49556e-06
1.27613e-05
-5.8315e-06
1.13971e-05
-6.94153e-06
9.4005e-06
-7.69296e-06
7.80185e-06
-6.86943e-06
-1.90078e-06
8.20435e-06
-1.14643e-06
6.28983e-06
-2.12055e-06
7.34414e-06
-2.43481e-06
8.59999e-06
-1.73311e-06
1.02024e-05
-5.47674e-07
1.11535e-05
1.04699e-06
1.16794e-05
3.02632e-06
1.18216e-05
5.3037e-06
1.15377e-05
7.51917e-06
1.07405e-05
9.5018e-06
9.55688e-06
1.11441e-05
8.07488e-06
1.23729e-05
6.37259e-06
1.31492e-05
4.54371e-06
1.35012e-05
2.68445e-06
1.34778e-05
8.70413e-07
1.31551e-05
-8.38127e-07
1.26091e-05
-2.3957e-06
1.19027e-05
-3.78943e-06
1.10665e-05
-4.99546e-06
1.00726e-05
-5.94766e-06
8.82709e-06
-6.44762e-06
7.7999e-06
-5.84208e-06
-2.49408e-06
8.39263e-06
-8.70166e-07
7.15994e-06
-1.63074e-06
8.10483e-06
-1.89484e-06
8.8643e-06
-1.4239e-06
9.73181e-06
-4.62984e-07
1.0193e-05
8.80334e-07
1.03367e-05
2.52208e-06
1.01805e-05
4.34668e-06
9.71369e-06
6.15615e-06
8.93155e-06
7.81866e-06
7.89473e-06
9.23798e-06
6.65579e-06
1.03418e-05
5.2689e-06
1.10916e-05
3.79393e-06
1.1488e-05
2.2881e-06
1.15579e-05
8.00371e-07
1.13511e-05
-6.314e-07
1.09204e-05
-1.9652e-06
1.03148e-05
-3.18395e-06
9.57842e-06
-4.25916e-06
8.75234e-06
-5.12154e-06
7.91167e-06
-5.60683e-06
7.37038e-06
-5.30102e-06
-3.19638e-06
8.07243e-06
-7.85613e-07
7.94567e-06
-1.45342e-06
8.77262e-06
-1.71648e-06
9.12739e-06
-1.40398e-06
9.41943e-06
-6.40181e-07
9.42944e-06
4.76569e-07
9.22028e-06
1.85688e-06
8.80055e-06
3.38917e-06
8.1818e-06
4.93481e-06
7.38624e-06
6.37964e-06
6.45016e-06
7.63176e-06
5.40384e-06
8.62624e-06
4.27453e-06
9.32889e-06
3.09133e-06
9.73588e-06
1.88112e-06
9.86354e-06
6.72679e-07
9.74518e-06
-5.13098e-07
9.41734e-06
-1.63745e-06
8.91677e-06
-2.68345e-06
8.28262e-06
-3.62505e-06
7.57225e-06
-4.41109e-06
6.89021e-06
-4.92477e-06
6.52301e-06
-4.93358e-06
-3.85078e-06
7.17708e-06
-7.92464e-07
8.73769e-06
-1.45401e-06
9.43391e-06
-1.73485e-06
9.4081e-06
-1.53768e-06
9.22223e-06
-9.54497e-07
8.84635e-06
-3.4366e-08
8.30033e-06
1.1513e-06
7.61512e-06
2.48672e-06
6.84661e-06
3.8511e-06
6.02208e-06
5.13672e-06
5.16471e-06
6.25793e-06
4.28276e-06
7.15699e-06
3.37556e-06
7.80511e-06
2.44327e-06
8.19922e-06
1.48703e-06
8.35604e-06
5.15857e-07
8.29802e-06
-4.55098e-07
8.05354e-06
-1.39298e-06
7.65161e-06
-2.28156e-06
7.12672e-06
-3.10014e-06
6.52243e-06
-3.80668e-06
5.93385e-06
-4.33602e-06
5.55972e-06
-4.55953e-06
-4.17488e-06
5.88362e-06
-8.51191e-07
9.5886e-06
-1.55956e-06
1.0142e-05
-1.90607e-06
9.75437e-06
-1.84373e-06
9.15976e-06
-1.38699e-06
8.38957e-06
-5.90844e-07
7.50423e-06
4.61193e-07
6.5632e-06
1.66784e-06
5.64011e-06
2.90952e-06
4.78053e-06
4.08156e-06
3.99279e-06
5.10299e-06
3.26144e-06
5.92269e-06
2.55594e-06
6.51728e-06
1.84874e-06
6.88803e-06
1.11632e-06
7.04925e-06
3.54668e-07
7.02322e-06
-4.29058e-07
6.83505e-06
-1.2048e-06
6.51163e-06
-1.95813e-06
6.07973e-06
-2.66821e-06
5.58118e-06
-3.30798e-06
5.08117e-06
-3.83592e-06
4.69467e-06
-4.17282e-06
-4.17489e-06
4.69447e-06
-9.35594e-07
1.05236e-05
-1.71329e-06
1.09192e-05
-2.14469e-06
1.01854e-05
-2.17663e-06
9.19148e-06
-1.83489e-06
8.04771e-06
-1.13687e-06
6.80618e-06
-1.68643e-07
5.595e-06
9.5805e-07
4.51348e-06
2.11847e-06
3.62019e-06
3.20936e-06
2.90198e-06
4.15538e-06
2.3155e-06
4.91065e-06
1.80074e-06
5.45696e-06
1.3025e-06
5.79841e-06
7.74914e-07
5.94746e-06
2.05664e-07
5.93081e-06
-4.1236e-07
5.77267e-06
-1.04662e-06
5.49961e-06
-1.68503e-06
5.13873e-06
-2.30725e-06
4.72393e-06
-2.89302e-06
4.30378e-06
-3.41557e-06
3.95161e-06
-3.82061e-06
-4.01947e-06
3.79607e-06
-1.03631e-06
1.15594e-05
-1.90022e-06
1.17826e-05
-2.41491e-06
1.06997e-05
-2.53882e-06
9.31512e-06
-2.26385e-06
7.77256e-06
-1.62592e-06
6.16815e-06
-7.07831e-07
4.67688e-06
3.62444e-07
3.44321e-06
1.46286e-06
2.51981e-06
2.49152e-06
1.87336e-06
3.37856e-06
1.42852e-06
4.08289e-06
1.09646e-06
4.58821e-06
7.97245e-07
4.89817e-06
4.6502e-07
5.03116e-06
7.27393e-08
5.00993e-06
-3.91071e-07
4.86343e-06
-9.00052e-07
4.6179e-06
-1.43942e-06
4.29938e-06
-1.98864e-06
3.93857e-06
-2.53202e-06
3.57413e-06
-3.05098e-06
3.25753e-06
-3.50382e-06
-3.81562e-06
3.05358e-06
-1.13495e-06
1.26937e-05
-2.08849e-06
1.27356e-05
-2.67358e-06
1.12844e-05
-2.85995e-06
9.50117e-06
-2.63647e-06
7.54885e-06
-2.04043e-06
5.57197e-06
-1.16152e-06
3.79789e-06
-1.42621e-07
2.42428e-06
9.0398e-07
1.47321e-06
1.87809e-06
8.99271e-07
2.71685e-06
5.89801e-07
3.3819e-06
4.31461e-07
3.85883e-06
3.20373e-07
4.14681e-06
1.77116e-07
4.26454e-06
-4.4922e-08
4.23563e-06
-3.6208e-07
4.09081e-06
-7.55151e-07
3.85669e-06
-1.20522e-06
3.56033e-06
-1.69216e-06
3.22716e-06
-2.19866e-06
2.89013e-06
-2.71376e-06
2.58817e-06
-3.20174e-06
-3.58845e-06
2.36092e-06
-1.23207e-06
1.39252e-05
-2.26668e-06
1.37697e-05
-2.91933e-06
1.19366e-05
-3.15238e-06
9.73388e-06
-2.96141e-06
7.35764e-06
-2.39215e-06
5.00254e-06
-1.55558e-06
2.96121e-06
-5.94062e-07
1.4627e-06
3.92519e-07
4.86602e-07
1.31673e-06
-2.49349e-08
2.11438e-06
-2.07818e-07
2.75287e-06
-2.06984e-07
3.2143e-06
-1.40999e-07
3.49461e-06
-1.03118e-07
3.60823e-06
-1.58461e-07
3.57535e-06
-3.29111e-07
3.4299e-06
-6.09608e-07
3.20109e-06
-9.7631e-07
2.91282e-06
-1.40377e-06
2.59089e-06
-1.87652e-06
2.26174e-06
-2.38442e-06
1.95731e-06
-2.89716e-06
-3.33831e-06
1.70713e-06
-1.32164e-06
1.52463e-05
-2.4352e-06
1.48828e-05
-3.15097e-06
1.2652e-05
-3.42151e-06
1.00041e-05
-3.23992e-06
7.17579e-06
-2.67379e-06
4.43623e-06
-1.89448e-06
2.18177e-06
-1.02077e-06
5.88904e-07
-1.05889e-07
-4.28313e-07
7.62505e-07
-8.93336e-07
1.52422e-06
-9.6951e-07
2.14645e-06
-8.2918e-07
2.60892e-06
-6.0341e-07
2.901e-06
-3.9512e-07
3.02324e-06
-2.80613e-07
2.99798e-06
-3.03753e-07
2.85686e-06
-4.68391e-07
2.63137e-06
-7.50705e-07
2.34795e-06
-1.12022e-06
2.0282e-06
-1.55656e-06
1.69571e-06
-2.05175e-06
1.37775e-06
-2.57902e-06
-3.06373e-06
1.10311e-06
-1.40086e-06
1.66466e-05
-2.58865e-06
1.60701e-05
-3.36804e-06
1.3431e-05
-3.67721e-06
1.03129e-05
-3.48881e-06
6.98714e-06
-2.91752e-06
3.86475e-06
-2.21113e-06
1.47525e-06
-1.44108e-06
-1.81221e-07
-6.02331e-07
-1.26711e-06
2.05072e-07
-1.70075e-06
9.25971e-07
-1.69039e-06
1.53538e-06
-1.43855e-06
2.00918e-06
-1.07715e-06
2.32672e-06
-7.12579e-07
2.47921e-06
-4.33011e-07
2.47791e-06
-3.02355e-07
2.35201e-06
-3.42386e-07
2.13441e-06
-5.32986e-07
1.85485e-06
-8.4053e-07
1.53505e-06
-1.23655e-06
1.1964e-06
-1.71289e-06
8.63692e-07
-2.24619e-06
-2.76293e-06
5.62923e-07
-1.45592e-06
1.81021e-05
-2.70567e-06
1.73194e-05
-3.54151e-06
1.42664e-05
-3.86992e-06
1.0641e-05
-3.70164e-06
6.81863e-06
-3.1907e-06
3.35363e-06
-2.56254e-06
8.46968e-07
-1.84183e-06
-9.02011e-07
-1.07021e-06
-2.03877e-06
-3.39763e-07
-2.43121e-06
3.26493e-07
-2.35663e-06
9.1201e-07
-2.02402e-06
1.39857e-06
-1.56365e-06
1.75266e-06
-1.06659e-06
1.95163e-06
-6.31893e-07
1.99425e-06
-3.4487e-07
1.89584e-06
-2.43869e-07
1.69567e-06
-3.32708e-07
1.42564e-06
-5.70353e-07
1.10904e-06
-9.19761e-07
7.65531e-07
-1.36922e-06
4.19265e-07
-1.89972e-06
-2.43988e-06
9.62066e-08
-1.46453e-06
1.95662e-05
-2.74608e-06
1.86006e-05
-3.60912e-06
1.51292e-05
-3.9409e-06
1.09726e-05
-3.84452e-06
6.72205e-06
-3.46129e-06
2.97025e-06
-2.86605e-06
2.51624e-07
-2.13055e-06
-1.63758e-06
-1.42318e-06
-2.74617e-06
-7.80787e-07
-3.07361e-06
-2.05846e-07
-2.93155e-06
3.20166e-07
-2.54999e-06
7.90813e-07
-2.03424e-06
1.17485e-06
-1.45054e-06
1.42935e-06
-8.863e-07
1.52854e-06
-4.4396e-07
1.47782e-06
-1.93036e-07
1.30708e-06
-1.61865e-07
1.05354e-06
-3.16682e-07
7.45827e-07
-6.11868e-07
4.04092e-07
-1.0273e-06
5.06729e-08
-1.54625e-06
-2.10238e-06
-2.86803e-07
-1.40033e-06
2.09662e-05
-2.66468e-06
1.98646e-05
-3.50611e-06
1.59703e-05
-3.86821e-06
1.13344e-05
-3.8624e-06
6.71606e-06
-3.56865e-06
2.67638e-06
-2.9287e-06
-3.88417e-07
-2.21577e-06
-2.35057e-06
-1.61027e-06
-3.35169e-06
-1.09372e-06
-3.59015e-06
-6.3223e-07
-3.39301e-06
-1.98975e-07
-2.98319e-06
2.19988e-07
-2.45313e-06
6.05829e-07
-1.8363e-06
9.07619e-07
-1.188e-06
1.0738e-06
-6.10035e-07
1.08606e-06
-2.052e-07
9.60511e-07
-3.62091e-08
7.35853e-07
-9.19031e-08
4.44677e-07
-3.20538e-07
1.12279e-07
-6.94802e-07
-2.41713e-07
-1.19209e-06
-1.7591e-06
-5.85052e-07
-1.24286e-06
2.22087e-05
-2.42278e-06
2.10443e-05
-3.20272e-06
1.675e-05
-3.59447e-06
1.1726e-05
-3.67499e-06
6.79645e-06
-3.34828e-06
2.34956e-06
-2.70183e-06
-1.03492e-06
-2.08851e-06
-2.96393e-06
-1.61495e-06
-3.82524e-06
-1.24554e-06
-3.95954e-06
-9.27415e-07
-3.71109e-06
-6.11731e-07
-3.29882e-06
-2.80237e-07
-2.78455e-06
7.04758e-08
-2.18693e-06
3.93255e-07
-1.51068e-06
6.24971e-07
-8.41654e-07
7.13581e-07
-2.93711e-07
6.50865e-07
2.66025e-08
4.64819e-07
9.42438e-08
2.01311e-07
-5.68953e-08
-1.14984e-07
-3.78367e-07
-4.56927e-07
-8.50139e-07
-1.41937e-06
-7.96642e-07
-9.86644e-07
2.31952e-05
-2.00687e-06
2.20643e-05
-2.69624e-06
1.74393e-05
-3.07812e-06
1.21078e-05
-3.16043e-06
6.87866e-06
-2.762e-06
1.95106e-06
-2.19434e-06
-1.60262e-06
-1.74549e-06
-3.4128e-06
-1.43845e-06
-4.13227e-06
-1.23077e-06
-4.16719e-06
-1.06399e-06
-3.87782e-06
-8.89848e-07
-3.4729e-06
-6.7416e-07
-3.00016e-06
-4.06932e-07
-2.45407e-06
-9.62406e-08
-1.82129e-06
1.81109e-07
-1.11891e-06
3.51597e-07
-4.64112e-07
3.65364e-07
1.29198e-08
2.37032e-07
2.22668e-07
1.12259e-08
1.69017e-07
-2.77489e-07
-8.95883e-08
-6.00851e-07
-5.26635e-07
-1.0935e-06
-9.26781e-07
-6.49479e-07
2.38445e-05
-1.43963e-06
2.28543e-05
-1.99188e-06
1.79914e-05
-2.29436e-06
1.24102e-05
-2.22985e-06
6.81408e-06
-1.82388e-06
1.54504e-06
-1.46657e-06
-1.95996e-06
-1.22244e-06
-3.65692e-06
-1.10883e-06
-4.24587e-06
-1.06617e-06
-4.20981e-06
-1.05142e-06
-3.89252e-06
-1.01837e-06
-3.50588e-06
-9.31991e-07
-3.08647e-06
-7.68412e-07
-2.61757e-06
-5.27551e-07
-2.06207e-06
-2.44848e-07
-1.40154e-06
-7.30662e-09
-7.01576e-07
9.74378e-08
-9.17528e-08
4.34049e-08
2.76769e-07
-1.36726e-07
3.49241e-07
-3.89227e-07
1.63e-07
-6.83115e-07
-2.32803e-07
-7.90512e-07
-9.8612e-07
-2.75926e-07
2.41203e-05
-7.71734e-07
2.335e-05
-1.13634e-06
1.83559e-05
-1.24945e-06
1.25232e-05
-9.80927e-07
6.54552e-06
-6.60345e-07
1.22444e-06
-5.49198e-07
-2.07111e-06
-5.48744e-07
-3.65736e-06
-6.43238e-07
-4.15134e-06
-7.78471e-07
-4.07454e-06
-9.09606e-07
-3.76134e-06
-1.00828e-06
-3.40715e-06
-1.04599e-06
-3.0487e-06
-1.00206e-06
-2.66144e-06
-8.61189e-07
-2.20287e-06
-6.26845e-07
-1.63581e-06
-3.61148e-07
-9.67208e-07
-1.69123e-07
-2.83719e-07
-1.3143e-07
2.39137e-07
-2.45398e-07
4.63271e-07
-4.56223e-07
3.73834e-07
-7.14656e-07
2.57276e-08
-5.16891e-07
-9.88378e-07
8.85975e-08
2.40316e-05
-9.00618e-08
2.35286e-05
-2.19273e-07
1.84851e-05
-9.00294e-08
1.23939e-05
2.82623e-07
6.17284e-06
4.722e-07
1.03485e-06
4.10314e-07
-2.00922e-06
1.91891e-07
-3.43892e-06
-1.15659e-07
-3.84376e-06
-4.22565e-07
-3.76759e-06
-6.83054e-07
-3.5008e-06
-8.86875e-07
-3.20327e-06
-1.02326e-06
-2.91225e-06
-1.08429e-06
-2.60034e-06
-1.05362e-06
-2.23348e-06
-9.15829e-07
-1.77355e-06
-6.87727e-07
-1.19525e-06
-4.40814e-07
-5.30584e-07
-3.05192e-07
1.03557e-07
-3.36846e-07
4.94978e-07
-4.95519e-07
5.32566e-07
-7.1331e-07
2.43443e-07
-2.78025e-07
-9.52176e-07
3.88091e-07
2.36435e-05
5.181e-07
2.33986e-05
6.27726e-07
1.83754e-05
9.44965e-07
1.20766e-05
1.3563e-06
5.76149e-06
1.45478e-06
9.36379e-07
1.23856e-06
-1.79299e-06
8.19026e-07
-3.01937e-06
3.41646e-07
-3.36635e-06
-9.65752e-08
-3.32933e-06
-4.40471e-07
-3.15686e-06
-7.03041e-07
-2.94065e-06
-9.00446e-07
-2.7148e-06
-1.03595e-06
-2.46479e-06
-1.09809e-06
-2.17129e-06
-1.06634e-06
-1.80525e-06
-9.28253e-07
-1.3333e-06
-7.04857e-07
-7.5394e-07
-4.99661e-07
-1.01598e-07
-4.38195e-07
4.3355e-07
-5.32278e-07
6.26646e-07
-7.07102e-07
4.18371e-07
-7.90575e-08
-9.0612e-07
5.81228e-07
2.30622e-05
9.15942e-07
2.30638e-05
1.18772e-06
1.81036e-05
1.65912e-06
1.16052e-05
2.07801e-06
5.3426e-06
2.08594e-06
9.28455e-07
1.72273e-06
-1.42976e-06
1.15211e-06
-2.44872e-06
5.83239e-07
-2.79745e-06
1.14123e-07
-2.86018e-06
-2.44137e-07
-2.79856e-06
-5.10862e-07
-2.67389e-06
-7.17917e-07
-2.5077e-06
-8.80761e-07
-2.30191e-06
-9.98198e-07
-2.05381e-06
-1.054e-06
-1.74941e-06
-1.02392e-06
-1.36334e-06
-8.94379e-07
-8.83446e-07
-7.01253e-07
-2.947e-07
-5.74598e-07
3.06923e-07
-5.98727e-07
6.50819e-07
-7.24733e-07
5.44291e-07
7.46491e-08
-8.78459e-07
6.29625e-07
2.24326e-05
1.05979e-06
2.26337e-05
1.39715e-06
1.77663e-05
1.8987e-06
1.11037e-05
2.26143e-06
4.97988e-06
2.16527e-06
1.02464e-06
1.67407e-06
-9.38545e-07
1.07457e-06
-1.84918e-06
5.49955e-07
-2.27281e-06
1.53136e-07
-2.46333e-06
-1.33473e-07
-2.51192e-06
-3.45702e-07
-2.46163e-06
-5.15201e-07
-2.33817e-06
-6.57639e-07
-2.15944e-06
-7.79892e-07
-1.93154e-06
-8.76357e-07
-1.65293e-06
-9.28957e-07
-1.31073e-06
-9.13632e-07
-8.98764e-07
-8.257e-07
-3.82628e-07
-7.29726e-07
2.1095e-07
-7.31241e-07
6.52284e-07
-8.4053e-07
6.536e-07
1.44434e-07
-9.10363e-07
4.98513e-07
9.65937e-07
1.24881e-06
1.52171e-06
1.63588e-06
1.4356e-06
1.06719e-06
6.73734e-07
3.57605e-07
1.26902e-07
-4.30139e-08
-1.72474e-07
-2.77653e-07
-3.70517e-07
-4.59282e-07
-5.46701e-07
-6.29327e-07
-7.0108e-07
-7.47503e-07
-7.79729e-07
-8.346e-07
-8.73391e-07
-8.22588e-07
1.70757e-05
-7.44041e-07
1.77152e-05
-6.39163e-07
1.90554e-05
-1.3402e-06
-2.84722e-06
2.19029e-05
1.18685e-05
-2.74855e-06
1.30088e-05
-1.77995e-06
1.38617e-05
-2.19295e-06
-4.06865e-06
1.50832e-05
-9.60429e-07
-3.14721e-06
-1.27434e-06
-1.4657e-06
-9.52527e-07
-2.51495e-06
-4.77796e-06
-2.43346e-07
-1.52699e-05
-3.75532e-06
-1.42226e-05
-2.51357e-06
-1.26825e-05
-4.05541e-06
-6.13977e-06
-1.1321e-05
-2.14854e-05
-6.60356e-06
-1.77038e-05
-6.29528e-06
-1.49494e-05
-6.81027e-06
-7.17877e-06
-1.39108e-05
-2.33495e-05
-8.7396e-06
-2.14625e-05
-8.18243e-06
-2.01973e-05
-8.07598e-06
-8.0712e-06
-1.93052e-05
-2.95345e-05
-1.06008e-05
-2.78695e-05
-9.8478e-06
-2.67033e-05
-9.24251e-06
-8.85861e-06
-2.59161e-05
-3.13646e-05
-1.23707e-05
-3.00086e-05
-1.12029e-05
-2.85507e-05
-1.06994e-05
-1.01751e-05
-2.72329e-05
-2.41388e-05
-7.32879e-06
-1.82557e-05
-1.70839e-05
-9.10157e-06
-1.9851e-05
-1.63566e-05
-2.92004e-06
-1.00303e-05
-9.61169e-06
-2.05817e-05
-6.53072e-06
-3.08562e-05
-9.57721e-06
-1.06401e-05
-3.65739e-05
-1.21829e-05
-1.12966e-05
-1.01574e-05
-8.55349e-06
-1.00826e-05
-9.65181e-06
-9.29809e-06
-1.14229e-05
6.441e-06
-1.05098e-05
7.21951e-06
-9.33288e-06
5.54739e-06
-7.97695e-06
-6.79862e-06
3.04875e-06
1.13521e-05
-8.42468e-06
8.89527e-06
-6.87358e-06
6.54374e-06
-5.6259e-06
-5.06019e-06
4.80588e-06
6.87874e-06
-5.49316e-06
3.45166e-06
-3.44861e-06
2.35964e-07
-2.41035e-06
-4.51704e-06
-3.07609e-07
-7.76067e-08
-8.90977e-07
-5.33038e-06
1.80417e-06
-7.26542e-06
-4.76122e-07
-6.5541e-06
-5.22896e-06
-3.80685e-06
3.00484e-06
-7.86238e-06
5.85908e-06
-7.6287e-06
-7.10348e-07
-9.18628e-06
-4.99687e-06
2.96511e-06
3.42336e-06
2.20892e-06
6.61468e-06
-2.59494e-07
1.75786e-06
-6.49288e-06
-2.95335e-06
8.07103e-06
2.18876e-06
9.93806e-06
4.74778e-06
7.75448e-06
3.94103e-06
-8.36546e-07
2.09804e-06
9.38978e-06
1.00294e-06
1.11385e-05
2.99845e-06
1.16983e-05
3.38139e-06
2.06959e-06
8.79202e-06
9.40792e-06
-1.25131e-08
1.10463e-05
1.36045e-06
1.23189e-05
2.10862e-06
1.94015e-06
1.24485e-05
8.91425e-06
-8.54441e-07
1.03226e-05
-4.81984e-08
1.18329e-05
5.98758e-07
8.61881e-07
1.29112e-05
7.80069e-06
-1.47807e-06
8.8202e-06
-1.06729e-06
1.00708e-05
-6.51664e-07
-3.7374e-07
1.13066e-05
6.24094e-06
-1.83546e-06
6.81615e-06
-1.64262e-06
7.59917e-06
-1.43431e-06
-1.28738e-06
8.51303e-06
4.80579e-06
-1.94675e-06
5.04267e-06
-1.87915e-06
5.41262e-06
-1.80402e-06
-1.76944e-06
5.89498e-06
3.77834e-06
-1.92898e-06
3.82638e-06
-1.92712e-06
3.95376e-06
-1.93101e-06
-1.97173e-06
4.15634e-06
2.9905e-06
-1.86581e-06
2.96983e-06
-1.90613e-06
3.00021e-06
-1.96104e-06
-2.05238e-06
3.08116e-06
2.27946e-06
-1.78426e-06
2.23124e-06
-1.8577e-06
2.2215e-06
-1.95094e-06
-2.07865e-06
2.24807e-06
1.61147e-06
-1.68848e-06
1.54358e-06
-1.78959e-06
1.50663e-06
-1.91361e-06
-2.06939e-06
1.49764e-06
9.93906e-07
-1.57916e-06
9.09356e-07
-1.70474e-06
8.4962e-07
-1.85357e-06
-2.03311e-06
8.13631e-07
4.42024e-07
-1.45811e-06
3.4082e-07
-1.60337e-06
2.61214e-07
-1.77358e-06
-1.97219e-06
2.00546e-07
-3.49033e-08
-1.32684e-06
-1.49337e-07
-1.48858e-06
-2.4725e-07
-1.67542e-06
-1.89078e-06
-3.28408e-07
-4.24868e-07
-1.18866e-06
-5.50892e-07
-1.3625e-06
-6.63199e-07
-1.56278e-06
-1.7929e-06
-7.60899e-07
-7.26819e-07
-1.04683e-06
-8.59685e-07
-1.22933e-06
-9.8158e-07
-1.44076e-06
-1.68294e-06
-1.09136e-06
-9.3825e-07
-9.05144e-07
-1.073e-06
-1.09462e-06
-1.19936e-06
-1.31415e-06
-1.56473e-06
-1.31746e-06
-1.06448e-06
-7.67382e-07
-1.19615e-06
-9.62672e-07
-1.32323e-06
-1.18701e-06
-1.44376e-06
-1.44407e-06
-1.11621e-06
-6.37277e-07
-1.24127e-06
-8.37737e-07
-1.36178e-06
-1.06633e-06
-1.32634e-06
-1.47917e-06
-1.10648e-06
-5.19199e-07
-1.2189e-06
-7.25129e-07
-1.32742e-06
-9.57849e-07
-1.21947e-06
-1.43422e-06
-1.05459e-06
-4.16786e-07
-1.14983e-06
-6.30042e-07
-1.24016e-06
-8.67396e-07
-1.13073e-06
-1.3289e-06
-9.87605e-07
-3.35275e-07
-1.05986e-06
-5.57594e-07
-1.12467e-06
-8.0263e-07
-1.07067e-06
-1.1847e-06
-9.3232e-07
-2.81426e-07
-9.7355e-07
-5.16534e-07
-9.98124e-07
-7.77977e-07
-1.05813e-06
-1.01067e-06
-9.08763e-07
-2.83065e-07
-8.7808e-07
-5.47083e-07
-8.21875e-07
-8.34236e-07
-1.11539e-06
-7.64639e-07
-7.2315e-07
-6.01549e-07
-4.75218e-07
-3.69715e-07
2.1295e-05
-9.74976e-06
2.02876e-05
-8.27134e-06
1.97948e-05
-6.47646e-06
1.96687e-05
-9.31433e-06
1.77145e-05
-5.8844e-06
1.58094e-05
3.82114e-06
1.75463e-05
7.16047e-06
2.13976e-05
-5.49004e-07
1.66236e-05
2.53733e-09
8.51836e-06
3.83592e-06
8.06811e-07
-7.73726e-07
-5.82124e-07
-1.03504e-05
6.67275e-06
-5.95795e-06
1.41754e-05
5.98065e-06
1.86507e-05
9.11457e-06
1.75836e-05
6.02615e-06
1.12563e-05
4.41348e-06
3.84058e-06
1.1095e-05
2.77869e-05
1.69906e-05
-1.16573e-05
1.53412e-05
-6.62203e-06
1.34672e-05
-4.60246e-06
1.11634e-05
-7.01069e-06
1.0064e-05
-4.78499e-06
1.10527e-05
2.83234e-06
1.45775e-05
3.63556e-06
1.67992e-05
-2.77074e-06
1.50341e-05
1.76757e-06
1.55452e-05
3.32484e-06
7.55598e-06
7.21548e-06
-5.27647e-06
2.48204e-06
-3.50568e-06
-7.72872e-06
4.10348e-06
-1.62849e-06
8.3974e-06
4.82069e-06
6.87052e-06
7.55308e-06
-1.73856e-07
1.14579e-05
-3.97925e-06
1.49006e-05
2.38078e-05
1.46603e-06
-1.33669e-05
9.36379e-07
-6.09271e-06
-2.18442e-06
-1.48203e-06
-1.94644e-06
-7.24894e-06
-6.74763e-07
-6.05698e-06
2.06513e-06
9.21996e-08
5.57459e-06
1.25884e-07
3.73971e-06
-9.36023e-07
7.97391e-06
-2.46672e-06
1.37493e-05
-2.45059e-06
1.30857e-05
7.87921e-06
3.08701e-06
1.24808e-05
-5.06361e-06
4.22014e-07
-4.76073e-06
-1.93124e-06
-3.91862e-06
3.97867e-06
-6.68728e-06
1.03218e-05
-1.15105e-05
1.62813e-05
-1.2954e-05
1.63442e-05
1.08539e-05
-9.77808e-06
-1.49103e-05
-5.0965e-06
-1.07749e-05
-5.52278e-06
-1.05632e-06
-8.4862e-06
-4.28605e-06
-1.25072e-05
-2.0364e-06
-9.33049e-06
-3.08494e-06
-3.76333e-06
-5.44159e-06
-6.53031e-07
-4.04653e-06
2.75898e-06
-5.87881e-06
5.30346e-06
-4.99503e-06
5.61003e-06
7.57273e-06
3.27843e-06
1.48125e-05
-3.6184e-06
7.31908e-06
-9.45234e-06
3.9029e-06
-1.30662e-05
7.59269e-06
-1.68127e-05
1.40684e-05
-1.99284e-05
1.9397e-05
-1.5698e-05
1.2114e-05
-4.84398e-06
-1.23177e-05
-1.65041e-05
-7.95679e-06
-1.51365e-05
-4.83578e-06
-4.17802e-06
-1.17971e-05
2.67477e-06
-1.44211e-05
5.87033e-07
-8.35394e-06
-9.15248e-06
-4.12374e-06
-9.67206e-06
-1.90144e-06
-6.26897e-06
-1.9562e-06
-5.82405e-06
-2.3246e-06
-4.62655e-06
1.19349e-07
5.12896e-06
3.07709e-06
1.1855e-05
9.099e-08
1.03054e-05
-5.39779e-06
9.39182e-06
-9.853e-06
1.20479e-05
-1.17196e-05
1.59349e-05
-9.77461e-06
1.7452e-05
-3.49621e-06
5.83567e-06
-8.34011e-06
-1.73364e-05
-1.84735e-05
-1.51598e-05
-1.73136e-05
-8.5211e-06
-1.08172e-05
-5.44302e-06
-4.03775e-07
-2.63802e-06
-2.2183e-06
6.64229e-07
-1.24549e-05
2.71407e-06
-1.1722e-05
2.9246e-06
-6.47953e-06
1.82261e-06
-4.72201e-06
1.50089e-06
-4.30472e-06
3.92285e-06
2.70713e-06
7.03714e-06
8.74084e-06
7.007e-06
1.03356e-05
5.27251e-06
1.11263e-05
3.99312e-06
1.33272e-05
5.7477e-06
1.41803e-05
1.13765e-05
1.18233e-05
1.07574e-05
6.45492e-06
2.4175e-06
-2.36474e-05
-2.0742e-05
-2.1007e-05
-1.9954e-05
-1.42693e-05
-1.75549e-05
-1.10817e-06
-1.35647e-05
9.41645e-06
-1.27427e-05
1.07729e-05
-1.38112e-05
9.92275e-06
-1.08719e-05
1.01482e-05
-6.70491e-06
9.38803e-06
-3.9618e-06
7.66597e-06
-2.58262e-06
7.69783e-06
2.67526e-06
9.53543e-06
6.90324e-06
1.1353e-05
8.51806e-06
1.29358e-05
9.54349e-06
1.53312e-05
1.09319e-05
1.89273e-05
1.05843e-05
2.12276e-05
9.5233e-06
1.35005e-05
1.41823e-05
1.5918e-05
-2.50717e-05
-2.28989e-05
-2.19885e-05
-2.30313e-05
-1.60731e-05
-2.34671e-05
-2.9757e-06
-2.66608e-05
1.16486e-05
-2.73671e-05
1.56585e-05
-1.78208e-05
1.17771e-05
-6.99046e-06
1.13405e-05
-6.26809e-06
1.07073e-05
-3.32855e-06
1.07343e-05
-2.6096e-06
1.41211e-05
-7.11515e-07
1.89658e-05
2.05855e-06
2.25118e-05
4.97176e-06
2.45713e-05
7.48365e-06
2.36452e-05
1.18576e-05
1.90791e-05
1.51499e-05
8.74245e-06
1.98601e-05
2.75184e-06
2.01729e-05
1.867e-05
-1.28492e-05
-1.29706e-05
-1.86619e-05
-1.72186e-05
-1.16591e-05
-3.04696e-05
-6.21778e-06
-3.2102e-05
-1.48236e-06
-3.21023e-05
-2.73256e-06
-1.65704e-05
-4.13593e-06
-5.5868e-06
-8.96834e-06
-1.43533e-06
-7.95886e-06
-4.3375e-06
-3.58499e-06
-6.98357e-06
1.70927e-05
-2.13901e-05
3.51288e-05
-1.59787e-05
5.05186e-05
-1.04185e-05
5.31268e-05
4.87693e-06
2.38334e-05
4.11484e-05
-3.599e-06
4.25793e-05
-1.25768e-05
2.88372e-05
-7.39287e-06
1.49909e-05
1.12783e-05
-2.96183e-05
-1.99287e-05
-2.27355e-05
-2.41052e-05
-2.55287e-05
-2.76779e-05
-2.90176e-05
-2.86129e-05
-3.2705e-05
-2.84137e-05
-2.60693e-05
-2.32051e-05
-9.55513e-06
-2.20998e-05
9.16532e-06
-2.01547e-05
1.70695e-05
-1.2241e-05
1.47867e-05
-4.70157e-06
-3.75521e-07
-6.23007e-06
-8.436e-06
-7.91885e-06
-6.43382e-06
-1.2417e-05
-6.84897e-06
5.29275e-06
1.85707e-06
3.24388e-05
4.20596e-06
4.023e-05
-5.79204e-06
3.88327e-05
-2.71749e-06
1.19144e-05
8.55717e-06
-1.10729e-05
-2.02771e-05
-1.42943e-05
-2.08818e-05
-2.05562e-05
-2.14141e-05
-2.53177e-05
-2.38501e-05
-2.72486e-05
-2.64816e-05
-2.38323e-05
-2.66206e-05
-1.72148e-05
-2.87165e-05
-1.23706e-05
-2.49982e-05
-1.44976e-05
-1.01132e-05
-2.17631e-05
2.56421e-06
-3.27466e-05
4.75272e-06
-3.69454e-05
-3.72149e-06
-4.11437e-05
-8.21856e-06
-3.8985e-05
3.1357e-06
-3.03677e-05
2.38213e-05
-1.89013e-05
2.87606e-05
-4.24182e-06
2.41712e-05
3.99256e-06
3.67698e-06
1.25485e-05
2.14021e-06
-1.93671e-05
-8.27971e-07
-1.79124e-05
-7.32469e-06
-1.49163e-05
-1.46769e-05
-1.64968e-05
-1.92664e-05
-2.18914e-05
-1.94594e-05
-2.64272e-05
-1.76122e-05
-3.05635e-05
-1.72951e-05
-2.53153e-05
-1.87589e-05
-8.64975e-06
-2.1247e-05
5.05193e-06
-2.23421e-05
5.84698e-06
-2.4796e-05
-1.26883e-06
-3.59249e-05
2.9089e-06
-4.36651e-05
1.08757e-05
-3.66617e-05
1.68206e-05
-2.67389e-05
1.88359e-05
-7.49424e-06
4.92739e-06
1.85683e-07
-4.00358e-06
1.27331e-05
4.77355e-06
-1.93348e-05
3.65787e-06
-1.67969e-05
-1.35549e-06
-9.90292e-06
-8.01086e-06
-9.84144e-06
-1.41947e-05
-1.57074e-05
-1.56139e-05
-2.5008e-05
-1.64846e-05
-2.9693e-05
-1.8341e-05
-2.34593e-05
-1.67701e-05
-1.02214e-05
-1.51986e-05
3.47945e-06
-1.40879e-05
4.73526e-06
-1.48474e-05
-5.10705e-07
-1.9229e-05
7.2888e-06
-2.75508e-05
1.9196e-05
-2.87963e-05
1.80653e-05
-1.81527e-05
8.1923e-06
-4.84566e-06
-8.38097e-06
-9.82953e-08
-8.7535e-06
1.26348e-05
2.86294e-06
-2.25061e-05
3.59156e-06
-1.75263e-05
1.70268e-07
-6.48241e-06
-5.50291e-06
-4.16871e-06
-1.21104e-05
-9.10023e-06
-1.46151e-05
-2.25037e-05
-1.73815e-05
-2.6927e-05
-2.13598e-05
-1.94816e-05
-2.1079e-05
-1.0503e-05
-1.5851e-05
-1.74949e-06
-1.21738e-05
1.05715e-06
-1.52426e-05
2.55699e-06
-1.78124e-05
9.85752e-06
-1.91728e-05
2.05553e-05
-1.80287e-05
1.69204e-05
-9.96612e-06
1.29002e-07
-3.17277e-06
-1.51751e-05
-1.12667e-06
-1.07992e-05
1.15076e-05
-8.81691e-07
-2.68541e-05
1.24488e-07
-1.85335e-05
-1.17496e-06
-5.18386e-06
-7.36085e-06
2.01649e-06
-1.42547e-05
-2.20703e-06
-1.72901e-05
-1.94686e-05
-2.18699e-05
-2.23477e-05
-2.72515e-05
-1.41005e-05
-2.94547e-05
-8.30038e-06
-2.72165e-05
-3.98844e-06
-2.55893e-05
-5.70759e-07
-2.66302e-05
3.59727e-06
-2.49828e-05
8.20937e-06
-1.89349e-05
1.45069e-05
-1.26468e-05
1.06319e-05
-6.45996e-06
-6.05792e-06
-4.48554e-06
-1.71492e-05
-1.10214e-06
-1.41832e-05
1.04061e-05
-3.48902e-06
-2.83627e-05
-5.32881e-06
-1.66948e-05
-8.06591e-06
-2.44769e-06
-1.40679e-05
8.01771e-06
-1.92762e-05
3.00085e-06
-2.26639e-05
-1.60813e-05
-3.00657e-05
-1.49464e-05
-3.62409e-05
-7.92583e-06
-3.89326e-05
-5.60908e-06
-3.94001e-05
-3.52148e-06
-3.74661e-05
-2.50514e-06
-3.26676e-05
-1.20176e-06
-2.65683e-05
2.10973e-06
-1.83321e-05
6.27052e-06
-1.02107e-05
2.51047e-06
-6.58758e-06
-9.681e-06
-4.88643e-06
-1.88505e-05
-5.87303e-07
-1.84814e-05
9.81869e-06
-7.72606e-06
-2.35905e-05
-1.17192e-05
-1.27024e-05
-1.28694e-05
-1.29827e-06
-1.30876e-05
8.23529e-06
-1.71778e-05
7.09058e-06
-2.42678e-05
-8.99159e-06
-3.01641e-05
-9.05042e-06
-3.29391e-05
-5.15116e-06
-3.30106e-05
-5.53793e-06
-3.11818e-05
-5.35057e-06
-2.79219e-05
-5.7653e-06
-2.34591e-05
-5.6647e-06
-1.81133e-05
-3.2362e-06
-1.24383e-05
5.95405e-07
-7.36937e-06
-2.55847e-06
-6.5906e-06
-1.04597e-05
-4.40721e-06
-2.10334e-05
-1.81252e-06
-2.10762e-05
8.00664e-06
-8.80536e-06
-1.26875e-05
-1.23946e-05
-9.11377e-06
-1.01804e-05
-3.51301e-06
-6.17398e-06
4.22837e-06
-8.22663e-06
9.1429e-06
-1.48296e-05
-2.38892e-06
-1.77409e-05
-6.13932e-06
-1.88211e-05
-4.07122e-06
-1.92108e-05
-5.14837e-06
-1.72076e-05
-7.35393e-06
-1.41188e-05
-8.85419e-06
-1.06942e-05
-9.08938e-06
-7.44023e-06
-6.49022e-06
-4.81918e-06
-2.02565e-06
-3.50132e-06
-3.87625e-06
-4.69529e-06
-9.26563e-06
-4.29784e-06
-2.14309e-05
-3.82573e-06
-2.15477e-05
4.18087e-06
-6.73535e-07
-3.2221e-06
-5.63326e-06
-4.15437e-06
-5.83707e-06
-3.30957e-06
-1.41115e-06
-1.97831e-07
2.01429e-06
5.71723e-06
9.73225e-07
-1.34803e-06
-9.3439e-07
-4.23185e-06
-1.84523e-06
-3.16049e-06
-2.62113e-06
-4.37256e-06
-2.69837e-06
-7.27675e-06
-1.9314e-06
-9.62119e-06
-8.79875e-07
-1.01409e-05
3.98298e-07
-7.76836e-06
2.68913e-06
-4.3164e-06
2.74206e-06
-3.92911e-06
3.28315e-07
-6.85184e-06
-2.71475e-06
-1.83876e-05
-3.86745e-06
-2.03951e-05
3.13738e-07
8.96206e-06
2.64333e-07
6.10512e-06
-1.29758e-06
4.08327e-06
-1.28792e-06
4.60791e-06
-7.22643e-07
8.8969e-06
1.42812e-06
9.79426e-06
-2.24549e-06
9.71789e-06
-4.15554e-06
1.06754e-05
-4.11808e-06
1.10602e-05
-4.75735e-06
1.02934e-05
-6.51e-06
9.27468e-06
-8.60238e-06
8.28123e-06
-9.14739e-06
8.31045e-06
-7.7975e-06
9.51701e-06
-5.52286e-06
8.94642e-06
-3.3584e-06
6.3935e-06
-4.29882e-06
1.35456e-06
-1.33487e-05
-2.18917e-06
-1.68509e-05
-1.87545e-06
1.30998e-05
7.58775e-08
1.30953e-05
-1.29307e-06
1.33486e-05
-1.54128e-06
1.38894e-05
-1.26341e-06
1.63838e-05
-1.06635e-06
1.70511e-05
-2.91285e-06
1.72574e-05
-4.36177e-06
1.80213e-05
-4.88204e-06
1.86473e-05
-5.38329e-06
1.85495e-05
-6.41215e-06
1.73819e-05
-7.4347e-06
1.57043e-05
-7.46972e-06
1.45981e-05
-6.69109e-06
1.40042e-05
-4.92883e-06
1.2775e-05
-2.12914e-06
1.02334e-05
-1.75709e-06
4.99266e-06
-8.10772e-06
-2.01705e-07
-1.16566e-05
-2.0769e-06
1.29943e-05
-1.61161e-06
1.42226e-05
-2.52127e-06
1.55689e-05
-2.88757e-06
1.723e-05
-2.92442e-06
1.92709e-05
-3.10718e-06
2.03618e-05
-4.00371e-06
2.10147e-05
-5.01468e-06
2.17745e-05
-5.64176e-06
2.24103e-05
-6.01894e-06
2.23652e-05
-6.36697e-06
2.14022e-05
-6.47157e-06
1.98597e-05
-5.9271e-06
1.81304e-05
-4.96165e-06
1.62515e-05
-3.04983e-06
1.4445e-05
-3.22396e-07
1.18989e-05
7.8916e-07
6.90154e-06
-3.11035e-06
1.13665e-06
-5.89132e-06
-9.40228e-07
1.03082e-05
-3.40646e-06
1.17761e-05
-3.98908e-06
1.32886e-05
-4.39995e-06
1.5e-05
-4.63569e-06
1.68093e-05
-4.91643e-06
1.82604e-05
-5.4547e-06
1.93295e-05
-6.08364e-06
2.0212e-05
-6.52415e-06
2.08888e-05
-6.69571e-06
2.11323e-05
-6.6103e-06
2.08038e-05
-6.14293e-06
1.99639e-05
-5.08706e-06
1.84451e-05
-3.44267e-06
1.65517e-05
-1.15628e-06
1.46147e-05
1.61473e-06
1.20294e-05
3.37469e-06
7.32933e-06
1.58992e-06
1.89565e-06
-4.57587e-07
9.55642e-07
7.06333e-06
-4.57451e-06
8.15984e-06
-5.08538e-06
9.32486e-06
-5.5648e-06
1.06545e-05
-5.96517e-06
1.20802e-05
-6.34197e-06
1.34026e-05
-6.777e-06
1.45287e-05
-7.20961e-06
1.54907e-05
-7.48598e-06
1.62838e-05
-7.48874e-06
1.68057e-05
-7.13196e-06
1.69457e-05
-6.28283e-06
1.66495e-05
-4.79062e-06
1.58311e-05
-2.62415e-06
1.4539e-05
1.36012e-07
1.28442e-05
3.30975e-06
1.05269e-05
5.69212e-06
6.51178e-06
5.6052e-06
1.99304e-06
4.0615e-06
2.94874e-06
4.7453e-06
-5.16314e-06
5.37842e-06
-5.71824e-06
6.09043e-06
-6.2766e-06
6.93196e-06
-6.80652e-06
7.88629e-06
-7.29614e-06
8.86452e-06
-7.75507e-06
9.79467e-06
-8.1396e-06
1.06555e-05
-8.34667e-06
1.14292e-05
-8.2623e-06
1.2057e-05
-7.7596e-06
1.24495e-05
-6.67512e-06
1.25086e-05
-4.84948e-06
1.21379e-05
-2.25326e-06
1.1291e-05
9.83097e-07
9.99896e-06
4.60198e-06
8.04087e-06
7.65039e-06
4.92773e-06
8.71857e-06
1.6642e-06
7.32514e-06
4.61313e-06
3.36613e-06
-5.44777e-06
3.71487e-06
-6.06671e-06
4.13695e-06
-6.69846e-06
4.65005e-06
-7.31943e-06
5.25051e-06
-7.89641e-06
5.9008e-06
-8.40518e-06
6.55646e-06
-8.79509e-06
7.19247e-06
-8.98251e-06
7.79256e-06
-8.86221e-06
8.32597e-06
-8.29282e-06
8.72979e-06
-7.07876e-06
8.89996e-06
-5.01945e-06
8.72194e-06
-2.07503e-06
8.13165e-06
1.5736e-06
7.0707e-06
5.66313e-06
5.39119e-06
9.33009e-06
3.23892e-06
1.0871e-05
1.25205e-06
9.31232e-06
5.86525e-06
2.3743e-06
-5.57367e-06
2.57398e-06
-6.26611e-06
2.85156e-06
-6.9758e-06
3.20239e-06
-7.67005e-06
3.6132e-06
-8.30702e-06
4.05383e-06
-8.84563e-06
4.49181e-06
-9.23288e-06
4.90501e-06
-9.39553e-06
5.28477e-06
-9.24178e-06
5.62775e-06
-8.63562e-06
5.91134e-06
-7.36215e-06
6.05192e-06
-5.15983e-06
5.91261e-06
-1.93552e-06
5.38319e-06
2.10323e-06
4.38231e-06
6.66421e-06
3.07946e-06
1.06331e-05
1.90053e-06
1.20501e-05
8.83596e-07
1.03294e-05
6.74901e-06
1.51743e-06
-5.59313e-06
1.61847e-06
-6.36688e-06
1.79941e-06
-7.1565e-06
2.0489e-06
-7.91933e-06
2.34719e-06
-8.60511e-06
2.66224e-06
-9.16049e-06
2.95857e-06
-9.52902e-06
3.20859e-06
-9.64536e-06
3.40121e-06
-9.43422e-06
3.54939e-06
-8.7836e-06
3.67115e-06
-7.48371e-06
3.73008e-06
-5.21857e-06
3.58665e-06
-1.79188e-06
3.0957e-06
2.5944e-06
2.22907e-06
7.53104e-06
1.44208e-06
1.14203e-05
1.04041e-06
1.2452e-05
6.49105e-07
1.0721e-05
7.39819e-06
7.5038e-07
-5.52958e-06
7.66287e-07
-6.38253e-06
8.63476e-07
-7.25347e-06
1.02753e-06
-8.08318e-06
1.23688e-06
-8.81428e-06
1.45983e-06
-9.38325e-06
1.65685e-06
-9.72587e-06
1.79173e-06
-9.78006e-06
1.8434e-06
-9.4857e-06
1.82151e-06
-8.76154e-06
1.77481e-06
-7.43682e-06
1.73475e-06
-5.17831e-06
1.6114e-06
-1.66833e-06
1.24476e-06
2.96124e-06
6.78194e-07
8.0978e-06
4.51559e-07
1.16471e-05
5.82655e-07
1.23211e-05
4.94466e-07
1.08093e-05
7.8928e-06
6.50839e-08
-5.39382e-06
1.0918e-08
-6.32813e-06
3.25475e-08
-7.27489e-06
1.17478e-07
-8.16793e-06
2.46393e-07
-8.94302e-06
3.87705e-07
-9.52439e-06
5.02458e-07
-9.84045e-06
5.48677e-07
-9.82611e-06
4.92554e-07
-9.42941e-06
3.29775e-07
-8.59858e-06
1.0449e-07
-7.21136e-06
-7.32548e-08
-5.00038e-06
-1.22413e-07
-1.61898e-06
-2.08636e-07
3.04765e-06
-3.23723e-07
8.21307e-06
-5.04943e-08
1.13741e-05
3.73045e-07
1.18977e-05
3.68513e-07
1.08141e-05
8.26138e-06
-5.20104e-07
-5.20189e-06
-6.37112e-07
-6.21091e-06
-6.8459e-07
-7.22724e-06
-6.73827e-07
-8.17852e-06
-6.27036e-07
-8.98965e-06
-5.69024e-07
-9.58225e-06
-5.33685e-07
-9.87564e-06
-5.63134e-07
-9.79651e-06
-6.99932e-07
-9.29246e-06
-9.65315e-07
-8.33304e-06
-1.31658e-06
-6.85993e-06
-1.61159e-06
-4.7052e-06
-1.64405e-06
-1.58635e-06
-1.38555e-06
2.78933e-06
-9.59679e-07
7.78737e-06
-3.00519e-07
1.07151e-05
2.5711e-07
1.13402e-05
2.22263e-07
1.0849e-05
8.48376e-06
-9.97359e-07
-4.96522e-06
-1.16867e-06
-6.03943e-06
-1.28096e-06
-7.1148e-06
-1.34697e-06
-8.11238e-06
-1.3835e-06
-8.95299e-06
-1.41037e-06
-9.55525e-06
-1.4562e-06
-9.82967e-06
-1.55633e-06
-9.69625e-06
-1.75559e-06
-9.09307e-06
-2.09173e-06
-7.99676e-06
-2.53834e-06
-6.41318e-06
-2.92941e-06
-4.31398e-06
-2.95486e-06
-1.56073e-06
-2.32441e-06
2.15904e-06
-1.32591e-06
6.78903e-06
-3.72382e-07
9.76168e-06
1.82248e-07
1.07857e-05
3.86788e-08
1.09928e-05
8.5225e-06
-1.36016e-06
-4.69626e-06
-1.57432e-06
-5.82514e-06
-1.74592e-06
-6.94307e-06
-1.88707e-06
-7.97112e-06
-2.00963e-06
-8.83032e-06
-2.12719e-06
-9.43758e-06
-2.25504e-06
-9.70172e-06
-2.41819e-06
-9.53299e-06
-2.65627e-06
-8.85487e-06
-3.01215e-06
-7.64075e-06
-3.4899e-06
-5.93531e-06
-3.9434e-06
-3.86034e-06
-3.97542e-06
-1.52857e-06
-3.08917e-06
1.27294e-06
-1.6167e-06
5.3167e-06
-3.95206e-07
8.54033e-06
1.43324e-07
1.02474e-05
-1.14026e-07
1.12502e-05
8.40857e-06
-1.60451e-06
-4.40907e-06
-1.85514e-06
-5.57441e-06
-2.07986e-06
-6.71825e-06
-2.29051e-06
-7.76039e-06
-2.49673e-06
-8.62402e-06
-2.7029e-06
-9.23133e-06
-2.90933e-06
-9.4952e-06
-3.1222e-06
-9.32004e-06
-3.36178e-06
-8.6152e-06
-3.66808e-06
-7.33434e-06
-4.07144e-06
-5.53183e-06
-4.50728e-06
-3.42438e-06
-4.60944e-06
-1.42628e-06
-3.65324e-06
3.16871e-07
-1.90998e-06
3.57356e-06
-4.81179e-07
7.11165e-06
1.02795e-07
9.66349e-06
-1.81217e-07
1.15344e-05
8.2274e-06
-1.73681e-06
-4.11625e-06
-2.0092e-06
-5.30195e-06
-2.27444e-06
-6.45296e-06
-2.54618e-06
-7.48859e-06
-2.82984e-06
-8.3403e-06
-3.1189e-06
-8.94221e-06
-3.3973e-06
-9.21674e-06
-3.64835e-06
-9.06892e-06
-3.86485e-06
-8.39862e-06
-4.06016e-06
-7.13895e-06
-4.26885e-06
-5.32305e-06
-4.50871e-06
-3.18442e-06
-4.63379e-06
-1.3011e-06
-4.02043e-06
-2.96366e-07
-2.44908e-06
2.00232e-06
-8.51504e-07
5.51419e-06
-7.1256e-08
8.88336e-06
-1.85641e-07
1.16489e-05
8.04184e-06
-1.76115e-06
-3.8342e-06
-2.03893e-06
-5.02413e-06
-2.32971e-06
-6.16214e-06
-2.64909e-06
-7.16918e-06
-2.99913e-06
-7.99023e-06
-3.36374e-06
-8.57756e-06
-3.71143e-06
-8.86899e-06
-4.00302e-06
-8.77728e-06
-4.20103e-06
-8.20054e-06
-4.2821e-06
-7.05782e-06
-4.25535e-06
-5.34972e-06
-4.17541e-06
-3.26427e-06
-4.15233e-06
-1.32409e-06
-4.15298e-06
-2.95625e-07
-3.19053e-06
1.03998e-06
-1.52487e-06
3.84862e-06
-4.91591e-07
7.85016e-06
-1.3123e-07
1.12886e-05
7.91064e-06
-1.69013e-06
-3.57825e-06
-1.95414e-06
-4.7601e-06
-2.24975e-06
-5.86651e-06
-2.59583e-06
-6.82307e-06
-2.99346e-06
-7.59258e-06
-3.42101e-06
-8.14998e-06
-3.83637e-06
-8.45361e-06
-4.18321e-06
-8.4304e-06
-4.39945e-06
-7.98426e-06
-4.43065e-06
-7.02656e-06
-4.25284e-06
-5.52746e-06
-3.91962e-06
-3.59743e-06
-3.64559e-06
-1.59803e-06
-3.80183e-06
-1.39302e-07
-3.55813e-06
7.96354e-07
-2.43154e-06
2.72212e-06
-1.09728e-06
6.51599e-06
-1.35401e-07
1.03268e-05
7.77529e-06
-1.53916e-06
-3.36796e-06
-1.76425e-06
-4.53501e-06
-2.0353e-06
-5.59545e-06
-2.37692e-06
-6.48145e-06
-2.79221e-06
-7.17728e-06
-3.25966e-06
-7.68251e-06
-3.73428e-06
-7.97896e-06
-4.15122e-06
-8.01344e-06
-4.43247e-06
-7.70298e-06
-4.50061e-06
-6.95838e-06
-4.30319e-06
-5.72483e-06
-3.86232e-06
-4.03824e-06
-3.36287e-06
-2.09741e-06
-3.21404e-06
-2.88072e-07
-3.37382e-06
9.56201e-07
-2.97798e-06
2.32634e-06
-1.70628e-06
5.24433e-06
-3.12756e-07
8.93336e-06
7.46254e-06
-1.31944e-06
-3.23322e-06
-1.47024e-06
-4.38421e-06
-1.67943e-06
-5.38626e-06
-1.97683e-06
-6.18404e-06
-2.36789e-06
-6.78622e-06
-2.83607e-06
-7.21432e-06
-3.34295e-06
-7.47207e-06
-3.82665e-06
-7.52972e-06
-4.20459e-06
-7.325e-06
-4.38445e-06
-6.7785e-06
-4.28725e-06
-5.822e-06
-3.891e-06
-4.43445e-06
-3.3024e-06
-2.68596e-06
-2.80729e-06
-7.83138e-07
-2.794e-06
9.42958e-07
-2.86343e-06
2.39582e-06
-2.18912e-06
4.57007e-06
-7.00143e-07
7.4444e-06
6.76243e-06
-1.02446e-06
-3.21944e-06
-1.06415e-06
-4.34454e-06
-1.18042e-06
-5.27001e-06
-1.39729e-06
-5.9672e-06
-1.71722e-06
-6.4663e-06
-2.12955e-06
-6.802e-06
-2.60999e-06
-6.99163e-06
-3.11402e-06
-7.02569e-06
-3.57166e-06
-6.86736e-06
-3.89182e-06
-6.45833e-06
-3.9794e-06
-5.7344e-06
-3.76833e-06
-4.64549e-06
-3.27906e-06
-3.17521e-06
-2.69644e-06
-1.36573e-06
-2.39355e-06
6.40105e-07
-2.54746e-06
2.54977e-06
-2.3597e-06
4.38234e-06
-1.16783e-06
6.25259e-06
5.59462e-06
-6.30201e-07
-3.35392e-06
-5.59219e-07
-4.41556e-06
-5.86981e-07
-5.24229e-06
-7.13238e-07
-5.84098e-06
-9.27322e-07
-6.25225e-06
-1.22141e-06
-6.50794e-06
-1.58699e-06
-6.62607e-06
-2.00577e-06
-6.60692e-06
-2.44032e-06
-6.43281e-06
-2.82807e-06
-6.07058e-06
-3.08808e-06
-5.47438e-06
-3.13544e-06
-4.59812e-06
-2.91918e-06
-3.39145e-06
-2.48727e-06
-1.79763e-06
-2.0912e-06
2.44064e-07
-2.2919e-06
2.75049e-06
-2.27831e-06
4.36878e-06
-1.47932e-06
5.45363e-06
4.1153e-06
-1.72086e-07
-7.88367e-08
-7.72527e-08
-1.37425e-07
-2.41481e-07
-3.82385e-07
-5.60194e-07
-7.75592e-07
-1.02315e-06
-1.28635e-06
-1.53323e-06
-1.71822e-06
-1.78314e-06
-1.67739e-06
-1.41325e-06
-1.8042e-06
-1.88908e-06
-1.31999e-06
)
;

boundaryField
{
    leftWall
    {
        type            calculated;
        value           uniform 0;
    }
    rightWall
    {
        type            calculated;
        value           uniform 0;
    }
    lowerWall
    {
        type            calculated;
        value           uniform 0;
    }
    atmosphere
    {
        type            calculated;
        value           nonuniform List<scalar> 
46
(
2.19341e-05
2.21663e-05
1.74834e-05
1.08308e-05
4.86573e-06
1.22493e-06
-5.70121e-07
-1.45571e-06
-1.95667e-06
-2.23261e-06
-2.34199e-06
-2.33216e-06
-2.23298e-06
-2.06657e-06
-1.84277e-06
-1.56551e-06
-1.2281e-06
-8.27014e-07
-3.36213e-07
2.43164e-07
7.07148e-07
6.92359e-07
9.35894e-08
-3.82535e-07
-6.68804e-07
-9.60614e-07
-1.22091e-06
-3.55156e-06
-4.50882e-06
-5.24388e-06
-5.78081e-06
-6.1482e-06
-6.36705e-06
-6.44827e-06
-6.39152e-06
-6.18525e-06
-5.80738e-06
-5.22749e-06
-4.41313e-06
-3.32653e-06
-1.90338e-06
-2.00635e-08
3.14145e-06
4.45367e-06
4.88454e-06
2.79531e-06
)
;
    }
    defaultFaces
    {
        type            empty;
        value           nonuniform List<scalar> 0();
    }
}


// ************************************************************************* //
