/*--------------------------------*- C++ -*----------------------------------*\
| =========                 |                                                 |
| \\      /  F ield         | OpenFOAM: The Open Source CFD Toolbox           |
|  \\    /   O peration     | Version:  2312                                  |
|   \\  /    A nd           | Website:  www.openfoam.com                      |
|    \\/     M anipulation  |                                                 |
\*---------------------------------------------------------------------------*/
FoamFile
{
    version     2.0;
    format      ascii;
    arch        "LSB;label=32;scalar=64";
    class       surfaceScalarField;
    location    "3.25";
    object      phi;
}
// * * * * * * * * * * * * * * * * * * * * * * * * * * * * * * * * * * * * * //

dimensions      [0 3 -1 0 0 0 0];

oriented        oriented;

internalField   nonuniform List<scalar> 
4432
(
3.15811e-06
-3.15811e-06
5.0306e-06
-1.87247e-06
6.40851e-06
-1.37789e-06
7.31723e-06
-9.08713e-07
7.8035e-06
-4.86264e-07
7.9093e-06
-1.05797e-07
7.73547e-06
1.73824e-07
7.38116e-06
3.54315e-07
6.88833e-06
4.92832e-07
6.23436e-06
6.53978e-07
5.45369e-06
7.80678e-07
4.57741e-06
8.76289e-07
3.67312e-06
9.043e-07
2.80308e-06
8.70044e-07
2.05081e-06
7.52273e-07
1.46366e-06
5.87158e-07
1.02977e-06
4.33889e-07
7.0159e-07
3.2818e-07
4.82766e-07
2.18824e-07
3.07752e-07
1.75014e-07
1.13691e-07
1.94061e-07
-1.4967e-07
2.63361e-07
-1.49669e-07
2.20208e-06
-5.36021e-06
4.07735e-06
-3.74775e-06
5.57438e-06
-2.87494e-06
6.64327e-06
-1.97761e-06
7.27183e-06
-1.11483e-06
7.45903e-06
-2.93014e-07
7.34394e-06
2.88897e-07
7.0452e-06
6.53047e-07
6.5911e-06
9.46929e-07
5.97429e-06
1.27078e-06
5.21545e-06
1.53951e-06
4.3522e-06
1.73955e-06
3.44681e-06
1.80969e-06
2.58989e-06
1.72697e-06
1.84393e-06
1.49823e-06
1.27712e-06
1.15398e-06
8.69028e-07
8.41989e-07
5.71354e-07
6.25856e-07
3.93324e-07
3.96854e-07
2.72057e-07
2.96283e-07
1.22885e-07
3.43233e-07
-9.8623e-08
4.84869e-07
-2.48296e-07
1.72723e-06
-7.08745e-06
3.52794e-06
-5.54847e-06
5.05794e-06
-4.40493e-06
6.18788e-06
-3.10755e-06
6.87643e-06
-1.80338e-06
7.09842e-06
-5.1501e-07
6.9986e-06
3.88717e-07
6.74322e-06
9.08426e-07
6.33275e-06
1.3574e-06
5.74756e-06
1.85596e-06
5.00668e-06
2.28039e-06
4.13467e-06
2.61156e-06
3.23177e-06
2.71258e-06
2.37949e-06
2.57925e-06
1.64758e-06
2.23014e-06
1.12348e-06
1.67808e-06
7.70722e-07
1.19475e-06
5.39447e-07
8.57131e-07
4.622e-07
4.74101e-07
4.48324e-07
3.10159e-07
3.61189e-07
4.30368e-07
1.75206e-07
6.70851e-07
-7.30897e-08
1.49535e-06
-8.58283e-06
3.2569e-06
-7.31005e-06
4.8021e-06
-5.95014e-06
5.97103e-06
-4.27648e-06
6.66257e-06
-2.49494e-06
6.81698e-06
-6.69424e-07
6.70049e-06
5.05197e-07
6.50288e-06
1.10604e-06
6.14663e-06
1.71366e-06
5.55681e-06
2.44579e-06
4.78879e-06
3.04841e-06
3.86156e-06
3.53878e-06
2.90571e-06
3.66843e-06
2.05078e-06
3.43418e-06
1.35272e-06
2.92819e-06
8.87643e-07
2.14316e-06
6.22882e-07
1.45951e-06
5.0267e-07
9.77342e-07
5.63667e-07
4.13104e-07
6.79932e-07
1.93896e-07
5.85972e-07
5.24327e-07
2.99647e-07
9.57177e-07
2.26557e-07
1.5678e-06
-1.01506e-05
3.38578e-06
-9.12803e-06
4.92931e-06
-7.49366e-06
6.07967e-06
-5.42684e-06
6.71616e-06
-3.13143e-06
6.78122e-06
-7.34475e-07
6.58402e-06
7.02396e-07
6.40019e-06
1.28987e-06
6.07173e-06
2.04212e-06
5.47439e-06
3.04313e-06
4.65963e-06
3.86317e-06
3.52618e-06
4.67222e-06
2.34896e-06
4.84565e-06
1.30975e-06
4.4734e-06
5.41446e-07
3.69649e-06
6.55784e-08
2.61902e-06
-1.29463e-07
1.65455e-06
-6.95757e-08
9.17453e-07
1.98082e-07
1.45448e-07
5.82671e-07
-1.90694e-07
6.0336e-07
5.03641e-07
3.2645e-07
1.23409e-06
5.53009e-07
1.89835e-06
-1.2049e-05
3.89788e-06
-1.11276e-05
5.47821e-06
-9.07398e-06
6.62357e-06
-6.57219e-06
7.25324e-06
-3.7611e-06
7.16077e-06
-6.41998e-07
6.67294e-06
1.19022e-06
5.82113e-06
2.14169e-06
4.92813e-06
2.93513e-06
4.15445e-06
3.81682e-06
3.0963e-06
4.92133e-06
2.04455e-06
5.72398e-06
1.06588e-06
5.82431e-06
7.90725e-08
5.46018e-06
-8.20359e-07
4.5959e-06
-1.61957e-06
3.41822e-06
-2.44069e-06
2.47566e-06
-3.25231e-06
1.72907e-06
-3.81493e-06
7.08062e-07
-3.62463e-06
-3.80985e-07
-2.11928e-06
-1.00171e-06
4.74463e-07
-1.35966e-06
1.02748e-06
2.30591e-06
-1.43549e-05
4.51108e-06
-1.33327e-05
5.92184e-06
-1.04847e-05
6.53688e-06
-7.18721e-06
6.48355e-06
-3.70777e-06
6.57468e-06
-7.33117e-07
6.57722e-06
1.18769e-06
6.45534e-06
2.26358e-06
5.45229e-06
3.93817e-06
2.9291e-06
6.33999e-06
-1.65018e-06
9.50058e-06
-5.86106e-06
9.93481e-06
-9.08023e-06
9.04345e-06
-1.22135e-05
8.59339e-06
-1.57441e-05
8.12646e-06
-1.99397e-05
7.61382e-06
-2.38429e-05
6.37881e-06
-2.61625e-05
4.0487e-06
-2.52844e-05
-1.70061e-07
-2.09042e-05
-4.76115e-06
-1.50491e-05
-6.85685e-06
-7.10951e-06
-9.29925e-06
-6.08202e-06
2.42651e-06
-1.67814e-05
4.65403e-06
-1.55602e-05
6.32623e-06
-1.21569e-05
7.81855e-06
-8.67951e-06
7.90384e-06
-3.79303e-06
5.04972e-06
2.12102e-06
-2.20503e-06
8.44244e-06
-8.48925e-06
8.54778e-06
-1.12103e-05
6.65922e-06
-1.24862e-05
7.61578e-06
-1.32186e-05
1.0233e-05
-1.41303e-05
1.08465e-05
-1.54956e-05
1.04087e-05
-1.73271e-05
1.04249e-05
-1.96073e-05
1.04066e-05
-2.2915e-05
1.09215e-05
-2.57737e-05
9.2375e-06
-2.73429e-05
5.61791e-06
-2.5894e-05
-1.61898e-06
-2.28559e-05
-7.7993e-06
-1.94779e-05
-1.02349e-05
-1.54666e-05
-1.33105e-05
-2.15486e-05
2.49834e-06
-2.49834e-06
2.87071e-06
-3.72367e-07
7.8242e-07
2.08829e-06
-1.79908e-06
2.5815e-06
-4.63765e-06
2.83856e-06
-6.33348e-06
1.69583e-06
-6.20224e-06
-1.31234e-07
-4.76451e-06
-1.43773e-06
-2.87134e-06
-1.89316e-06
-1.05016e-06
-1.82119e-06
5.02306e-07
-1.55246e-06
2.0929e-06
-1.5906e-06
2.88852e-06
-7.95624e-07
3.01109e-06
-1.2257e-07
2.90163e-06
1.09463e-07
2.49384e-06
4.07788e-07
1.6652e-06
8.28631e-07
8.2017e-07
8.45031e-07
8.20168e-07
4.84055e-06
-7.33891e-06
5.71824e-06
-1.25007e-06
3.60366e-06
4.20289e-06
3.89356e-07
5.7958e-06
-2.27735e-06
5.50526e-06
-3.60738e-06
3.02586e-06
-3.22751e-06
-5.11102e-07
-1.80111e-06
-2.86413e-06
1.46886e-07
-3.84116e-06
2.10852e-06
-3.78282e-06
3.40147e-06
-2.84541e-06
4.14273e-06
-2.33186e-06
4.35716e-06
-1.01005e-06
3.44916e-06
7.85427e-07
1.9322e-06
1.62642e-06
9.27683e-07
1.41231e-06
3.93419e-07
1.36289e-06
1.60567e-07
1.07788e-06
9.80735e-07
4.67177e-06
-1.20107e-05
5.34737e-06
-1.92566e-06
3.88782e-06
5.66244e-06
6.82278e-07
9.00135e-06
-2.32115e-06
8.5087e-06
-4.11883e-06
4.82355e-06
-4.0975e-06
-5.32415e-07
-2.76801e-06
-4.19362e-06
-6.78596e-07
-5.93056e-06
1.3169e-06
-5.77831e-06
3.45422e-06
-4.98274e-06
4.99849e-06
-3.87613e-06
4.68906e-06
-7.00623e-07
3.14953e-06
2.32494e-06
9.97395e-07
3.77855e-06
-3.81061e-07
2.79075e-06
-6.20015e-07
1.60183e-06
-8.4343e-07
1.30128e-06
1.37289e-07
3.80248e-06
-1.58132e-05
3.82332e-06
-1.94652e-06
2.13094e-06
7.35481e-06
1.39244e-06
9.73984e-06
8.85318e-07
9.01582e-06
5.74272e-07
5.13459e-06
2.30548e-07
-1.88686e-07
-4.01293e-07
-3.56177e-06
-8.21174e-07
-5.51067e-06
-2.20794e-06
-4.39154e-06
-1.76825e-06
-5.42243e-06
3.36029e-06
-9.00467e-06
6.61541e-06
-3.95575e-06
7.31594e-06
1.6244e-06
7.49745e-06
3.59704e-06
6.01601e-06
4.27218e-06
1.70962e-06
5.90821e-06
-1.46021e-06
4.4711e-06
-1.32291e-06
-1.94997e-07
-1.56182e-05
-4.42088e-06
2.27936e-06
-1.20012e-05
1.49351e-05
-1.18488e-05
9.58745e-06
-6.17734e-06
3.34438e-06
-1.07945e-06
3.67394e-08
5.3605e-06
-6.62859e-06
9.74514e-06
-7.94638e-06
3.85487e-06
3.79622e-07
-5.79765e-06
5.261e-06
-6.0689e-06
-5.15118e-06
-2.20997e-06
-1.28636e-05
1.3328e-06
-7.49854e-06
4.2969e-06
-1.33972e-06
5.32496e-06
2.56896e-06
4.36834e-06
5.22878e-06
3.00453e-06
7.27201e-06
1.54109e-06
5.93452e-06
2.18152e-07
-9.78683e-06
-5.83145e-06
-2.16944e-05
1.41869e-05
-2.23743e-05
1.5615e-05
-1.90479e-05
6.26112e-06
-1.27217e-05
-2.98181e-06
-5.64059e-06
-7.04442e-06
5.02166e-09
-1.22742e-05
6.25759e-06
-1.41989e-05
9.5653e-06
-2.92808e-06
2.38527e-06
1.2441e-05
-1.02676e-06
-1.73915e-06
-1.55195e-06
-1.23384e-05
-2.42432e-06
-6.62617e-06
-3.02696e-06
-7.37086e-07
-3.3843e-06
2.9263e-06
-2.92833e-06
4.77281e-06
-1.23473e-06
5.57841e-06
1.91409e-07
4.50838e-06
4.09565e-07
-1.42088e-05
8.37733e-06
-2.25675e-05
2.25455e-05
-2.43485e-05
1.7396e-05
-2.08464e-05
2.75903e-06
-1.44233e-05
-9.40493e-06
-8.39352e-06
-1.30742e-05
-4.10497e-06
-1.65627e-05
6.38201e-07
-1.89421e-05
9.2922e-06
-1.15821e-05
9.27029e-06
1.24629e-05
4.92076e-06
2.61038e-06
-1.23967e-06
-6.17799e-06
-7.27721e-06
-5.8863e-07
-1.11073e-05
3.09298e-06
-1.15619e-05
3.38094e-06
-9.82177e-06
3.03266e-06
-7.76697e-06
3.52361e-06
-5.06074e-06
1.80214e-06
-4.65119e-06
-1.43845e-05
2.27619e-05
-2.02475e-05
2.84085e-05
-2.16316e-05
1.87801e-05
-1.77087e-05
-1.16383e-06
-1.18526e-05
-1.52611e-05
-7.34884e-06
-1.75779e-05
-4.85134e-06
-1.90602e-05
-3.2539e-06
-2.05396e-05
5.15227e-06
-1.99882e-05
1.20271e-05
5.58808e-06
8.26562e-06
6.37185e-06
-1.56933e-06
3.65696e-06
-1.11039e-05
8.94595e-06
-1.50677e-05
7.05682e-06
-1.50067e-05
3.31988e-06
-1.325e-05
1.27599e-06
-1.13311e-05
1.60463e-06
-8.2511e-06
-1.27784e-06
-1.29023e-05
3.96216e-06
-2.07435e-05
4.49138e-06
-1.60894e-05
-9.24196e-07
-6.74126e-06
-9.79028e-06
1.86621e-07
-1.71032e-05
3.51989e-06
-2.08512e-05
5.86905e-06
-2.17089e-05
9.30014e-06
-2.23585e-05
9.19737e-06
-2.42023e-05
8.50308e-06
-2.5572e-05
8.98547e-06
-2.50492e-05
9.71012e-06
-2.47611e-05
1.05584e-05
-2.64462e-05
1.20938e-05
-2.95567e-05
1.35354e-05
-3.39301e-05
1.47801e-05
-4.09082e-05
1.78996e-05
-4.68971e-05
1.52263e-05
-5.05221e-05
9.24292e-06
-5.23274e-05
1.86295e-07
-5.21734e-05
-7.95327e-06
-4.95872e-05
-1.28211e-05
-4.6033e-05
-1.68647e-05
-1.88913e-05
-4.86904e-05
-6.84533e-06
-1.38981e-05
-1.19787e-05
-1.09559e-05
-1.47775e-05
-3.94244e-06
-1.71781e-05
2.58728e-06
-1.72593e-05
3.60111e-06
-1.72823e-05
5.89201e-06
-1.65352e-05
8.55314e-06
-1.66275e-05
9.28964e-06
-1.81324e-05
1.0008e-05
-1.84225e-05
9.27558e-06
-1.72837e-05
8.5713e-06
-1.73322e-05
1.0607e-05
-1.94928e-05
1.42544e-05
-2.32786e-05
1.73211e-05
-2.84944e-05
1.99958e-05
-3.59644e-05
2.53695e-05
-4.49736e-05
2.42355e-05
-5.48221e-05
1.90914e-05
-6.38906e-05
9.25471e-06
-7.0838e-05
-1.00586e-06
-7.47259e-05
-8.93322e-06
-7.61441e-05
-1.54465e-05
-1.82847e-05
-7.67507e-05
-3.79451e-06
-1.01036e-05
-7.22505e-06
-7.52536e-06
-7.99329e-06
-3.1742e-06
-6.13951e-06
7.33513e-07
-6.84112e-06
4.30274e-06
-1.0016e-05
9.06695e-06
-1.30702e-05
1.16073e-05
-1.6478e-05
1.26976e-05
-1.92022e-05
1.27322e-05
-1.85663e-05
8.63963e-06
-1.74309e-05
7.43594e-06
-1.77426e-05
1.09187e-05
-2.03131e-05
1.68248e-05
-2.59744e-05
2.29824e-05
-3.32851e-05
2.73065e-05
-4.02365e-05
3.23209e-05
-4.8776e-05
3.27751e-05
-5.97441e-05
3.00595e-05
-7.17046e-05
2.12152e-05
-8.17805e-05
9.07008e-06
-8.68167e-05
-3.897e-06
-8.83996e-05
-1.38636e-05
-1.86058e-05
-8.80785e-05
-4.72857e-06
-5.37507e-06
-8.83801e-06
-3.41597e-06
-1.23043e-05
2.92024e-07
-1.65777e-05
5.00691e-06
-2.05198e-05
8.24495e-06
-2.40417e-05
1.25889e-05
-2.70455e-05
1.4611e-05
-2.99298e-05
1.55819e-05
-3.15215e-05
1.43239e-05
-3.19487e-05
9.06681e-06
-3.30438e-05
8.53105e-06
-3.44521e-05
1.23269e-05
-3.6827e-05
1.91997e-05
-4.03176e-05
2.64729e-05
-4.42386e-05
3.12275e-05
-4.69293e-05
3.50116e-05
-5.013e-05
3.59758e-05
-5.53583e-05
3.52878e-05
-6.34623e-05
2.93192e-05
-7.24147e-05
1.80225e-05
-7.89246e-05
2.61296e-06
-8.16758e-05
-1.11124e-05
-1.88045e-05
-8.14771e-05
-1.8404e-05
1.30289e-05
-3.22226e-05
1.04026e-05
-4.11826e-05
9.25216e-06
-4.67713e-05
1.05956e-05
-4.94466e-05
1.09204e-05
-5.01011e-05
1.32435e-05
-5.19496e-05
1.64594e-05
-5.39731e-05
1.76054e-05
-5.47972e-05
1.51478e-05
-5.72696e-05
1.15391e-05
-5.96415e-05
1.0903e-05
-6.09688e-05
1.36541e-05
-6.09392e-05
1.917e-05
-5.91653e-05
2.46991e-05
-5.67898e-05
2.88519e-05
-5.37603e-05
3.19821e-05
-5.1271e-05
3.34864e-05
-4.93856e-05
3.34023e-05
-4.88222e-05
2.87559e-05
-4.97578e-05
1.89581e-05
-5.31142e-05
5.96935e-06
-5.82798e-05
-5.94683e-06
-1.50817e-05
-6.20025e-05
-2.90733e-05
4.21019e-05
-4.5708e-05
2.70372e-05
-5.16214e-05
1.51656e-05
-5.55633e-05
1.45377e-05
-6.00067e-05
1.5364e-05
-6.3576e-05
1.68129e-05
-6.57292e-05
1.86125e-05
-6.73332e-05
1.92093e-05
-6.90716e-05
1.6886e-05
-7.21556e-05
1.46231e-05
-7.49561e-05
1.37033e-05
-7.60205e-05
1.47186e-05
-7.42145e-05
1.7364e-05
-7.00717e-05
2.05563e-05
-6.44982e-05
2.32783e-05
-5.79676e-05
2.54515e-05
-5.10337e-05
2.65525e-05
-4.36025e-05
2.59711e-05
-3.70341e-05
2.21875e-05
-3.28912e-05
1.48152e-05
-3.27703e-05
5.84848e-06
-3.63934e-05
-2.3238e-06
-1.05791e-05
-4.0896e-05
-3.03359e-05
7.24376e-05
-5.9427e-05
5.61283e-05
-7.71403e-05
3.28792e-05
-7.65085e-05
1.39061e-05
-7.40767e-05
1.29317e-05
-7.33136e-05
1.60497e-05
-7.28856e-05
1.81845e-05
-7.29681e-05
1.92918e-05
-7.45914e-05
1.85094e-05
-7.62683e-05
1.63e-05
-7.72115e-05
1.46467e-05
-7.66378e-05
1.4145e-05
-7.40444e-05
1.47707e-05
-6.94482e-05
1.59601e-05
-6.32099e-05
1.70401e-05
-5.55945e-05
1.78361e-05
-4.69602e-05
1.79181e-05
-3.77708e-05
1.67818e-05
-2.93188e-05
1.37355e-05
-2.33605e-05
8.85692e-06
-2.1025e-05
3.51296e-06
-2.19127e-05
-1.43614e-06
-6.63631e-06
-2.58554e-05
9.90226e-06
6.25358e-05
1.81368e-05
4.78942e-05
9.73954e-06
4.12772e-05
-3.41738e-05
5.782e-05
-7.71451e-05
5.59028e-05
-9.64105e-05
3.53133e-05
-9.30527e-05
1.48249e-05
-8.63388e-05
1.25773e-05
-8.25292e-05
1.46997e-05
-8.0404e-05
1.41749e-05
-7.81353e-05
1.2378e-05
-7.49993e-05
1.10092e-05
-7.04165e-05
1.01881e-05
-6.4585e-05
1.01286e-05
-5.75339e-05
9.98901e-06
-4.94519e-05
9.7542e-06
-4.06071e-05
9.07341e-06
-3.14379e-05
7.61255e-06
-2.28684e-05
5.166e-06
-1.61891e-05
2.17763e-06
-1.25529e-05
-1.23182e-07
-1.17963e-05
-2.19283e-06
-4.13283e-06
-1.42997e-05
1.5965e-05
4.65711e-05
2.24173e-05
4.14419e-05
2.25206e-05
4.11742e-05
2.05028e-05
5.98386e-05
5.52251e-06
7.08843e-05
-2.58861e-05
6.67228e-05
-6.69785e-05
5.59121e-05
-9.86225e-05
4.42194e-05
-0.000100478
1.65552e-05
-9.64104e-05
1.01063e-05
-9.1999e-05
7.96572e-06
-8.54865e-05
4.49663e-06
-7.63148e-05
1.01603e-06
-6.63015e-05
1.15238e-07
-5.65658e-05
2.53204e-07
-4.7067e-05
2.55429e-07
-3.79348e-05
-5.8776e-08
-2.93055e-05
-1.01676e-06
-2.12135e-05
-2.926e-06
-1.41182e-05
-4.91777e-06
-9.59766e-06
-4.64372e-06
-8.85061e-06
-2.93964e-06
1.09705e-08
-1.29944e-05
1.44076e-05
3.21634e-05
2.12709e-05
3.45784e-05
2.31959e-05
3.92487e-05
2.88222e-05
5.42119e-05
2.97141e-05
6.9992e-05
2.34854e-05
7.29532e-05
1.79043e-05
6.14967e-05
8.72638e-06
5.33973e-05
-1.6609e-05
4.1889e-05
-3.33273e-05
2.68248e-05
-4.23817e-05
1.70213e-05
-5.76763e-05
1.97908e-05
-7.58083e-05
1.91472e-05
-8.16452e-05
5.95164e-06
-7.31505e-05
-8.24188e-06
-5.85445e-05
-1.4351e-05
-4.46278e-05
-1.39757e-05
-3.30378e-05
-1.26069e-05
-2.23443e-05
-1.36198e-05
-1.66594e-05
-1.06029e-05
-3.19232e-05
1.06208e-05
-5.98573e-05
2.4994e-05
1.60208e-05
-7.58665e-05
1.10656e-05
2.10979e-05
1.96615e-05
2.59824e-05
2.58741e-05
3.30353e-05
3.50814e-05
4.50037e-05
4.69462e-05
5.81267e-05
5.61182e-05
6.37823e-05
6.23726e-05
5.52471e-05
6.43406e-05
5.14303e-05
6.03272e-05
4.59009e-05
5.11778e-05
3.59735e-05
3.99474e-05
2.82528e-05
3.70125e-05
2.27268e-05
3.91934e-05
1.69663e-05
3.59131e-05
9.2316e-06
2.74085e-05
2.624e-07
1.9372e-05
-6.31504e-06
1.16403e-05
-6.24449e-06
2.02052e-06
-2.9883e-06
-1.23694e-05
7.69028e-07
-3.20992e-05
9.12777e-06
-5.30558e-05
3.1576e-05
-7.80055e-05
4.99464e-05
3.95117e-05
-0.000101497
8.49075e-06
1.26077e-05
1.64213e-05
1.8052e-05
2.41757e-05
2.52808e-05
3.55326e-05
3.36462e-05
5.09376e-05
4.27211e-05
6.56003e-05
4.91189e-05
7.27108e-05
4.81361e-05
7.79985e-05
4.61421e-05
8.19533e-05
4.19462e-05
8.19955e-05
3.5931e-05
8.0265e-05
2.99832e-05
7.8906e-05
2.40864e-05
7.79079e-05
1.79644e-05
7.60719e-05
1.10675e-05
7.23462e-05
3.98813e-06
6.57803e-05
2.50865e-07
5.94422e-05
9.33052e-08
5.3915e-05
2.53834e-06
4.63244e-05
8.35877e-06
3.61977e-05
1.92536e-05
3.11131e-05
3.66627e-05
2.59105e-05
5.51483e-05
7.22869e-05
-6.86582e-06
5.9737e-06
6.63432e-06
1.20135e-05
1.20125e-05
1.85502e-05
1.87442e-05
2.82074e-05
2.39889e-05
4.10303e-05
2.9898e-05
5.47074e-05
3.54416e-05
6.54276e-05
3.74156e-05
7.37425e-05
3.78269e-05
7.99812e-05
3.5707e-05
8.38599e-05
3.20519e-05
8.5821e-05
2.80216e-05
8.62787e-05
2.36284e-05
8.58738e-05
1.83691e-05
8.45546e-05
1.23866e-05
8.1621e-05
6.92159e-06
7.83629e-05
3.5088e-06
7.64684e-05
1.98765e-06
7.55129e-05
3.49364e-06
7.45943e-05
9.27715e-06
7.42324e-05
1.96151e-05
7.75439e-05
3.33508e-05
8.57475e-05
4.69448e-05
5.62054e-05
0.000101829
3.57331e-06
3.06149e-06
7.3139e-06
8.27222e-06
1.17966e-05
1.42617e-05
1.80778e-05
1.77079e-05
2.62623e-05
2.17137e-05
3.56374e-05
2.60666e-05
4.48586e-05
2.81945e-05
5.37171e-05
2.89686e-05
6.21132e-05
2.7311e-05
6.83894e-05
2.57757e-05
7.22169e-05
2.4194e-05
7.43445e-05
2.15008e-05
7.5226e-05
1.74876e-05
7.51135e-05
1.24992e-05
7.45501e-05
7.48501e-06
7.45549e-05
3.50389e-06
7.55652e-05
9.77371e-07
7.81544e-05
9.04391e-07
8.21182e-05
5.31335e-06
8.70893e-05
1.46439e-05
9.43736e-05
2.60662e-05
0.000104657
3.66607e-05
4.23725e-05
0.000118491
1.33545e-06
1.72615e-06
2.94062e-06
6.66727e-06
5.10372e-06
1.20988e-05
7.37652e-06
1.54353e-05
1.04897e-05
1.86008e-05
1.47381e-05
2.18185e-05
2.01432e-05
2.27897e-05
2.78793e-05
2.12327e-05
3.6036e-05
1.91546e-05
4.31546e-05
1.86573e-05
4.73375e-05
2.00114e-05
5.00141e-05
1.88244e-05
5.13264e-05
1.61754e-05
5.19511e-05
1.18746e-05
5.25394e-05
6.89679e-06
5.33778e-05
2.66553e-06
5.54637e-05
-1.10851e-06
6.00882e-05
-3.72008e-06
6.75273e-05
-2.1256e-06
7.68123e-05
5.35878e-06
8.68975e-05
1.59808e-05
9.80247e-05
2.55332e-05
3.11695e-05
0.000109228
-4.44567e-07
2.17098e-06
-7.0489e-07
6.92778e-06
-4.40368e-07
1.18345e-05
-3.87501e-07
1.53826e-05
1.06518e-07
1.8107e-05
1.6328e-06
2.02925e-05
4.17856e-06
2.02442e-05
8.78282e-06
1.66287e-05
1.42304e-05
1.37074e-05
1.96899e-05
1.31981e-05
2.34435e-05
1.6258e-05
2.57925e-05
1.64756e-05
2.67008e-05
1.52672e-05
2.7411e-05
1.11645e-05
2.82425e-05
6.06544e-06
2.9337e-05
1.57103e-06
3.06158e-05
-2.38721e-06
3.36118e-05
-6.71604e-06
4.04161e-05
-8.92978e-06
5.17708e-05
-5.99602e-06
6.49197e-05
2.83179e-06
7.75571e-05
1.28957e-05
1.95602e-05
8.91664e-05
-1.40066e-06
3.57162e-06
-2.42014e-06
7.94733e-06
-2.91052e-06
1.23249e-05
-3.04094e-06
1.55132e-05
-2.65737e-06
1.77235e-05
-1.34732e-06
1.89826e-05
5.73402e-07
1.83237e-05
1.92034e-06
1.5282e-05
3.20921e-06
1.24187e-05
4.91663e-06
1.14908e-05
7.95263e-06
1.32222e-05
1.06324e-05
1.37961e-05
1.289e-05
1.30097e-05
1.5089e-05
8.9656e-06
1.68446e-05
4.30992e-06
1.81146e-05
3.01142e-07
1.89967e-05
-3.26931e-06
1.96741e-05
-7.39336e-06
2.14486e-05
-1.07043e-05
2.76459e-05
-1.21934e-05
3.9297e-05
-8.81939e-06
5.25327e-05
-3.40156e-07
7.76009e-06
6.43331e-05
-1.66556e-06
5.23728e-06
-2.75375e-06
9.03558e-06
-3.1345e-06
1.27057e-05
-2.94192e-06
1.53207e-05
-2.16205e-06
1.69437e-05
-7.42925e-07
1.75636e-05
7.47597e-07
1.68333e-05
1.4164e-06
1.46134e-05
1.46441e-06
1.23709e-05
1.81438e-06
1.1141e-05
3.65818e-06
1.13785e-05
6.32114e-06
1.11332e-05
9.37515e-06
9.95582e-06
1.15886e-05
6.75219e-06
1.28015e-05
3.09708e-06
1.35232e-05
-4.20474e-07
1.3996e-05
-3.7421e-06
1.38362e-05
-7.23348e-06
1.35195e-05
-1.03876e-05
1.39901e-05
-1.26641e-05
1.84639e-05
-1.32933e-05
2.83644e-05
-1.02406e-05
-3.31625e-06
3.94409e-05
-1.62007e-06
6.85722e-06
-2.5748e-06
9.99027e-06
-2.74158e-06
1.28725e-05
-2.22187e-06
1.4801e-05
-1.13721e-06
1.58591e-05
3.76816e-07
1.60496e-05
1.90345e-06
1.53068e-05
2.86768e-06
1.36492e-05
3.34421e-06
1.18944e-05
3.88965e-06
1.05957e-05
5.36116e-06
9.90711e-06
7.51327e-06
8.98115e-06
1.00174e-05
7.4518e-06
1.18901e-05
4.87952e-06
1.2974e-05
2.01322e-06
1.3349e-05
-7.95444e-07
1.32407e-05
-3.63378e-06
1.24478e-05
-6.44059e-06
1.11442e-05
-9.08403e-06
9.78254e-06
-1.13025e-05
9.2037e-06
-1.27146e-05
1.17937e-05
-1.28309e-05
-1.0266e-05
1.87438e-05
-1.55351e-06
8.41075e-06
-2.45381e-06
1.08905e-05
-2.54326e-06
1.2962e-05
-1.9075e-06
1.41652e-05
-7.00619e-07
1.46523e-05
8.6113e-07
1.44879e-05
2.50273e-06
1.36652e-05
3.82461e-06
1.23274e-05
4.86554e-06
1.08536e-05
5.90291e-06
9.55835e-06
7.34447e-06
8.4656e-06
9.09774e-06
7.22791e-06
1.09332e-05
5.61641e-06
1.22928e-05
3.51986e-06
1.3071e-05
1.23512e-06
1.33307e-05
-1.0552e-06
1.30402e-05
-3.34319e-06
1.21853e-05
-5.58573e-06
1.07772e-05
-7.67592e-06
8.9976e-06
-9.52312e-06
7.24256e-06
-1.09597e-05
6.17218e-06
-1.17605e-05
-1.15814e-05
7.48783e-06
-1.56733e-06
9.97793e-06
-2.52683e-06
1.185e-05
-2.70394e-06
1.3139e-05
-2.1666e-06
1.36279e-05
-1.06886e-06
1.35545e-05
4.04387e-07
1.30147e-05
2.00203e-06
1.20676e-05
3.51319e-06
1.08163e-05
4.87301e-06
9.49378e-06
6.20317e-06
8.22821e-06
7.64905e-06
7.01973e-06
9.14834e-06
5.72864e-06
1.05407e-05
4.22408e-06
1.15795e-05
2.48104e-06
1.21841e-05
6.3052e-07
1.23744e-05
-1.24546e-06
1.21437e-05
-3.11248e-06
1.14376e-05
-4.87969e-06
1.02964e-05
-6.53468e-06
8.76132e-06
-7.98823e-06
6.99031e-06
-9.18875e-06
5.2773e-06
-1.00477e-05
-1.03933e-05
4.08948e-06
-1.65052e-06
1.16284e-05
-2.75445e-06
1.29538e-05
-3.12186e-06
1.35064e-05
-2.80733e-06
1.33133e-05
-1.9406e-06
1.26878e-05
-6.83688e-07
1.17577e-05
7.73134e-07
1.06107e-05
2.25904e-06
9.33038e-06
3.71247e-06
8.04036e-06
5.1379e-06
6.80279e-06
6.55436e-06
5.60328e-06
7.91003e-06
4.37298e-06
9.09334e-06
3.04076e-06
9.983e-06
1.59138e-06
1.053e-05
8.35576e-08
1.07469e-05
-1.46242e-06
1.0591e-05
-2.95651e-06
1.00917e-05
-4.3804e-06
9.24335e-06
-5.6864e-06
8.07815e-06
-6.82318e-06
6.66786e-06
-7.77865e-06
5.12358e-06
-8.50342e-06
-8.89062e-06
3.62106e-06
-1.79e-06
1.34182e-05
-3.07207e-06
1.42358e-05
-3.66136e-06
1.40956e-05
-3.60272e-06
1.32546e-05
-3.00082e-06
1.20858e-05
-1.99128e-06
1.07482e-05
-7.2072e-07
9.34017e-06
6.72086e-07
7.93756e-06
2.10571e-06
6.60674e-06
3.53209e-06
5.3764e-06
4.90996e-06
4.22542e-06
6.17734e-06
3.10559e-06
7.2598e-06
1.95829e-06
8.08478e-06
7.66395e-07
8.63282e-06
-4.64493e-07
8.87026e-06
-1.69987e-06
8.81884e-06
-2.90511e-06
8.48542e-06
-4.04699e-06
7.87372e-06
-5.07476e-06
7.02326e-06
-5.97286e-06
5.97992e-06
-6.73541e-06
4.7888e-06
-7.31259e-06
-7.66187e-06
3.56027e-06
-1.94943e-06
1.53676e-05
-3.4293e-06
1.57156e-05
-4.23766e-06
1.49039e-05
-4.41963e-06
1.34365e-05
-4.05818e-06
1.17243e-05
-3.26244e-06
9.95239e-06
-2.15291e-06
8.23061e-06
-8.49981e-07
6.63462e-06
5.46367e-07
5.21037e-06
1.95323e-06
3.96953e-06
3.29509e-06
2.88354e-06
4.51197e-06
1.8887e-06
5.53213e-06
9.38117e-07
6.31922e-06
-2.07122e-08
6.84981e-06
-9.95102e-07
7.12464e-06
-1.97471e-06
7.13625e-06
-2.91674e-06
6.90608e-06
-3.81685e-06
6.4655e-06
-4.63422e-06
5.84631e-06
-5.35382e-06
5.06637e-06
-5.95566e-06
4.1897e-06
-6.43588e-06
-6.74584e-06
3.27383e-06
-2.11677e-06
1.74842e-05
-3.78424e-06
1.73829e-05
-4.80307e-06
1.59226e-05
-5.20051e-06
1.38339e-05
-5.04023e-06
1.1564e-05
-4.40982e-06
9.32194e-06
-3.41409e-06
7.23484e-06
-2.16888e-06
5.38938e-06
-7.87011e-07
3.82848e-06
6.20059e-07
2.56244e-06
1.9578e-06
1.54578e-06
3.14233e-06
7.04141e-07
4.1271e-06
-4.6672e-08
4.87477e-06
-7.68406e-07
5.37833e-06
-1.49868e-06
5.6358e-06
-2.2322e-06
5.68257e-06
-2.96352e-06
5.52254e-06
-3.65683e-06
5.18664e-06
-4.29837e-06
4.70406e-06
-4.87137e-06
4.11746e-06
-5.36911e-06
3.44818e-06
-5.76682e-06
-6.04645e-06
2.74906e-06
-2.27077e-06
1.97549e-05
-4.11178e-06
1.92238e-05
-5.31993e-06
1.71307e-05
-5.90402e-06
1.44179e-05
-5.90592e-06
1.15658e-05
-5.39631e-06
8.81228e-06
-4.47137e-06
6.30986e-06
-3.24587e-06
4.16384e-06
-1.85303e-06
2.43561e-06
-4.23515e-07
1.13289e-06
9.24838e-07
1.97395e-07
2.10481e-06
-4.75859e-07
3.06203e-06
-1.00392e-06
3.7763e-06
-1.4827e-06
4.2468e-06
-1.9692e-06
4.49523e-06
-2.48066e-06
4.53392e-06
-3.00223e-06
4.40093e-06
-3.52387e-06
4.12198e-06
-4.01947e-06
3.7285e-06
-4.478e-06
3.24136e-06
-4.88212e-06
2.69906e-06
-5.22445e-06
-5.48492e-06
2.1377e-06
-2.38756e-06
2.21423e-05
-4.36709e-06
2.12032e-05
-5.73253e-06
1.8496e-05
-6.46687e-06
1.51521e-05
-6.58848e-06
1.16874e-05
-6.15554e-06
8.37929e-06
-5.26208e-06
5.41635e-06
-4.03091e-06
2.93263e-06
-2.60982e-06
1.01447e-06
-1.15386e-06
-3.23102e-07
2.06859e-07
-1.16336e-06
1.38367e-06
-1.6527e-06
2.31834e-06
-1.93862e-06
3.00167e-06
-2.16606e-06
3.43864e-06
-2.4062e-06
3.64706e-06
-2.6891e-06
3.67663e-06
-3.03182e-06
3.54446e-06
-3.39171e-06
3.28507e-06
-3.76012e-06
2.92794e-06
-4.12098e-06
2.49859e-06
-4.45281e-06
2.02503e-06
-4.75109e-06
-4.99171e-06
1.53205e-06
-2.43107e-06
2.45732e-05
-4.49355e-06
2.32656e-05
-5.96974e-06
1.99721e-05
-6.80721e-06
1.59895e-05
-6.99832e-06
1.18784e-05
-6.59426e-06
7.97517e-06
-5.69708e-06
4.51912e-06
-4.43634e-06
1.67185e-06
-2.9947e-06
-4.27212e-07
-1.53818e-06
-1.77966e-06
-1.90596e-07
-2.51098e-06
9.62337e-07
-2.80567e-06
1.87143e-06
-2.84775e-06
2.5136e-06
-2.80826e-06
2.90525e-06
-2.79788e-06
3.07822e-06
-2.86209e-06
3.06458e-06
-3.0182e-06
2.91116e-06
-3.2383e-06
2.65226e-06
-3.50125e-06
2.30549e-06
-3.7743e-06
1.89836e-06
-4.04581e-06
1.44791e-06
-4.30055e-06
-4.52265e-06
9.79053e-07
-2.36812e-06
2.69412e-05
-4.43564e-06
2.5333e-05
-5.95834e-06
2.14947e-05
-6.84557e-06
1.68767e-05
-7.05188e-06
1.20847e-05
-6.63e-06
7.55324e-06
-5.69735e-06
3.58642e-06
-4.40767e-06
3.82123e-07
-2.97528e-06
-1.85965e-06
-1.56067e-06
-3.19431e-06
-2.73206e-07
-3.79848e-06
8.16622e-07
-3.89553e-06
1.66608e-06
-3.69724e-06
2.25454e-06
-3.39676e-06
2.58892e-06
-3.13229e-06
2.71411e-06
-2.9873e-06
2.66123e-06
-2.96534e-06
2.47437e-06
-3.05146e-06
2.18776e-06
-3.21466e-06
1.82935e-06
-3.41599e-06
1.41955e-06
-3.636e-06
9.73551e-07
-3.8547e-06
-4.05552e-06
5.06698e-07
-2.17694e-06
2.91181e-05
-4.14381e-06
2.72998e-05
-5.63654e-06
2.29874e-05
-6.51601e-06
1.77561e-05
-6.71012e-06
1.22787e-05
-6.2466e-06
7.08965e-06
-5.24109e-06
2.58086e-06
-3.9495e-06
-9.09525e-07
-2.56228e-06
-3.24692e-06
-1.24009e-06
-4.51655e-06
-6.78816e-08
-4.97073e-06
9.06851e-07
-4.87031e-06
1.66363e-06
-4.45406e-06
2.17917e-06
-3.91234e-06
2.45565e-06
-3.4088e-06
2.51519e-06
-3.04686e-06
2.40909e-06
-2.85926e-06
2.17487e-06
-2.81725e-06
1.85042e-06
-2.89024e-06
1.46777e-06
-3.0334e-06
1.0428e-06
-3.21114e-06
5.85828e-07
-3.39763e-06
-3.5752e-06
1.05667e-07
-1.84345e-06
3.09614e-05
-3.58933e-06
2.90456e-05
-4.96242e-06
2.43604e-05
-5.78112e-06
1.85747e-05
-5.94984e-06
1.24474e-05
-5.4516e-06
6.59136e-06
-4.40076e-06
1.52996e-06
-3.11584e-06
-2.19449e-06
-1.82177e-06
-4.54104e-06
-6.46805e-07
-5.69156e-06
3.47205e-07
-5.96479e-06
1.16415e-06
-5.68729e-06
1.78783e-06
-5.07778e-06
2.21101e-06
-4.33555e-06
2.41861e-06
-3.61643e-06
2.4271e-06
-3.05538e-06
2.26435e-06
-2.69652e-06
1.98406e-06
-2.53698e-06
1.61663e-06
-2.52283e-06
1.20041e-06
-2.61725e-06
7.48356e-07
-2.7591e-06
2.71321e-07
-2.92076e-06
-3.07983e-06
-2.23848e-07
-1.37525e-06
3.23366e-05
-2.77482e-06
3.04451e-05
-3.92414e-06
2.55096e-05
-4.64017e-06
1.92907e-05
-4.76498e-06
1.25721e-05
-4.26242e-06
6.08874e-06
-3.21602e-06
4.8351e-07
-2.00139e-06
-3.40918e-06
-8.65807e-07
-5.67667e-06
1.10995e-07
-6.66841e-06
8.93825e-07
-6.74766e-06
1.50337e-06
-6.29688e-06
1.97551e-06
-5.54995e-06
2.29022e-06
-4.6503e-06
2.43469e-06
-3.76093e-06
2.39284e-06
-3.01355e-06
2.18673e-06
-2.49043e-06
1.85941e-06
-2.20966e-06
1.45586e-06
-2.1193e-06
9.99872e-07
-2.16132e-06
5.19313e-07
-2.27862e-06
2.1301e-08
-2.42263e-06
-2.56446e-06
-4.93907e-07
-8.02954e-07
3.31395e-05
-1.73358e-06
3.13757e-05
-2.54472e-06
2.63207e-05
-3.08583e-06
1.98317e-05
-3.15839e-06
1.26446e-05
-2.6845e-06
5.6148e-06
-1.7443e-06
-4.56749e-07
-7.08719e-07
-4.44481e-06
1.78166e-07
-6.56361e-06
8.9783e-07
-7.38812e-06
1.43122e-06
-7.28109e-06
1.82465e-06
-6.69035e-06
2.1125e-06
-5.83784e-06
2.31337e-06
-4.85121e-06
2.40185e-06
-3.84943e-06
2.33865e-06
-2.95037e-06
2.12143e-06
-2.27322e-06
1.76962e-06
-1.85785e-06
1.33362e-06
-1.68331e-06
8.48132e-07
-1.67588e-06
3.42309e-07
-1.77276e-06
-1.74858e-07
-1.90557e-06
-2.03735e-06
-7.0172e-07
-2.0012e-07
3.33396e-05
-5.46248e-07
3.17217e-05
-9.14073e-07
2.66885e-05
-1.11691e-06
2.00345e-05
-1.03909e-06
1.25668e-05
-6.29376e-07
5.20502e-06
2.56028e-08
-1.11178e-06
6.57572e-07
-5.07684e-06
1.17145e-06
-7.07754e-06
1.58634e-06
-7.80306e-06
1.86049e-06
-7.55529e-06
2.02824e-06
-6.85814e-06
2.14093e-06
-5.95056e-06
2.22262e-06
-4.93293e-06
2.25493e-06
-3.88177e-06
2.19869e-06
-2.89414e-06
2.00307e-06
-2.0776e-06
1.66875e-06
-1.52352e-06
1.22684e-06
-1.2414e-06
7.29069e-07
-1.17813e-06
2.03998e-07
-1.24773e-06
-3.24456e-07
-1.37696e-06
-1.50547e-06
-8.56187e-07
3.92002e-07
3.29475e-05
6.59961e-07
3.14537e-05
8.56166e-07
2.64922e-05
1.16188e-06
1.97287e-05
1.53656e-06
1.2192e-05
1.81654e-06
4.92498e-06
1.91999e-06
-1.21529e-06
1.99129e-06
-5.14819e-06
2.07131e-06
-7.15761e-06
2.12648e-06
-7.85827e-06
2.11448e-06
-7.54333e-06
2.05433e-06
-6.79803e-06
1.99344e-06
-5.88969e-06
1.9619e-06
-4.90141e-06
1.95444e-06
-3.87432e-06
1.92007e-06
-2.85978e-06
1.78867e-06
-1.94619e-06
1.51478e-06
-1.24962e-06
1.11301e-06
-8.39621e-07
6.24516e-07
-6.89646e-07
9.82403e-08
-7.21404e-07
-4.31571e-07
-8.47247e-07
-9.76498e-07
-9.60314e-07
8.8599e-07
3.20615e-05
1.74023e-06
3.05994e-05
2.54787e-06
2.56845e-05
3.38542e-06
1.88911e-05
4.05496e-06
1.15224e-05
4.23961e-06
4.74027e-06
3.89173e-06
-8.67459e-07
3.36232e-06
-4.61882e-06
2.91834e-06
-6.71368e-06
2.52496e-06
-7.46493e-06
2.18047e-06
-7.19888e-06
1.88219e-06
-6.49979e-06
1.65485e-06
-5.66239e-06
1.51848e-06
-4.76505e-06
1.47444e-06
-3.8303e-06
1.47482e-06
-2.86016e-06
1.43629e-06
-1.90765e-06
1.27284e-06
-1.08615e-06
9.53239e-07
-5.19997e-07
5.14561e-07
-2.50965e-07
1.0539e-08
-2.17402e-07
-5.12065e-07
-3.24435e-07
-4.64385e-07
-1.02401e-06
1.26121e-06
3.08002e-05
2.60648e-06
2.92541e-05
3.92822e-06
2.43627e-05
5.175e-06
1.76443e-05
6.0166e-06
1.06808e-05
6.13826e-06
4.61857e-06
5.4909e-06
-2.20144e-07
4.54483e-06
-3.6728e-06
3.60106e-06
-5.76994e-06
2.75165e-06
-6.61556e-06
2.06055e-06
-6.50781e-06
1.53006e-06
-5.96932e-06
1.15562e-06
-5.28796e-06
9.33036e-07
-4.54248e-06
8.51788e-07
-3.74905e-06
8.7804e-07
-2.88641e-06
9.36531e-07
-1.96613e-06
9.15728e-07
-1.06532e-06
7.32728e-07
-3.36971e-07
3.83001e-07
9.87738e-08
-6.98108e-08
2.35523e-07
-5.65321e-07
1.71005e-07
2.48772e-08
-1.05431e-06
1.52289e-06
2.92773e-05
3.22568e-06
2.75513e-05
4.91607e-06
2.26723e-05
6.36207e-06
1.61983e-05
7.20087e-06
9.84192e-06
7.20785e-06
4.61156e-06
6.38732e-06
6.00347e-07
5.1992e-06
-2.48472e-06
3.91668e-06
-4.48745e-06
2.73044e-06
-5.42935e-06
1.76985e-06
-5.54725e-06
1.06042e-06
-5.25991e-06
5.72776e-07
-4.80033e-06
2.82719e-07
-4.25243e-06
1.66615e-07
-3.63295e-06
1.98657e-07
-2.91844e-06
3.24759e-07
-2.09221e-06
4.43857e-07
-1.18439e-06
4.26947e-07
-3.2003e-07
2.14353e-07
3.11398e-07
-1.543e-07
6.04161e-07
-6.01048e-07
6.17962e-07
4.77089e-07
-1.05315e-06
1.66034e-06
2.76169e-05
3.56379e-06
2.56478e-05
5.42082e-06
2.08152e-05
6.83177e-06
1.47873e-05
7.48054e-06
9.19312e-06
7.29409e-06
4.79798e-06
6.42552e-06
1.46888e-06
5.14227e-06
-1.2015e-06
3.73744e-06
-3.08265e-06
2.42481e-06
-4.11675e-06
1.35904e-06
-4.48149e-06
5.7475e-07
-4.47564e-06
3.44844e-08
-4.26008e-06
-2.98073e-07
-3.91988e-06
-4.54687e-07
-3.47634e-06
-4.51869e-07
-2.92126e-06
-3.15074e-07
-2.229e-06
-1.077e-07
-1.39175e-06
3.67779e-08
-4.64494e-07
-5.84038e-09
3.54018e-07
-2.58306e-07
8.56696e-07
-6.40252e-07
9.99773e-07
8.81169e-07
-1.0442e-06
1.59124e-06
2.60256e-05
3.50072e-06
2.37383e-05
5.2934e-06
1.90225e-05
6.46304e-06
1.36176e-05
6.80721e-06
8.84892e-06
6.42298e-06
5.18218e-06
5.54618e-06
2.34566e-06
4.35804e-06
-1.33778e-08
3.07443e-06
-1.79906e-06
1.88286e-06
-2.92519e-06
9.12201e-07
-3.51085e-06
1.83843e-07
-3.74729e-06
-3.34141e-07
-3.74211e-06
-6.80433e-07
-3.5736e-06
-8.78072e-07
-3.2787e-06
-9.34945e-07
-2.86438e-06
-8.52326e-07
-2.31161e-06
-6.50653e-07
-1.59341e-06
-4.11835e-07
-7.033e-07
-2.92997e-07
2.35185e-07
-4.05687e-07
9.69343e-07
-7.01447e-07
1.29572e-06
1.23172e-06
-1.0519e-06
1.1984e-06
2.48272e-05
2.86957e-06
2.20671e-05
4.41404e-06
1.7478e-05
5.22759e-06
1.28041e-05
5.25968e-06
8.8168e-06
4.75294e-06
5.6889e-06
3.97641e-06
3.12217e-06
3.03063e-06
9.32385e-07
2.08077e-06
-8.49223e-07
1.21498e-06
-2.05941e-06
5.01709e-07
-2.79759e-06
-5.30346e-08
-3.19255e-06
-4.70766e-07
-3.32437e-06
-7.77029e-07
-3.26733e-06
-9.8888e-07
-3.06684e-06
-1.10956e-06
-2.74368e-06
-1.12711e-06
-2.29404e-06
-1.02637e-06
-1.69412e-06
-8.17711e-07
-9.11919e-07
-6.20363e-07
3.7867e-08
-6.07468e-07
9.56568e-07
-8.19494e-07
1.50773e-06
1.525e-06
-1.11267e-06
3.60259e-07
1.53374e-06
2.76583e-06
3.23503e-06
3.05695e-06
2.57386e-06
2.01953e-06
1.49786e-06
9.8823e-07
5.37197e-07
1.643e-07
-1.35985e-07
-3.74733e-07
-5.66037e-07
-7.22038e-07
-8.48801e-07
-9.41634e-07
-9.84306e-07
-9.54079e-07
-8.83679e-07
-8.94998e-07
-1.05872e-06
-1.29427e-06
-4.37604e-05
-4.92998e-06
-4.15408e-05
-2.21955e-06
-4.25164e-05
9.75532e-07
4.47089e-06
-4.69873e-05
-7.47176e-05
-6.96314e-06
-7.17399e-05
-5.19724e-06
-6.79361e-05
-2.82824e-06
-4.67893e-07
-6.29973e-05
-8.61541e-05
-8.88757e-06
-8.297e-05
-8.38128e-06
-7.83499e-05
-7.4484e-06
-6.27049e-06
-7.25472e-05
-7.97619e-05
-1.06028e-05
-7.70571e-05
-1.1086e-05
-7.36079e-05
-1.08976e-05
-1.03282e-05
-6.95502e-05
-6.24822e-05
-1.01231e-05
-6.24497e-05
-1.11185e-05
-6.18313e-05
-1.1516e-05
-1.16522e-05
-6.05073e-05
-4.23897e-05
-8.62938e-06
-4.35885e-05
-9.9197e-06
-4.4291e-05
-1.08135e-05
-1.14374e-05
-4.45057e-05
-2.85058e-05
-5.97896e-06
-3.12029e-05
-7.22259e-06
-3.35378e-05
-8.47852e-06
-9.85428e-06
-3.51209e-05
-1.71832e-05
-3.09549e-06
-2.0661e-05
-3.74469e-06
-2.44211e-05
-4.71844e-06
-6.24517e-06
-2.80302e-05
-1.663e-05
5.40303e-07
-2.05167e-05
1.41936e-07
-2.428e-05
-9.55135e-07
-2.06143e-06
-2.84637e-05
-7.67353e-05
1.40881e-06
-7.62916e-05
-3.01872e-07
-7.47152e-05
-2.53155e-06
-4.16797e-06
-7.26087e-05
-0.000104
3.91184e-06
-0.000102663
-1.63928e-06
-0.000101806
-3.3884e-06
-7.93687e-06
-9.80375e-05
-2.24958e-05
1.9541e-05
-3.54047e-05
1.12697e-05
-4.5692e-05
6.89934e-06
6.23208e-06
-5.98615e-05
0.000100033
2.13366e-05
9.3311e-05
1.79908e-05
8.65012e-05
1.3709e-05
1.14392e-05
8.12942e-05
0.000120971
1.88564e-05
0.000122016
1.69458e-05
0.000120481
1.52436e-05
1.40668e-05
0.000117854
0.000113671
1.4413e-05
0.000116781
1.3835e-05
0.000118747
1.32778e-05
1.2884e-05
0.000119929
9.40868e-05
9.49254e-06
9.8392e-05
9.52983e-06
0.000102024
9.64516e-06
9.80993e-06
0.000105098
6.93822e-05
4.44329e-06
7.38999e-05
5.01172e-06
7.80712e-05
5.47353e-06
5.86586e-06
8.20148e-05
4.42431e-05
-3.58986e-07
4.8631e-05
6.23726e-07
5.28122e-05
1.29171e-06
1.76646e-06
5.69112e-05
2.22045e-05
-3.81993e-06
2.58087e-05
-2.98107e-06
2.93792e-05
-2.27917e-06
-1.65709e-06
3.28022e-05
8.5348e-06
-4.86699e-06
9.97488e-06
-4.42112e-06
1.16427e-05
-3.94767e-06
-3.3882e-06
1.33734e-05
3.78103e-06
-4.55859e-06
3.70308e-06
-4.34378e-06
3.79988e-06
-4.04481e-06
-3.66766e-06
4.07888e-06
3.03559e-06
-3.97324e-06
2.54009e-06
-3.84827e-06
2.17331e-06
-3.67868e-06
-3.4467e-06
1.95199e-06
3.05778e-06
-3.47094e-06
2.61807e-06
-3.40921e-06
2.25333e-06
-3.31429e-06
-3.19403e-06
2.00022e-06
2.89476e-06
-3.09197e-06
2.55229e-06
-3.06668e-06
2.27374e-06
-3.03632e-06
-2.99514e-06
2.07456e-06
2.46158e-06
-2.80451e-06
2.20239e-06
-2.80802e-06
1.98522e-06
-2.81939e-06
-2.83441e-06
1.82416e-06
1.8972e-06
-2.56407e-06
1.6856e-06
-2.59632e-06
1.50248e-06
-2.63673e-06
-2.68738e-06
1.3552e-06
1.31894e-06
-2.35103e-06
1.1261e-06
-2.40396e-06
9.56293e-07
-2.4671e-06
-2.54869e-06
8.17332e-07
7.74535e-07
-2.14651e-06
5.8619e-07
-2.21544e-06
4.19069e-07
-2.30037e-06
-2.39948e-06
2.69687e-07
2.98165e-07
-1.93792e-06
1.01091e-07
-2.01874e-06
-8.01394e-08
-2.11921e-06
-2.23879e-06
-2.41033e-07
-1.12644e-07
-1.71961e-06
-3.20436e-07
-1.81076e-06
-5.16679e-07
-1.92329e-06
-2.05986e-06
-6.95738e-07
-4.53642e-07
-1.48986e-06
-6.76503e-07
-1.5883e-06
-8.87636e-07
-1.71223e-06
-1.86302e-06
-1.08465e-06
-7.3435e-07
-1.2494e-06
-9.68243e-07
-1.35418e-06
-1.19236e-06
-1.48838e-06
-1.65181e-06
-1.40364e-06
-9.48925e-07
-1.0021e-06
-1.19172e-06
-1.11166e-06
-1.42498e-06
-1.25508e-06
-1.43076e-06
-1.64613e-06
-1.10699e-06
-7.51246e-07
-1.35221e-06
-8.66154e-07
-1.58876e-06
-1.01871e-06
-1.2062e-06
-1.81334e-06
-1.2072e-06
-5.0431e-07
-1.45013e-06
-6.23484e-07
-1.68399e-06
-7.84749e-07
-9.845e-07
-1.90575e-06
-1.2624e-06
-2.65789e-07
-1.49419e-06
-3.91315e-07
-1.71923e-06
-5.59812e-07
-7.72105e-07
-1.93157e-06
-1.27442e-06
-4.54953e-08
-1.49289e-06
-1.7303e-07
-1.7029e-06
-3.49595e-07
-5.76703e-07
-1.89831e-06
-1.25869e-06
1.6014e-07
-1.45649e-06
2.51613e-08
-1.64424e-06
-1.61934e-07
-4.02089e-07
-1.81879e-06
-1.22355e-06
3.39528e-07
-1.39535e-06
1.96678e-07
-1.55833e-06
1.2209e-09
-2.53445e-07
-1.70699e-06
-1.20213e-06
4.89833e-07
-1.34139e-06
3.36342e-07
-1.47119e-06
1.30928e-07
-1.35215e-07
-1.58937e-06
-1.23167e-06
6.08962e-07
-1.33686e-06
4.41303e-07
-1.42842e-06
2.22629e-07
-5.18291e-08
-1.51174e-06
-1.38504e-06
-1.46016e-06
-1.51897e-06
-1.56011e-06
-4.047e-05
1.62446e-05
-3.66606e-05
2.45991e-05
-3.31986e-05
1.53181e-05
-2.60437e-05
-8.31868e-06
-1.76267e-05
-2.36781e-05
-1.17164e-05
-2.34882e-05
-8.81635e-06
-2.19603e-05
-6.8658e-06
-2.24901e-05
-4.08532e-06
-2.27687e-05
2.07203e-06
-5.69286e-07
-3.591e-06
1.20349e-05
-1.5483e-05
1.55489e-05
-2.37367e-05
1.71997e-05
-2.87054e-05
1.20256e-05
-3.14725e-05
6.08692e-06
-2.84504e-05
-1.74608e-06
-2.33895e-05
-3.45629e-06
-1.64321e-05
-8.23533e-06
-2.93344e-05
-4.99786e-05
3.22597e-06
-3.5264e-05
9.88452e-06
-2.24751e-05
2.5292e-06
-1.42732e-05
-1.65205e-05
-1.11915e-05
-2.67598e-05
-1.07562e-05
-2.39234e-05
-1.18219e-05
-2.08947e-05
-1.32248e-05
-2.10871e-05
-1.71465e-05
-1.88471e-05
-1.83705e-05
6.54772e-07
-1.77798e-05
1.14441e-05
-1.94855e-05
1.72546e-05
-2.07e-05
1.84142e-05
-2.26417e-05
1.39672e-05
-2.05203e-05
3.96548e-06
-1.0639e-05
-1.16274e-05
-7.51087e-06
-6.58446e-06
-5.75399e-06
-9.99223e-06
-3.50884e-05
-5.738e-05
-1.19413e-05
-3.88946e-05
-8.60084e-06
-2.39805e-05
-1.23849e-05
-1.86048e-05
-2.18961e-05
-1.94094e-05
-2.59553e-05
-2.06643e-05
-2.26685e-05
-2.21625e-05
-1.93965e-05
-2.64473e-05
-1.68023e-05
-3.00921e-05
-1.52024e-05
-2.59961e-05
-3.44126e-06
-1.90982e-05
4.5462e-06
-1.42767e-05
1.2433e-05
-1.68263e-05
2.09637e-05
-1.84665e-05
1.56074e-05
-4.20789e-06
-1.02931e-05
1.29998e-05
-2.88351e-05
1.63702e-05
-9.95485e-06
8.16423e-06
-1.78626e-06
-2.69241e-05
-5.89964e-05
-2.2495e-05
-4.63531e-05
-2.12441e-05
-3.76737e-05
-2.10642e-05
-3.60569e-05
-2.35129e-05
-3.65875e-05
-2.54247e-05
-3.47279e-05
-2.4528e-05
-3.20564e-05
-2.2068e-05
-3.17165e-05
-1.71421e-05
-3.53922e-05
-1.15266e-05
-2.91032e-05
-9.73029e-06
-2.10141e-05
-3.54287e-06
-1.55713e-05
6.9902e-06
-1.17725e-05
1.71649e-05
-3.91152e-06
7.74628e-06
1.07665e-05
-2.49712e-05
1.96534e-05
-3.7722e-05
2.57053e-05
-1.60068e-05
1.73062e-05
6.61291e-06
-9.61804e-06
-5.59109e-05
-2.70913e-05
-5.09932e-05
-2.61618e-05
-4.7324e-05
-2.47334e-05
-4.52204e-05
-2.56164e-05
-4.2007e-05
-2.86381e-05
-3.68055e-05
-2.97294e-05
-3.09597e-05
-2.79138e-05
-2.45741e-05
-2.35276e-05
-2.1462e-05
-1.46387e-05
-1.9729e-05
-1.14632e-05
-1.61611e-05
-7.11068e-06
-8.50665e-06
-6.64233e-07
6.1182e-06
2.54011e-06
2.07433e-05
-6.87877e-06
2.85264e-05
-3.27543e-05
2.27202e-05
-3.19158e-05
2.24622e-05
-1.57488e-05
1.66754e-05
1.23997e-05
7.05729e-06
-4.40736e-05
-2.75234e-05
-4.28234e-05
-2.7412e-05
-4.02931e-05
-2.72636e-05
-3.63247e-05
-2.95847e-05
-3.28039e-05
-3.21588e-05
-2.87742e-05
-3.3759e-05
-2.37869e-05
-3.29011e-05
-1.76208e-05
-2.96937e-05
-7.49634e-06
-2.47632e-05
-9.5004e-07
-1.80094e-05
5.92787e-06
-1.39886e-05
1.92024e-05
-1.39387e-05
3.61271e-05
-1.43846e-05
4.73568e-05
-1.81085e-05
4.63579e-05
-3.17554e-05
2.9703e-05
-1.52609e-05
1.52767e-05
-1.32257e-06
1.20669e-05
1.56094e-05
1.91243e-05
-3.58462e-05
-2.67981e-05
-3.36088e-05
-2.96493e-05
-3.05955e-05
-3.02768e-05
-2.6634e-05
-3.35462e-05
-2.2346e-05
-3.64469e-05
-1.78145e-05
-3.82906e-05
-1.25066e-05
-3.82091e-05
-6.16645e-06
-3.60339e-05
1.69594e-06
-3.26256e-05
1.208e-05
-2.83936e-05
2.44893e-05
-2.63979e-05
3.74828e-05
-2.69321e-05
5.15987e-05
-2.85005e-05
6.33506e-05
-2.98604e-05
5.81736e-05
-2.65785e-05
3.98931e-05
3.01963e-06
2.06937e-05
1.78768e-05
1.13963e-05
2.49068e-05
3.05205e-05
-3.43298e-05
-2.04985e-05
-3.56258e-05
-2.83533e-05
-3.05529e-05
-3.53497e-05
-2.48656e-05
-3.92335e-05
-1.90977e-05
-4.22149e-05
-1.31539e-05
-4.42344e-05
-7.11996e-06
-4.42431e-05
-7.15346e-07
-4.24385e-05
6.61374e-06
-3.99547e-05
1.59973e-05
-3.7777e-05
2.74584e-05
-3.7859e-05
4.00307e-05
-3.95044e-05
5.4839e-05
-4.33087e-05
7.06035e-05
-4.56246e-05
6.43973e-05
-2.0372e-05
4.59587e-05
2.14586e-05
3.71869e-05
2.66487e-05
1.77644e-05
4.43293e-05
4.8285e-05
-3.92002e-05
-9.7623e-06
-4.32899e-05
-2.42636e-05
-3.82211e-05
-4.04185e-05
-3.06709e-05
-4.67835e-05
-2.26149e-05
-5.02706e-05
-1.48186e-05
-5.20306e-05
-7.43757e-06
-5.16241e-05
-5.83357e-07
-4.92927e-05
6.85094e-06
-4.73889e-05
1.66508e-05
-4.75774e-05
2.88621e-05
-5.00713e-05
4.19817e-05
-5.2624e-05
5.82808e-05
-5.96079e-05
7.08199e-05
-5.81638e-05
6.7162e-05
-1.67145e-05
3.33314e-05
5.52892e-05
2.52354e-05
3.47448e-05
2.34543e-05
4.61109e-05
7.17389e-05
-6.78876e-05
-1.44835e-05
-6.20701e-05
-3.00809e-05
-5.19202e-05
-5.05679e-05
-3.90458e-05
-5.96573e-05
-2.61024e-05
-6.32138e-05
-1.70707e-05
-6.10623e-05
-7.91565e-06
-6.07784e-05
-3.21921e-06
-5.39883e-05
3.56932e-06
-5.41766e-05
6.1065e-06
-5.01159e-05
-5.71165e-06
-3.82536e-05
-2.51214e-05
-3.32143e-05
-4.40658e-05
-4.06635e-05
-5.84597e-05
-4.37705e-05
-5.32725e-05
-2.19024e-05
-1.48477e-05
1.68636e-05
-4.12787e-06
2.40252e-05
-7.31845e-06
4.93004e-05
6.44191e-05
-8.72229e-05
-2.52972e-05
-7.50238e-05
-4.22798e-05
-6.64892e-05
-5.91021e-05
-5.66301e-05
-6.95163e-05
-4.08342e-05
-7.90104e-05
-3.49009e-05
-6.69958e-05
-4.22247e-05
-5.34542e-05
-5.89834e-05
-3.72285e-05
-7.8085e-05
-3.50741e-05
-9.56002e-05
-3.26001e-05
-0.000104089
-2.9765e-05
-0.000102533
-3.47701e-05
-9.8303e-05
-4.48934e-05
-9.37048e-05
-4.83688e-05
-7.63498e-05
-3.9258e-05
-3.86188e-05
-2.08689e-05
-1.51417e-05
5.47547e-07
-5.04931e-06
3.9207e-05
5.93694e-05
-8.28327e-05
-2.32604e-06
-8.13524e-05
-4.376e-05
-7.00146e-05
-7.04409e-05
-7.25791e-05
-6.69527e-05
-8.18195e-05
-6.97701e-05
-8.74269e-05
-6.13883e-05
-9.25489e-05
-4.83326e-05
-9.12531e-05
-3.85245e-05
-9.19923e-05
-3.43351e-05
-9.11118e-05
-3.34802e-05
-8.65449e-05
-3.43315e-05
-8.07746e-05
-4.05402e-05
-7.61788e-05
-4.94892e-05
-6.94113e-05
-5.51365e-05
-5.58687e-05
-5.28008e-05
-3.60572e-05
-4.0681e-05
-1.63448e-05
-1.91656e-05
-5.13248e-06
2.79948e-05
5.42368e-05
5.96245e-05
1.93428e-05
1.89813e-05
-3.1166e-06
-2.39791e-05
-2.74804e-05
-4.5837e-05
-4.50956e-05
-5.79781e-05
-5.76287e-05
-6.33237e-05
-5.60422e-05
-6.42248e-05
-4.74313e-05
-6.05981e-05
-4.2151e-05
-5.68046e-05
-3.81285e-05
-5.20987e-05
-3.81861e-05
-4.753e-05
-3.89004e-05
-4.63905e-05
-4.16799e-05
-4.87657e-05
-4.71143e-05
-4.89059e-05
-5.49966e-05
-4.21254e-05
-5.95816e-05
-3.36327e-05
-4.91741e-05
-2.3739e-05
-2.90599e-05
-9.49938e-06
1.3754e-05
4.47374e-05
0.000110837
2.63586e-05
9.6366e-05
1.13549e-05
7.05119e-05
-1.62627e-06
4.38993e-05
-1.84828e-05
1.67693e-05
-3.04985e-05
-2.428e-06
-3.6845e-05
-1.05004e-05
-3.93591e-05
-1.21017e-05
-4.05501e-05
-1.18712e-05
-3.83592e-05
-1.18507e-05
-3.8207e-05
-1.18407e-05
-3.89108e-05
-1.3701e-05
-3.98201e-05
-1.87107e-05
-4.21051e-05
-2.47921e-05
-4.89156e-05
-2.5728e-05
-5.86462e-05
-2.61401e-05
-4.87623e-05
-2.84651e-05
-2.67355e-05
-1.68573e-05
2.14607e-06
2.78796e-05
0.000119078
2.72099e-05
0.00011194
1.84926e-05
0.000103061
7.25222e-06
8.98217e-05
-5.2434e-06
7.44759e-05
-1.51529e-05
5.99006e-05
-2.22699e-05
4.75085e-05
-2.69674e-05
3.71022e-05
-3.01443e-05
3.04941e-05
-3.17517e-05
2.51237e-05
-3.28372e-05
2.03831e-05
-3.41708e-05
1.4669e-05
-3.41065e-05
6.7315e-06
-3.41681e-05
-1.75334e-06
-4.04312e-05
-1.01125e-05
-5.02874e-05
-1.92373e-05
-3.9638e-05
-2.79203e-05
-1.80526e-05
-2.13224e-05
-4.45258e-06
6.55727e-06
0.000109141
2.31659e-05
0.00010885
1.8784e-05
0.000105185
1.09169e-05
9.81346e-05
1.80626e-06
8.97292e-05
-6.74788e-06
8.0949e-05
-1.34903e-05
7.21698e-05
-1.81887e-05
6.32628e-05
-2.12379e-05
5.4569e-05
-2.30585e-05
4.64936e-05
-2.47623e-05
4.00799e-05
-2.77576e-05
3.33158e-05
-2.73429e-05
2.43232e-05
-2.5176e-05
1.43275e-05
-3.04359e-05
7.42742e-07
-3.6703e-05
-1.4123e-05
-2.47727e-05
-2.43826e-05
-7.79347e-06
-1.9832e-05
-9.0031e-06
-1.32751e-05
8.91622e-05
1.6018e-05
9.27178e-05
1.52279e-05
9.27776e-05
1.08568e-05
9.00949e-05
4.48853e-06
8.53151e-05
-1.96844e-06
7.92011e-05
-7.37679e-06
7.24811e-05
-1.14692e-05
6.55698e-05
-1.43271e-05
5.83708e-05
-1.58599e-05
5.13063e-05
-1.76983e-05
4.5028e-05
-2.14796e-05
3.82559e-05
-2.05712e-05
3.07884e-05
-1.77088e-05
2.06777e-05
-2.03256e-05
4.39407e-06
-2.04199e-05
-1.07993e-05
-9.57971e-06
-2.08162e-05
2.2233e-06
-1.16104e-05
-1.82095e-05
-2.48853e-05
6.49688e-05
7.95994e-06
7.02066e-05
9.98985e-06
7.24173e-05
8.64574e-06
7.19195e-05
4.98594e-06
6.93517e-05
5.98947e-07
6.55153e-05
-3.54082e-06
6.10745e-05
-7.02894e-06
5.63965e-05
-9.64961e-06
5.18527e-05
-1.13166e-05
4.71052e-05
-1.29513e-05
4.07451e-05
-1.512e-05
3.42941e-05
-1.41206e-05
2.89615e-05
-1.23766e-05
1.925e-05
-1.06146e-05
1.67074e-06
-2.84095e-06
-8.63463e-06
7.25371e-07
-1.20979e-05
5.68619e-06
-1.61776e-06
-2.86894e-05
-2.65034e-05
4.01313e-05
6.30427e-07
4.56359e-05
4.48492e-06
4.90544e-05
5.22692e-06
5.02663e-05
3.7737e-06
4.96829e-05
1.18203e-06
4.80135e-05
-1.87192e-06
4.56686e-05
-4.68447e-06
4.31346e-05
-7.11602e-06
4.07047e-05
-8.8871e-06
3.75003e-05
-9.74742e-06
3.22394e-05
-9.85947e-06
2.68782e-05
-8.75965e-06
2.06259e-05
-6.12465e-06
9.22434e-06
7.86585e-07
-6.39829e-06
1.27814e-05
-9.22759e-06
3.55445e-06
3.57041e-07
-3.8985e-06
4.77405e-06
-3.31069e-05
-2.17292e-05
1.88264e-05
-4.82298e-06
2.40747e-05
-7.63655e-07
2.82355e-05
1.06577e-06
3.08446e-05
1.16438e-06
3.20054e-05
2.08998e-08
3.20778e-05
-1.94475e-06
3.15178e-05
-4.12483e-06
3.06352e-05
-6.23386e-06
2.94093e-05
-7.66159e-06
2.74159e-05
-7.75445e-06
2.39003e-05
-6.34421e-06
1.8464e-05
-3.32369e-06
1.06866e-05
1.65232e-06
6.6254e-07
1.08104e-05
-7.34521e-06
2.07889e-05
-4.20858e-06
4.1758e-07
9.53683e-06
-1.76442e-05
7.53292e-06
-3.11028e-05
-1.41966e-05
6.47552e-06
-7.22001e-06
1.01604e-05
-4.44875e-06
1.38458e-05
-2.61985e-06
1.68265e-05
-1.8166e-06
1.88984e-05
-2.05126e-06
2.01119e-05
-3.15862e-06
2.07297e-05
-4.74299e-06
2.08309e-05
-6.33543e-06
2.03349e-05
-7.16595e-06
1.91263e-05
-6.54616e-06
1.69392e-05
-4.15743e-06
1.35549e-05
6.02627e-08
8.83981e-06
6.36716e-06
4.77078e-06
1.48791e-05
2.9738e-06
2.25856e-05
3.37637e-06
1.48491e-08
8.61849e-06
-2.28864e-05
3.75655e-06
-2.62414e-05
-1.04399e-05
2.36363e-06
-7.63204e-06
4.06586e-06
-6.15121e-06
6.36894e-06
-4.9231e-06
8.75207e-06
-4.19993e-06
1.08688e-05
-4.16829e-06
1.24921e-05
-4.78218e-06
1.3571e-05
-5.82212e-06
1.40442e-05
-6.80894e-06
1.39292e-05
-7.0513e-06
1.33248e-05
-5.94207e-06
1.22915e-05
-3.12439e-06
1.09144e-05
1.43714e-06
9.75482e-06
7.52645e-06
1.02458e-05
1.43879e-05
1.36845e-05
1.91467e-05
9.44145e-06
4.25767e-06
2.84416e-06
-1.62894e-05
-6.04593e-06
-1.73511e-05
-1.64861e-05
1.82895e-06
-7.46109e-06
2.42523e-06
-6.74766e-06
3.61621e-06
-6.11422e-06
5.13682e-06
-5.72071e-06
6.73337e-06
-5.76504e-06
8.12503e-06
-6.17407e-06
9.11913e-06
-6.81647e-06
9.63592e-06
-7.32599e-06
9.74731e-06
-7.16294e-06
9.65908e-06
-5.85408e-06
9.59051e-06
-3.05606e-06
9.77695e-06
1.25048e-06
1.07942e-05
6.50901e-06
1.33884e-05
1.17935e-05
1.74476e-05
1.50874e-05
1.3685e-05
8.02012e-06
-7.30785e-07
-1.87367e-06
-1.12123e-05
-6.87002e-06
-2.76983e-05
1.81041e-06
-7.19725e-06
2.00002e-06
-6.93742e-06
2.5827e-06
-6.69701e-06
3.48075e-06
-6.61888e-06
4.48478e-06
-6.76923e-06
5.42906e-06
-7.11853e-06
6.15501e-06
-7.54261e-06
6.58949e-06
-7.76067e-06
6.82958e-06
-7.40324e-06
7.08087e-06
-6.10557e-06
7.6247e-06
-3.60008e-06
8.72017e-06
1.54837e-07
1.05851e-05
4.64389e-06
1.3421e-05
8.95747e-06
1.63584e-05
1.21499e-05
1.35724e-05
1.0806e-05
2.1911e-06
9.50741e-06
-8.00033e-06
3.32163e-06
-3.56989e-05
1.56017e-06
-6.93352e-06
1.57055e-06
-6.9479e-06
1.84671e-06
-6.97325e-06
2.33337e-06
-7.10563e-06
2.92228e-06
-7.35825e-06
3.49747e-06
-7.69387e-06
3.95014e-06
-7.99543e-06
4.26493e-06
-8.07561e-06
4.52028e-06
-7.65875e-06
4.91715e-06
-6.50259e-06
5.71267e-06
-4.39575e-06
7.13735e-06
-1.26998e-06
9.22749e-06
2.55363e-06
1.18082e-05
6.3766e-06
1.41117e-05
9.8463e-06
1.32893e-05
1.16283e-05
8.9425e-06
1.38543e-05
1.14405e-06
1.11197e-05
-3.45547e-05
1.08615e-06
-6.6647e-06
1.00097e-06
-6.86281e-06
1.09647e-06
-7.06878e-06
1.33321e-06
-7.34242e-06
1.65093e-06
-7.67605e-06
1.97199e-06
-8.01502e-06
2.24308e-06
-8.26663e-06
2.43964e-06
-8.27228e-06
2.647e-06
-7.86622e-06
3.0129e-06
-6.8686e-06
3.75739e-06
-5.14034e-06
5.0906e-06
-2.60328e-06
7.0386e-06
6.05538e-07
9.34939e-06
4.06574e-06
1.14668e-05
7.72886e-06
1.21334e-05
1.09616e-05
1.15755e-05
1.44119e-05
8.25733e-06
1.44381e-05
-2.62976e-05
5.29125e-07
-6.37667e-06
3.68542e-07
-6.70228e-06
3.45102e-07
-7.04535e-06
4.28092e-07
-7.42544e-06
5.80961e-07
-7.82896e-06
7.55238e-07
-8.18936e-06
9.09735e-07
-8.42119e-06
1.04051e-06
-8.40312e-06
1.18769e-06
-8.01346e-06
1.45241e-06
-7.13339e-06
1.99623e-06
-5.68422e-06
3.00703e-06
-3.61414e-06
4.5878e-06
-9.7528e-07
6.60139e-06
2.0521e-06
8.68825e-06
5.64195e-06
1.03755e-05
9.27436e-06
1.14552e-05
1.33324e-05
1.14142e-05
1.44787e-05
-1.48832e-05
-5.10069e-08
-6.05614e-06
-2.56896e-07
-6.49642e-06
-3.72297e-07
-6.92994e-06
-3.90405e-07
-7.40732e-06
-3.39974e-07
-7.87941e-06
-2.49502e-07
-8.27986e-06
-1.44973e-07
-8.52575e-06
-3.82362e-08
-8.50989e-06
7.82285e-08
-8.12996e-06
2.59182e-07
-7.31436e-06
5.9626e-07
-6.02132e-06
1.23736e-06
-4.25525e-06
2.32658e-06
-2.06452e-06
3.8646e-06
5.14067e-07
5.80935e-06
3.69719e-06
8.03223e-06
7.05148e-06
1.00114e-05
1.1353e-05
1.08686e-05
1.36219e-05
-4.01485e-06
-5.96042e-07
-5.70125e-06
-8.74973e-07
-6.2175e-06
-1.05547e-06
-6.74941e-06
-1.1447e-06
-7.31806e-06
-1.15969e-06
-7.8644e-06
-1.11394e-06
-8.3256e-06
-1.0254e-06
-8.61429e-06
-9.14285e-07
-8.621e-06
-7.82479e-07
-8.26175e-06
-6.26131e-07
-7.4707e-06
-4.16747e-07
-6.23069e-06
-8.34252e-08
-4.58856e-06
4.58603e-07
-2.60654e-06
1.38346e-06
-4.10771e-07
2.93734e-06
2.14332e-06
5.13312e-06
4.85571e-06
7.26051e-06
9.2258e-06
8.17024e-06
1.27119e-05
4.15563e-06
-1.09717e-06
-5.29994e-06
-1.42786e-06
-5.88678e-06
-1.66819e-06
-6.50903e-06
-1.82302e-06
-7.16316e-06
-1.89236e-06
-7.79502e-06
-1.88079e-06
-8.33713e-06
-1.80576e-06
-8.68928e-06
-1.6764e-06
-8.75031e-06
-1.51538e-06
-8.42273e-06
-1.34231e-06
-7.64373e-06
-1.17799e-06
-6.39497e-06
-1.02893e-06
-4.73757e-06
-8.62153e-07
-2.77328e-06
-5.768e-07
-6.9608e-07
2.74129e-07
1.29243e-06
1.90841e-06
3.22148e-06
3.93015e-06
7.20397e-06
4.91055e-06
1.17318e-05
9.066e-06
-1.5289e-06
-4.85575e-06
-1.90704e-06
-5.50861e-06
-2.20079e-06
-6.2152e-06
-2.40612e-06
-6.95774e-06
-2.52131e-06
-7.67976e-06
-2.55229e-06
-8.30607e-06
-2.49999e-06
-8.74151e-06
-2.37584e-06
-8.87438e-06
-2.18807e-06
-8.61043e-06
-1.97248e-06
-7.85924e-06
-1.77249e-06
-6.59488e-06
-1.64545e-06
-4.86453e-06
-1.63272e-06
-2.78592e-06
-1.71714e-06
-6.11582e-07
-1.55633e-06
1.1317e-06
-8.51242e-07
2.51647e-06
7.75071e-07
5.57786e-06
2.08258e-06
1.04241e-05
1.11489e-05
-1.87992e-06
-4.37952e-06
-2.29379e-06
-5.09468e-06
-2.63023e-06
-5.87866e-06
-2.88179e-06
-6.70608e-06
-3.04395e-06
-7.51749e-06
-3.11625e-06
-8.23367e-06
-3.10184e-06
-8.75582e-06
-2.9956e-06
-8.98052e-06
-2.81108e-06
-8.79484e-06
-2.56335e-06
-8.10686e-06
-2.29747e-06
-6.86064e-06
-2.08459e-06
-5.0773e-06
-1.99575e-06
-2.87465e-06
-2.07466e-06
-5.32562e-07
-2.33399e-06
1.39114e-06
-2.40918e-06
2.59178e-06
-1.60326e-06
4.77192e-06
-3.98708e-08
8.86111e-06
1.11088e-05
-2.14252e-06
-3.88314e-06
-2.57845e-06
-4.65866e-06
-2.94159e-06
-5.51539e-06
-3.22743e-06
-6.42011e-06
-3.43173e-06
-7.31305e-06
-3.55432e-06
-8.11094e-06
-3.59013e-06
-8.71987e-06
-3.53467e-06
-9.03584e-06
-3.38103e-06
-8.94834e-06
-3.13335e-06
-8.3544e-06
-2.81625e-06
-7.17759e-06
-2.4848e-06
-5.40861e-06
-2.22234e-06
-3.13696e-06
-2.12749e-06
-6.27268e-07
-2.38138e-06
1.64518e-06
-2.8831e-06
3.09363e-06
-2.72669e-06
4.61578e-06
-1.36611e-06
7.50036e-06
9.74303e-06
-2.31378e-06
-3.3827e-06
-2.75487e-06
-4.21747e-06
-3.12798e-06
-5.14215e-06
-3.43324e-06
-6.1147e-06
-3.67143e-06
-7.0747e-06
-3.84378e-06
-7.93844e-06
-3.94477e-06
-8.61872e-06
-3.96109e-06
-9.01935e-06
-3.87378e-06
-9.03549e-06
-3.66754e-06
-8.56046e-06
-3.34082e-06
-7.50414e-06
-2.93295e-06
-5.8163e-06
-2.50571e-06
-3.56403e-06
-2.18653e-06
-9.46272e-07
-2.16763e-06
1.62645e-06
-2.61156e-06
3.53774e-06
-2.86175e-06
4.866e-06
-2.03177e-06
6.67084e-06
7.71115e-06
-2.39501e-06
-2.89338e-06
-2.82302e-06
-3.78935e-06
-3.18916e-06
-4.77584e-06
-3.49736e-06
-5.80633e-06
-3.75935e-06
-6.81253e-06
-3.97868e-06
-7.71892e-06
-4.14987e-06
-8.44735e-06
-4.25402e-06
-8.91501e-06
-4.26059e-06
-9.02873e-06
-4.13528e-06
-8.68557e-06
-3.85672e-06
-7.78251e-06
-3.42588e-06
-6.24694e-06
-2.89855e-06
-4.09116e-06
-2.38062e-06
-1.464e-06
-2.07034e-06
1.31637e-06
-2.16911e-06
3.63668e-06
-2.45207e-06
5.14926e-06
-1.99843e-06
6.21708e-06
5.71301e-06
-2.39171e-06
-2.43319e-06
-2.78989e-06
-3.39105e-06
-3.1306e-06
-4.43497e-06
-3.42848e-06
-5.50828e-06
-3.70179e-06
-6.53905e-06
-3.96049e-06
-7.46004e-06
-4.20014e-06
-8.2075e-06
-4.39834e-06
-8.71661e-06
-4.51548e-06
-8.91139e-06
-4.50318e-06
-8.69768e-06
-4.31614e-06
-7.96933e-06
-3.93143e-06
-6.63145e-06
-3.37048e-06
-4.6519e-06
-2.71584e-06
-2.11843e-06
-2.13934e-06
7.40061e-07
-1.87078e-06
3.36833e-06
-1.87728e-06
5.15582e-06
-1.52024e-06
5.86049e-06
4.19267e-06
-2.31447e-06
-2.01695e-06
-2.66702e-06
-3.03838e-06
-2.96803e-06
-4.13379e-06
-3.24201e-06
-5.23414e-06
-3.51462e-06
-6.26625e-06
-3.80247e-06
-7.17201e-06
-4.1018e-06
-7.90799e-06
-4.38904e-06
-8.42918e-06
-4.61961e-06
-8.68062e-06
-4.73498e-06
-8.5821e-06
-4.6734e-06
-8.03071e-06
-4.38557e-06
-6.91908e-06
-3.85924e-06
-5.17803e-06
-3.14808e-06
-2.82939e-06
-2.36854e-06
-3.9289e-08
-1.75696e-06
2.75692e-06
-1.4225e-06
4.82165e-06
-1.04065e-06
5.47852e-06
3.15229e-06
-2.17756e-06
-1.65814e-06
-2.47136e-06
-2.74447e-06
-2.72204e-06
-3.88298e-06
-2.96338e-06
-4.99264e-06
-3.22769e-06
-6.00178e-06
-3.53252e-06
-6.86701e-06
-3.87726e-06
-7.56309e-06
-4.23757e-06
-8.06869e-06
-4.56906e-06
-8.34895e-06
-4.8093e-06
-8.34168e-06
-4.88557e-06
-7.95426e-06
-4.73025e-06
-7.07422e-06
-4.29758e-06
-5.61052e-06
-3.59967e-06
-3.52711e-06
-2.71864e-06
-9.20142e-07
-1.85229e-06
1.89074e-06
-1.19984e-06
4.16922e-06
-7.05571e-07
4.98467e-06
2.4466e-06
-1.9993e-06
-1.36576e-06
-2.22648e-06
-2.51721e-06
-2.4231e-06
-3.68627e-06
-2.63022e-06
-4.78543e-06
-2.88236e-06
-5.74955e-06
-3.19537e-06
-6.55391e-06
-3.56672e-06
-7.19163e-06
-3.97502e-06
-7.66029e-06
-4.38042e-06
-7.94344e-06
-4.72345e-06
-7.99853e-06
-4.93e-06
-7.7476e-06
-4.91509e-06
-7.08902e-06
-4.61539e-06
-5.9101e-06
-3.99794e-06
-4.14446e-06
-3.09989e-06
-1.81808e-06
-2.0849e-06
8.75833e-07
-1.18649e-06
3.27102e-06
-5.29646e-07
4.32762e-06
1.91711e-06
-1.80755e-06
-1.14753e-06
-1.969e-06
-2.35567e-06
-2.11543e-06
-3.53975e-06
-2.29327e-06
-4.60748e-06
-2.53245e-06
-5.51025e-06
-2.84234e-06
-6.24389e-06
-3.2178e-06
-6.81605e-06
-3.64151e-06
-7.23645e-06
-4.08116e-06
-7.50367e-06
-4.48909e-06
-7.59047e-06
-4.79431e-06
-7.44225e-06
-4.91367e-06
-6.96953e-06
-4.75756e-06
-6.06608e-06
-4.26126e-06
-4.64064e-06
-3.4213e-06
-2.65792e-06
-2.37132e-06
-1.74025e-07
-1.31579e-06
2.21548e-06
-4.95863e-07
3.50799e-06
1.42132e-06
-1.65506e-06
-1.00411e-06
-1.75321e-06
-2.25741e-06
-1.85429e-06
-3.43856e-06
-2.00104e-06
-4.4606e-06
-2.20973e-06
-5.30144e-06
-2.48484e-06
-5.96864e-06
-2.82071e-06
-6.48005e-06
-3.20359e-06
-6.85343e-06
-3.61597e-06
-7.09116e-06
-4.02392e-06
-7.18238e-06
-4.3747e-06
-7.09133e-06
-4.59751e-06
-6.74658e-06
-4.59795e-06
-6.06549e-06
-4.29231e-06
-4.94614e-06
-3.62512e-06
-3.32498e-06
-2.57126e-06
-1.22777e-06
-1.4855e-06
1.12993e-06
-5.94091e-07
2.61667e-06
8.2725e-07
-1.59435e-06
-1.57523e-06
-1.56062e-06
-1.59087e-06
-1.67882e-06
-1.82082e-06
-2.00843e-06
-2.23586e-06
-2.49462e-06
-2.77424e-06
-3.05636e-06
-3.30175e-06
-3.45525e-06
-3.42936e-06
-3.1267e-06
-2.48774e-06
-1.63623e-06
-7.33059e-07
)
;

boundaryField
{
    leftWall
    {
        type            calculated;
        value           uniform 0;
    }
    rightWall
    {
        type            calculated;
        value           uniform 0;
    }
    lowerWall
    {
        type            calculated;
        value           uniform 0;
    }
    atmosphere
    {
        type            calculated;
        value           nonuniform List<scalar> 
46
(
2.44669e-05
2.08936e-05
1.62459e-05
1.23348e-05
8.99487e-06
6.17197e-06
3.67649e-06
1.45404e-06
-3.39596e-07
-1.60838e-06
-2.42469e-06
-2.89227e-06
-3.08562e-06
-3.07602e-06
-2.91082e-06
-2.61691e-06
-2.20119e-06
-1.65143e-06
-9.42119e-07
-3.24986e-08
9.67909e-07
1.67153e-06
1.76065e-06
6.99822e-07
5.16696e-07
2.81573e-07
-1.06374e-08
-9.69842e-07
-2.27648e-06
-3.45312e-06
-4.43031e-06
-5.21345e-06
-5.82659e-06
-6.2924e-06
-6.62595e-06
-6.83235e-06
-6.90271e-06
-6.80917e-06
-6.50114e-06
-5.91195e-06
-4.97198e-06
-3.62759e-06
-1.86667e-06
2.78445e-07
1.71352e-06
9.41916e-08
)
;
    }
    defaultFaces
    {
        type            empty;
        value           nonuniform List<scalar> 0();
    }
}


// ************************************************************************* //
