/*--------------------------------*- C++ -*----------------------------------*\
| =========                 |                                                 |
| \\      /  F ield         | OpenFOAM: The Open Source CFD Toolbox           |
|  \\    /   O peration     | Version:  2312                                  |
|   \\  /    A nd           | Website:  www.openfoam.com                      |
|    \\/     M anipulation  |                                                 |
\*---------------------------------------------------------------------------*/
FoamFile
{
    version     2.0;
    format      ascii;
    arch        "LSB;label=32;scalar=64";
    class       volVectorField;
    location    "3.25";
    object      U;
}
// * * * * * * * * * * * * * * * * * * * * * * * * * * * * * * * * * * * * * //

dimensions      [0 1 -1 0 0 0 0];

internalField   nonuniform List<vector> 
2268
(
(0.022424 -0.0119987 0)
(0.0477157 -0.00618601 0)
(0.0655819 -0.0038077 0)
(0.0784371 -0.00217258 0)
(0.0864508 -0.000986324 0)
(0.0899842 -1.49096e-05 0)
(0.0895298 0.000652965 0)
(0.0863936 0.0011103 0)
(0.0815 0.00148275 0)
(0.074909 0.00190746 0)
(0.0666575 0.00221703 0)
(0.0571677 0.00243105 0)
(0.0469272 0.00246112 0)
(0.0367321 0.00233676 0)
(0.0273953 0.00200219 0)
(0.0197622 0.00155075 0)
(0.0142602 0.00112837 0)
(0.0100605 0.000838679 0)
(0.00686891 0.000537819 0)
(0.0046783 0.000365727 0)
(0.00248786 0.00037136 0)
(0.000372201 0.000460081 0)
(-0.00334137 -0.00124823 0)
(0.0117318 -0.0233719 0)
(0.0370161 -0.0148746 0)
(0.0550758 -0.0112511 0)
(0.069874 -0.00760989 0)
(0.0796479 -0.00421023 0)
(0.0844549 -0.00114242 0)
(0.0848097 0.00123314 0)
(0.0822787 0.00271526 0)
(0.0779586 0.00385554 0)
(0.0718104 0.00512045 0)
(0.0638322 0.00619529 0)
(0.0545143 0.00703654 0)
(0.0443636 0.00734133 0)
(0.034213 0.00706111 0)
(0.0249123 0.00617649 0)
(0.017411 0.00479516 0)
(0.0122391 0.00355159 0)
(0.00837962 0.00266207 0)
(0.00556539 0.00174931 0)
(0.00392591 0.001479 0)
(0.00237711 0.0018267 0)
(0.000487121 0.00257946 0)
(-0.00236935 -0.000178192 0)
(0.00725032 -0.0343992 0)
(0.0309907 -0.025411 0)
(0.0487811 -0.0197154 0)
(0.064383 -0.0136642 0)
(0.0748861 -0.00768563 0)
(0.0802293 -0.00191853 0)
(0.080863 0.00201536 0)
(0.0785923 0.00435828 0)
(0.0747816 0.00648421 0)
(0.0690941 0.00881951 0)
(0.0613741 0.0106533 0)
(0.05213 0.0118981 0)
(0.0419078 0.0122168 0)
(0.0317242 0.0114171 0)
(0.0224693 0.00979863 0)
(0.0152495 0.00757959 0)
(0.0107662 0.00556611 0)
(0.00761869 0.00424817 0)
(0.00572902 0.00262844 0)
(0.00526624 0.00168092 0)
(0.00485169 0.00167578 0)
(0.00334265 0.00221965 0)
(0.00148192 -0.00302983 0)
(0.00517571 -0.0422349 0)
(0.0279935 -0.0346414 0)
(0.0456409 -0.0278226 0)
(0.0616631 -0.0198963 0)
(0.0725189 -0.0118188 0)
(0.0775444 -0.00380044 0)
(0.0776104 0.00207106 0)
(0.0755041 0.00523818 0)
(0.0723678 0.00777553 0)
(0.0670235 0.0106399 0)
(0.0591079 0.0133636 0)
(0.0493384 0.016065 0)
(0.0384105 0.0174065 0)
(0.0278286 0.0170833 0)
(0.018757 0.0150077 0)
(0.0119692 0.0111119 0)
(0.00836593 0.00753823 0)
(0.00658512 0.00494668 0)
(0.00611467 0.0023632 0)
(0.0072439 0.0018521 0)
(0.00782586 0.00344759 0)
(0.00500771 0.00563146 0)
(0.00329967 0.00248791 0)
(0.00569337 -0.0501406 0)
(0.0291742 -0.0441244 0)
(0.0471539 -0.036169 0)
(0.0630403 -0.0258942 0)
(0.0735248 -0.0143307 0)
(0.0777541 -0.00298008 0)
(0.0768173 0.00338872 0)
(0.0742051 0.0066139 0)
(0.0714026 0.0112298 0)
(0.0663115 0.0168068 0)
(0.0581632 0.0207396 0)
(0.046873 0.0229549 0)
(0.033169 0.02166 0)
(0.0200149 0.0186164 0)
(0.00960253 0.0146936 0)
(0.00274667 0.010182 0)
(-0.00107597 0.00687042 0)
(-0.00147852 0.00477729 0)
(0.000455754 0.00167935 0)
(0.0045049 -0.000339831 0)
(0.0078505 0.00136268 0)
(0.00526719 0.00430191 0)
(0.00381196 -0.00103267 0)
(0.00816974 -0.0602254 0)
(0.0340865 -0.0551585 0)
(0.0535417 -0.0454671 0)
(0.069371 -0.0336649 0)
(0.0791658 -0.0206063 0)
(0.0839038 -0.00487852 0)
(0.0802994 0.005379 0)
(0.0711463 0.00882869 0)
(0.0605517 0.010651 0)
(0.0518106 0.0140714 0)
(0.041244 0.0178784 0)
(0.029295 0.0229138 0)
(0.017843 0.0253419 0)
(0.00628581 0.0242642 0)
(-0.00409019 0.0202612 0)
(-0.0131659 0.013935 0)
(-0.0235139 0.00799416 0)
(-0.033297 0.00354218 0)
(-0.0400957 -0.000253466 0)
(-0.0425891 -0.000492053 0)
(-0.0393473 0.00512403 0)
(-0.00379967 0.0108236 0)
(0.0113365 0.00949621 0)
(0.0111939 -0.0707041 0)
(0.0399428 -0.0653837 0)
(0.059999 -0.0519678 0)
(0.0722326 -0.0344939 0)
(0.0736211 -0.0176188 0)
(0.0732815 -0.00203159 0)
(0.0752972 0.00505173 0)
(0.0748158 0.0107817 0)
(0.069511 0.0174427 0)
(0.0534347 0.0251326 0)
(0.00946358 0.037668 0)
(-0.0437209 0.0437031 0)
(-0.0844032 0.0439048 0)
(-0.119456 0.0411738 0)
(-0.155281 0.0348311 0)
(-0.201763 0.0280177 0)
(-0.255549 0.0229653 0)
(-0.296724 0.0179772 0)
(-0.304153 0.00772593 0)
(-0.267465 -0.00591233 0)
(-0.199122 -0.0164196 0)
(-0.113807 -0.0238134 0)
(-0.086916 0.00798152 0)
(0.0125587 -0.0737457 0)
(0.0408743 -0.0693528 0)
(0.0613134 -0.0543361 0)
(0.079478 -0.0408143 0)
(0.0917247 -0.0250994 0)
(0.0879493 -0.00512124 0)
(0.0322891 0.0150613 0)
(-0.0807175 0.0230229 0)
(-0.119514 0.0295497 0)
(-0.133949 0.0427555 0)
(-0.142034 0.0588342 0)
(-0.156571 0.0583229 0)
(-0.16837 0.0515116 0)
(-0.184798 0.0503611 0)
(-0.208063 0.050785 0)
(-0.242814 0.0507475 0)
(-0.282494 0.042736 0)
(-0.311698 0.0246074 0)
(-0.310452 -0.00904445 0)
(-0.277738 -0.0412225 0)
(-0.231955 -0.0554812 0)
(-0.188023 -0.0754541 0)
(-0.215798 -0.0986424 0)
(0.00656586 0.000661394 0)
(0.0438449 0.00136163 0)
(0.0231288 0.00608514 0)
(-0.00640853 0.00626212 0)
(-0.0385533 0.00695813 0)
(-0.0649876 0.00396274 0)
(-0.0737353 -0.000798299 0)
(-0.0631444 -0.00433452 0)
(-0.0438626 -0.00645443 0)
(-0.0222698 -0.00674468 0)
(-0.00258489 -0.00698309 0)
(0.0161372 -0.00793584 0)
(0.0303028 -0.00565567 0)
(0.0348245 -0.0035344 0)
(0.0334496 -0.00260022 0)
(0.0314854 -0.00144168 0)
(0.0222821 0.000553633 0)
(0.0165212 0.00264016 0)
(0.00274165 -0.00101928 0)
(0.0273582 -0.0245924 0)
(0.0730722 -0.00471691 0)
(0.0573064 0.0150745 0)
(0.0212449 0.0209475 0)
(-0.0133832 0.0216814 0)
(-0.0363315 0.0134071 0)
(-0.0403594 -6.1948e-05 0)
(-0.0298057 -0.00960779 0)
(-0.0104027 -0.0128258 0)
(0.0136724 -0.0122862 0)
(0.0343734 -0.00814537 0)
(0.0455824 -0.00674703 0)
(0.0500549 -0.00236866 0)
(0.0470986 0.00254369 0)
(0.0301089 0.00413668 0)
(0.0135027 0.00549928 0)
(0.00643009 0.00710107 0)
(0.00222569 0.00495314 0)
(0.00133017 0.00810734 0)
(0.0290898 -0.0494804 0)
(0.0667769 -0.00730319 0)
(0.0592227 0.023061 0)
(0.0261993 0.0315524 0)
(-0.0123823 0.0269288 0)
(-0.0390779 0.0121654 0)
(-0.049173 -0.00653612 0)
(-0.0409322 -0.0180049 0)
(-0.0198274 -0.0253199 0)
(0.00334133 -0.0276062 0)
(0.0253625 -0.0222771 0)
(0.0572829 -0.0155623 0)
(0.0587063 -0.00643006 0)
(0.0454121 0.00553931 0)
(0.0234759 0.0113705 0)
(-0.000685807 0.00680489 0)
(-0.00782285 0.00365843 0)
(-0.00952374 0.00375516 0)
(-0.00954804 0.000786271 0)
(0.0185048 -0.0592635 0)
(0.0593747 -0.0128932 0)
(0.0301718 0.0298791 0)
(0.0198755 0.048638 0)
(0.00984292 0.0490804 0)
(0.00780969 0.0327418 0)
(0.00689962 0.00338094 0)
(-0.00340293 -0.0192441 0)
(-0.00287745 -0.0316568 0)
(-0.0187257 -0.0271918 0)
(-0.0321485 -0.0225936 0)
(0.000725384 -0.0251514 0)
(0.0686989 -0.00123535 0)
(0.0806432 0.0174618 0)
(0.0819703 0.0261088 0)
(0.081409 0.0228091 0)
(0.0629852 0.0152425 0)
(-0.0216405 0.0106371 0)
(-0.00802834 -0.00122154 0)
(0.00205844 -0.0867199 0)
(-0.00825431 -0.00398132 0)
(-0.0949739 0.0531107 0)
(-0.158241 0.0548859 0)
(-0.106603 0.039455 0)
(-0.0446175 0.0212344 0)
(0.0200511 -0.00681831 0)
(0.093314 -0.0196524 0)
(0.124716 -0.011972 0)
(-0.0427012 -0.00693698 0)
(-0.077692 -0.0306082 0)
(-0.0462089 -0.0606282 0)
(-0.0118873 -0.0358153 0)
(0.0390829 -0.00250132 0)
(0.0561159 0.0107117 0)
(0.0588443 0.0206217 0)
(0.0499545 0.0375547 0)
(0.0262344 0.031155 0)
(0.00763723 -0.00494409 0)
(-0.0569472 -0.066529 0)
(-0.202767 0.0375864 0)
(-0.253613 0.0761384 0)
(-0.247699 0.0376022 0)
(-0.185859 -0.000320084 0)
(-0.103894 -0.0199695 0)
(-0.0303048 -0.0498144 0)
(0.0271503 -0.0548168 0)
(0.129108 0.0134792 0)
(0.0667947 0.0546082 0)
(-0.0075096 -0.0213237 0)
(-0.00912231 -0.0649128 0)
(-0.0292027 -0.0367465 0)
(-0.0318988 -0.0104938 0)
(-0.0423703 0.0119331 0)
(-0.0373829 0.0265207 0)
(-0.0259726 0.0333448 0)
(0.00336801 0.0282539 0)
(-0.000820439 0.00535769 0)
(-0.113691 0.0087622 0)
(-0.224678 0.0878099 0)
(-0.280363 0.0814452 0)
(-0.266409 0.0213443 0)
(-0.202077 -0.0323406 0)
(-0.127371 -0.0523992 0)
(-0.070767 -0.072783 0)
(-0.0304396 -0.0819174 0)
(0.0496896 -0.0376804 0)
(0.13612 0.0671354 0)
(0.0897605 0.00575089 0)
(0.0260306 -0.0481491 0)
(-0.0589963 -0.0241417 0)
(-0.113222 0.00534515 0)
(-0.134574 0.0178954 0)
(-0.125587 0.0209892 0)
(-0.102651 0.0234994 0)
(-0.0673962 0.0194331 0)
(-0.0460421 0.000366408 0)
(-0.11771 0.083419 0)
(-0.209308 0.124757 0)
(-0.255631 0.085518 0)
(-0.233178 0.00114495 0)
(-0.163656 -0.0634631 0)
(-0.105398 -0.0786004 0)
(-0.0687774 -0.0897766 0)
(-0.0464461 -0.0991159 0)
(-0.0175737 -0.0865737 0)
(0.124974 0.0460078 0)
(0.143787 0.0225827 0)
(0.052587 -0.00757972 0)
(-0.0958473 0.0208511 0)
(-0.158785 0.0239241 0)
(-0.176055 0.0143321 0)
(-0.164125 0.00839321 0)
(-0.142994 0.0115332 0)
(-0.11397 -6.53343e-05 0)
(-0.0685608 -0.0460065 0)
(0.0114505 -0.130559 0)
(0.0256997 -0.11762 0)
(0.0164572 -0.0833094 0)
(-0.0235953 -0.0462392 0)
(-0.0824722 -0.0030613 0)
(-0.10709 0.0393798 0)
(-0.107924 0.0730496 0)
(-0.120563 0.0624634 0)
(-0.125663 0.0439712 0)
(-0.135073 0.0462108 0)
(-0.135918 0.0579225 0)
(-0.131789 0.0628497 0)
(-0.134823 0.0647615 0)
(-0.147985 0.06738 0)
(-0.164095 0.0696375 0)
(-0.203028 0.0790092 0)
(-0.238967 0.064334 0)
(-0.265777 0.0350894 0)
(-0.27854 -0.0114848 0)
(-0.279306 -0.0467743 0)
(-0.269392 -0.0635211 0)
(-0.259269 -0.079226 0)
(-0.266717 -0.0918628 0)
(-0.0219794 -0.099328 0)
(-0.0507071 -0.0668697 0)
(-0.0737806 -0.000627838 0)
(-0.0868905 0.0453891 0)
(-0.0918656 0.0363498 0)
(-0.0921553 0.0334409 0)
(-0.0900016 0.0436117 0)
(-0.0883533 0.0468604 0)
(-0.0932524 0.0488369 0)
(-0.0998354 0.0484354 0)
(-0.0959909 0.0481019 0)
(-0.0903102 0.0552016 0)
(-0.0965133 0.0693293 0)
(-0.112848 0.079862 0)
(-0.132697 0.0899128 0)
(-0.172275 0.115691 0)
(-0.215101 0.104253 0)
(-0.26752 0.0726111 0)
(-0.320794 0.0179804 0)
(-0.364347 -0.0311801 0)
(-0.394491 -0.065346 0)
(-0.410786 -0.0928504 0)
(-0.417373 -0.107442 0)
(-0.011546 -0.0604507 0)
(-0.0297676 -0.0528974 0)
(-0.0443317 -0.0319055 0)
(-0.0380151 -0.00979405 0)
(-0.0301447 0.00727913 0)
(-0.0421583 0.0277841 0)
(-0.0615703 0.0441088 0)
(-0.080408 0.0536188 0)
(-0.0999531 0.0612051 0)
(-0.102354 0.047651 0)
(-0.0950901 0.0398288 0)
(-0.0925826 0.0533586 0)
(-0.0985328 0.0781273 0)
(-0.121923 0.104398 0)
(-0.158607 0.126759 0)
(-0.193705 0.155529 0)
(-0.234123 0.154099 0)
(-0.288602 0.131127 0)
(-0.355372 0.0781047 0)
(-0.419755 0.0185958 0)
(-0.459611 -0.035833 0)
(-0.473931 -0.0770539 0)
(-0.477922 -0.0956567 0)
(-0.0122696 -0.0458157 0)
(-0.038023 -0.0342732 0)
(-0.0576028 -0.0140167 0)
(-0.0744253 0.0147531 0)
(-0.0982082 0.0320786 0)
(-0.118032 0.0612059 0)
(-0.13426 0.0740117 0)
(-0.155236 0.0785011 0)
(-0.167782 0.0706614 0)
(-0.168597 0.0439957 0)
(-0.174967 0.0414382 0)
(-0.180883 0.0628045 0)
(-0.190638 0.0993792 0)
(-0.206372 0.13696 0)
(-0.227272 0.162364 0)
(-0.241972 0.186124 0)
(-0.256967 0.191062 0)
(-0.280155 0.18138 0)
(-0.319197 0.138737 0)
(-0.368522 0.070493 0)
(-0.41198 -0.0112122 0)
(-0.435756 -0.077658 0)
(-0.441255 -0.108382 0)
(-0.059034 -0.00386983 0)
(-0.13741 0.00659822 0)
(-0.200913 0.0226223 0)
(-0.24323 0.0452796 0)
(-0.260821 0.0579298 0)
(-0.261707 0.0721017 0)
(-0.269828 0.0859964 0)
(-0.283818 0.0912394 0)
(-0.292582 0.0795943 0)
(-0.301273 0.0552575 0)
(-0.316556 0.0532309 0)
(-0.326603 0.0733838 0)
(-0.328263 0.109912 0)
(-0.322367 0.146349 0)
(-0.311355 0.170694 0)
(-0.295255 0.189997 0)
(-0.280346 0.198127 0)
(-0.26922 0.198776 0)
(-0.26381 0.172545 0)
(-0.265716 0.115111 0)
(-0.274552 0.0347347 0)
(-0.299202 -0.0441403 0)
(-0.324701 -0.0980516 0)
(-0.107652 0.105773 0)
(-0.213162 0.0792036 0)
(-0.26103 0.0598706 0)
(-0.287039 0.0611167 0)
(-0.312985 0.0671461 0)
(-0.330378 0.0801781 0)
(-0.34316 0.0934948 0)
(-0.356499 0.0970494 0)
(-0.365127 0.0853285 0)
(-0.379378 0.0708602 0)
(-0.397706 0.0678559 0)
(-0.408767 0.0789898 0)
(-0.40568 0.101605 0)
(-0.38872 0.125643 0)
(-0.362173 0.144669 0)
(-0.329166 0.15938 0)
(-0.292528 0.167254 0)
(-0.253642 0.167118 0)
(-0.21574 0.145937 0)
(-0.186984 0.100558 0)
(-0.173381 0.0393987 0)
(-0.183259 -0.0185686 0)
(-0.207741 -0.0664126 0)
(-0.0765657 0.393528 0)
(-0.28853 0.229884 0)
(-0.385406 0.0986603 0)
(-0.399586 0.0812176 0)
(-0.400537 0.0882831 0)
(-0.39065 0.0994507 0)
(-0.382964 0.108935 0)
(-0.386057 0.10958 0)
(-0.395239 0.097374 0)
(-0.405682 0.0846742 0)
(-0.413617 0.0771437 0)
(-0.414829 0.0781105 0)
(-0.406388 0.0866049 0)
(-0.386915 0.0983702 0)
(-0.357462 0.108884 0)
(-0.319858 0.117267 0)
(-0.275844 0.120839 0)
(-0.227463 0.116501 0)
(-0.179442 0.0989383 0)
(-0.140028 0.0673435 0)
(-0.116861 0.0309176 0)
(-0.1131 -0.00311512 0)
(-0.125644 -0.0413713 0)
(0.0238827 0.346296 0)
(0.062246 0.312372 0)
(0.0968308 0.248235 0)
(0.00761545 0.120667 0)
(-0.392215 0.0883628 0)
(-0.517146 0.0997867 0)
(-0.48574 0.108416 0)
(-0.453434 0.11435 0)
(-0.438974 0.107605 0)
(-0.432373 0.0966638 0)
(-0.422904 0.0864555 0)
(-0.409377 0.0791909 0)
(-0.389454 0.0744955 0)
(-0.362241 0.0730173 0)
(-0.328055 0.0722535 0)
(-0.287495 0.071577 0)
(-0.241897 0.0684501 0)
(-0.193246 0.0601873 0)
(-0.145305 0.0445106 0)
(-0.104133 0.0228609 0)
(-0.0760188 0.00228979 0)
(-0.0637181 -0.0125416 0)
(-0.0669847 -0.0284787 0)
(0.044531 0.315523 0)
(0.10387 0.256801 0)
(0.128735 0.213001 0)
(0.144203 0.368146 0)
(0.0717379 0.404912 0)
(-0.0433012 0.282517 0)
(-0.246413 0.136135 0)
(-0.506181 0.0744077 0)
(-0.520478 0.0768317 0)
(-0.51242 0.0733553 0)
(-0.502448 0.0615932 0)
(-0.473592 0.0536281 0)
(-0.426729 0.0508157 0)
(-0.374858 0.0516271 0)
(-0.324399 0.0505534 0)
(-0.274526 0.0476175 0)
(-0.225579 0.0424159 0)
(-0.178543 0.0343006 0)
(-0.134103 0.022286 0)
(-0.0938276 0.00830428 0)
(-0.0622214 -0.00212478 0)
(-0.0468612 -0.00848841 0)
(-0.05459 -0.0141776 0)
(0.0475083 0.235547 0)
(0.0967963 0.21978 0)
(0.120365 0.227316 0)
(0.147204 0.334646 0)
(0.166503 0.416668 0)
(0.140739 0.404335 0)
(0.123421 0.351221 0)
(0.0790246 0.290885 0)
(-0.021134 0.123454 0)
(-0.150943 0.0621724 0)
(-0.18157 0.0337118 0)
(-0.241176 0.0218968 0)
(-0.403221 -0.0223868 0)
(-0.449176 -0.0474135 0)
(-0.408965 -0.0452558 0)
(-0.340925 -0.0420533 0)
(-0.26992 -0.0417538 0)
(-0.204601 -0.0451149 0)
(-0.146081 -0.0538096 0)
(-0.0984345 -0.0622203 0)
(-0.105415 -0.0531032 0)
(-0.258868 -0.0212226 0)
(-0.380963 0.0182271 0)
(0.0320072 0.134217 0)
(0.0827613 0.157077 0)
(0.12138 0.194686 0)
(0.162673 0.272798 0)
(0.2231 0.34916 0)
(0.277879 0.368964 0)
(0.320911 0.285142 0)
(0.349376 0.274433 0)
(0.331419 0.247284 0)
(0.293906 0.176804 0)
(0.258684 0.121561 0)
(0.209204 0.120589 0)
(0.190453 0.133896 0)
(0.192249 0.0764225 0)
(0.174382 -0.0285154 0)
(0.134219 -0.0901349 0)
(0.0892587 -0.0948995 0)
(0.0407366 -0.0767102 0)
(-0.0248613 -0.0658757 0)
(-0.104225 -0.0280575 0)
(-0.241908 0.155269 0)
(-0.356352 0.224577 0)
(-0.526787 0.0906805 0)
(0.0214696 0.0894881 0)
(0.0664076 0.118682 0)
(0.106351 0.158123 0)
(0.156802 0.212612 0)
(0.230673 0.275698 0)
(0.317279 0.317473 0)
(0.375986 0.310728 0)
(0.406191 0.287053 0)
(0.428347 0.246026 0)
(0.441058 0.203428 0)
(0.439643 0.168232 0)
(0.430279 0.135567 0)
(0.41843 0.101233 0)
(0.412257 0.0566201 0)
(0.398122 0.0149906 0)
(0.373292 -6.20152e-06 0)
(0.338149 0.00697836 0)
(0.305415 0.0276753 0)
(0.273083 0.0617917 0)
(0.234182 0.110823 0)
(0.194006 0.196263 0)
(0.157101 0.341471 0)
(0.16584 0.396593 0)
(0.0136403 0.0482382 0)
(0.0481493 0.0777214 0)
(0.0790834 0.115963 0)
(0.122318 0.152875 0)
(0.182282 0.191113 0)
(0.25767 0.222707 0)
(0.325184 0.228382 0)
(0.375434 0.227318 0)
(0.413351 0.215601 0)
(0.440625 0.191473 0)
(0.45775 0.165906 0)
(0.464627 0.140205 0)
(0.463568 0.106536 0)
(0.458177 0.0683402 0)
(0.446152 0.0338206 0)
(0.429537 0.00951412 0)
(0.415416 0.000223683 0)
(0.408032 0.00899149 0)
(0.404775 0.0400573 0)
(0.404748 0.0999004 0)
(0.410398 0.188359 0)
(0.440849 0.273584 0)
(0.500688 0.363061 0)
(0.00712982 0.0232662 0)
(0.0294609 0.0520886 0)
(0.0489551 0.086192 0)
(0.0777094 0.107411 0)
(0.115408 0.132328 0)
(0.164442 0.158588 0)
(0.215219 0.172184 0)
(0.265723 0.179384 0)
(0.311564 0.172365 0)
(0.350858 0.159219 0)
(0.379153 0.143979 0)
(0.396315 0.124619 0)
(0.403868 0.0991955 0)
(0.40471 0.0689452 0)
(0.401679 0.0402905 0)
(0.399207 0.0208719 0)
(0.401708 0.0128889 0)
(0.410936 0.0191115 0)
(0.430296 0.0468835 0)
(0.455878 0.0967274 0)
(0.488472 0.160802 0)
(0.530911 0.225571 0)
(0.60222 0.259942 0)
(0.00112776 0.0109493 0)
(0.0121238 0.0383269 0)
(0.0205443 0.068575 0)
(0.0329251 0.0860845 0)
(0.0450447 0.105325 0)
(0.065519 0.126917 0)
(0.09016 0.137042 0)
(0.128907 0.137596 0)
(0.169399 0.126554 0)
(0.212592 0.120386 0)
(0.244948 0.118731 0)
(0.264599 0.109498 0)
(0.274787 0.0918455 0)
(0.278688 0.0675914 0)
(0.280647 0.0412325 0)
(0.284377 0.0190799 0)
(0.290472 0.000755217 0)
(0.304472 -0.00739363 0)
(0.337595 0.0116781 0)
(0.388251 0.0588209 0)
(0.440769 0.118289 0)
(0.496332 0.172777 0)
(0.561465 0.204726 0)
(-0.00434031 0.00937256 0)
(-0.00227964 0.0355694 0)
(-0.00391997 0.0638699 0)
(-0.00303397 0.0832192 0)
(-0.00315698 0.099875 0)
(0.00288501 0.113805 0)
(0.013713 0.114319 0)
(0.0319998 0.0974333 0)
(0.0600091 0.0825478 0)
(0.0890203 0.0814776 0)
(0.118836 0.096308 0)
(0.134859 0.0945602 0)
(0.144237 0.0837817 0)
(0.146757 0.0610278 0)
(0.149802 0.0332746 0)
(0.154552 0.00849062 0)
(0.158981 -0.014943 0)
(0.168788 -0.0350368 0)
(0.189399 -0.0343747 0)
(0.241173 -0.000575497 0)
(0.316249 0.0570826 0)
(0.384211 0.109432 0)
(0.45514 0.140179 0)
(-0.00738552 0.0152401 0)
(-0.00976755 0.0402682 0)
(-0.0156774 0.0659908 0)
(-0.0171112 0.0843908 0)
(-0.016983 0.0976834 0)
(-0.0119192 0.106339 0)
(-0.00245334 0.103259 0)
(0.00640675 0.0833683 0)
(0.0131021 0.0668442 0)
(0.0193788 0.0633823 0)
(0.0349105 0.0784247 0)
(0.0505689 0.0803427 0)
(0.0653183 0.0753571 0)
(0.0755442 0.0524964 0)
(0.0865604 0.0258955 0)
(0.0941237 0.00527206 0)
(0.100775 -0.0145612 0)
(0.104091 -0.0395697 0)
(0.107872 -0.0565767 0)
(0.119955 -0.0559513 0)
(0.173032 -0.019899 0)
(0.249224 0.0356076 0)
(0.322695 0.0752992 0)
(-0.00827162 0.0240206 0)
(-0.0116407 0.0462847 0)
(-0.017498 0.0681909 0)
(-0.0174794 0.0838604 0)
(-0.0149946 0.0940137 0)
(-0.00880788 0.0988539 0)
(0.000129647 0.0950689 0)
(0.00663142 0.0805215 0)
(0.00769752 0.0663069 0)
(0.00698888 0.0595833 0)
(0.0131018 0.0644915 0)
(0.0261455 0.065655 0)
(0.0426751 0.0610672 0)
(0.0576368 0.0409569 0)
(0.0672356 0.0183622 0)
(0.0710959 -0.00219917 0)
(0.074842 -0.0206329 0)
(0.0756422 -0.0411505 0)
(0.0732219 -0.058448 0)
(0.0711968 -0.0700274 0)
(0.0772872 -0.0684003 0)
(0.117482 -0.0366101 0)
(0.191569 0.0112408 0)
(-0.00812276 0.0328404 0)
(-0.0111602 0.0515693 0)
(-0.0161555 0.0693377 0)
(-0.0145025 0.0816059 0)
(-0.0101125 0.0888114 0)
(-0.00279683 0.0909525 0)
(0.00617038 0.0869842 0)
(0.0133093 0.0767116 0)
(0.0167299 0.0658838 0)
(0.0187255 0.0585729 0)
(0.0237901 0.0564475 0)
(0.0339376 0.0530654 0)
(0.0473483 0.0457567 0)
(0.0599282 0.0305678 0)
(0.0679246 0.0135831 0)
(0.071715 -0.00302247 0)
(0.0724108 -0.019771 0)
(0.0698 -0.0369398 0)
(0.0635965 -0.0528332 0)
(0.055375 -0.0653774 0)
(0.0485376 -0.071748 0)
(0.0488252 -0.06986 0)
(0.0807388 -0.0455216 0)
(-0.00779969 0.0413722 0)
(-0.0106644 0.056437 0)
(-0.0153784 0.069774 0)
(-0.0131241 0.0782271 0)
(-0.00800079 0.0824204 0)
(-0.000172234 0.0824883 0)
(0.00890472 0.0782956 0)
(0.0171158 0.0703662 0)
(0.023352 0.0617749 0)
(0.0286355 0.0546467 0)
(0.0351014 0.0493968 0)
(0.0439133 0.0431985 0)
(0.0540769 0.0345232 0)
(0.0630382 0.0222537 0)
(0.0689316 0.00866023 0)
(0.0717661 -0.00494686 0)
(0.0715924 -0.0184399 0)
(0.0684007 -0.0319578 0)
(0.0620048 -0.0447194 0)
(0.0530207 -0.0558996 0)
(0.0428446 -0.0640859 0)
(0.0339222 -0.0676318 0)
(0.0325676 -0.0645668 0)
(-0.00768043 0.0497378 0)
(-0.0108534 0.0613795 0)
(-0.015982 0.0703835 0)
(-0.014219 0.0749149 0)
(-0.00964183 0.0760226 0)
(-0.00238166 0.0740727 0)
(0.00626495 0.0693321 0)
(0.0148113 0.0624597 0)
(0.0224678 0.0550107 0)
(0.0296408 0.0480842 0)
(0.0370722 0.0417407 0)
(0.0451265 0.03475 0)
(0.0531761 0.0262531 0)
(0.0598505 0.016004 0)
(0.0643571 0.00501747 0)
(0.0665445 -0.00606554 0)
(0.0663235 -0.0171149 0)
(0.0636877 -0.0278396 0)
(0.0586066 -0.0378215 0)
(0.0512693 -0.0466187 0)
(0.0420857 -0.0538927 0)
(0.0322633 -0.0588251 0)
(0.0234547 -0.0601894 0)
(-0.00775569 0.0583654 0)
(-0.0116253 0.0669054 0)
(-0.0176421 0.0718106 0)
(-0.0170051 0.072548 0)
(-0.0136648 0.0706137 0)
(-0.00765282 0.0666237 0)
(-0.000101017 0.0610027 0)
(0.00799671 0.0542397 0)
(0.0159564 0.0472544 0)
(0.0237251 0.0405145 0)
(0.0314215 0.0339807 0)
(0.0389649 0.0271289 0)
(0.0459034 0.0194693 0)
(0.0515297 0.0109236 0)
(0.0554905 0.00196474 0)
(0.0574951 -0.00714922 0)
(0.0576514 -0.0161402 0)
(0.0558236 -0.0246741 0)
(0.0520675 -0.0325285 0)
(0.0465899 -0.0394314 0)
(0.0395339 -0.045217 0)
(0.0314163 -0.0496147 0)
(0.0226967 -0.0519367 0)
(-0.008028 0.0676314 0)
(-0.0128102 0.0733531 0)
(-0.0198596 0.0743877 0)
(-0.0205376 0.071548 0)
(-0.0186174 0.0666683 0)
(-0.0140141 0.0605407 0)
(-0.00767805 0.0536672 0)
(-0.000365982 0.0464795 0)
(0.00735079 0.0394403 0)
(0.0151161 0.0327931 0)
(0.0227185 0.0264367 0)
(0.029896 0.0200751 0)
(0.036273 0.0133894 0)
(0.0414426 0.00628919 0)
(0.0451021 -0.00102096 0)
(0.0472519 -0.00843892 0)
(0.047806 -0.0156666 0)
(0.0466631 -0.022531 0)
(0.0439955 -0.0287094 0)
(0.0400296 -0.0341657 0)
(0.0348865 -0.0387417 0)
(0.028829 -0.0423312 0)
(0.0218765 -0.0444114 0)
(-0.00835372 0.0776753 0)
(-0.0141638 0.0807954 0)
(-0.0222948 0.0781625 0)
(-0.0242448 0.0719014 0)
(-0.02364 0.064114 0)
(-0.0202831 0.0557323 0)
(-0.0149678 0.0473155 0)
(-0.00832732 0.0392593 0)
(-0.000956551 0.0318588 0)
(0.00668545 0.0251913 0)
(0.0141764 0.0191407 0)
(0.0211138 0.0134164 0)
(0.0271402 0.00773425 0)
(0.0320272 0.00194826 0)
(0.0355453 -0.00394698 0)
(0.0377066 -0.00986906 0)
(0.0384353 -0.0156305 0)
(0.03779 -0.0211065 0)
(0.0359276 -0.0260026 0)
(0.0330373 -0.0303217 0)
(0.0292561 -0.0339998 0)
(0.0247845 -0.0369112 0)
(0.0195846 -0.0387483 0)
(-0.00872316 0.0886359 0)
(-0.0155505 0.0892587 0)
(-0.0247176 0.083096 0)
(-0.0278479 0.0734857 0)
(-0.0283852 0.062749 0)
(-0.0260304 0.0519439 0)
(-0.0214649 0.0417038 0)
(-0.0152727 0.0324445 0)
(-0.00807502 0.0244197 0)
(-0.000476746 0.0176662 0)
(0.0070034 0.0119746 0)
(0.0138439 0.00699483 0)
(0.019698 0.00235568 0)
(0.0243441 -0.00217094 0)
(0.0277033 -0.0067436 0)
(0.0297687 -0.011348 0)
(0.0305494 -0.0158478 0)
(0.0301434 -0.0201306 0)
(0.0287618 -0.0240228 0)
(0.0265315 -0.0274751 0)
(0.0236544 -0.0304441 0)
(0.0202772 -0.0328553 0)
(0.0162486 -0.0344819 0)
(-0.0090515 0.100502 0)
(-0.0168306 0.0987218 0)
(-0.0269503 0.0891025 0)
(-0.0311296 0.0761435 0)
(-0.0326275 0.0623461 0)
(-0.0310406 0.0489044 0)
(-0.0269782 0.0365617 0)
(-0.0210103 0.0258188 0)
(-0.013817 0.0169689 0)
(-0.00611543 0.0100363 0)
(0.00143879 0.00474886 0)
(0.0083047 0.00061602 0)
(0.0140973 -0.00285029 0)
(0.0186041 -0.00609246 0)
(0.0217441 -0.00938117 0)
(0.0236385 -0.0127405 0)
(0.0243568 -0.016119 0)
(0.0240385 -0.0193944 0)
(0.0228821 -0.0224536 0)
(0.021043 -0.0252103 0)
(0.018674 -0.0276357 0)
(0.0159345 -0.0296804 0)
(0.0126885 -0.0311692 0)
(-0.00926744 0.113077 0)
(-0.0178144 0.109027 0)
(-0.0287232 0.0960428 0)
(-0.0337639 0.0797006 0)
(-0.0360119 0.0626836 0)
(-0.0349469 0.046367 0)
(-0.0311525 0.0316585 0)
(-0.0252262 0.0191951 0)
(-0.0179258 0.00936266 0)
(-0.0100791 0.00219218 0)
(-0.00242624 -0.0026108 0)
(0.00446869 -0.00574432 0)
(0.0102091 -0.00794823 0)
(0.0145615 -0.00986884 0)
(0.0174963 -0.0118427 0)
(0.0192075 -0.0139947 0)
(0.0197942 -0.0163337 0)
(0.019427 -0.0187157 0)
(0.0183362 -0.0210471 0)
(0.0166466 -0.0232356 0)
(0.0145325 -0.0252377 0)
(0.012142 -0.0269759 0)
(0.00931173 -0.0283548 0)
(-0.00923982 0.12608 0)
(-0.0182388 0.119945 0)
(-0.0296893 0.103704 0)
(-0.0353354 0.0839308 0)
(-0.0380705 0.0635161 0)
(-0.0372493 0.044093 0)
(-0.0334858 0.0268042 0)
(-0.0274349 0.0124528 0)
(-0.019992 0.00155035 0)
(-0.0120959 -0.00572809 0)
(-0.00450162 -0.00996785 0)
(0.00227407 -0.0120768 0)
(0.00786115 -0.0129566 0)
(0.0120119 -0.0134665 0)
(0.0147497 -0.0140964 0)
(0.0162127 -0.0150447 0)
(0.0165978 -0.0163994 0)
(0.0161224 -0.0179714 0)
(0.0149593 -0.0196796 0)
(0.0132875 -0.0213855 0)
(0.0112502 -0.0230144 0)
(0.00898878 -0.0245106 0)
(0.00636372 -0.0257873 0)
(-0.00885756 0.139071 0)
(-0.0178515 0.131118 0)
(-0.0294936 0.111792 0)
(-0.0354237 0.088566 0)
(-0.0383579 0.064571 0)
(-0.0374924 0.0418519 0)
(-0.0335365 0.0218476 0)
(-0.0272626 0.00554706 0)
(-0.01977 -0.00627878 0)
(-0.0120481 -0.0135567 0)
(-0.00476418 -0.0171672 0)
(0.0016623 -0.0182046 0)
(0.00691723 -0.0177544 0)
(0.0107626 -0.0168183 0)
(0.0132303 -0.016075 0)
(0.0144109 -0.0158658 0)
(0.0145249 -0.0162381 0)
(0.0138335 -0.0170715 0)
(0.0125238 -0.0182267 0)
(0.0107676 -0.0195087 0)
(0.00868926 -0.0208336 0)
(0.0064211 -0.0221226 0)
(0.00387235 -0.0232806 0)
(-0.00807748 0.151427 0)
(-0.0164606 0.14206 0)
(-0.0278214 0.119948 0)
(-0.0336632 0.0933169 0)
(-0.036587 0.0656128 0)
(-0.0355215 0.0394597 0)
(-0.031189 0.0166503 0)
(-0.0246547 -0.00151129 0)
(-0.0173299 -0.0139585 0)
(-0.010019 -0.0210297 0)
(-0.00334064 -0.0238957 0)
(0.00244627 -0.0238591 0)
(0.00713108 -0.0221487 0)
(0.0105396 -0.019832 0)
(0.0126438 -0.0177395 0)
(0.0135 -0.0163734 0)
(0.0133233 -0.015818 0)
(0.012355 -0.0159454 0)
(0.0108307 -0.0165874 0)
(0.00891619 -0.0175186 0)
(0.00671104 -0.0185903 0)
(0.0043612 -0.0196873 0)
(0.00182623 -0.0207196 0)
(-0.00688485 0.162417 0)
(-0.0139355 0.152184 0)
(-0.0244662 0.127739 0)
(-0.0298134 0.0979056 0)
(-0.0325761 0.0665507 0)
(-0.0312941 0.036834 0)
(-0.0266477 0.0110675 0)
(-0.0199975 -0.00856287 0)
(-0.0130017 -0.021272 0)
(-0.00638527 -0.0278412 0)
(-0.000597225 -0.0298166 0)
(0.00426081 -0.0287647 0)
(0.0081238 -0.0259315 0)
(0.0109587 -0.0223984 0)
(0.0126582 -0.0190549 0)
(0.0131821 -0.0165535 0)
(0.0127143 -0.0150873 0)
(0.0114699 -0.014555 0)
(0.00968486 -0.0147202 0)
(0.0075581 -0.0153633 0)
(0.00519677 -0.0162228 0)
(0.0027216 -0.0171612 0)
(0.000137426 -0.0180747 0)
(-0.00534235 0.171278 0)
(-0.0102992 0.160828 0)
(-0.0193871 0.134656 0)
(-0.0238061 0.102073 0)
(-0.0262974 0.0673154 0)
(-0.0248277 0.034035 0)
(-0.0200808 0.00530107 0)
(-0.0136837 -0.0154183 0)
(-0.00737664 -0.0279147 0)
(-0.00175425 -0.0337035 0)
(0.00288203 -0.0346593 0)
(0.00657285 -0.0326569 0)
(0.00944484 -0.0289327 0)
(0.01157 -0.0244222 0)
(0.0128368 -0.0200137 0)
(0.0130949 -0.0164502 0)
(0.0124121 -0.0140724 0)
(0.0109459 -0.0128992 0)
(0.00892019 -0.0126291 0)
(0.00657492 -0.0130019 0)
(0.00404667 -0.0136983 0)
(0.00142265 -0.0145197 0)
(-0.00120945 -0.0153305 0)
(-0.00357731 0.177334 0)
(-0.00572881 0.167312 0)
(-0.0127422 0.140132 0)
(-0.0156527 0.105548 0)
(-0.0177188 0.0678197 0)
(-0.0161283 0.0312651 0)
(-0.0116956 -0.000282154 0)
(-0.00619505 -0.021669 0)
(-0.00114244 -0.0334822 0)
(0.00312817 -0.0383491 0)
(0.00640254 -0.0382272 0)
(0.00880524 -0.0353756 0)
(0.0105894 -0.0310035 0)
(0.0119361 -0.025836 0)
(0.0127534 -0.0206492 0)
(0.0128469 -0.0161486 0)
(0.0120872 -0.0128966 0)
(0.0105231 -0.011035 0)
(0.00836413 -0.010341 0)
(0.00584902 -0.0104429 0)
(0.00317017 -0.0110232 0)
(0.00041515 -0.011764 0)
(-0.00227182 -0.0125017 0)
(-0.00183831 0.180188 0)
(-0.000670107 0.171075 0)
(-0.00504222 0.143661 0)
(-0.00557122 0.107961 0)
(-0.00660604 0.0680415 0)
(-0.00463217 0.0287187 0)
(-0.00156682 -0.0051565 0)
(0.00197545 -0.0266078 0)
(0.00505386 -0.0374678 0)
(0.00757401 -0.0414767 0)
(0.00932727 -0.0404139 0)
(0.0104456 -0.0368798 0)
(0.0111226 -0.0320777 0)
(0.0116454 -0.0266026 0)
(0.0120295 -0.0209778 0)
(0.0120488 -0.0158082 0)
(0.0114088 -0.0117407 0)
(0.00996447 -0.009135 0)
(0.0078339 -0.00793217 0)
(0.00527192 -0.00775667 0)
(0.00248916 -0.00822001 0)
(-0.00035838 -0.00891908 0)
(-0.00305908 -0.009616 0)
(-0.000376218 0.179708 0)
(0.00419937 0.171477 0)
(0.0029183 0.144521 0)
(0.00550232 0.108274 0)
(0.00673252 0.0673414 0)
(0.00967534 0.0270873 0)
(0.0106121 -0.00707223 0)
(0.0108209 -0.0284361 0)
(0.0109214 -0.0390905 0)
(0.0113138 -0.0427731 0)
(0.0113442 -0.0411173 0)
(0.011133 -0.0371394 0)
(0.0107263 -0.0321797 0)
(0.0104672 -0.0267115 0)
(0.0104138 -0.0210337 0)
(0.0104074 -0.0155485 0)
(0.0100706 -0.0108168 0)
(0.00901252 -0.007432 0)
(0.00715045 -0.00558409 0)
(0.00470771 -0.00504412 0)
(0.00194102 -0.00534849 0)
(-0.000936817 -0.006032 0)
(-0.00362504 -0.00672861 0)
(0.000766252 0.176195 0)
(0.00835448 0.168384 0)
(0.0102867 0.141839 0)
(0.0159955 0.105278 0)
(0.0200507 0.06481 0)
(0.0235531 0.0265222 0)
(0.0228993 -0.0055448 0)
(0.0199038 -0.0265662 0)
(0.0168049 -0.0378843 0)
(0.0144913 -0.0417878 0)
(0.0124158 -0.0401099 0)
(0.0107433 -0.0361124 0)
(0.00928008 -0.0313342 0)
(0.00831397 -0.0261999 0)
(0.00786456 -0.0208599 0)
(0.00783883 -0.015439 0)
(0.00788311 -0.0103285 0)
(0.00744257 -0.00618976 0)
(0.0061474 -0.0035452 0)
(0.0040464 -0.00247545 0)
(0.00142678 -0.00251534 0)
(-0.00140479 -0.00316567 0)
(-0.00400241 -0.00389032 0)
(0.0016537 0.170284 0)
(0.01156 0.162312 0)
(0.0164297 0.135967 0)
(0.0246446 0.0994241 0)
(0.0306944 0.060538 0)
(0.0341191 0.0255568 0)
(0.0324621 -0.00290724 0)
(0.0274887 -0.0223402 0)
(0.0218478 -0.0338658 0)
(0.0168198 -0.0382583 0)
(0.0125212 -0.0372033 0)
(0.00935371 -0.0337807 0)
(0.00691996 -0.0296234 0)
(0.00534615 -0.025158 0)
(0.00455987 -0.0204731 0)
(0.0044954 -0.0154914 0)
(0.0048698 -0.0103726 0)
(0.0051343 -0.00565459 0)
(0.00465398 -0.00212099 0)
(0.00317843 -0.00029286 0)
(0.00090067 0.000107397 0)
(-0.00177303 -0.000405736 0)
(-0.00423902 -0.00117133 0)
(0.00239151 0.16265 0)
(0.0137299 0.153918 0)
(0.0210428 0.127604 0)
(0.0307454 0.0918249 0)
(0.0374284 0.0556734 0)
(0.0401041 0.0250542 0)
(0.0377023 0.00103354 0)
(0.0316824 -0.0164439 0)
(0.0244904 -0.0276313 0)
(0.0175606 -0.0325483 0)
(0.0115788 -0.0325837 0)
(0.0072197 -0.0303188 0)
(0.00405389 -0.0272152 0)
(0.00202606 -0.0237171 0)
(0.000959812 -0.0199073 0)
(0.000782922 -0.0156469 0)
(0.00131433 -0.0108942 0)
(0.00215022 -0.00593254 0)
(0.00259118 -0.00154343 0)
(0.00199311 0.00127225 0)
(0.000291476 0.00235422 0)
(-0.00207312 0.00215943 0)
(-0.00432146 0.00136454 0)
(0.00303297 0.153893 0)
(0.0147749 0.143959 0)
(0.0237607 0.117712 0)
(0.0336597 0.0837617 0)
(0.0395714 0.0513714 0)
(0.0408466 0.025393 0)
(0.037814 0.00560724 0)
(0.0315624 -0.00969845 0)
(0.0238404 -0.0202051 0)
(0.0162492 -0.0255932 0)
(0.00965274 -0.0269332 0)
(0.00480006 -0.0261656 0)
(0.00131608 -0.0243695 0)
(-0.000962203 -0.0220052 0)
(-0.00225717 -0.0191721 0)
(-0.00264764 -0.0157684 0)
(-0.00221629 -0.0116616 0)
(-0.00116066 -0.00689236 0)
(2.12854e-07 -0.00193361 0)
(0.000388913 0.00199341 0)
(-0.000497612 0.00408006 0)
(-0.00240891 0.00442768 0)
(-0.00441582 0.00368785 0)
(0.00328547 0.144766 0)
(0.0142205 0.133306 0)
(0.0237709 0.107424 0)
(0.0325503 0.0763863 0)
(0.0366702 0.0484132 0)
(0.0363434 0.0268266 0)
(0.0327195 0.0104431 0)
(0.026925 -0.00293177 0)
(0.0198779 -0.0127495 0)
(0.013036 -0.0185786 0)
(0.00709448 -0.0211982 0)
(0.00262403 -0.021901 0)
(-0.00065691 -0.021387 0)
(-0.00291555 -0.020092 0)
(-0.00435786 -0.01817 0)
(-0.00504271 -0.0156187 0)
(-0.00497005 -0.0123001 0)
(-0.00415175 -0.00809148 0)
(-0.00281205 -0.00310661 0)
(-0.00161918 0.00175943 0)
(-0.00158518 0.00511163 0)
(-0.00290415 0.00631723 0)
(-0.00461661 0.00575777 0)
(0.0024773 0.136757 0)
(0.0111871 0.123348 0)
(0.0201419 0.0982005 0)
(0.0269225 0.0708665 0)
(0.0289138 0.0473461 0)
(0.0272858 0.0292524 0)
(0.0236242 0.0149162 0)
(0.0188734 0.00277193 0)
(0.0135775 -0.00650586 0)
(0.00862514 -0.0126904 0)
(0.00435279 -0.0163208 0)
(0.00100695 -0.0181445 0)
(-0.00154617 -0.0186108 0)
(-0.00344792 -0.0181165 0)
(-0.0048248 -0.016889 0)
(-0.00572698 -0.015011 0)
(-0.00612439 -0.0124206 0)
(-0.00591582 -0.00896006 0)
(-0.00505159 -0.00448249 0)
(-0.00374696 0.000749182 0)
(-0.00297498 0.0052958 0)
(-0.00367389 0.00755369 0)
(-0.00513484 0.00733646 0)
(-0.000122889 0.131883 0)
(0.00466313 0.112739 0)
(0.012352 0.0877807 0)
(0.016998 0.0665656 0)
(0.0172844 0.0484646 0)
(0.0151735 0.0332045 0)
(0.0122712 0.0197425 0)
(0.00931291 0.0077699 0)
(0.00652042 -0.00188774 0)
(0.00396016 -0.00871236 0)
(0.00176881 -0.0131054 0)
(-6.58655e-06 -0.0156216 0)
(-0.00142182 -0.0166607 0)
(-0.00255462 -0.0166069 0)
(-0.00347325 -0.0157147 0)
(-0.00422957 -0.0141289 0)
(-0.00483079 -0.0118865 0)
(-0.00521533 -0.00892082 0)
(-0.00525752 -0.00509441 0)
(-0.00503714 -0.000187395 0)
(-0.00459223 0.00521655 0)
(-0.00508829 0.00901135 0)
(-0.00629037 0.00949066 0)
(-0.244507 -0.0175094 0)
(-0.226734 0.0123146 0)
(-0.228787 0.0433091 0)
(-0.241298 0.0832617 0)
(-0.407956 -0.0775189 0)
(-0.395982 -0.0486015 0)
(-0.376831 -0.0115276 0)
(-0.346038 0.0307741 0)
(-0.46976 -0.0861009 0)
(-0.456552 -0.0743516 0)
(-0.434928 -0.0580104 0)
(-0.400666 -0.0398914 0)
(-0.434394 -0.117803 0)
(-0.42279 -0.117943 0)
(-0.405682 -0.112648 0)
(-0.380813 -0.10488 0)
(-0.335463 -0.127368 0)
(-0.336418 -0.136285 0)
(-0.334881 -0.136852 0)
(-0.326864 -0.132968 0)
(-0.224235 -0.106406 0)
(-0.231143 -0.120448 0)
(-0.236036 -0.128951 0)
(-0.238109 -0.133947 0)
(-0.144613 -0.0852702 0)
(-0.160394 -0.103345 0)
(-0.174706 -0.116936 0)
(-0.185303 -0.127544 0)
(-0.0818743 -0.0483988 0)
(-0.0997348 -0.0587325 0)
(-0.119136 -0.0732232 0)
(-0.143808 -0.0934903 0)
(-0.0777524 -0.0177516 0)
(-0.0981289 -0.019909 0)
(-0.115761 -0.0262513 0)
(-0.142333 -0.0395834 0)
(-0.40986 0.0245514 0)
(-0.413869 0.016188 0)
(-0.40136 1.93552e-05 0)
(-0.391546 -0.0169657 0)
(-0.549587 -0.00145019 0)
(-0.550616 -0.0216934 0)
(-0.555061 -0.046127 0)
(-0.528241 -0.0631452 0)
(-0.140238 0.124001 0)
(-0.157485 0.0070565 0)
(-0.203924 -0.0240729 0)
(-0.280201 -0.0743555 0)
(0.534316 0.263905 0)
(0.52289 0.20073 0)
(0.491366 0.135734 0)
(0.454375 0.131069 0)
(0.638506 0.244054 0)
(0.65461 0.210243 0)
(0.654904 0.184435 0)
(0.643663 0.166779 0)
(0.594467 0.191894 0)
(0.619941 0.180799 0)
(0.633929 0.169941 0)
(0.641988 0.161544 0)
(0.487932 0.138279 0)
(0.517042 0.135134 0)
(0.539508 0.132977 0)
(0.555865 0.132226 0)
(0.355306 0.0797978 0)
(0.385133 0.0833111 0)
(0.408948 0.0868824 0)
(0.428192 0.090456 0)
(0.221568 0.0221229 0)
(0.249721 0.0310583 0)
(0.273129 0.0380571 0)
(0.292334 0.0432807 0)
(0.107159 -0.0310298 0)
(0.129788 -0.0187087 0)
(0.14857 -0.0100392 0)
(0.164424 -0.00373027 0)
(0.0423621 -0.0550269 0)
(0.0491723 -0.0484124 0)
(0.0574542 -0.0412591 0)
(0.0652568 -0.0340509 0)
(0.0206861 -0.0557464 0)
(0.0196262 -0.0526664 0)
(0.0194829 -0.0485332 0)
(0.0207984 -0.043133 0)
(0.0176231 -0.0490908 0)
(0.0146683 -0.0474075 0)
(0.0121201 -0.045029 0)
(0.0111549 -0.04171 0)
(0.0176476 -0.0424786 0)
(0.0150338 -0.0414805 0)
(0.0126826 -0.0401436 0)
(0.011551 -0.0382875 0)
(0.0165073 -0.0374477 0)
(0.0144692 -0.0369685 0)
(0.0126567 -0.0363832 0)
(0.0117974 -0.0355919 0)
(0.013975 -0.0336802 0)
(0.0124151 -0.0336377 0)
(0.0110422 -0.0335826 0)
(0.0103681 -0.0335023 0)
(0.0108292 -0.0307148 0)
(0.00952568 -0.030989 0)
(0.00839608 -0.0313249 0)
(0.00782197 -0.0317408 0)
(0.0076616 -0.0281857 0)
(0.00649318 -0.0287065 0)
(0.00545734 -0.0293215 0)
(0.00488991 -0.0300899 0)
(0.00470693 -0.0258237 0)
(0.00361215 -0.0265387 0)
(0.00260112 -0.0273971 0)
(0.00194164 -0.0284375 0)
(0.00215944 -0.0234734 0)
(0.00103459 -0.0243412 0)
(-1.68335e-05 -0.0254065 0)
(-0.000778679 -0.026677 0)
(-3.33234e-05 -0.021031 0)
(-0.00120789 -0.0220225 0)
(-0.00230886 -0.0232465 0)
(-0.00321944 -0.0247199 0)
(-0.00183539 -0.0184552 0)
(-0.00306449 -0.0195428 0)
(-0.00425157 -0.0208992 0)
(-0.00530185 -0.0225481 0)
(-0.00332534 -0.0157481 0)
(-0.00459299 -0.0169117 0)
(-0.00583516 -0.0183908 0)
(-0.00701641 -0.0201908 0)
(-0.00446037 -0.01294 0)
(-0.0057564 -0.0141689 0)
(-0.00705643 -0.015757 0)
(-0.00831904 -0.0176958 0)
(-0.0053086 -0.0100715 0)
(-0.00660749 -0.0113575 0)
(-0.00791492 -0.0130502 0)
(-0.00923252 -0.0151249 0)
(-0.00585674 -0.00720355 0)
(-0.00713259 -0.00854424 0)
(-0.00843412 -0.0103355 0)
(-0.00974886 -0.0125506 0)
(-0.00618477 -0.00440313 0)
(-0.00739989 -0.00579346 0)
(-0.00863966 -0.00768637 0)
(-0.00992313 -0.0100477 0)
(-0.00629984 -0.00174752 0)
(-0.00742668 -0.00319159 0)
(-0.0085971 -0.00518094 0)
(-0.00978784 -0.00769037 0)
(-0.00626747 0.00068838 0)
(-0.00729121 -0.00081111 0)
(-0.0083363 -0.0028893 0)
(-0.00941472 -0.00554706 0)
(-0.0061514 0.00287992 0)
(-0.00703556 0.00130148 0)
(-0.00794636 -0.000868916 0)
(-0.00887017 -0.00367891 0)
(-0.00612123 0.00479746 0)
(-0.00683977 0.00310765 0)
(-0.00756303 0.000823356 0)
(-0.00830577 -0.00213236 0)
(-0.00635722 0.00621956 0)
(-0.00691212 0.00441684 0)
(-0.00744159 0.00202464 0)
(-0.00795633 -0.00103831 0)
(-0.0072511 0.00798298 0)
(-0.00765917 0.0058959 0)
(-0.00801277 0.00321617 0)
(-0.00832889 -0.000112015 0)
(-0.22612 0.115804 0)
(-0.205704 0.145386 0)
(-0.198587 0.0931358 0)
(-0.163292 -0.0199295 0)
(-0.111734 -0.0949776 0)
(-0.0761078 -0.101402 0)
(-0.0528652 -0.10198 0)
(-0.0395787 -0.1082 0)
(-0.0434432 -0.108201 0)
(0.00110021 -0.0106216 0)
(0.0234942 0.0414185 0)
(-0.0595939 0.0629106 0)
(-0.108476 0.0732182 0)
(-0.145844 0.0491787 0)
(-0.166654 0.019916 0)
(-0.164417 -6.40997e-05 0)
(-0.14366 -0.0042586 0)
(-0.111857 -0.027028 0)
(-0.0498173 -0.116781 0)
(-0.308616 0.0605436 0)
(-0.223339 0.101301 0)
(-0.157755 0.0600809 0)
(-0.0949471 -0.0539942 0)
(-0.0636061 -0.124486 0)
(-0.0561703 -0.118326 0)
(-0.0565033 -0.106635 0)
(-0.0671987 -0.108806 0)
(-0.0892585 -0.101368 0)
(-0.0975034 0.00762988 0)
(-0.0865777 0.0664115 0)
(-0.0997102 0.0827622 0)
(-0.111608 0.0878797 0)
(-0.12244 0.0665538 0)
(-0.123867 0.0392571 0)
(-0.0745671 -0.0136362 0)
(-0.047348 -0.0292968 0)
(-0.049682 -0.0615897 0)
(0.00231903 -0.178133 0)
(-0.357269 -0.022519 0)
(-0.253902 0.00481268 0)
(-0.163784 -0.026627 0)
(-0.108117 -0.098688 0)
(-0.100024 -0.129168 0)
(-0.105221 -0.111949 0)
(-0.110905 -0.095405 0)
(-0.131278 -0.0898965 0)
(-0.160999 -0.0781838 0)
(-0.154184 -0.000303023 0)
(-0.114745 0.0491273 0)
(-0.0853712 0.0795372 0)
(-0.0854667 0.0984066 0)
(-0.105743 0.0749038 0)
(-0.0744919 -0.000909403 0)
(0.0385873 -0.106858 0)
(0.0971528 -0.0258493 0)
(0.0550081 -0.0230753 0)
(0.046052 -0.157306 0)
(-0.350154 -0.0978877 0)
(-0.280321 -0.0917293 0)
(-0.220578 -0.0970333 0)
(-0.193514 -0.115464 0)
(-0.195859 -0.122797 0)
(-0.192074 -0.109523 0)
(-0.177337 -0.0945676 0)
(-0.16949 -0.0757414 0)
(-0.184727 -0.061387 0)
(-0.175705 -0.0339433 0)
(-0.135485 -0.0014036 0)
(-0.0988873 0.0482514 0)
(-0.0724044 0.0998851 0)
(-0.0698653 0.0682881 0)
(0.0365705 -0.103913 0)
(0.0892443 -0.177998 0)
(0.125482 -0.0724062 0)
(0.124308 0.0108939 0)
(0.0776922 -0.08517 0)
(-0.313664 -0.127257 0)
(-0.285549 -0.120554 0)
(-0.262868 -0.114352 0)
(-0.249146 -0.119398 0)
(-0.236584 -0.128373 0)
(-0.213141 -0.12799 0)
(-0.182334 -0.117421 0)
(-0.148992 -0.093289 0)
(-0.118677 -0.0559544 0)
(-0.113013 -0.0492034 0)
(-0.100594 -0.0260834 0)
(-0.0661926 0.0258399 0)
(-0.0150935 0.0636745 0)
(0.0688985 0.00438895 0)
(0.160903 -0.149131 0)
(0.146544 -0.171698 0)
(0.111027 -0.0864866 0)
(0.11184 0.0443217 0)
(0.0829523 -0.00927319 0)
(-0.237093 -0.135033 0)
(-0.23449 -0.132761 0)
(-0.224973 -0.12791 0)
(-0.207186 -0.135059 0)
(-0.18729 -0.149876 0)
(-0.167193 -0.156554 0)
(-0.142434 -0.149057 0)
(-0.11132 -0.128425 0)
(-0.0695002 -0.0930065 0)
(-0.0211679 -0.0658513 0)
(0.00924629 -0.0454172 0)
(0.0594965 -0.035788 0)
(0.145359 -0.0349168 0)
(0.230651 -0.0616396 0)
(0.266274 -0.155923 0)
(0.226509 -0.120135 0)
(0.104489 -0.0555846 0)
(0.0673546 0.0741749 0)
(0.0713501 0.0750421 0)
(-0.189227 -0.136009 0)
(-0.188415 -0.140113 0)
(-0.173849 -0.138461 0)
(-0.154893 -0.151914 0)
(-0.133309 -0.165958 0)
(-0.109837 -0.175888 0)
(-0.0828158 -0.174554 0)
(-0.0508801 -0.16306 0)
(-0.014034 -0.143469 0)
(0.0340389 -0.116992 0)
(0.0975742 -0.10143 0)
(0.164883 -0.105172 0)
(0.239085 -0.114221 0)
(0.3133 -0.127653 0)
(0.338634 -0.152736 0)
(0.292024 -0.0528278 0)
(0.155135 0.0355556 0)
(0.069258 0.0748485 0)
(0.0689714 0.103485 0)
(-0.167788 -0.115469 0)
(-0.19255 -0.139231 0)
(-0.181066 -0.160673 0)
(-0.150426 -0.176806 0)
(-0.119568 -0.190817 0)
(-0.0881758 -0.200474 0)
(-0.0553954 -0.201524 0)
(-0.0217509 -0.19364 0)
(0.0140809 -0.181525 0)
(0.0586654 -0.167708 0)
(0.115357 -0.163778 0)
(0.178457 -0.167877 0)
(0.251847 -0.175831 0)
(0.330592 -0.178919 0)
(0.389369 -0.139373 0)
(0.303073 0.0574888 0)
(0.242308 0.102007 0)
(0.132672 0.136559 0)
(0.0806843 0.162295 0)
(-0.185969 -0.0648671 0)
(-0.231989 -0.116347 0)
(-0.223533 -0.16917 0)
(-0.188519 -0.19958 0)
(-0.144145 -0.215082 0)
(-0.101775 -0.223577 0)
(-0.0600216 -0.225112 0)
(-0.0215407 -0.218819 0)
(0.0152995 -0.209628 0)
(0.0596539 -0.202574 0)
(0.118097 -0.204123 0)
(0.186062 -0.212385 0)
(0.265873 -0.23454 0)
(0.339437 -0.250601 0)
(0.387759 -0.112381 0)
(0.253783 0.16293 0)
(0.184896 0.160083 0)
(0.133689 0.231752 0)
(0.0942443 0.260748 0)
(-0.379097 -0.0453838 0)
(-0.354528 -0.128467 0)
(-0.308259 -0.199095 0)
(-0.247283 -0.229212 0)
(-0.178665 -0.252765 0)
(-0.112546 -0.265728 0)
(-0.0636862 -0.264059 0)
(-0.0239539 -0.253891 0)
(-0.00237286 -0.247177 0)
(0.0320105 -0.252577 0)
(0.0183068 -0.24995 0)
(-0.0634147 -0.240914 0)
(-0.189389 -0.281415 0)
(-0.313826 -0.267901 0)
(-0.328801 0.00158254 0)
(-0.156071 0.298538 0)
(-0.0246703 0.206598 0)
(-0.0716424 0.293916 0)
(0.0483011 0.409525 0)
(-0.493724 -0.0785125 0)
(-0.446687 -0.15201 0)
(-0.37572 -0.279806 0)
(-0.327945 -0.333499 0)
(-0.273476 -0.352715 0)
(-0.188078 -0.332486 0)
(-0.186983 -0.310067 0)
(-0.25675 -0.235977 0)
(-0.362325 -0.234793 0)
(-0.469931 -0.209766 0)
(-0.54489 -0.149179 0)
(-0.560631 -0.137932 0)
(-0.548319 -0.17167 0)
(-0.524676 -0.191819 0)
(-0.456613 -0.160934 0)
(-0.313074 -0.0484082 0)
(-0.133639 0.0689192 0)
(-0.0643046 0.217741 0)
(0.0107516 0.317004 0)
(-0.434268 -0.148055 0)
(-0.454433 -0.249218 0)
(-0.409515 -0.308654 0)
(-0.367099 -0.347967 0)
(-0.403954 -0.392419 0)
(-0.4557 -0.318203 0)
(-0.48193 -0.234986 0)
(-0.491577 -0.168857 0)
(-0.49467 -0.148434 0)
(-0.494264 -0.137718 0)
(-0.479708 -0.14574 0)
(-0.450886 -0.187622 0)
(-0.427403 -0.241689 0)
(-0.393619 -0.266721 0)
(-0.333366 -0.242136 0)
(-0.244854 -0.181102 0)
(-0.14615 -0.0718382 0)
(-0.0505379 0.154067 0)
(-0.00855996 0.269544 0)
(0.357069 0.0964191 0)
(0.254485 -0.122692 0)
(-0.0263726 -0.322965 0)
(-0.212673 -0.333085 0)
(-0.265189 -0.336437 0)
(-0.33606 -0.292692 0)
(-0.353895 -0.23412 0)
(-0.335471 -0.19376 0)
(-0.322169 -0.176096 0)
(-0.291361 -0.178342 0)
(-0.264279 -0.182354 0)
(-0.251679 -0.202958 0)
(-0.260263 -0.241536 0)
(-0.266364 -0.276939 0)
(-0.240503 -0.282221 0)
(-0.202169 -0.227331 0)
(-0.159649 -0.128448 0)
(-0.0951815 0.1001 0)
(-0.0151814 0.238871 0)
(0.606159 0.127527 0)
(0.555231 0.0591277 0)
(0.462935 -0.0109681 0)
(0.325376 -0.112401 0)
(0.174468 -0.219741 0)
(0.0195655 -0.257923 0)
(-0.0545753 -0.239463 0)
(-0.0612073 -0.222814 0)
(-0.0703022 -0.200786 0)
(-0.0649461 -0.198231 0)
(-0.0635323 -0.198892 0)
(-0.0665517 -0.203743 0)
(-0.0894772 -0.221095 0)
(-0.121883 -0.261368 0)
(-0.126196 -0.296546 0)
(-0.139747 -0.24519 0)
(-0.154238 -0.13919 0)
(-0.140247 0.031542 0)
(-0.0365897 0.185014 0)
(0.645439 0.139582 0)
(0.621636 0.0830401 0)
(0.582504 0.0103783 0)
(0.526691 -0.0486949 0)
(0.449748 -0.0886399 0)
(0.364479 -0.116931 0)
(0.285734 -0.145022 0)
(0.222631 -0.167193 0)
(0.175721 -0.174026 0)
(0.145697 -0.176146 0)
(0.121908 -0.17991 0)
(0.0951947 -0.180391 0)
(0.0560035 -0.184528 0)
(0.00891727 -0.217101 0)
(-0.0230169 -0.269889 0)
(-0.0787236 -0.21781 0)
(-0.142261 -0.10949 0)
(-0.149492 -0.00702679 0)
(-0.0615037 0.092622 0)
(0.582357 0.126212 0)
(0.588044 0.093834 0)
(0.577828 0.0477529 0)
(0.551666 -0.00300386 0)
(0.509955 -0.0496668 0)
(0.461506 -0.0858585 0)
(0.411983 -0.108725 0)
(0.36303 -0.122053 0)
(0.314746 -0.129922 0)
(0.268987 -0.137776 0)
(0.231473 -0.149065 0)
(0.197799 -0.147293 0)
(0.154539 -0.141401 0)
(0.105583 -0.169359 0)
(0.0512148 -0.209236 0)
(-0.0378147 -0.158098 0)
(-0.12425 -0.0638055 0)
(-0.138575 -0.0316359 0)
(-0.0524244 -0.0281268 0)
(0.468667 0.096273 0)
(0.491584 0.0834006 0)
(0.500954 0.0547229 0)
(0.494668 0.0185483 0)
(0.47559 -0.01623 0)
(0.445338 -0.0453684 0)
(0.408768 -0.0670022 0)
(0.37065 -0.0825793 0)
(0.332004 -0.0921005 0)
(0.292785 -0.10185 0)
(0.258743 -0.119379 0)
(0.224863 -0.117594 0)
(0.185468 -0.104749 0)
(0.143292 -0.121905 0)
(0.0774504 -0.137411 0)
(-0.0199206 -0.0846324 0)
(-0.108551 -0.0103985 0)
(-0.103826 -0.0643748 0)
(-0.0111218 -0.104919 0)
(0.336357 0.0584686 0)
(0.366207 0.0612322 0)
(0.385783 0.047855 0)
(0.391143 0.0240152 0)
(0.382452 -0.00182221 0)
(0.364915 -0.0249299 0)
(0.341491 -0.0432614 0)
(0.315754 -0.0562138 0)
(0.289723 -0.0630506 0)
(0.264913 -0.070868 0)
(0.23728 -0.0855638 0)
(0.202536 -0.0813793 0)
(0.170872 -0.0704534 0)
(0.136137 -0.0734854 0)
(0.0624301 -0.0608998 0)
(-0.0335402 -0.0171427 0)
(-0.0780959 0.0266585 0)
(-0.037069 -0.120275 0)
(0.0191326 -0.129387 0)
(0.203519 0.0184868 0)
(0.233114 0.0329628 0)
(0.256822 0.0320433 0)
(0.269615 0.0203335 0)
(0.270913 0.00500614 0)
(0.264366 -0.011203 0)
(0.252889 -0.0265937 0)
(0.238838 -0.0389245 0)
(0.224911 -0.0477049 0)
(0.210198 -0.0547173 0)
(0.187986 -0.0607408 0)
(0.159722 -0.0555073 0)
(0.131093 -0.0464865 0)
(0.0915897 -0.0277445 0)
(0.00246955 0.0276555 0)
(-0.0631653 0.0211357 0)
(-0.0288665 0.0277066 0)
(0.0284006 -0.15736 0)
(0.0325545 -0.117491 0)
(0.0888634 -0.0133973 0)
(0.117255 0.0067574 0)
(0.142532 0.0136006 0)
(0.160922 0.0113097 0)
(0.171159 0.00350314 0)
(0.173573 -0.00788804 0)
(0.171701 -0.0202803 0)
(0.167289 -0.0313557 0)
(0.161452 -0.0394159 0)
(0.153333 -0.0420163 0)
(0.139314 -0.0390533 0)
(0.116346 -0.029586 0)
(0.083205 -0.0112342 0)
(0.0355282 0.0342308 0)
(-0.0253033 0.0886041 0)
(-0.0597706 0.0121381 0)
(0.0281981 -0.0628727 0)
(0.0510407 -0.153751 0)
(0.0417417 -0.0901571 0)
(0.0249898 -0.0334999 0)
(0.045608 -0.0155862 0)
(0.065502 -0.0059818 0)
(0.0838639 -0.00269492 0)
(0.0976674 -0.00497046 0)
(0.105908 -0.0118905 0)
(0.110408 -0.0213434 0)
(0.11201 -0.0305498 0)
(0.1109 -0.0359414 0)
(0.1067 -0.0342435 0)
(0.0981506 -0.024424 0)
(0.0844965 -0.00567359 0)
(0.0628851 0.0253362 0)
(0.0390945 0.0686339 0)
(0.0170755 0.110687 0)
(0.00396703 -0.00788471 0)
(0.0450171 -0.107794 0)
(0.0290802 -0.143098 0)
(0.020908 -0.0557665 0)
(0.00867989 -0.0382836 0)
(0.0171292 -0.0282172 0)
(0.0279228 -0.0204016 0)
(0.0412164 -0.0158682 0)
(0.0535873 -0.0158112 0)
(0.06356 -0.0197073 0)
(0.0706455 -0.0260653 0)
(0.0745694 -0.0322999 0)
(0.0754351 -0.0347031 0)
(0.0736542 -0.0301697 0)
(0.0695781 -0.0170391 0)
(0.0637151 0.0054825 0)
(0.0567343 0.0363448 0)
(0.0541721 0.0746381 0)
(0.0627728 0.105469 0)
(0.0650686 0.0110536 0)
(0.0487483 -0.0989877 0)
(-0.0237889 -0.105961 0)
(-0.0320304 -0.0502725 0)
(0.00863381 -0.0373782 0)
(0.011105 -0.0324881 0)
(0.0158895 -0.0279944 0)
(0.023593 -0.0252374 0)
(0.0322155 -0.0251087 0)
(0.0403615 -0.0274533 0)
(0.0467869 -0.0313578 0)
(0.0506689 -0.0347549 0)
(0.0522067 -0.0346191 0)
(0.0522157 -0.0283063 0)
(0.0518317 -0.0141152 0)
(0.0525051 0.00828104 0)
(0.0556703 0.0360437 0)
(0.0644566 0.0659556 0)
(0.083262 0.0853671 0)
(0.0915069 0.0319227 0)
(0.0529711 -0.0469419 0)
(-0.0589673 -0.0561365 0)
(-0.053726 -0.108564 0)
(0.00940573 -0.0359927 0)
(0.01002 -0.0339045 0)
(0.0120601 -0.0318569 0)
(0.0162568 -0.0308345 0)
(0.0215141 -0.0313097 0)
(0.0268518 -0.0331091 0)
(0.0313837 -0.035521 0)
(0.0343701 -0.0370658 0)
(0.0360168 -0.0355507 0)
(0.0371889 -0.0289658 0)
(0.0392035 -0.0158249 0)
(0.0438916 0.00405525 0)
(0.0520934 0.0278801 0)
(0.0641593 0.0508915 0)
(0.0819645 0.0655959 0)
(0.0861461 0.0459247 0)
(0.0631641 0.0229924 0)
(-0.0440685 -0.0195144 0)
(-0.0325922 -0.164516 0)
(0.00832661 -0.0346383 0)
(0.00829661 -0.0341757 0)
(0.00903551 -0.0337464 0)
(0.0112032 -0.0339344 0)
(0.0141762 -0.034998 0)
(0.0173603 -0.0366293 0)
(0.0201406 -0.0382513 0)
(0.0221124 -0.0388167 0)
(0.0234889 -0.0368247 0)
(0.0250598 -0.0308006 0)
(0.0280858 -0.0194937 0)
(0.034115 -0.00266157 0)
(0.0442911 0.0175582 0)
(0.0565105 0.0369572 0)
(0.0713748 0.0525748 0)
(0.076254 0.0549735 0)
(0.073507 0.062665 0)
(0.0114163 0.0477084 0)
(0.00315439 -0.180756 0)
(0.0060203 -0.0332903 0)
(0.00557923 -0.0338744 0)
(0.00554606 -0.0345008 0)
(0.00651457 -0.0355294 0)
(0.00805766 -0.0369896 0)
(0.00980197 -0.0386164 0)
(0.0113887 -0.0398977 0)
(0.0125971 -0.0400324 0)
(0.0135719 -0.0380007 0)
(0.0149495 -0.0327729 0)
(0.0177373 -0.0234749 0)
(0.0232438 -0.00969824 0)
(0.0326338 0.00735709 0)
(0.044062 0.0250361 0)
(0.0570093 0.0424695 0)
(0.0642357 0.0557098 0)
(0.0711719 0.0705773 0)
(0.0476461 0.0668426 0)
(0.0362079 -0.146548 0)
(0.00318592 -0.0319039 0)
(0.00238664 -0.0332134 0)
(0.00184876 -0.0345779 0)
(0.00206894 -0.0361841 0)
(0.00273674 -0.0379792 0)
(0.00363752 -0.0396648 0)
(0.00451772 -0.0407905 0)
(0.00525707 -0.0407515 0)
(0.0059506 -0.0388022 0)
(0.0069533 -0.0342708 0)
(0.00895513 -0.0266523 0)
(0.012962 -0.0155254 0)
(0.020119 -0.00135884 0)
(0.0298096 0.0146078 0)
(0.0415667 0.0325792 0)
(0.051251 0.0501508 0)
(0.0629263 0.0689912 0)
(0.0619909 0.0726701 0)
(0.0521514 -0.0973274 0)
(0.000304982 -0.0304 0)
(-0.000880859 -0.0322801 0)
(-0.0017968 -0.0341814 0)
(-0.00208116 -0.0362697 0)
(-0.0019709 -0.0383869 0)
(-0.00155696 -0.040211 0)
(-0.00102323 -0.0413461 0)
(-0.000466111 -0.0412392 0)
(0.000137493 -0.0393615 0)
(0.000899663 -0.035275 0)
(0.00218162 -0.0287204 0)
(0.00458572 -0.0195328 0)
(0.00932193 -0.00784284 0)
(0.0159134 0.00564821 0)
(0.0259492 0.0226552 0)
(0.0367582 0.0404785 0)
(0.050008 0.0614203 0)
(0.0597117 0.0700879 0)
(0.0523803 -0.045405 0)
(-0.0024435 -0.028745 0)
(-0.00400833 -0.0310752 0)
(-0.00524196 -0.0334241 0)
(-0.00593738 -0.0359601 0)
(-0.0061889 -0.0384218 0)
(-0.0060844 -0.0404916 0)
(-0.00573317 -0.0417618 0)
(-0.00518369 -0.041705 0)
(-0.0045099 -0.0398864 0)
(-0.00375359 -0.0359944 0)
(-0.00284096 -0.0299011 0)
(-0.00160772 -0.0217347 0)
(0.000834841 -0.011712 0)
(0.00413417 -0.000463615 0)
(0.011002 0.0137987 0)
(0.0207399 0.0290791 0)
(0.0327711 0.0507044 0)
(0.0470741 0.0646443 0)
(0.0398395 0.00250737 0)
(-0.00491083 -0.0268862 0)
(-0.00684965 -0.0295729 0)
(-0.0083803 -0.0324006 0)
(-0.00943288 -0.0353442 0)
(-0.00999942 -0.0381747 0)
(-0.0101275 -0.040602 0)
(-0.00989455 -0.0421366 0)
(-0.00933977 -0.04228 0)
(-0.00853751 -0.0405592 0)
(-0.00759826 -0.036711 0)
(-0.00666288 -0.0306634 0)
(-0.0059034 -0.0226973 0)
(-0.00499965 -0.013241 0)
(-0.00433011 -0.00313457 0)
(-0.00187251 0.00759564 0)
(0.00505406 0.0189037 0)
(0.0138626 0.0399641 0)
(0.030196 0.0592106 0)
(0.0228451 0.0343405 0)
(-0.00703578 -0.0248064 0)
(-0.00930306 -0.0278233 0)
(-0.0111027 -0.0310647 0)
(-0.0124402 -0.034456 0)
(-0.0133008 -0.0377338 0)
(-0.0136924 -0.0405562 0)
(-0.0136336 -0.0424329 0)
(-0.013117 -0.0428882 0)
(-0.0122315 -0.0414069 0)
(-0.0111065 -0.0376402 0)
(-0.00990093 -0.0314833 0)
(-0.00897295 -0.0232227 0)
(-0.00850898 -0.0134214 0)
(-0.00892811 -0.00322614 0)
(-0.00944864 0.00536591 0)
(-0.00680664 0.0129482 0)
(-0.00330918 0.0302249 0)
(0.0125264 0.0541031 0)
(0.0105247 0.0503951 0)
(-0.008771 -0.022544 0)
(-0.0112917 -0.0258706 0)
(-0.0132985 -0.029495 0)
(-0.0148755 -0.0333114 0)
(-0.015987 -0.0370425 0)
(-0.0166221 -0.0403026 0)
(-0.0167885 -0.0426139 0)
(-0.0164724 -0.0434513 0)
(-0.0156829 -0.0423272 0)
(-0.0144798 -0.0387789 0)
(-0.0129984 -0.0326163 0)
(-0.0115686 -0.0239929 0)
(-0.0106044 -0.0135168 0)
(-0.0105519 -0.00256891 0)
(-0.011833 0.00602934 0)
(-0.0132627 0.0120761 0)
(-0.0138448 0.0245596 0)
(-0.00211135 0.0468838 0)
(0.00175546 0.0562539 0)
(-0.0100858 -0.0201549 0)
(-0.0127689 -0.0237783 0)
(-0.0149006 -0.0277677 0)
(-0.0166367 -0.0319841 0)
(-0.0179499 -0.0361288 0)
(-0.0188331 -0.0398149 0)
(-0.0192747 -0.0425703 0)
(-0.0192466 -0.0438668 0)
(-0.0187059 -0.0431832 0)
(-0.0176252 -0.0400217 0)
(-0.0160482 -0.034066 0)
(-0.0141708 -0.0253257 0)
(-0.0123673 -0.0143714 0)
(-0.0111689 -0.00252614 0)
(-0.0116088 0.00754976 0)
(-0.0144262 0.0136964 0)
(-0.0172924 0.0225031 0)
(-0.0106289 0.039589 0)
(-0.00461002 0.0521523 0)
(-0.0109673 -0.017708 0)
(-0.0137105 -0.0216226 0)
(-0.0158737 -0.0259524 0)
(-0.0176803 -0.0305309 0)
(-0.0191287 -0.0350365 0)
(-0.0202333 -0.0390889 0)
(-0.0209865 -0.042234 0)
(-0.0213384 -0.0439797 0)
(-0.0211931 -0.0437986 0)
(-0.0204373 -0.0411742 0)
(-0.0189944 -0.035686 0)
(-0.0169237 -0.0271963 0)
(-0.0144827 -0.0160872 0)
(-0.0121621 -0.0035355 0)
(-0.0110495 0.00825445 0)
(-0.0126322 0.0162262 0)
(-0.016039 0.0227717 0)
(-0.0136993 0.0339362 0)
(-0.00828421 0.0426658 0)
(-0.0114255 -0.0152802 0)
(-0.014119 -0.0194845 0)
(-0.0162171 -0.02413 0)
(-0.0180008 -0.0290125 0)
(-0.0195116 -0.0338017 0)
(-0.0208004 -0.0381247 0)
(-0.0218691 -0.04157 0)
(-0.0226544 -0.0436964 0)
(-0.0230154 -0.0440184 0)
(-0.0227602 -0.0420184 0)
(-0.0217085 -0.0372147 0)
(-0.0197608 -0.0293252 0)
(-0.0170326 -0.0184976 0)
(-0.0139147 -0.00564249 0)
(-0.0113998 0.00745881 0)
(-0.0108748 0.0177478 0)
(-0.0130203 0.0242915 0)
(-0.0127024 0.0307823 0)
(-0.00834639 0.0320481 0)
(-0.0114875 -0.012952 0)
(-0.0140276 -0.0174524 0)
(-0.0159636 -0.0223885 0)
(-0.0176385 -0.027512 0)
(-0.019141 -0.0324834 0)
(-0.0205594 -0.0369479 0)
(-0.0219171 -0.0405595 0)
(-0.0231443 -0.0429573 0)
(-0.0240681 -0.0437247 0)
(-0.0244361 -0.0423745 0)
(-0.0239703 -0.038393 0)
(-0.0224454 -0.0313691 0)
(-0.0198133 -0.0212451 0)
(-0.0162978 -0.00858031 0)
(-0.0126468 0.00524263 0)
(-0.0102436 0.0173766 0)
(-0.0101645 0.0252464 0)
(-0.00981842 0.0290985 0)
(-0.00613581 0.023269 0)
(-0.0112083 -0.0107997 0)
(-0.0134939 -0.01561 0)
(-0.0151861 -0.0208106 0)
(-0.0166766 -0.0261048 0)
(-0.0181041 -0.0311394 0)
(-0.0195945 -0.0356035 0)
(-0.0211892 -0.0392294 0)
(-0.0228175 -0.0417597 0)
(-0.0242911 -0.0428689 0)
(-0.025321 -0.0421265 0)
(-0.025562 -0.0390159 0)
(-0.0246796 -0.0330459 0)
(-0.022465 -0.0239551 0)
(-0.0189769 -0.0119851 0)
(-0.0146269 0.00189636 0)
(-0.010665 0.0151845 0)
(-0.00829885 0.0245518 0)
(-0.0070987 0.0275547 0)
(-0.00376818 0.017245 0)
(-0.0106505 -0.00889396 0)
(-0.0126 -0.0140246 0)
(-0.0139829 -0.0194577 0)
(-0.0152398 -0.0248398 0)
(-0.0165536 -0.0298173 0)
(-0.0180665 -0.0341408 0)
(-0.0198283 -0.0376367 0)
(-0.0217718 -0.0401543 0)
(-0.0237108 -0.041473 0)
(-0.0253512 -0.0412416 0)
(-0.0263148 -0.0389753 0)
(-0.0261927 -0.034139 0)
(-0.0246398 -0.0263182 0)
(-0.0215144 -0.0154831 0)
(-0.0170177 -0.00226398 0)
(-0.0120272 0.0115021 0)
(-0.00775317 0.0221472 0)
(-0.00531502 0.0255679 0)
(-0.0020716 0.0132655 0)
(-0.00990314 -0.00729725 0)
(-0.0114532 -0.0127453 0)
(-0.0124972 -0.0183648 0)
(-0.0135124 -0.0237409 0)
(-0.0147066 -0.0285446 0)
(-0.0162138 -0.0326069 0)
(-0.0180684 -0.0358541 0)
(-0.0202054 -0.0382332 0)
(-0.0224617 -0.039626 0)
(-0.0245714 -0.0397745 0)
(-0.0261642 -0.0382585 0)
(-0.0267918 -0.0345434 0)
(-0.0260174 -0.0281267 0)
(-0.0235309 -0.0187425 0)
(-0.0193127 -0.00667974 0)
(-0.0138673 0.00685356 0)
(-0.00834047 0.0183121 0)
(-0.00458206 0.0228351 0)
(-0.00103777 0.0104685 0)
(-0.00909603 -0.00604587 0)
(-0.0102242 -0.0117928 0)
(-0.010947 -0.0175253 0)
(-0.011756 -0.022801 0)
(-0.0128509 -0.02735 0)
(-0.0143231 -0.031091 0)
(-0.0161797 -0.0340337 0)
(-0.0183587 -0.0362023 0)
(-0.020732 -0.0375582 0)
(-0.0230913 -0.0379418 0)
(-0.0251144 -0.0370198 0)
(-0.0263754 -0.03431 0)
(-0.0263761 -0.0292859 0)
(-0.0246615 -0.0215346 0)
(-0.0210195 -0.0110662 0)
(-0.0156987 0.00143618 0)
(-0.00956937 0.013321 0)
(-0.00473384 0.0191626 0)
(-0.000611012 0.00796677 0)
(-0.00849278 -0.00520937 0)
(-0.0092045 -0.0112141 0)
(-0.00964213 -0.0170139 0)
(-0.0102655 -0.0221457 0)
(-0.0112088 -0.0264076 0)
(-0.0125132 -0.0298144 0)
(-0.0141662 -0.0324418 0)
(-0.0161168 -0.0343543 0)
(-0.018287 -0.035568 0)
(-0.0205435 -0.0359982 0)
(-0.022661 -0.0354177 0)
(-0.0243047 -0.0334471 0)
(-0.025015 -0.0295788 0)
(-0.0242911 -0.0233216 0)
(-0.0217097 -0.0143688 0)
(-0.0170011 -0.00299604 0)
(-0.010748 0.00896269 0)
(-0.00548359 0.0157784 0)
(-0.00070343 0.00662322 0)
(-0.00850763 -0.00468909 0)
(-0.00855654 -0.0110322 0)
(-0.00836516 -0.0167486 0)
(-0.00838246 -0.0214979 0)
(-0.00870054 -0.0253048 0)
(-0.00932954 -0.0282855 0)
(-0.0102219 -0.0305507 0)
(-0.0113459 -0.0321742 0)
(-0.0126631 -0.0331813 0)
(-0.0141259 -0.0335296 0)
(-0.0156632 -0.0330839 0)
(-0.017128 -0.0315975 0)
(-0.0182718 -0.0287446 0)
(-0.0187113 -0.0241837 0)
(-0.0179601 -0.0176508 0)
(-0.0155945 -0.00908311 0)
(-0.0114502 0.00135505 0)
(-0.00640103 0.00834929 0)
(-0.00120499 0.000513632 0)
)
;

boundaryField
{
    leftWall
    {
        type            noSlip;
    }
    rightWall
    {
        type            noSlip;
    }
    lowerWall
    {
        type            noSlip;
    }
    atmosphere
    {
        type            pressureInletOutletVelocity;
        value           nonuniform List<vector> 
46
(
(-0.000122889 0.131883 0)
(0.00466313 0.112739 0)
(0.012352 0.0877807 0)
(0.016998 0.0665656 0)
(0.0172844 0.0484646 0)
(0.0151735 0.0332045 0)
(0.0122712 0.0197425 0)
(0.00931291 0.0077699 0)
(0 -0.00188774 0)
(0 -0.00871236 0)
(0 -0.0131054 0)
(0 -0.0156216 0)
(0 -0.0166607 0)
(0 -0.0166069 0)
(0 -0.0157147 0)
(0 -0.0141289 0)
(0 -0.0118865 0)
(0 -0.00892082 0)
(0 -0.00509441 0)
(0 -0.000187395 0)
(-0.00459223 0.00521655 0)
(-0.00508829 0.00901135 0)
(-0.00629037 0.00949066 0)
(-0.0072511 0.00798298 0)
(-0.00765917 0.0058959 0)
(-0.00801277 0.00321617 0)
(0 -0.000112015 0)
(0 -0.00468909 0)
(0 -0.0110322 0)
(0 -0.0167486 0)
(0 -0.0214979 0)
(0 -0.0253048 0)
(0 -0.0282855 0)
(0 -0.0305507 0)
(0 -0.0321742 0)
(0 -0.0331813 0)
(0 -0.0335296 0)
(0 -0.0330839 0)
(0 -0.0315975 0)
(0 -0.0287446 0)
(0 -0.0241837 0)
(0 -0.0176508 0)
(0 -0.00908311 0)
(-0.0114502 0.00135505 0)
(-0.00640103 0.00834929 0)
(-0.00120499 0.000513632 0)
)
;
    }
    defaultFaces
    {
        type            empty;
    }
}


// ************************************************************************* //
