/*--------------------------------*- C++ -*----------------------------------*\
| =========                 |                                                 |
| \\      /  F ield         | OpenFOAM: The Open Source CFD Toolbox           |
|  \\    /   O peration     | Version:  2312                                  |
|   \\  /    A nd           | Website:  www.openfoam.com                      |
|    \\/     M anipulation  |                                                 |
\*---------------------------------------------------------------------------*/
FoamFile
{
    version     2.0;
    format      ascii;
    arch        "LSB;label=32;scalar=64";
    class       surfaceScalarField;
    location    "4.8";
    object      phi;
}
// * * * * * * * * * * * * * * * * * * * * * * * * * * * * * * * * * * * * * //

dimensions      [0 3 -1 0 0 0 0];

oriented        oriented;

internalField   nonuniform List<scalar> 
4432
(
4.15531e-07
-4.15523e-07
4.32998e-07
-1.74589e-08
3.98025e-07
3.49806e-08
3.24276e-07
7.37589e-08
1.9333e-07
1.30957e-07
-1.24667e-08
2.05813e-07
-3.1073e-07
2.98282e-07
-6.8551e-07
3.74803e-07
-1.11683e-06
4.31346e-07
-1.57917e-06
4.62362e-07
-2.03495e-06
4.558e-07
-2.47966e-06
4.44724e-07
-2.88526e-06
4.05611e-07
-3.24188e-06
3.56621e-07
-3.54937e-06
3.07486e-07
-3.79029e-06
2.40904e-07
-3.91168e-06
1.21362e-07
-3.84321e-06
-6.85078e-08
-3.54396e-06
-2.99299e-07
-3.09393e-06
-4.50074e-07
-2.42005e-06
-6.73917e-07
-1.4855e-06
-9.34584e-07
-1.48551e-06
-8.77682e-08
-3.27744e-07
-9.98192e-08
-5.39786e-09
-1.26762e-07
6.19352e-08
-1.77989e-07
1.24997e-07
-2.79872e-07
2.32854e-07
-4.65369e-07
3.9133e-07
-7.34548e-07
5.67486e-07
-1.08595e-06
7.26229e-07
-1.49363e-06
8.39056e-07
-1.92793e-06
8.96686e-07
-2.37478e-06
9.02667e-07
-2.79082e-06
8.6078e-07
-3.17469e-06
7.89474e-07
-3.51358e-06
6.95494e-07
-3.79734e-06
5.9122e-07
-4.00602e-06
4.49559e-07
-4.10901e-06
2.24313e-07
-4.02596e-06
-1.51638e-07
-3.70728e-06
-6.1809e-07
-3.21053e-06
-9.46942e-07
-2.47914e-06
-1.40543e-06
-1.42869e-06
-1.98518e-06
-2.91437e-06
-2.18775e-07
-1.08957e-07
-2.46177e-07
2.20161e-08
-2.84647e-07
1.00415e-07
-3.51798e-07
1.92156e-07
-4.7486e-07
3.55926e-07
-6.72918e-07
5.89397e-07
-9.60553e-07
8.55129e-07
-1.32387e-06
1.08955e-06
-1.73945e-06
1.25464e-06
-2.20322e-06
1.36044e-06
-2.6574e-06
1.35684e-06
-3.08124e-06
1.2846e-06
-3.46764e-06
1.17585e-06
-3.79933e-06
1.02714e-06
-4.07254e-06
8.64405e-07
-4.28464e-06
6.61627e-07
-4.39285e-06
3.32488e-07
-4.28499e-06
-2.59544e-07
-3.88942e-06
-1.0137e-06
-3.34374e-06
-1.49268e-06
-2.56013e-06
-2.1891e-06
-1.38845e-06
-3.15693e-06
-4.30281e-06
-1.30994e-07
2.20555e-08
-1.5151e-07
4.25494e-08
-1.64366e-07
1.13287e-07
-2.41141e-07
2.68946e-07
-3.92243e-07
5.07041e-07
-6.11296e-07
8.08463e-07
-9.21857e-07
1.1657e-06
-1.31669e-06
1.48439e-06
-1.78369e-06
1.72164e-06
-2.2942e-06
1.87096e-06
-2.81076e-06
1.8734e-06
-3.29561e-06
1.76946e-06
-3.73261e-06
1.61286e-06
-4.09497e-06
1.38952e-06
-4.37632e-06
1.14577e-06
-4.58077e-06
8.66117e-07
-4.69444e-06
4.46166e-07
-4.57535e-06
-3.78682e-07
-4.0859e-06
-1.50323e-06
-3.48388e-06
-2.09478e-06
-2.66571e-06
-3.00733e-06
-1.38139e-06
-4.44136e-06
-5.68431e-06
1.04345e-07
-8.22754e-08
2.00089e-07
-5.31824e-08
2.82687e-07
3.06974e-08
2.77511e-07
2.74127e-07
1.48216e-07
6.36338e-07
-9.55795e-08
1.05226e-06
-4.24959e-07
1.49508e-06
-8.83685e-07
1.94311e-06
-1.46232e-06
2.30027e-06
-2.13457e-06
2.5432e-06
-2.7822e-06
2.52103e-06
-3.35823e-06
2.34549e-06
-3.89238e-06
2.14702e-06
-4.33724e-06
1.83439e-06
-4.69655e-06
1.5051e-06
-4.98739e-06
1.15695e-06
-5.18569e-06
6.44467e-07
-5.03254e-06
-5.31855e-07
-4.38916e-06
-2.14662e-06
-3.70372e-06
-2.78022e-06
-2.86818e-06
-3.84288e-06
-1.48939e-06
-5.82014e-06
-7.17367e-06
2.58141e-07
-3.40297e-07
5.24526e-07
-3.19469e-07
7.10714e-07
-1.55408e-07
8.40841e-07
1.44067e-07
8.88019e-07
5.89214e-07
8.04343e-07
1.13597e-06
5.92171e-07
1.70727e-06
2.23793e-07
2.31149e-06
-2.24211e-07
2.74827e-06
-7.12318e-07
3.03131e-06
-1.33631e-06
3.14503e-06
-2.09072e-06
3.09994e-06
-2.7137e-06
2.77005e-06
-3.43194e-06
2.55269e-06
-4.29651e-06
2.36972e-06
-5.1582e-06
2.01871e-06
-5.73714e-06
1.22344e-06
-5.75204e-06
-5.16963e-07
-4.96426e-06
-2.93442e-06
-4.08965e-06
-3.65485e-06
-3.14825e-06
-4.78424e-06
-1.7256e-06
-7.24282e-06
-8.89931e-06
9.64676e-07
-1.30481e-06
2.26197e-06
-1.61658e-06
3.21173e-06
-1.10501e-06
4.26479e-06
-9.08851e-07
5.59835e-06
-7.44229e-07
6.94294e-06
-2.08523e-07
7.92078e-06
7.29498e-07
8.17389e-06
2.05843e-06
7.40648e-06
3.51572e-06
5.4875e-06
4.95031e-06
1.71364e-06
6.9189e-06
-2.55263e-06
7.36624e-06
-4.47049e-06
4.68793e-06
-4.97738e-06
3.0596e-06
-4.97864e-06
2.37104e-06
-5.17346e-06
2.21357e-06
-5.29856e-06
1.34854e-06
-5.31903e-06
-4.96524e-07
-5.31718e-06
-2.93628e-06
-4.50044e-06
-4.47156e-06
-3.01362e-06
-6.27108e-06
-1.61911e-06
-8.63732e-06
-1.05184e-05
7.93113e-07
-2.09779e-06
2.0246e-06
-2.84794e-06
3.04837e-06
-2.12869e-06
4.13375e-06
-1.99416e-06
5.33821e-06
-1.94863e-06
6.57211e-06
-1.44238e-06
7.60497e-06
-3.03317e-07
8.22036e-06
1.44309e-06
8.19605e-06
3.54006e-06
7.45463e-06
5.69176e-06
6.77922e-06
7.5943e-06
6.58323e-06
7.56217e-06
6.04906e-06
5.22203e-06
5.21373e-06
3.89487e-06
2.99249e-06
4.59222e-06
-2.30503e-06
7.51102e-06
-7.34669e-06
6.39017e-06
-8.41101e-06
5.67802e-07
-7.23729e-06
-4.10996e-06
-4.46474e-06
-7.24413e-06
-2.00775e-06
-8.72806e-06
-5.85871e-07
-1.00592e-05
-1.11043e-05
2.18673e-07
-2.18691e-07
2.22032e-06
-2.00165e-06
3.92024e-06
-1.69993e-06
4.77863e-06
-8.58388e-07
5.08057e-06
-3.01943e-07
5.13297e-06
-5.2393e-08
5.06844e-06
6.45236e-08
5.08336e-06
-1.4921e-08
4.99479e-06
8.85678e-08
4.66625e-06
3.2854e-07
4.22584e-06
4.40413e-07
3.79461e-06
4.31223e-07
3.07365e-06
7.20951e-07
2.35083e-06
7.22801e-07
1.61106e-06
7.39776e-07
6.20553e-07
9.90507e-07
-2.0622e-08
6.41176e-07
-8.85288e-08
6.79006e-08
-8.85301e-08
1.94589e-06
-2.16461e-06
3.19914e-06
-3.25491e-06
4.38571e-06
-2.88652e-06
5.26671e-06
-1.7394e-06
5.73007e-06
-7.65317e-07
5.78867e-06
-1.11001e-07
5.69904e-06
1.54134e-07
5.75845e-06
-7.43346e-08
5.64387e-06
2.03133e-07
5.18881e-06
7.8359e-07
4.36717e-06
1.26205e-06
3.54047e-06
1.25791e-06
2.68054e-06
1.58087e-06
1.88941e-06
1.51391e-06
9.48267e-07
1.6809e-06
-1.77047e-07
2.11584e-06
-7.14084e-07
1.17821e-06
-5.81757e-07
-6.44465e-08
-6.70318e-07
3.08671e-06
-5.25131e-06
4.0616e-06
-4.22979e-06
4.40084e-06
-3.22574e-06
4.69433e-06
-2.03287e-06
4.79897e-06
-8.69942e-07
4.93033e-06
-2.42347e-07
5.19774e-06
-1.1327e-07
5.81418e-06
-6.90768e-07
6.43966e-06
-4.22341e-07
7.09381e-06
1.29439e-07
7.23094e-06
1.12492e-06
5.84149e-06
2.64737e-06
4.18826e-06
3.23409e-06
2.61025e-06
3.09191e-06
1.69448e-09
4.28945e-06
-1.81525e-06
3.93279e-06
-1.52887e-06
8.9182e-07
-5.14206e-07
-1.07914e-06
-1.18453e-06
2.02753e-06
-7.27906e-06
3.75996e-06
-5.96235e-06
3.6169e-06
-3.08278e-06
2.77195e-06
-1.18802e-06
2.42055e-06
-5.18627e-07
3.1015e-06
-9.23367e-07
4.75083e-06
-1.76269e-06
5.19298e-06
-1.13299e-06
6.13475e-06
-1.36417e-06
8.67463e-06
-2.41051e-06
1.16729e-05
-1.87343e-06
1.32135e-05
1.10676e-06
1.37997e-05
2.64778e-06
1.01077e-05
6.78377e-06
-1.78922e-06
1.61863e-05
-7.06983e-06
9.21327e-06
-1.70694e-06
-4.47115e-06
3.32874e-06
-6.1149e-06
2.1441e-06
-3.25012e-06
-4.02892e-06
-1.41763e-06
-7.79482e-06
-1.1303e-06
-3.37006e-06
3.419e-07
-2.66017e-06
2.12606e-06
-2.30274e-06
5.85002e-07
6.17716e-07
-1.70499e-06
5.27328e-07
-3.19632e-06
3.58366e-07
-1.16721e-06
-3.39328e-06
4.23907e-06
-7.81679e-06
9.96503e-06
-7.59938e-06
1.46674e-05
-3.59558e-06
1.48495e-05
2.46561e-06
7.11494e-06
1.45184e-05
-3.85254e-07
2.36864e-05
-1.19689e-06
1.00249e-05
1.42424e-06
-7.09229e-06
3.80872e-06
-8.49939e-06
5.95287e-06
-2.06483e-06
-1.96422e-06
-1.02717e-06
-8.83255e-06
9.88214e-07
-5.38553e-06
3.42462e-06
-5.09665e-06
5.16324e-06
-4.04146e-06
5.07289e-06
7.07966e-07
5.17734e-07
5.0824e-06
-1.89964e-06
2.77566e-06
-9.71176e-07
-4.32192e-06
8.46006e-07
-9.63402e-06
3.83526e-06
-1.05887e-05
8.65251e-06
-8.41291e-06
9.47256e-06
1.64548e-06
6.23006e-06
1.77608e-05
3.05272e-06
2.68637e-05
3.0258e-06
1.00517e-05
3.79308e-06
-7.85964e-06
3.47283e-06
-8.17919e-06
9.42558e-06
2.24698e-06
-4.21138e-06
3.31198e-06
-9.89761e-06
5.16126e-06
-7.23486e-06
5.94721e-06
-5.88268e-06
6.57141e-06
-4.66574e-06
6.8639e-06
4.15391e-07
5.14236e-06
6.80386e-06
3.28123e-06
4.63662e-06
2.18167e-06
-3.22243e-06
-1.93932e-07
-7.25853e-06
-1.86773e-06
-8.91499e-06
1.54318e-06
-1.18239e-05
4.20617e-06
-1.01762e-06
4.42574e-06
1.75412e-05
5.72956e-06
2.55598e-05
6.78095e-06
9.00025e-06
5.84587e-06
-6.92463e-06
3.69865e-06
-6.03205e-06
1.31242e-05
6.71238e-06
-1.09238e-05
7.15777e-06
-1.0343e-05
8.09406e-06
-8.17115e-06
8.15805e-06
-5.94667e-06
7.87804e-06
-4.38574e-06
7.8561e-06
4.3731e-07
7.88974e-06
6.77016e-06
7.79684e-06
4.72949e-06
7.05619e-06
-2.48187e-06
1.11473e-06
-1.3171e-06
-4.60403e-06
-3.19626e-06
-3.91849e-06
-1.25095e-05
-1.15477e-07
-4.8207e-06
2.82978e-06
1.45959e-05
7.25929e-06
2.11303e-05
8.73483e-06
7.52468e-06
6.51183e-06
-4.70168e-06
3.73025e-06
-3.25049e-06
1.68544e-05
9.24268e-07
-3.02196e-06
2.10215e-06
-4.02574e-06
3.21218e-06
-3.23867e-06
5.20649e-06
-3.98842e-06
7.8494e-06
-4.5915e-06
1.00778e-05
-3.67074e-06
1.13479e-05
-1.57343e-06
1.21588e-05
6.32251e-07
1.2651e-05
3.04784e-06
1.28683e-05
5.47447e-06
1.29356e-05
7.52703e-06
1.22585e-05
8.23919e-06
1.04503e-05
7.03021e-06
8.83877e-06
5.50638e-06
8.56886e-06
4.86212e-06
9.8812e-06
6.1987e-06
1.14755e-05
4.7959e-06
1.27069e-05
-6.63502e-07
1.26298e-05
-4.03288e-06
1.04083e-05
-5.02256e-06
8.31637e-06
-6.63612e-06
9.86427e-06
-1.16073e-05
-1.54048e-05
1.4165e-05
1.31648e-06
-4.33834e-06
6.69763e-07
-3.37897e-06
5.09166e-07
-3.07802e-06
2.28868e-06
-5.7679e-06
4.97973e-06
-7.28252e-06
7.08847e-06
-5.77944e-06
8.27243e-06
-2.75738e-06
9.57854e-06
-6.73809e-07
1.04767e-05
2.14968e-06
1.08061e-05
5.14508e-06
1.04914e-05
7.84178e-06
9.37638e-06
9.35421e-06
8.30293e-06
8.10366e-06
7.47649e-06
6.33281e-06
7.23991e-06
5.09872e-06
7.94923e-06
5.48944e-06
9.72922e-06
3.01602e-06
1.13941e-05
-2.3283e-06
1.22408e-05
-4.87933e-06
1.30599e-05
-5.84164e-06
1.50386e-05
-8.61475e-06
1.5531e-05
-1.20995e-05
-1.22004e-05
1.23269e-05
3.97661e-06
-8.31487e-06
7.81792e-06
-7.22019e-06
1.02206e-05
-5.48066e-06
9.96228e-06
-5.50949e-06
9.72186e-06
-7.04204e-06
9.84746e-06
-5.905e-06
9.54224e-06
-2.45209e-06
9.44255e-06
-5.74088e-07
7.70933e-06
3.88298e-06
4.58519e-06
8.2693e-06
2.16243e-06
1.02646e-05
3.38609e-07
1.11781e-05
-1.00658e-06
9.44888e-06
-2.37468e-06
7.70095e-06
-3.48304e-06
6.20713e-06
-3.43585e-06
5.44235e-06
-2.97507e-06
2.55537e-06
-2.79631e-06
-2.5069e-06
-1.93708e-06
-5.73845e-06
7.16949e-07
-8.49545e-06
3.29033e-06
-1.11878e-05
2.99257e-06
-1.18015e-05
-8.35541e-06
-8.5215e-07
5.77527e-06
-1.409e-05
1.45306e-05
-1.59754e-05
1.98891e-05
-1.0839e-05
2.03199e-05
-5.94028e-06
1.79163e-05
-4.63831e-06
1.35714e-05
-1.56004e-06
9.26687e-06
1.85249e-06
5.7057e-06
2.98721e-06
1.72264e-06
7.8661e-06
-3.31911e-06
1.33111e-05
-7.88584e-06
1.48314e-05
-1.15731e-05
1.48654e-05
-1.49317e-05
1.28074e-05
-1.75035e-05
1.02728e-05
-1.88595e-05
7.5632e-06
-1.84623e-05
5.04529e-06
-1.76826e-05
1.77584e-06
-1.5923e-05
-4.2664e-06
-1.30736e-05
-8.58772e-06
-1.08289e-05
-1.07401e-05
-1.08902e-05
-1.11263e-05
-1.29027e-05
-9.78876e-06
-6.83976e-06
-1.44181e-05
2.5489e-06
-1.66387e-05
4.47928e-06
-1.79056e-05
4.33991e-06
-1.06995e-05
3.35277e-06
-4.953e-06
1.29923e-06
-2.58469e-06
-2.06031e-06
1.79953e-06
-5.54655e-06
5.33884e-06
-9.25098e-06
6.6916e-06
-1.22849e-05
1.09e-05
-1.43883e-05
1.54145e-05
-1.6935e-05
1.7378e-05
-1.93791e-05
1.73093e-05
-2.21131e-05
1.55412e-05
-2.46734e-05
1.2833e-05
-2.65894e-05
9.47923e-06
-2.727e-05
5.72594e-06
-2.6823e-05
1.32891e-06
-2.60863e-05
-5.00325e-06
-2.50032e-05
-9.67108e-06
-2.39764e-05
-1.17671e-05
-2.31631e-05
-1.19398e-05
-2.22609e-05
-1.06912e-05
-1.02689e-05
-1.88318e-05
-2.70475e-07
-1.63681e-05
-2.43439e-06
-1.57416e-05
-3.8341e-06
-9.29961e-06
-4.19669e-06
-4.59033e-06
-5.12797e-06
-1.65339e-06
-6.86946e-06
3.54104e-06
-9.25364e-06
7.72293e-06
-1.29715e-05
1.04094e-05
-1.67664e-05
1.46948e-05
-1.98711e-05
1.85188e-05
-2.27419e-05
2.02487e-05
-2.53019e-05
1.98693e-05
-2.73627e-05
1.76019e-05
-2.86899e-05
1.41602e-05
-2.8969e-05
9.7584e-06
-2.80999e-05
4.85679e-06
-2.65242e-05
-2.46893e-07
-2.71422e-05
-4.38549e-06
-2.88058e-05
-8.00779e-06
-2.9358e-05
-1.12152e-05
-2.88666e-05
-1.24315e-05
-2.74171e-05
-1.21409e-05
-1.33229e-05
-2.43632e-05
-8.14145e-07
-1.55539e-05
-2.80505e-06
-1.37506e-05
-3.12205e-06
-8.98257e-06
-3.19043e-06
-4.52197e-06
-4.12834e-06
-7.15577e-07
-5.01954e-06
4.43217e-06
-6.7933e-06
9.49657e-06
-1.02042e-05
1.38198e-05
-1.42711e-05
1.87609e-05
-1.83759e-05
2.2624e-05
-2.22654e-05
2.41384e-05
-2.58184e-05
2.34227e-05
-2.86913e-05
2.04749e-05
-3.06658e-05
1.61348e-05
-3.12391e-05
1.03318e-05
-3.03317e-05
3.94936e-06
-2.92007e-05
-1.37771e-06
-2.8652e-05
-4.93412e-06
-3.04685e-05
-6.19092e-06
-3.15519e-05
-1.01316e-05
-3.15513e-05
-1.24318e-05
-3.02045e-05
-1.34872e-05
-1.53727e-05
-2.81539e-05
-1.39752e-07
-1.54143e-05
-6.75714e-07
-1.32148e-05
-7.34431e-07
-8.92403e-06
-5.75779e-07
-4.68081e-06
-6.42804e-07
-6.48689e-07
-9.66619e-07
4.75575e-06
-2.33703e-06
1.08666e-05
-5.27925e-06
1.67617e-05
-1.02405e-05
2.37225e-05
-1.66597e-05
2.90434e-05
-2.36937e-05
3.11733e-05
-2.84529e-05
2.81821e-05
-3.17153e-05
2.37376e-05
-3.31943e-05
1.76144e-05
-3.22854e-05
9.42579e-06
-2.9211e-05
8.77289e-07
-2.58251e-05
-4.76191e-06
-2.84169e-05
-2.34198e-06
-3.71903e-05
2.58263e-06
-3.55472e-05
-1.17727e-05
-2.4153e-05
-2.38227e-05
-1.74536e-05
-2.01856e-05
-1.09103e-05
-2.19155e-05
1.69991e-06
-1.71146e-05
3.3555e-06
-1.48708e-05
5.03133e-06
-1.06002e-05
6.47287e-06
-6.1226e-06
7.46444e-06
-1.64052e-06
8.16849e-06
4.05182e-06
8.28326e-06
1.07524e-05
6.73481e-06
1.83108e-05
3.32986e-06
2.71278e-05
-1.05426e-07
3.248e-05
-5.78279e-06
3.68518e-05
-4.30344e-06
2.67015e-05
-5.81127e-07
2.00142e-05
-2.6563e-05
4.35926e-05
-4.38279e-05
2.669e-05
-4.5957e-05
3.00539e-06
-4.09242e-05
-9.79567e-06
-3.46138e-05
-8.65321e-06
-2.02013e-05
-1.18302e-05
-1.92612e-05
-1.27128e-05
-2.57743e-05
-1.73092e-05
-2.74819e-05
-1.84774e-05
-1.55958e-05
-2.27995e-05
4.63379e-06
-2.17483e-05
8.98647e-06
-1.92234e-05
1.27806e-05
-1.43943e-05
1.60974e-05
-9.43963e-06
1.89033e-05
-4.44626e-06
2.19995e-05
9.56053e-07
2.6109e-05
6.6433e-06
3.20305e-05
1.23902e-05
4.36021e-05
1.55584e-05
5.24005e-05
2.36813e-05
5.27281e-05
3.6514e-05
6.61324e-05
1.32972e-05
4.02726e-05
4.58715e-05
2.77752e-05
5.60882e-05
1.2893e-05
4.15707e-05
-2.82535e-07
1.61783e-05
-6.75967e-06
-3.32123e-06
-3.65741e-06
-1.17563e-05
-9.33018e-07
-1.4555e-05
7.65895e-07
-1.44127e-05
-3.03665e-07
-1.62414e-05
5.26722e-07
-1.93086e-05
-1.65326e-05
1.464e-06
7.29257e-06
-2.904e-05
1.43357e-05
-2.62656e-05
2.14234e-05
-2.14804e-05
2.78081e-05
-1.58235e-05
3.46698e-05
-1.13075e-05
4.37594e-05
-8.13314e-06
5.83684e-05
-7.96461e-06
7.96615e-05
-8.9032e-06
9.69547e-05
-1.74038e-06
0.000109675
1.09521e-05
0.00010823
3.79588e-05
8.12448e-05
4.02857e-05
6.77548e-05
5.93634e-05
5.95601e-05
6.42896e-05
5.36668e-05
4.74656e-05
4.55882e-05
2.42562e-05
3.57647e-05
6.50178e-06
2.89593e-05
-4.95125e-06
2.29955e-05
-8.59104e-06
1.72263e-05
-8.64299e-06
1.14904e-05
-1.05051e-05
6.61794e-06
-1.44351e-05
-1.46985e-05
4.78348e-06
1.43759e-05
-4.34158e-05
2.534e-05
-3.72281e-05
3.75684e-05
-3.37076e-05
4.82651e-05
-2.65191e-05
5.75852e-05
-2.06259e-05
6.77489e-05
-1.82947e-05
7.54395e-05
-1.56539e-05
8.14432e-05
-1.49071e-05
8.7601e-05
-7.89774e-06
9.2012e-05
6.54351e-06
8.66526e-05
4.33227e-05
5.94399e-05
6.74951e-05
4.82996e-05
7.05093e-05
4.65965e-05
6.59961e-05
4.60328e-05
4.80286e-05
4.29756e-05
2.73125e-05
3.86171e-05
1.08597e-05
3.2989e-05
6.76474e-07
2.72502e-05
-2.85252e-06
2.1707e-05
-3.09966e-06
1.79816e-05
-6.77937e-06
1.45978e-05
-1.10517e-05
-1.10818e-05
1.09805e-05
3.14128e-06
-4.65563e-05
4.11345e-06
-3.82009e-05
9.78083e-06
-3.93771e-05
1.9636e-05
-3.6375e-05
2.96107e-05
-3.06018e-05
3.86764e-05
-2.73611e-05
5.04663e-05
-2.74442e-05
5.55648e-05
-2.00037e-05
4.65244e-05
1.14631e-06
3.07913e-05
2.22784e-05
2.11097e-05
5.30017e-05
1.81126e-05
7.04928e-05
2.01057e-05
6.85172e-05
2.75548e-05
5.85461e-05
3.34145e-05
4.2168e-05
3.43281e-05
2.63981e-05
3.20556e-05
1.31316e-05
2.82321e-05
4.49956e-06
2.37467e-05
1.6326e-06
2.00674e-05
5.79524e-07
1.77318e-05
-4.44405e-06
1.51945e-05
-8.51439e-06
-7.13458e-06
1.12462e-05
-5.50913e-07
-4.60033e-05
-5.54591e-07
-3.81968e-05
-4.55566e-06
-3.53751e-05
-9.51919e-06
-3.14114e-05
-9.56334e-06
-3.05583e-05
-1.04454e-05
-2.64808e-05
-1.46757e-05
-2.32156e-05
-2.0757e-05
-1.39243e-05
-2.34406e-05
3.82851e-06
-2.74145e-05
2.625e-05
-2.25567e-05
4.81432e-05
-9.79275e-06
5.77291e-05
3.37076e-06
5.53529e-05
1.58049e-05
4.6111e-05
2.35737e-05
3.43984e-05
2.60517e-05
2.39195e-05
2.4788e-05
1.43948e-05
2.16529e-05
7.63423e-06
1.82757e-05
5.00942e-06
1.63721e-05
2.48303e-06
1.46285e-05
-2.70066e-06
1.19538e-05
-5.84033e-06
-2.19924e-06
7.01739e-06
-6.69817e-06
-3.93039e-05
-1.04613e-05
-3.44318e-05
-1.57984e-05
-3.00358e-05
-2.06638e-05
-2.65437e-05
-2.50867e-05
-2.61339e-05
-2.92589e-05
-2.23079e-05
-3.59659e-05
-1.6509e-05
-4.26482e-05
-7.24296e-06
-4.4869e-05
6.04816e-06
-4.19922e-05
2.33729e-05
-3.21559e-05
3.83066e-05
-1.77395e-05
4.33119e-05
-2.94012e-06
4.05527e-05
8.66819e-06
3.45021e-05
1.5609e-05
2.74571e-05
1.88957e-05
2.06323e-05
1.90887e-05
1.42015e-05
1.72866e-05
9.43606e-06
1.5607e-05
6.68872e-06
1.43117e-05
3.7782e-06
1.22338e-05
-6.22993e-07
8.54226e-06
-2.14888e-06
3.73121e-06
2.61072e-06
-6.94208e-06
-3.23616e-05
-1.16776e-05
-2.96957e-05
-1.58954e-05
-2.58169e-05
-2.05782e-05
-2.18594e-05
-2.66404e-05
-2.00705e-05
-3.24612e-05
-1.64864e-05
-3.81578e-05
-1.08123e-05
-4.27042e-05
-2.69675e-06
-4.37571e-05
7.10077e-06
-3.89678e-05
1.85833e-05
-2.82835e-05
2.76221e-05
-1.54482e-05
3.04762e-05
-3.96588e-06
2.90701e-05
4.74447e-06
2.57915e-05
1.04897e-05
2.17117e-05
1.37055e-05
1.74163e-05
1.46081e-05
1.32988e-05
1.40787e-05
9.96523e-06
1.33183e-05
7.44894e-06
1.22727e-05
4.8237e-06
1.00464e-05
1.60329e-06
6.79661e-06
1.10036e-06
8.24237e-06
2.28446e-06
-5.94496e-06
-2.64172e-05
-1.09319e-05
-2.47091e-05
-1.51744e-05
-2.15743e-05
-1.91334e-05
-1.79e-05
-2.38227e-05
-1.53807e-05
-2.8506e-05
-1.18028e-05
-3.24635e-05
-6.85457e-06
-3.48133e-05
-3.46892e-07
-3.42252e-05
6.51262e-06
-2.93629e-05
1.3721e-05
-2.08837e-05
1.91428e-05
-1.16838e-05
2.12763e-05
-3.71321e-06
2.10994e-05
2.45829e-06
1.962e-05
6.81319e-06
1.73567e-05
9.54995e-06
1.46795e-05
1.0871e-05
1.19776e-05
1.12812e-05
9.55481e-06
1.12332e-05
7.4969e-06
1.06461e-05
5.41079e-06
9.07997e-06
3.1692e-06
7.27311e-06
2.90721e-06
9.17873e-06
6.33563e-06
-4.73407e-06
-2.1684e-05
-9.08489e-06
-2.03589e-05
-1.28528e-05
-1.78068e-05
-1.62918e-05
-1.44611e-05
-1.98756e-05
-1.1797e-05
-2.30825e-05
-8.59576e-06
-2.53764e-05
-4.56064e-06
-2.60833e-05
3.60015e-07
-2.47164e-05
5.14585e-06
-2.08369e-05
9.84152e-06
-1.5105e-05
1.3411e-05
-9.10034e-06
1.52718e-05
-3.75722e-06
1.57563e-05
6.16209e-07
1.52465e-05
3.9681e-06
1.40048e-05
6.33653e-06
1.2311e-05
7.87004e-06
1.04441e-05
8.7958e-06
8.62894e-06
9.28293e-06
7.00968e-06
9.24467e-06
5.4491e-06
8.4621e-06
3.95182e-06
7.70371e-06
3.66518e-06
8.26703e-06
8.61466e-06
-3.96728e-06
-1.77175e-05
-7.81154e-06
-1.65153e-05
-1.11802e-05
-1.44387e-05
-1.39203e-05
-1.17212e-05
-1.6455e-05
-9.26243e-06
-1.85359e-05
-6.51503e-06
-1.97574e-05
-3.3392e-06
-1.96946e-05
2.9715e-07
-1.83098e-05
3.76117e-06
-1.55224e-05
7.05419e-06
-1.17697e-05
9.65831e-06
-7.7919e-06
1.1294e-05
-4.05052e-06
1.2015e-05
-7.7094e-07
1.1967e-05
1.92958e-06
1.13043e-05
4.02578e-06
1.02148e-05
5.56232e-06
8.9075e-06
6.64804e-06
7.54316e-06
7.41394e-06
6.24374e-06
7.80759e-06
5.05554e-06
7.68567e-06
4.07368e-06
7.41222e-06
3.93882e-06
7.05667e-06
8.62168e-06
-3.42646e-06
-1.42918e-05
-6.78614e-06
-1.31563e-05
-9.70991e-06
-1.15154e-05
-1.20327e-05
-9.39881e-06
-1.39377e-05
-7.3577e-06
-1.52915e-05
-5.16148e-06
-1.59486e-05
-2.68226e-06
-1.568e-05
2.85455e-08
-1.45301e-05
2.61122e-06
-1.25168e-05
5.04092e-06
-9.90001e-06
7.04161e-06
-7.04241e-06
8.43646e-06
-4.22456e-06
9.19718e-06
-1.63604e-06
9.37854e-06
5.98492e-07
9.06986e-06
2.41938e-06
8.39395e-06
3.83628e-06
7.49061e-06
4.90579e-06
6.47362e-06
5.70806e-06
5.44146e-06
6.27709e-06
4.48666e-06
6.58281e-06
3.76812e-06
6.76311e-06
3.75809e-06
5.8394e-06
7.97976e-06
-3.03223e-06
-1.12601e-05
-6.02131e-06
-1.01677e-05
-8.59214e-06
-8.94501e-06
-1.05892e-05
-7.40212e-06
-1.20958e-05
-5.8513e-06
-1.30979e-05
-4.15966e-06
-1.34761e-05
-2.30411e-06
-1.3148e-05
-2.997e-07
-1.21852e-05
1.64843e-06
-1.06275e-05
3.48326e-06
-8.64386e-06
5.05801e-06
-6.43888e-06
6.23156e-06
-4.21164e-06
6.97002e-06
-2.11514e-06
7.28212e-06
-2.57773e-07
7.21257e-06
1.30408e-06
6.83217e-06
2.56025e-06
6.23448e-06
3.53625e-06
5.49764e-06
4.28133e-06
4.69642e-06
4.84871e-06
3.91946e-06
5.30297e-06
3.3138e-06
5.84091e-06
3.22051e-06
4.53877e-06
7.14069e-06
-2.76238e-06
-8.49823e-06
-5.4367e-06
-7.49382e-06
-7.7259e-06
-6.65617e-06
-9.48664e-06
-5.64167e-06
-1.07534e-05
-4.58472e-06
-1.15194e-05
-3.39388e-06
-1.17403e-05
-2.08328e-06
-1.13986e-05
-6.41457e-07
-1.05505e-05
8.00264e-07
-9.27611e-06
2.20895e-06
-7.67894e-06
3.46091e-06
-5.91445e-06
4.46715e-06
-4.12003e-06
5.17569e-06
-2.40958e-06
5.57177e-06
-8.66049e-07
5.66915e-06
4.64054e-07
5.50216e-06
1.56152e-06
5.13709e-06
2.43412e-06
4.62509e-06
3.10776e-06
4.02286e-06
3.62885e-06
3.39859e-06
4.07587e-06
2.86708e-06
4.6578e-06
2.63827e-06
3.27165e-06
5.92467e-06
-2.56382e-06
-5.93468e-06
-5.01279e-06
-5.04512e-06
-7.05954e-06
-4.60967e-06
-8.63805e-06
-4.06337e-06
-9.72497e-06
-3.49797e-06
-1.0331e-05
-2.78792e-06
-1.04556e-05
-1.95877e-06
-1.0088e-05
-1.0091e-06
-9.32994e-06
4.22352e-08
-8.23539e-06
1.11446e-06
-6.91181e-06
2.13742e-06
-5.46938e-06
3.02483e-06
-4.00785e-06
3.71429e-06
-2.60806e-06
4.17211e-06
-1.32656e-06
4.38779e-06
-2.02489e-07
4.37822e-06
7.46947e-07
4.18776e-06
1.5204e-06
3.85174e-06
2.12994e-06
3.41344e-06
2.60543e-06
2.92334e-06
3.01195e-06
2.46066e-06
3.49837e-06
2.15246e-06
2.30643e-06
4.46309e-06
-2.41035e-06
-3.52445e-06
-4.68077e-06
-2.77483e-06
-6.58146e-06
-2.70911e-06
-8.00605e-06
-2.63891e-06
-8.97804e-06
-2.52608e-06
-9.45718e-06
-2.30885e-06
-9.47899e-06
-1.93698e-06
-9.09458e-06
-1.3935e-06
-8.36932e-06
-6.82958e-07
-7.39828e-06
1.43515e-07
-6.27002e-06
1.00928e-06
-5.0678e-06
1.82274e-06
-3.86472e-06
2.51135e-06
-2.71483e-06
3.02237e-06
-1.6572e-06
3.33032e-06
-7.17707e-07
3.43887e-06
9.08959e-08
3.3793e-06
7.65121e-07
3.17763e-06
1.31163e-06
2.86707e-06
1.75063e-06
2.48463e-06
2.12657e-06
2.08508e-06
2.52476e-06
1.75386e-06
1.65331e-06
3.1777e-06
-2.30549e-06
-1.21897e-06
-4.44657e-06
-6.33773e-07
-6.21123e-06
-9.44481e-07
-7.52548e-06
-1.32471e-06
-8.37943e-06
-1.67216e-06
-8.75313e-06
-1.93515e-06
-8.69595e-06
-1.99414e-06
-8.27131e-06
-1.81808e-06
-7.56919e-06
-1.38498e-06
-6.68356e-06
-7.41998e-07
-5.69581e-06
2.16764e-08
-4.67508e-06
8.02171e-07
-3.67276e-06
1.5092e-06
-2.72541e-06
2.07519e-06
-1.859e-06
2.46409e-06
-1.08622e-06
2.66625e-06
-4.14315e-07
2.70754e-06
1.57424e-07
2.60602e-06
6.34463e-07
2.39018e-06
1.03146e-06
2.08785e-06
1.37959e-06
1.73691e-06
1.73363e-06
1.40043e-06
1.18144e-06
2.20482e-06
-2.21952e-06
1.00074e-06
-4.26422e-06
1.41103e-06
-5.92924e-06
7.20589e-07
-7.1504e-06
-1.03513e-07
-7.89404e-06
-9.28484e-07
-8.17552e-06
-1.65363e-06
-8.03404e-06
-2.13554e-06
-7.569e-06
-2.28302e-06
-6.87775e-06
-2.07611e-06
-6.05103e-06
-1.56857e-06
-5.17193e-06
-8.57255e-07
-4.2867e-06
-8.28822e-08
-3.44132e-06
6.64e-07
-2.65861e-06
1.29267e-06
-1.9518e-06
1.75747e-06
-1.32731e-06
2.04194e-06
-7.82982e-07
2.16337e-06
-3.15258e-07
2.13842e-06
8.31215e-08
1.99192e-06
4.24076e-07
1.74709e-06
7.32104e-07
1.42922e-06
1.04463e-06
1.08741e-06
8.07949e-07
1.41806e-06
-2.15315e-06
3.154e-06
-4.12026e-06
3.37829e-06
-5.69672e-06
2.29718e-06
-6.82706e-06
1.02693e-06
-7.47938e-06
-2.76074e-07
-7.66721e-06
-1.4657e-06
-7.45893e-06
-2.34371e-06
-6.96742e-06
-2.77441e-06
-6.29007e-06
-2.75331e-06
-5.51647e-06
-2.342e-06
-4.70874e-06
-1.6648e-06
-3.92751e-06
-8.63916e-07
-3.20289e-06
-6.04305e-08
-2.54503e-06
6.35e-07
-1.968e-06
1.18063e-06
-1.46912e-06
1.54323e-06
-1.03913e-06
1.73353e-06
-6.71803e-07
1.77121e-06
-3.57984e-07
1.67822e-06
-8.34957e-08
1.47276e-06
1.67485e-07
1.17821e-06
4.24748e-07
8.30846e-07
5.13752e-07
7.18425e-07
-2.10252e-06
5.25697e-06
-4.00688e-06
5.28296e-06
-5.51017e-06
3.80068e-06
-6.55436e-06
2.07129e-06
-7.11657e-06
2.86281e-07
-7.22255e-06
-1.35958e-06
-6.96914e-06
-2.59698e-06
-6.47382e-06
-3.26956e-06
-5.82248e-06
-3.40448e-06
-5.09505e-06
-3.06924e-06
-4.3546e-06
-2.40506e-06
-3.64241e-06
-1.57591e-06
-2.98775e-06
-7.1489e-07
-2.4252e-06
7.26462e-08
-1.94474e-06
7.00347e-07
-1.54503e-06
1.14368e-06
-1.21181e-06
1.40046e-06
-9.33183e-07
1.49269e-06
-6.9978e-07
1.4449e-06
-5.00698e-07
1.27387e-06
-3.15698e-07
9.93515e-07
-1.26654e-07
6.4114e-07
2.99014e-07
8.79824e-08
-2.06483e-06
7.32203e-06
-3.92236e-06
7.14077e-06
-5.36606e-06
5.24462e-06
-6.33239e-06
3.03782e-06
-6.80069e-06
7.54758e-07
-6.82364e-06
-1.33646e-06
-6.55468e-06
-2.86578e-06
-6.09262e-06
-3.73145e-06
-5.48132e-06
-4.0156e-06
-4.80223e-06
-3.74814e-06
-4.1129e-06
-3.0942e-06
-3.45364e-06
-2.23498e-06
-2.85315e-06
-1.31519e-06
-2.33204e-06
-4.4827e-07
-1.91287e-06
2.8135e-07
-1.58279e-06
8.13754e-07
-1.32631e-06
1.1441e-06
-1.12377e-06
1.29026e-06
-9.61674e-07
1.2829e-06
-8.31022e-07
1.14335e-06
-7.17856e-07
8.80168e-07
-6.0256e-07
5.26523e-07
1.58762e-07
-4.6297e-07
-2.03432e-06
9.3569e-06
-3.85853e-06
8.96532e-06
-5.2603e-06
6.64665e-06
-6.16571e-06
3.94345e-06
-6.53735e-06
1.12658e-06
-6.48437e-06
-1.38925e-06
-6.22995e-06
-3.12003e-06
-5.82055e-06
-4.14067e-06
-5.25716e-06
-4.5788e-06
-4.63035e-06
-4.37477e-06
-3.98993e-06
-3.73444e-06
-3.36561e-06
-2.85913e-06
-2.79061e-06
-1.89002e-06
-2.29605e-06
-9.42664e-07
-1.90059e-06
-1.1395e-07
-1.61046e-06
5.23752e-07
-1.40324e-06
9.36994e-07
-1.25951e-06
1.14662e-06
-1.16098e-06
1.18444e-06
-1.09125e-06
1.07375e-06
-1.04106e-06
8.30327e-07
-9.92554e-07
4.77406e-07
9.40516e-08
-9.27698e-07
-1.99983e-06
1.13568e-05
-3.79539e-06
1.07611e-05
-5.16422e-06
8.0157e-06
-6.00792e-06
4.78735e-06
-6.31892e-06
1.43776e-06
-6.26039e-06
-1.44762e-06
-6.03083e-06
-3.34942e-06
-5.62718e-06
-4.54416e-06
-5.10146e-06
-5.10437e-06
-4.53715e-06
-4.93891e-06
-3.956e-06
-4.31543e-06
-3.37289e-06
-3.44208e-06
-2.8134e-06
-2.44937e-06
-2.31992e-06
-1.43601e-06
-1.92381e-06
-5.09942e-07
-1.64092e-06
2.40972e-07
-1.45996e-06
7.56117e-07
-1.35471e-06
1.04144e-06
-1.30021e-06
1.13002e-06
-1.28339e-06
1.05705e-06
-1.29009e-06
8.36958e-07
-1.30358e-06
4.91728e-07
9.19446e-08
-1.30177e-06
-1.93814e-06
1.32955e-05
-3.69188e-06
1.25152e-05
-5.01768e-06
9.34172e-06
-5.78981e-06
5.55965e-06
-6.11289e-06
1.761e-06
-6.12296e-06
-1.43742e-06
-5.85967e-06
-3.61258e-06
-5.40815e-06
-4.99555e-06
-4.91819e-06
-5.59421e-06
-4.42634e-06
-5.43064e-06
-3.93136e-06
-4.8103e-06
-3.41806e-06
-3.95528e-06
-2.89507e-06
-2.97227e-06
-2.40138e-06
-1.92961e-06
-1.98807e-06
-9.23182e-07
-1.68601e-06
-6.10299e-08
-1.50434e-06
5.74488e-07
-1.41709e-06
9.54219e-07
-1.39504e-06
1.10799e-06
-1.41593e-06
1.07806e-06
-1.46471e-06
8.86029e-07
-1.52633e-06
5.52629e-07
1.45591e-07
-1.57988e-06
-1.82579e-06
1.51213e-05
-3.50443e-06
1.4194e-05
-4.75336e-06
1.05908e-05
-5.48859e-06
6.295e-06
-5.85158e-06
2.12408e-06
-5.88105e-06
-1.40786e-06
-5.54042e-06
-3.95313e-06
-5.06888e-06
-5.46702e-06
-4.64591e-06
-6.01711e-06
-4.25539e-06
-5.8211e-06
-3.86406e-06
-5.20157e-06
-3.44606e-06
-4.37323e-06
-2.99152e-06
-3.42677e-06
-2.51838e-06
-2.40273e-06
-2.08631e-06
-1.35525e-06
-1.75246e-06
-3.9488e-07
-1.54553e-06
3.67538e-07
-1.45356e-06
8.62216e-07
-1.4442e-06
1.09862e-06
-1.49013e-06
1.124e-06
-1.57234e-06
9.67921e-07
-1.67032e-06
6.51231e-07
2.39034e-07
-1.76439e-06
-1.63926e-06
1.67609e-05
-3.1934e-06
1.57482e-05
-4.32731e-06
1.17248e-05
-5.04982e-06
7.01755e-06
-5.44752e-06
2.52181e-06
-5.39608e-06
-1.45928e-06
-4.99435e-06
-4.35486e-06
-4.57917e-06
-5.8822e-06
-4.25235e-06
-6.34393e-06
-3.98108e-06
-6.09239e-06
-3.7162e-06
-5.46647e-06
-3.41268e-06
-4.67678e-06
-3.05238e-06
-3.78711e-06
-2.63611e-06
-2.81906e-06
-2.20806e-06
-1.78336e-06
-1.83839e-06
-7.64629e-07
-1.58726e-06
1.16313e-07
-1.46765e-06
7.4251e-07
-1.45506e-06
1.08591e-06
-1.50991e-06
1.17875e-06
-1.60938e-06
1.06751e-06
-1.73353e-06
7.74523e-07
3.60785e-07
-1.85528e-06
-1.36902e-06
1.81297e-05
-2.73735e-06
1.71165e-05
-3.73708e-06
1.27245e-05
-4.41817e-06
7.69861e-06
-4.77649e-06
2.88009e-06
-4.61259e-06
-1.62324e-06
-4.2313e-06
-4.73621e-06
-3.92641e-06
-6.18716e-06
-3.72487e-06
-6.54555e-06
-3.58546e-06
-6.23189e-06
-3.45403e-06
-5.59798e-06
-3.28395e-06
-4.84697e-06
-3.04257e-06
-4.0286e-06
-2.72076e-06
-3.141e-06
-2.32896e-06
-2.17531e-06
-1.94084e-06
-1.1529e-06
-1.63512e-06
-1.89579e-07
-1.46956e-06
5.76775e-07
-1.43157e-06
1.04776e-06
-1.4814e-06
1.2284e-06
-1.58686e-06
1.17258e-06
-1.72303e-06
9.11218e-07
4.9845e-07
-1.86129e-06
-1.01954e-06
1.91495e-05
-2.14197e-06
1.8239e-05
-2.97847e-06
1.35609e-05
-3.54918e-06
8.26923e-06
-3.74164e-06
3.07243e-06
-3.52464e-06
-1.84036e-06
-3.2765e-06
-4.98448e-06
-3.12141e-06
-6.34239e-06
-3.07153e-06
-6.59556e-06
-3.07145e-06
-6.23212e-06
-3.07575e-06
-5.59384e-06
-3.03924e-06
-4.88365e-06
-2.92736e-06
-4.14066e-06
-2.71789e-06
-3.35066e-06
-2.41096e-06
-2.48244e-06
-2.0411e-06
-1.52297e-06
-1.69453e-06
-5.36368e-07
-1.46497e-06
3.46984e-07
-1.38198e-06
9.64526e-07
-1.41444e-06
1.26065e-06
-1.51367e-06
1.27177e-06
-1.65022e-06
1.04668e-06
6.40087e-07
-1.79211e-06
-6.22798e-07
1.9772e-05
-1.44661e-06
1.90627e-05
-2.07936e-06
1.41936e-05
-2.44494e-06
8.63469e-06
-2.40354e-06
3.03088e-06
-2.21232e-06
-2.03174e-06
-2.14309e-06
-5.05388e-06
-2.17922e-06
-6.30644e-06
-2.30303e-06
-6.47193e-06
-2.45794e-06
-6.0774e-06
-2.5946e-06
-5.45738e-06
-2.68282e-06
-4.79563e-06
-2.69468e-06
-4.12902e-06
-2.60988e-06
-3.43568e-06
-2.41396e-06
-2.6786e-06
-2.11108e-06
-1.8261e-06
-1.76041e-06
-8.87293e-07
-1.46977e-06
5.60882e-08
-1.32061e-06
8.15112e-07
-1.31414e-06
1.2539e-06
-1.39812e-06
1.35513e-06
-1.52536e-06
1.17427e-06
7.79182e-07
-1.66538e-06
-2.30227e-07
2.00025e-05
-7.15202e-07
1.95476e-05
-1.10588e-06
1.45841e-05
-1.2102e-06
8.73885e-06
-9.64175e-07
2.78468e-06
-8.36174e-07
-2.15992e-06
-9.36751e-07
-4.95349e-06
-1.176e-06
-6.06738e-06
-1.48938e-06
-6.15875e-06
-1.79598e-06
-5.77101e-06
-2.04945e-06
-5.20412e-06
-2.23726e-06
-4.60804e-06
-2.34843e-06
-4.01808e-06
-2.37351e-06
-3.41084e-06
-2.29628e-06
-2.75607e-06
-2.1028e-06
-2.01983e-06
-1.80985e-06
-1.1805e-06
-1.48455e-06
-2.69469e-07
-1.26369e-06
5.93981e-07
-1.20098e-06
1.19089e-06
-1.25756e-06
1.41165e-06
-1.36955e-06
1.28521e-06
9.07514e-07
-1.498e-06
1.10598e-07
1.98916e-05
-5.35154e-08
1.97116e-05
-1.78048e-07
1.47086e-05
-2.91235e-08
8.58983e-06
3.04408e-07
2.45104e-06
3.56907e-07
-2.21253e-06
1.25996e-07
-4.7227e-06
-2.90781e-07
-5.65072e-06
-7.55583e-07
-5.69406e-06
-1.17304e-06
-5.35368e-06
-1.50126e-06
-4.87603e-06
-1.74518e-06
-4.36426e-06
-1.91862e-06
-3.84477e-06
-2.02324e-06
-3.30637e-06
-2.04718e-06
-2.73226e-06
-1.97049e-06
-2.09668e-06
-1.78119e-06
-1.36995e-06
-1.49989e-06
-5.50916e-07
-1.23278e-06
3.26734e-07
-1.10123e-06
1.05918e-06
-1.11799e-06
1.42802e-06
-1.2096e-06
1.37744e-06
1.01855e-06
-1.32109e-06
3.56052e-07
1.95355e-05
4.83266e-07
1.95843e-05
5.71582e-07
1.46201e-05
8.7952e-07
8.28177e-06
1.23358e-06
2.09685e-06
1.22649e-06
-2.20558e-06
8.77417e-07
-4.37376e-06
3.30813e-07
-5.10426e-06
-2.1759e-07
-5.1458e-06
-6.68706e-07
-4.9027e-06
-1.00529e-06
-4.53958e-06
-1.25321e-06
-4.11649e-06
-1.43987e-06
-3.65826e-06
-1.57847e-06
-3.16792e-06
-1.66687e-06
-2.64402e-06
-1.6887e-06
-2.07499e-06
-1.62071e-06
-1.4381e-06
-1.45111e-06
-7.20661e-07
-1.21164e-06
8.709e-08
-1.03855e-06
8.85941e-07
-1.00977e-06
1.39934e-06
-1.07511e-06
1.44184e-06
1.1037e-06
-1.16047e-06
4.64494e-07
1.90707e-05
7.72745e-07
1.92758e-05
9.76309e-07
1.44163e-05
1.34477e-06
7.91302e-06
1.67112e-06
1.77021e-06
1.59428e-06
-2.12903e-06
1.14862e-06
-3.92839e-06
5.77241e-07
-4.53317e-06
7.1913e-08
-4.64077e-06
-3.10777e-07
-4.52031e-06
-5.85604e-07
-4.26506e-06
-7.86066e-07
-3.91633e-06
-9.42332e-07
-3.50229e-06
-1.06956e-06
-3.04101e-06
-1.17397e-06
-2.53991e-06
-1.24967e-06
-1.9996e-06
-1.27807e-06
-1.41e-06
-1.23541e-06
-7.63633e-07
-1.12633e-06
-2.22961e-08
-1.00103e-06
7.60342e-07
-9.71719e-07
1.3694e-06
-1.04133e-06
1.51149e-06
1.14321e-06
-1.08126e-06
4.05251e-07
8.29659e-07
1.05299e-06
1.22483e-06
1.29301e-06
1.20119e-06
8.5848e-07
4.83808e-07
1.81881e-07
-3.80117e-08
-1.97943e-07
-3.17902e-07
-4.14052e-07
-4.97998e-07
-5.77685e-07
-6.56504e-07
-7.32326e-07
-7.99274e-07
-8.34802e-07
-8.60424e-07
-8.98504e-07
-9.09058e-07
-8.1109e-07
2.18905e-05
-7.72549e-06
2.66588e-05
-4.76814e-06
2.75081e-05
-8.49358e-07
2.81794e-07
2.72262e-05
9.3355e-06
-4.73401e-06
8.58272e-06
-4.01517e-06
9.92226e-06
-2.18886e-06
-1.34942e-06
1.15535e-05
-3.59862e-06
-1.98732e-06
-4.4049e-06
-3.20884e-06
-3.50246e-06
-3.09121e-06
-2.91047e-06
-1.94133e-06
-1.42036e-05
-2.20164e-06
-1.42353e-05
-3.17698e-06
-1.31069e-05
-4.2195e-06
-5.01804e-06
-1.09993e-05
-1.65282e-05
-4.50527e-06
-1.46933e-05
-5.01186e-06
-1.34889e-05
-5.42397e-06
-5.54258e-06
-1.29644e-05
-2.27766e-05
-6.09206e-06
-2.15687e-05
-6.21983e-06
-2.06956e-05
-6.29728e-06
-6.31731e-06
-1.9921e-05
-2.7151e-05
-7.09278e-06
-2.57852e-05
-7.58499e-06
-2.46086e-05
-7.47315e-06
-7.70151e-06
-2.32241e-05
-2.57192e-05
-3.29142e-06
-2.57159e-05
-7.58704e-06
-1.98321e-05
-1.33578e-05
-1.04244e-05
-1.7109e-05
-5.00654e-06
-2.10842e-05
4.91159e-06
-1.7509e-05
6.76087e-06
-1.52084e-05
-1.03226e-05
6.65973e-06
-7.30425e-06
-1.23168e-05
-1.46341e-05
-1.01789e-05
-2.15328e-05
-8.30804e-06
-4.79362e-06
-2.70607e-05
-6.07628e-07
-6.92499e-06
-4.54939e-06
-6.23515e-06
-7.52212e-06
-5.33396e-06
-3.45996e-06
-8.85425e-06
8.60026e-06
-4.54446e-06
6.21102e-06
-3.84593e-06
3.7933e-06
-2.91458e-06
-1.63833e-06
1.97257e-06
8.68077e-06
-1.97913e-06
5.21153e-06
-3.75504e-07
1.54732e-06
7.50148e-07
-5.65261e-07
4.75098e-07
2.99582e-06
2.04228e-06
-1.90234e-06
4.52226e-06
-4.47205e-06
3.32082e-06
-2.31168e-06
-2.72512e-06
-2.33269e-06
6.98547e-06
-6.40457e-06
8.59495e-06
-5.30318e-06
2.21978e-06
-5.20732e-06
-2.40703e-06
-1.69747e-08
9.28659e-06
-1.86148e-06
1.04391e-05
-2.13286e-06
2.49181e-06
-6.18111e-06
-1.15869e-06
7.61185e-06
8.00999e-06
8.03639e-06
1.00151e-05
4.72864e-06
5.79976e-06
-1.47041e-06
1.84228e-08
1.04551e-05
6.16924e-06
1.21771e-05
8.29271e-06
1.06495e-05
7.32811e-06
4.54741e-06
4.63212e-06
1.00478e-05
4.74294e-06
1.17967e-05
6.54452e-06
1.21373e-05
6.9877e-06
6.24986e-06
1.04355e-05
9.13409e-06
3.58834e-06
1.0882e-05
4.79602e-06
1.22982e-05
5.5723e-06
5.60975e-06
1.29387e-05
8.13454e-06
2.5942e-06
9.6571e-06
3.27427e-06
1.13329e-05
3.89657e-06
4.19951e-06
1.27437e-05
6.75962e-06
1.75921e-06
7.95486e-06
2.07853e-06
9.41455e-06
2.43781e-06
2.6976e-06
1.09168e-05
5.06956e-06
1.15293e-06
5.87181e-06
1.27752e-06
6.87766e-06
1.43214e-06
1.54736e-06
8.02854e-06
3.56221e-06
7.6839e-07
4.04745e-06
7.91537e-07
4.65293e-06
8.27626e-07
8.32902e-07
5.36765e-06
2.46131e-06
5.11717e-07
2.7668e-06
4.87154e-07
3.13601e-06
4.58278e-07
3.94785e-07
3.57463e-06
1.61285e-06
3.16866e-07
1.83649e-06
2.62627e-07
2.10196e-06
1.93677e-07
8.64037e-08
2.41054e-06
8.70732e-07
1.64676e-07
1.04916e-06
8.55084e-08
1.25687e-06
-1.42178e-08
-1.51586e-07
1.49534e-06
2.06585e-07
4.58691e-08
3.42436e-07
-5.1555e-08
5.05031e-07
-1.76015e-07
-3.36601e-07
6.90069e-07
-3.82721e-07
-3.46517e-08
-2.82781e-07
-1.50325e-07
-1.63739e-07
-2.95526e-07
-4.76105e-07
-2.38746e-08
-8.80027e-07
-8.23483e-08
-8.17705e-07
-2.13755e-07
-7.36313e-07
-3.76098e-07
-5.73731e-07
-6.38648e-07
-1.28358e-06
-1.00214e-07
-1.2508e-06
-2.44981e-07
-1.20562e-06
-4.2158e-07
-6.33925e-07
-1.14504e-06
-1.58603e-06
-9.41292e-08
-1.58308e-06
-2.49207e-07
-1.5673e-06
-4.36596e-07
-6.60464e-07
-1.5409e-06
-1.79096e-06
-6.78075e-08
-1.80886e-06
-2.30148e-07
-1.8192e-06
-4.26958e-07
-6.5899e-07
-1.82052e-06
-1.89643e-06
-2.68783e-08
-1.93264e-06
-1.95383e-07
-1.96094e-06
-3.9817e-07
-6.35204e-07
-1.98499e-06
-1.91252e-06
2.42837e-08
-1.95794e-06
-1.48815e-07
-2.00137e-06
-3.5554e-07
-5.95529e-07
-2.04101e-06
-1.84827e-06
7.99073e-08
-1.90127e-06
-9.76102e-08
-1.94976e-06
-3.06795e-07
-5.47797e-07
-1.99798e-06
-1.72143e-06
1.35299e-07
-1.77178e-06
-4.65038e-08
-1.82094e-06
-2.58789e-07
-4.99659e-07
-1.86921e-06
-1.54894e-06
1.85771e-07
-1.5945e-06
-2.65978e-09
-1.63477e-06
-2.18306e-07
-4.60034e-07
-1.67483e-06
-1.36145e-06
2.26071e-07
-1.39254e-06
2.95495e-08
-1.41709e-06
-1.94632e-07
-4.40927e-07
-1.43623e-06
-1.18483e-06
2.5006e-07
-1.19757e-06
4.06039e-08
-1.18278e-06
-2.09112e-07
-4.6443e-07
-1.1596e-06
-1.03178e-06
2.00122e-07
-9.54758e-07
-3.55129e-08
-8.76431e-07
-2.88095e-07
-5.4065e-07
-8.00526e-07
-7.13278e-07
-5.87543e-07
-4.52716e-07
-3.40247e-07
2.18829e-05
-5.58055e-06
1.94458e-05
-7.90585e-06
1.88133e-05
-7.53855e-06
1.92055e-05
-6.33883e-06
1.831e-05
-3.49028e-06
1.85442e-05
2.03072e-07
2.0307e-05
5.00739e-06
2.43414e-05
6.95042e-07
2.0411e-05
1.44853e-06
6.82257e-06
1.22714e-05
-8.7513e-06
1.23776e-05
-1.76375e-05
-3.62338e-06
-1.29315e-05
-9.52671e-06
-1.23211e-06
2.89645e-06
9.6941e-06
1.02041e-05
1.45478e-05
2.67093e-06
1.21512e-05
-2.30505e-06
4.94963e-06
3.95099e-06
2.18041e-05
1.20427e-05
-6.06969e-06
1.02967e-05
-6.15968e-06
1.02223e-05
-7.46405e-06
1.04735e-05
-6.59004e-06
1.04238e-05
-3.44046e-06
1.25743e-05
-1.94738e-06
1.71842e-05
3.97492e-07
1.81371e-05
-2.57802e-07
1.20245e-05
7.56108e-06
5.24462e-06
1.90513e-05
-4.10469e-06
2.17269e-05
-1.73634e-05
9.63535e-06
-2.07683e-05
-6.12178e-06
-1.20066e-05
-5.86525e-06
-1.85635e-07
-1.61694e-06
4.98627e-06
-2.50099e-06
1.25097e-06
1.43023e-06
-2.53307e-06
7.73504e-06
1.9271e-05
-8.6871e-07
-7.14221e-06
-2.23745e-06
-4.7908e-06
-4.09075e-06
-5.61063e-06
-3.33681e-06
-7.34386e-06
-3.39836e-06
-3.37885e-06
-1.87856e-07
-5.15782e-06
2.76344e-06
-2.55376e-06
-7.27565e-07
3.23324e-06
-1.19173e-06
8.02528e-06
2.77923e-06
1.50804e-05
4.02049e-06
2.04856e-05
-6.52967e-06
2.01855e-05
-1.68658e-05
4.21434e-06
-1.52877e-05
-7.44335e-06
-9.64799e-06
-7.2566e-06
-9.08408e-06
-3.0649e-06
-1.15982e-05
3.9444e-06
-1.13605e-05
7.49732e-06
7.91048e-06
-7.02225e-06
-1.11192e-05
-4.89533e-06
-6.91768e-06
-9.4172e-06
-1.08865e-06
-1.40246e-05
-2.73636e-06
-1.75794e-05
1.76045e-07
-1.76546e-05
-5.08258e-06
-1.61609e-05
-4.04736e-06
-1.44621e-05
1.53448e-06
-9.76488e-06
3.3281e-06
-2.389e-06
7.7045e-06
6.81555e-07
1.74151e-05
-2.32671e-06
2.31938e-05
-7.76907e-06
9.65672e-06
-1.3862e-05
-1.35043e-06
-1.7484e-05
-3.63453e-06
-2.02548e-05
-2.94034e-07
-2.2286e-05
5.97561e-06
-1.81865e-05
3.39786e-06
-1.0276e-05
-1.13093e-05
-1.27745e-05
-7.59642e-06
-1.06306e-05
-9.66527e-06
9.80199e-07
-1.85695e-05
6.16788e-06
-2.08844e-05
2.49101e-06
-1.83833e-05
-7.58365e-06
-1.76929e-05
-4.73768e-06
-1.64201e-05
2.61698e-07
-1.51196e-05
2.02764e-06
-1.07998e-05
3.38472e-06
-5.11388e-06
1.17291e-05
-3.9526e-07
1.84751e-05
-1.8626e-06
1.1124e-05
-7.47301e-06
4.26e-06
-1.25882e-05
1.48077e-06
-1.57104e-05
2.82826e-06
-1.59252e-05
6.19041e-06
-9.6154e-06
-2.91194e-06
-1.98914e-05
-1.84619e-05
-1.42335e-05
-1.68675e-05
-1.22249e-05
-1.17634e-05
-4.12389e-06
-8.86264e-06
3.26717e-06
-7.19791e-06
8.26297e-07
-9.38598e-06
-5.39558e-06
-1.15094e-05
-2.61424e-06
-1.18708e-05
6.23054e-07
-1.2832e-05
2.98885e-06
-1.18683e-05
2.42099e-06
-6.36493e-06
6.22573e-06
1.8454e-07
1.19256e-05
2.26431e-06
9.04425e-06
8.42416e-07
5.68192e-06
-8.7925e-07
3.20249e-06
-5.6364e-07
2.51266e-06
3.88832e-06
1.73847e-06
6.1704e-06
-5.19406e-06
-1.3721e-05
-2.22059e-05
-1.52512e-05
-2.09869e-05
-1.34435e-05
-1.39145e-05
-1.11961e-05
-1.70663e-06
-8.94062e-06
5.39365e-06
-6.2739e-06
7.85e-07
-7.86927e-07
-2.25926e-06
4.30005e-07
-3.33568e-06
1.69949e-06
-4.37579e-06
4.02896e-06
-6.46796e-06
4.51316e-06
-5.27204e-06
5.02978e-06
-1.33912e-07
6.78749e-06
3.64029e-06
5.27004e-06
6.00142e-06
3.32078e-06
8.86943e-06
3.34462e-07
1.33617e-05
-1.97962e-06
1.82913e-05
-3.19123e-06
1.44539e-05
-1.3566e-06
7.32844e-07
-2.35462e-05
-8.81321e-06
-2.48084e-05
-1.21794e-05
-1.76663e-05
-1.83359e-05
-6.76834e-06
-1.98364e-05
-2.23467e-06
-1.08068e-05
-2.35563e-06
-6.66157e-07
-6.54106e-06
4.61528e-06
-8.67785e-06
3.83614e-06
-7.15557e-06
2.50653e-06
-7.22048e-06
4.57798e-06
-5.19108e-06
3.00041e-06
1.42929e-06
1.67135e-07
6.5424e-06
1.56891e-07
9.85131e-06
1.18255e-08
1.39737e-05
-3.78804e-06
1.85203e-05
-6.52631e-06
1.98586e-05
-4.5295e-06
1.07306e-05
7.77145e-06
1.14634e-05
1.5004e-06
-3.65352e-06
-9.66394e-06
-1.01464e-06
-1.79564e-05
-1.0043e-05
-2.83945e-05
-9.3975e-06
-3.81109e-05
-1.09009e-06
-3.95449e-05
7.6862e-07
-3.37267e-05
-1.20278e-06
-3.07519e-05
8.61828e-07
-2.17138e-05
-6.53122e-06
-1.29104e-05
-4.22504e-06
-3.72273e-06
-6.18714e-06
1.12742e-06
-4.68277e-06
4.28909e-06
-3.00442e-06
5.7095e-06
-1.40857e-06
3.56484e-06
-1.64348e-06
-1.39257e-06
-1.56891e-06
-4.00944e-06
-1.91254e-06
-1.1362e-06
4.89827e-06
1.03272e-05
-2.45805e-05
-6.13249e-06
-2.07348e-05
-4.86082e-06
-2.25409e-05
-8.23799e-06
-2.41059e-05
-7.83402e-06
-1.76467e-05
-7.54886e-06
-5.78369e-06
-1.10937e-05
8.90836e-06
-1.58938e-05
2.24307e-05
-1.26596e-05
2.16521e-05
-5.7514e-06
1.57899e-05
1.63802e-06
4.91137e-06
4.6923e-06
-7.43215e-06
7.66177e-06
-2.19981e-05
1.15616e-05
-3.09292e-05
7.52302e-06
-7.99634e-06
-2.4576e-05
7.02788e-06
-1.65929e-05
8.80016e-06
-3.68474e-06
3.40147e-07
1.33585e-05
1.06675e-05
-8.7081e-06
-6.27735e-06
-1.0602e-05
-2.96594e-06
-1.63275e-05
-2.51175e-06
-1.9189e-05
-4.97186e-06
-1.56535e-05
-1.10838e-05
-6.12005e-06
-2.06266e-05
3.14692e-06
-2.51603e-05
8.09468e-06
-1.76069e-05
1.15177e-06
1.19212e-06
-8.83256e-06
1.16233e-05
-1.51467e-05
1.10074e-05
-1.40254e-05
6.54134e-06
-9.20112e-06
6.73821e-06
-2.66131e-06
9.83456e-07
-7.41375e-06
-1.98229e-05
-8.99408e-06
-1.5012e-05
-8.98854e-06
-3.68943e-06
-1.78465e-06
6.15533e-06
8.88281e-06
2.11537e-06
-6.41916e-06
2.21376e-07
-1.07125e-06
-6.20128e-06
3.91151e-06
-1.18146e-05
6.4198e-07
-1.07136e-05
-1.21842e-05
-4.81421e-06
-2.65255e-05
-2.81931e-06
-2.71548e-05
-1.79745e-06
-1.86283e-05
-4.88235e-06
4.27763e-06
-9.54615e-06
1.62877e-05
-1.02244e-05
1.16864e-05
-8.61146e-06
4.92922e-06
-9.93063e-06
8.05804e-06
-1.07836e-05
1.8372e-06
-1.99039e-05
-1.07019e-05
-2.15194e-05
-1.33957e-05
-1.29231e-05
-1.22848e-05
-3.53929e-07
-6.41302e-06
8.52943e-06
4.21612e-06
-1.01595e-05
5.53491e-06
-2.38968e-06
6.41222e-07
8.80552e-06
-4.8243e-06
6.10795e-06
-5.21695e-06
-1.17911e-05
-4.19119e-06
-2.75509e-05
-7.08571e-06
-2.42598e-05
-9.78931e-06
-1.59242e-05
-5.89801e-06
3.86896e-07
-5.5033e-06
1.58937e-05
-1.9292e-06
8.11292e-06
-6.07011e-07
3.60767e-06
-3.70766e-06
1.11594e-05
-1.14433e-05
9.57358e-06
-1.71531e-05
-4.99151e-06
-1.46865e-05
-1.58617e-05
-5.58675e-06
-2.1384e-05
1.28535e-06
-1.32841e-05
9.81541e-06
2.38888e-06
-1.52731e-05
4.33524e-06
-4.33587e-06
2.84819e-06
1.02928e-05
-3.10522e-07
9.26689e-06
-2.08755e-06
-1.00138e-05
-5.62626e-06
-2.40117e-05
-1.20926e-05
-1.7793e-05
-1.72706e-05
-1.07457e-05
-1.37438e-05
-3.13931e-06
-6.11455e-06
8.26504e-06
-2.75609e-06
4.75508e-06
-4.23878e-06
5.09098e-06
-4.60251e-06
1.15238e-05
-7.82514e-06
1.27969e-05
-1.08425e-05
-1.97348e-06
-7.98608e-06
-1.87175e-05
-3.47194e-06
-2.58974e-05
3.44515e-07
-1.71001e-05
1.01605e-05
-1.3921e-07
-1.75405e-05
-3.8513e-08
-4.43643e-06
5.50207e-07
9.70413e-06
-1.49819e-06
1.13155e-05
-4.53546e-06
-6.9762e-06
-1.16045e-05
-1.69423e-05
-1.92902e-05
-1.01068e-05
-2.36867e-05
-6.34856e-06
-2.3971e-05
-2.85445e-06
-1.76304e-05
1.92502e-06
-1.52323e-05
2.35765e-06
-1.48104e-05
4.66968e-06
-1.13129e-05
8.02688e-06
-7.77025e-06
9.25496e-06
-6.78577e-06
-2.9573e-06
-5.53386e-06
-1.99688e-05
-3.9963e-06
-2.74345e-05
2.9917e-08
-2.11254e-05
1.01906e-05
-2.92041e-06
-1.57784e-05
-5.83968e-06
-1.51703e-06
-6.51057e-06
1.03751e-05
-7.99686e-06
1.2802e-05
-1.25006e-05
-2.47213e-06
-2.12121e-05
-8.23031e-06
-2.78094e-05
-3.50899e-06
-3.09899e-05
-3.16752e-06
-3.21613e-05
-1.68251e-06
-2.98278e-05
-4.07829e-07
-2.58582e-05
-1.6113e-06
-2.00514e-05
-1.13647e-06
-1.35866e-05
1.56277e-06
-7.36749e-06
3.03656e-06
-4.31117e-06
-6.01292e-06
-4.71547e-06
-1.95639e-05
-3.74727e-06
-2.8402e-05
-3.70719e-07
-2.45017e-05
9.82051e-06
-6.31146e-06
-9.44813e-06
-8.65305e-06
8.24717e-07
-7.96839e-06
9.69056e-06
-8.4877e-06
1.33215e-05
-1.54812e-05
4.52167e-06
-2.14588e-05
-2.25227e-06
-2.44298e-05
-5.37466e-07
-2.55229e-05
-2.07399e-06
-2.4697e-05
-2.50781e-06
-2.22017e-05
-2.90253e-06
-1.8522e-05
-5.29039e-06
-1.3533e-05
-6.12479e-06
-8.00385e-06
-3.96575e-06
-3.43316e-06
-1.53345e-06
-1.44951e-06
-7.99591e-06
-3.40368e-06
-1.76091e-05
-3.81864e-06
-2.79866e-05
-2.98086e-06
-2.53384e-05
6.83973e-06
-5.46549e-06
6.49974e-07
-6.69324e-06
2.0527e-06
-3.47635e-06
6.47383e-06
-1.36011e-06
1.12055e-05
-6.51181e-06
9.6737e-06
-1.02135e-05
1.44986e-06
-1.09445e-05
1.94024e-07
-1.17287e-05
-1.28929e-06
-1.17109e-05
-2.52502e-06
-9.37787e-06
-5.23503e-06
-6.6674e-06
-8.00024e-06
-3.46393e-06
-9.32761e-06
-9.20685e-08
-7.33694e-06
2.57448e-06
-4.19928e-06
2.35791e-06
-7.77866e-06
-1.21019e-06
-1.40404e-05
-4.0827e-06
-2.51133e-05
-5.26431e-06
-2.41566e-05
1.57616e-06
2.66019e-06
8.42568e-06
-1.05692e-06
5.77006e-06
5.3598e-07
4.88111e-06
4.52697e-06
7.2147e-06
5.88357e-06
8.31742e-06
5.06042e-06
2.2734e-06
4.93035e-06
3.24545e-07
4.32598e-06
-6.84427e-07
3.95126e-06
-2.14976e-06
3.8309e-06
-5.11409e-06
4.053e-06
-8.22174e-06
4.60535e-06
-9.87933e-06
5.93321e-06
-8.66412e-06
8.58801e-06
-6.85341e-06
8.00031e-06
-7.19028e-06
3.56309e-06
-9.6025e-06
-1.76696e-06
-1.97829e-05
-4.62442e-06
-2.1298e-05
-3.04825e-06
1.1483e-05
9.88187e-06
9.68162e-06
7.57171e-06
8.3844e-06
6.17857e-06
9.90648e-06
5.69288e-06
1.27286e-05
5.49563e-06
1.36956e-05
1.30673e-06
1.46995e-05
-6.78893e-07
1.57635e-05
-1.748e-06
1.62829e-05
-2.66862e-06
1.55624e-05
-4.393e-06
1.41189e-05
-6.77764e-06
1.26768e-05
-8.43667e-06
1.25002e-05
-8.48689e-06
1.32726e-05
-7.62512e-06
1.23061e-05
-6.22313e-06
8.95728e-06
-6.25304e-06
2.80772e-06
-1.36325e-05
-1.61034e-06
-1.68798e-05
-4.65779e-06
1.43194e-05
8.30664e-06
1.53885e-05
6.50287e-06
1.63037e-05
5.26368e-06
1.75729e-05
4.42388e-06
1.98222e-05
3.24664e-06
2.04953e-05
6.33945e-07
2.11902e-05
-1.3734e-06
2.19112e-05
-2.4685e-06
2.25462e-05
-3.30318e-06
2.25616e-05
-4.40785e-06
2.15048e-05
-5.72037e-06
1.96322e-05
-6.56349e-06
1.79275e-05
-6.78156e-06
1.65629e-05
-6.25988e-06
1.4895e-05
-4.55458e-06
1.1813e-05
-3.17045e-06
6.14898e-06
-7.96817e-06
7.62977e-07
-1.14926e-05
-3.89491e-06
1.35431e-05
5.68098e-06
1.56218e-05
4.42442e-06
1.76056e-05
3.28018e-06
1.97242e-05
2.30547e-06
2.18096e-05
1.16163e-06
2.29403e-05
-4.96461e-07
2.36328e-05
-2.06552e-06
2.43237e-05
-3.15903e-06
2.49439e-05
-3.92296e-06
2.51176e-05
-4.58105e-06
2.44866e-05
-5.08887e-06
2.30732e-05
-5.14945e-06
2.09996e-05
-4.70744e-06
1.85458e-05
-3.80543e-06
1.59161e-05
-1.92432e-06
1.3028e-05
-2.81816e-07
7.89155e-06
-2.83095e-06
2.1061e-06
-5.70725e-06
-1.78799e-06
1.05241e-05
3.1858e-06
1.26483e-05
2.3005e-06
1.46164e-05
1.31231e-06
1.65768e-05
3.45275e-07
1.84342e-05
-6.95428e-07
1.98578e-05
-1.91975e-06
2.09062e-05
-3.11358e-06
2.17804e-05
-4.03287e-06
2.24914e-05
-4.6336e-06
2.2868e-05
-4.95721e-06
2.27198e-05
-4.94017e-06
2.19757e-05
-4.40485e-06
2.05497e-05
-3.28094e-06
1.83817e-05
-1.6369e-06
1.58074e-05
6.5053e-07
1.29051e-05
2.62095e-06
8.31362e-06
1.76078e-06
2.77345e-06
-1.6586e-07
9.85242e-07
7.11737e-06
1.43654e-06
8.76365e-06
6.54512e-07
1.03365e-05
-2.60328e-07
1.19072e-05
-1.2252e-06
1.34253e-05
-2.21331e-06
1.47458e-05
-3.23993e-06
1.58406e-05
-4.20813e-06
1.67767e-05
-4.96865e-06
1.75704e-05
-5.42685e-06
1.81354e-05
-5.52181e-06
1.83408e-05
-5.14513e-06
1.808e-05
-4.14361e-06
1.72515e-05
-2.45189e-06
1.57436e-05
-1.2847e-07
1.36564e-05
2.73821e-06
1.10922e-05
5.18558e-06
7.25106e-06
5.60264e-06
2.56578e-06
4.51917e-06
3.55184e-06
4.71624e-06
2.95264e-07
5.86566e-06
-4.94683e-07
7.00289e-06
-1.39738e-06
8.13869e-06
-2.36081e-06
9.25849e-06
-3.33291e-06
1.03023e-05
-4.28347e-06
1.12372e-05
-5.14275e-06
1.20726e-05
-5.80384e-06
1.28097e-05
-6.16361e-06
1.34003e-05
-6.112e-06
1.37504e-05
-5.49487e-06
1.37431e-05
-4.13591e-06
1.32545e-05
-1.96286e-06
1.21978e-05
9.28685e-07
1.06471e-05
4.28939e-06
8.50677e-06
7.32629e-06
5.41746e-06
8.69205e-06
2.03197e-06
7.90587e-06
5.58349e-06
3.2153e-06
-5.09095e-07
4.04562e-06
-1.32478e-06
4.88106e-06
-2.23266e-06
5.71654e-06
-3.19613e-06
6.54227e-06
-4.15845e-06
7.32927e-06
-5.07027e-06
8.05091e-06
-5.86417e-06
8.69893e-06
-6.45161e-06
9.26911e-06
-6.73351e-06
9.739e-06
-6.58157e-06
1.00502e-05
-5.80572e-06
1.00976e-05
-4.18291e-06
9.76189e-06
-1.62678e-06
8.97838e-06
1.7126e-06
7.71015e-06
5.55799e-06
5.89053e-06
9.14627e-06
3.58888e-06
1.09944e-05
1.40493e-06
1.00894e-05
6.98921e-06
2.09644e-06
-1.11001e-06
2.73095e-06
-1.95913e-06
3.38813e-06
-2.88972e-06
4.05207e-06
-3.85995e-06
4.70502e-06
-4.81127e-06
5.31949e-06
-5.68459e-06
5.86881e-06
-6.41331e-06
6.33668e-06
-6.91927e-06
6.71803e-06
-7.11462e-06
7.01191e-06
-6.87519e-06
7.20059e-06
-5.99412e-06
7.20753e-06
-4.18954e-06
6.90255e-06
-1.32146e-06
6.1987e-06
2.41679e-06
5.04084e-06
6.71619e-06
3.55331e-06
1.06341e-05
2.09639e-06
1.24512e-05
9.00221e-07
1.12867e-05
7.889e-06
1.138e-06
-1.55766e-06
1.62902e-06
-2.45001e-06
2.15344e-06
-3.41404e-06
2.69391e-06
-4.40033e-06
3.22781e-06
-5.34506e-06
3.72448e-06
-6.18114e-06
4.1511e-06
-6.8398e-06
4.48132e-06
-7.24933e-06
4.70321e-06
-7.33633e-06
4.82628e-06
-6.99805e-06
4.86951e-06
-6.03711e-06
4.80486e-06
-4.12463e-06
4.49923e-06
-1.01554e-06
3.83421e-06
3.08209e-06
2.79775e-06
7.75291e-06
1.74956e-06
1.16825e-05
1.07254e-06
1.31288e-05
5.79543e-07
1.17791e-05
8.4693e-06
2.97878e-07
-1.87927e-06
6.65696e-07
-2.81775e-06
1.07365e-06
-3.82195e-06
1.50483e-06
-4.83148e-06
1.93512e-06
-5.77531e-06
2.33353e-06
-6.57949e-06
2.6627e-06
-7.16889e-06
2.88654e-06
-7.47308e-06
2.98222e-06
-7.43189e-06
2.95364e-06
-6.96933e-06
2.84408e-06
-5.92739e-06
2.69089e-06
-3.97124e-06
2.41181e-06
-7.36258e-07
1.85218e-06
3.64194e-06
1.07172e-06
8.53358e-06
5.74092e-07
1.21804e-05
4.97199e-07
1.32056e-05
3.99879e-07
1.18775e-05
8.86864e-06
-4.25621e-07
-2.09205e-06
-1.67035e-07
-3.07628e-06
1.34566e-07
-4.12355e-06
4.61964e-07
-5.15889e-06
7.92502e-07
-6.10586e-06
1.09571e-06
-6.8827e-06
1.33507e-06
-7.40823e-06
1.46738e-06
-7.60535e-06
1.45991e-06
-7.42437e-06
1.29968e-06
-6.80902e-06
1.02752e-06
-5.65513e-06
7.44369e-07
-3.68798e-06
5.32159e-07
-5.2391e-07
2.49634e-07
3.92461e-06
-1.119e-07
8.89524e-06
-6.70921e-08
1.21357e-05
2.39601e-07
1.28993e-05
2.82428e-07
1.18339e-05
9.15176e-06
-1.02815e-06
-2.20893e-06
-8.61054e-07
-3.24342e-06
-6.5642e-07
-4.32828e-06
-4.29903e-07
-5.38551e-06
-2.03451e-07
-6.3324e-06
-3.33019e-09
-7.0829e-06
1.36522e-07
-7.54815e-06
1.82296e-07
-7.65118e-06
8.4947e-08
-7.32705e-06
-1.71709e-07
-6.55238e-06
-5.60375e-07
-5.26646e-06
-9.38709e-07
-3.30961e-06
-1.1078e-06
-3.54786e-07
-1.04017e-06
3.85703e-06
-8.35951e-07
8.69108e-06
-3.64251e-07
1.1664e-05
1.35867e-07
1.23989e-05
1.66308e-07
1.18044e-05
9.31741e-06
-1.50034e-06
-2.24944e-06
-1.41803e-06
-3.32582e-06
-1.3051e-06
-4.44137e-06
-1.17777e-06
-5.51301e-06
-1.05456e-06
-6.45578e-06
-9.56008e-07
-7.18162e-06
-9.0874e-07
-7.59557e-06
-9.49537e-07
-7.61052e-06
-1.11988e-06
-7.15682e-06
-1.4603e-06
-6.21206e-06
-1.93888e-06
-4.78796e-06
-2.38459e-06
-2.86397e-06
-2.48842e-06
-2.51011e-07
-2.00493e-06
3.37348e-06
-1.2169e-06
7.90297e-06
-4.30515e-07
1.08775e-05
8.84616e-08
1.18802e-05
1.70909e-08
1.18748e-05
9.33509e-06
-1.84339e-06
-2.22673e-06
-1.83377e-06
-3.33568e-06
-1.80653e-06
-4.46888e-06
-1.77718e-06
-5.54264e-06
-1.76007e-06
-6.47317e-06
-1.76929e-06
-7.17266e-06
-1.81981e-06
-7.5453e-06
-1.93624e-06
-7.49432e-06
-2.15662e-06
-6.93668e-06
-2.5243e-06
-5.84459e-06
-3.03572e-06
-4.27674e-06
-3.52363e-06
-2.37625e-06
-3.56359e-06
-2.11225e-07
-2.74789e-06
2.55761e-06
-1.46255e-06
6.61747e-06
-4.02652e-07
9.81744e-06
8.88739e-08
1.13881e-05
-1.37717e-07
1.21021e-05
9.1966e-06
-2.05661e-06
-2.15523e-06
-2.11073e-06
-3.28186e-06
-2.16135e-06
-4.41859e-06
-2.22374e-06
-5.48062e-06
-2.30927e-06
-6.388e-06
-2.42245e-06
-7.05984e-06
-2.56337e-06
-7.40473e-06
-2.73771e-06
-7.32031e-06
-2.96554e-06
-6.70916e-06
-3.28698e-06
-5.52346e-06
-3.73025e-06
-3.83376e-06
-4.21042e-06
-1.89638e-06
-4.27421e-06
-1.47712e-07
-3.28844e-06
1.57155e-06
-1.68817e-06
5.0169e-06
-3.97099e-07
8.52608e-06
1.11644e-07
1.08794e-05
-2.00303e-07
1.24129e-05
8.99681e-06
-2.14688e-06
-2.04975e-06
-2.24895e-06
-3.18018e-06
-2.36392e-06
-4.30406e-06
-2.50817e-06
-5.3368e-06
-2.68831e-06
-6.2083e-06
-2.89763e-06
-6.85096e-06
-3.11934e-06
-7.18344e-06
-3.33561e-06
-7.10447e-06
-3.53795e-06
-6.50723e-06
-3.73948e-06
-5.32234e-06
-3.9775e-06
-3.59614e-06
-4.26787e-06
-1.60641e-06
-4.39263e-06
-2.3345e-08
-3.73413e-06
9.1266e-07
-2.13883e-06
3.42123e-06
-6.40031e-07
7.0269e-06
2.44115e-08
1.02143e-05
-1.87082e-07
1.2625e-05
8.80888e-06
-2.12029e-06
-1.92773e-06
-2.25243e-06
-3.04846e-06
-2.41487e-06
-4.14207e-06
-2.62539e-06
-5.12675e-06
-2.88679e-06
-5.94738e-06
-3.18263e-06
-6.55559e-06
-3.48036e-06
-6.88618e-06
-3.73883e-06
-6.84647e-06
-3.91751e-06
-6.32901e-06
-3.99013e-06
-5.25017e-06
-3.96835e-06
-3.61837e-06
-3.92137e-06
-1.65383e-06
-3.98077e-06
3.56154e-08
-3.96024e-06
8.91688e-07
-2.86884e-06
2.32939e-06
-1.21348e-06
5.37113e-06
-2.78877e-07
9.27965e-06
-1.14479e-07
1.24593e-05
8.69491e-06
-1.99011e-06
-1.80726e-06
-2.13062e-06
-2.90841e-06
-2.31691e-06
-3.95625e-06
-2.56985e-06
-4.8743e-06
-2.89117e-06
-5.62655e-06
-3.25907e-06
-6.18818e-06
-3.63049e-06
-6.51524e-06
-3.94692e-06
-6.53052e-06
-4.1425e-06
-6.1339e-06
-4.15816e-06
-5.23498e-06
-3.96944e-06
-3.80756e-06
-3.64719e-06
-1.97655e-06
-3.47946e-06
-1.32579e-07
-3.69597e-06
1.10774e-06
-3.35809e-06
1.99109e-06
-2.10332e-06
4.11594e-06
-8.47006e-07
8.02257e-06
-7.46688e-08
1.16876e-05
8.61939e-06
-1.77143e-06
-1.71092e-06
-1.89152e-06
-2.78871e-06
-2.06907e-06
-3.77914e-06
-2.33043e-06
-4.61339e-06
-2.67937e-06
-5.27805e-06
-3.09458e-06
-5.77342e-06
-3.53068e-06
-6.07959e-06
-3.92121e-06
-6.14043e-06
-4.18497e-06
-5.87058e-06
-4.24017e-06
-5.18022e-06
-4.03195e-06
-4.01623e-06
-3.59104e-06
-2.4179e-06
-3.13811e-06
-5.85943e-07
-3.09955e-06
1.06875e-06
-3.28516e-06
2.17627e-06
-2.76503e-06
3.59543e-06
-1.46464e-06
6.72223e-06
-1.86985e-07
1.04087e-05
8.43295e-06
-1.47443e-06
-1.67307e-06
-1.53632e-06
-2.7271e-06
-1.66685e-06
-3.64888e-06
-1.89632e-06
-4.38419e-06
-2.23002e-06
-4.94461e-06
-2.65177e-06
-5.35194e-06
-3.12357e-06
-5.60804e-06
-3.58332e-06
-5.68094e-06
-3.94694e-06
-5.5072e-06
-4.11939e-06
-5.00801e-06
-4.01887e-06
-4.11699e-06
-3.62352e-06
-2.81349e-06
-3.0487e-06
-1.161e-06
-2.6291e-06
6.48926e-07
-2.71265e-06
2.25964e-06
-2.77247e-06
3.65508e-06
-1.98048e-06
5.92966e-06
-5.12491e-07
8.94157e-06
7.91999e-06
-1.09401e-06
-1.73893e-06
-1.06505e-06
-2.75641e-06
-1.12236e-06
-3.59193e-06
-1.28741e-06
-4.21951e-06
-1.56085e-06
-4.67154e-06
-1.93213e-06
-4.98102e-06
-2.37828e-06
-5.16225e-06
-2.85627e-06
-5.2033e-06
-3.29733e-06
-5.0665e-06
-3.61081e-06
-4.69489e-06
-3.70101e-06
-4.02716e-06
-3.4999e-06
-3.01495e-06
-3.02353e-06
-1.63773e-06
-2.48305e-06
1.08101e-07
-2.24556e-06
2.0218e-06
-2.46693e-06
3.87609e-06
-2.21062e-06
5.67349e-06
-9.67479e-07
7.69744e-06
6.95229e-06
-6.21046e-07
-1.91882e-06
-5.14404e-07
-2.86347e-06
-5.11724e-07
-3.59503e-06
-6.08547e-07
-4.12311e-06
-7.92119e-07
-4.48839e-06
-1.05453e-06
-4.71903e-06
-1.38869e-06
-4.82853e-06
-1.77871e-06
-4.81371e-06
-2.19018e-06
-4.65548e-06
-2.56414e-06
-4.32138e-06
-2.8222e-06
-3.76955e-06
-2.88043e-06
-2.95717e-06
-2.68411e-06
-1.8345e-06
-2.24855e-06
-3.27907e-07
-1.94252e-06
1.71533e-06
-2.21872e-06
4.1519e-06
-2.19754e-06
5.65161e-06
-1.34045e-06
6.84007e-06
5.61176e-06
-1.36945e-07
-4.141e-08
-3.65755e-08
-8.91021e-08
-1.81544e-07
-3.07488e-07
-4.67535e-07
-6.63214e-07
-8.90844e-07
-1.13626e-06
-1.37015e-06
-1.54579e-06
-1.59437e-06
-1.43073e-06
-1.35101e-06
-1.79649e-06
-1.8654e-06
-1.26442e-06
)
;

boundaryField
{
    leftWall
    {
        type            calculated;
        value           uniform 0;
    }
    rightWall
    {
        type            calculated;
        value           uniform 0;
    }
    lowerWall
    {
        type            calculated;
        value           uniform 0;
    }
    atmosphere
    {
        type            calculated;
        value           nonuniform List<scalar> 
46
(
1.86653e-05
1.88512e-05
1.41928e-05
7.74101e-06
1.70186e-06
-2.03738e-06
-3.58584e-06
-4.15867e-06
-4.33901e-06
-4.30059e-06
-4.1053e-06
-3.79654e-06
-3.40632e-06
-2.95723e-06
-2.4604e-06
-1.92096e-06
-1.33435e-06
-6.96863e-07
1.305e-08
7.85757e-07
1.40736e-06
1.52171e-06
1.04483e-06
1.01888e-07
-1.62382e-07
-4.23454e-07
-6.53329e-07
-2.12227e-06
-2.95916e-06
-3.60001e-06
-4.07073e-06
-4.3961e-06
-4.59324e-06
-4.66863e-06
-4.61819e-06
-4.42801e-06
-4.07613e-06
-3.53582e-06
-2.7817e-06
-1.78608e-06
-4.9171e-07
1.63544e-06
4.59721e-06
5.72044e-06
6.23902e-06
4.34734e-06
)
;
    }
    defaultFaces
    {
        type            empty;
        value           nonuniform List<scalar> 0();
    }
}


// ************************************************************************* //
