/*--------------------------------*- C++ -*----------------------------------*\
| =========                 |                                                 |
| \\      /  F ield         | OpenFOAM: The Open Source CFD Toolbox           |
|  \\    /   O peration     | Version:  2312                                  |
|   \\  /    A nd           | Website:  www.openfoam.com                      |
|    \\/     M anipulation  |                                                 |
\*---------------------------------------------------------------------------*/
FoamFile
{
    version     2.0;
    format      ascii;
    arch        "LSB;label=32;scalar=64";
    class       surfaceScalarField;
    location    "1.95";
    object      phi;
}
// * * * * * * * * * * * * * * * * * * * * * * * * * * * * * * * * * * * * * //

dimensions      [0 3 -1 0 0 0 0];

oriented        oriented;

internalField   nonuniform List<scalar> 
4432
(
1.46085e-07
-1.46085e-07
-1.646e-06
1.79208e-06
-3.77838e-06
2.13239e-06
-5.73322e-06
1.95484e-06
-7.33228e-06
1.59906e-06
-8.58708e-06
1.25479e-06
-9.42348e-06
8.36406e-07
-9.75176e-06
3.2828e-07
-9.5218e-06
-2.29962e-07
-8.743e-06
-7.78797e-07
-7.50712e-06
-1.23589e-06
-5.94915e-06
-1.55796e-06
-4.27048e-06
-1.67867e-06
-2.70774e-06
-1.56274e-06
-1.41183e-06
-1.29592e-06
-4.54702e-07
-9.57123e-07
1.62996e-07
-6.17698e-07
4.70075e-07
-3.07079e-07
5.40024e-07
-6.99487e-08
4.65185e-07
7.48398e-08
3.23895e-07
1.4129e-07
7.66483e-08
2.47247e-07
7.66485e-08
-1.17609e-06
1.03001e-06
-2.88845e-06
3.50443e-06
-4.81769e-06
4.06163e-06
-6.4808e-06
3.61795e-06
-7.91862e-06
3.03689e-06
-9.08603e-06
2.4222e-06
-9.88664e-06
1.63702e-06
-1.02014e-05
6.43051e-07
-9.95133e-06
-4.80039e-07
-9.13677e-06
-1.59336e-06
-7.84366e-06
-2.529e-06
-6.21842e-06
-3.18321e-06
-4.47892e-06
-3.41816e-06
-2.87565e-06
-3.16602e-06
-1.55658e-06
-2.61499e-06
-5.9069e-07
-1.92301e-06
2.00201e-08
-1.22841e-06
3.21368e-07
-6.08427e-07
3.83967e-07
-1.32548e-07
3.0171e-07
1.57096e-07
1.58842e-07
2.84158e-07
-1.0595e-07
5.1204e-07
-2.9302e-08
-2.23941e-06
3.26941e-06
-4.16001e-06
5.42503e-06
-5.99928e-06
5.90091e-06
-7.48342e-06
5.10209e-06
-8.77193e-06
4.3254e-06
-9.83956e-06
3.48982e-06
-1.05916e-05
2.38902e-06
-1.08711e-05
9.22632e-07
-1.05638e-05
-7.87424e-07
-9.65393e-06
-2.50318e-06
-8.23912e-06
-3.94382e-06
-6.48586e-06
-4.93647e-06
-4.62878e-06
-5.27524e-06
-2.95008e-06
-4.84472e-06
-1.58867e-06
-3.97639e-06
-5.96707e-07
-2.91497e-06
4.04769e-08
-1.86559e-06
3.80434e-07
-9.48383e-07
4.7769e-07
-2.29804e-07
4.37027e-07
1.9776e-07
3.38355e-07
3.8283e-07
1.60543e-07
6.89853e-07
1.31241e-07
-3.10377e-06
6.37319e-06
-5.37742e-06
7.69868e-06
-7.18954e-06
7.71302e-06
-8.49147e-06
6.40402e-06
-9.60888e-06
5.44281e-06
-1.05707e-05
4.45163e-06
-1.12683e-05
3.08659e-06
-1.14991e-05
1.1535e-06
-1.1112e-05
-1.17451e-06
-1.00766e-05
-3.53862e-06
-8.50237e-06
-5.51806e-06
-6.56132e-06
-6.87752e-06
-4.52345e-06
-7.31311e-06
-2.72525e-06
-6.64293e-06
-1.2911e-06
-5.41054e-06
-2.40424e-07
-3.96565e-06
4.88667e-07
-2.59468e-06
9.11469e-07
-1.37119e-06
1.02063e-06
-3.38966e-07
9.27371e-07
2.91019e-07
8.02713e-07
5.07487e-07
6.56639e-07
8.35926e-07
7.8788e-07
-3.14432e-06
9.51751e-06
-5.57891e-06
1.01333e-05
-7.63121e-06
9.76532e-06
-9.05745e-06
7.83027e-06
-1.01875e-05
6.57282e-06
-1.11139e-05
5.37811e-06
-1.17917e-05
3.76436e-06
-1.2017e-05
1.3788e-06
-1.15973e-05
-1.59417e-06
-1.0481e-05
-4.65499e-06
-8.73264e-06
-7.2664e-06
-6.54132e-06
-9.06884e-06
-4.26294e-06
-9.5915e-06
-2.28365e-06
-8.62221e-06
-7.20504e-07
-6.97369e-06
4.30268e-07
-5.11642e-06
1.26877e-06
-3.43318e-06
1.68595e-06
-1.78837e-06
1.71534e-06
-3.6836e-07
1.43056e-06
5.75802e-07
1.14536e-06
7.92687e-07
1.05234e-06
9.28947e-07
1.84022e-06
-2.45718e-06
1.19747e-05
-5.37253e-06
1.30486e-05
-8.05669e-06
1.24495e-05
-9.91943e-06
9.69301e-06
-1.11165e-05
7.76984e-06
-1.18855e-05
6.14719e-06
-1.23892e-05
4.26805e-06
-1.25775e-05
1.56713e-06
-1.22575e-05
-1.91424e-06
-1.11686e-05
-5.74387e-06
-9.25395e-06
-9.18105e-06
-6.82337e-06
-1.14994e-05
-4.35835e-06
-1.20565e-05
-2.28223e-06
-1.06983e-05
-7.08016e-07
-8.5479e-06
3.9622e-07
-6.22066e-06
1.14714e-06
-4.1841e-06
1.27755e-06
-1.91878e-06
8.07488e-07
1.01705e-07
3.43877e-08
1.3489e-06
-7.24431e-07
1.5515e-06
-3.72841e-07
5.77357e-07
1.46738e-06
-5.15379e-06
1.71285e-05
-8.82465e-06
1.67195e-05
-1.08326e-05
1.44574e-05
-1.2568e-05
1.14284e-05
-1.34356e-05
8.63735e-06
-1.40315e-05
6.74312e-06
-1.44881e-05
4.72463e-06
-1.44998e-05
1.57883e-06
-1.37039e-05
-2.71009e-06
-1.19704e-05
-7.47736e-06
-9.75394e-06
-1.13975e-05
-7.19578e-06
-1.40576e-05
-4.71389e-06
-1.45384e-05
-2.68922e-06
-1.2723e-05
-1.30453e-06
-9.93259e-06
-9.26247e-07
-6.59895e-06
-3.04774e-06
-2.0626e-06
-7.77273e-06
2.80619e-06
-1.23287e-05
4.65765e-06
-1.52087e-05
4.22893e-06
-1.46563e-05
9.99095e-07
-9.01623e-06
-5.06272e-06
-7.54885e-06
-1.4141e-05
3.12695e-05
-1.73891e-05
1.99675e-05
-1.62457e-05
1.33141e-05
-1.51872e-05
1.037e-05
-1.51391e-05
8.58924e-06
-1.50552e-05
6.65921e-06
-1.45157e-05
4.1851e-06
-1.29642e-05
2.7372e-08
-1.15541e-05
-4.12022e-06
-9.97293e-06
-9.05853e-06
-7.88046e-06
-1.349e-05
-5.90174e-06
-1.60363e-05
-4.19079e-06
-1.62494e-05
-3.43385e-06
-1.34799e-05
-3.89172e-06
-9.47473e-06
-5.11751e-06
-5.37315e-06
-6.18231e-06
-9.97804e-07
-7.68208e-06
4.30597e-06
-1.02033e-05
7.17886e-06
-1.26036e-05
6.62921e-06
-1.35106e-05
1.90609e-06
-1.16428e-05
-6.9305e-06
-1.91916e-05
-9.78545e-06
9.78545e-06
-1.43421e-05
4.55668e-06
-1.53887e-05
1.04656e-06
-1.319e-05
-2.19868e-06
-1.08639e-05
-2.32609e-06
-8.43991e-06
-2.42401e-06
-5.29067e-06
-3.14924e-06
-3.17816e-06
-2.11251e-06
-3.06367e-06
-1.14491e-07
-3.50865e-06
4.44983e-07
-3.94429e-06
4.35636e-07
-5.73196e-06
1.78768e-06
-8.00881e-06
2.27685e-06
-1.04026e-05
2.39378e-06
-1.19216e-05
1.51901e-06
-1.14683e-05
-4.53281e-07
-9.92566e-06
-1.54266e-06
-6.49266e-06
-3.433e-06
-6.49266e-06
-1.30537e-06
1.10908e-05
-2.96087e-06
6.21218e-06
-4.53782e-06
2.62351e-06
-4.16011e-06
-2.57639e-06
-2.21765e-06
-4.26855e-06
1.51874e-06
-6.1604e-06
4.71592e-06
-6.34642e-06
7.65212e-06
-5.04871e-06
8.22792e-06
-6.90288e-07
5.27792e-06
3.39499e-06
4.46112e-07
5.26744e-06
-3.00834e-06
5.24213e-06
-4.67799e-06
3.9465e-06
-7.23609e-06
4.95188e-06
-9.62898e-06
3.91191e-06
-1.07357e-05
6.53457e-07
-9.84218e-06
-2.4362e-06
-6.51658e-06
-6.7586e-06
-1.30092e-05
3.62311e-06
7.46771e-06
3.98855e-06
5.84675e-06
5.36312e-06
1.24893e-06
6.61282e-06
-3.82609e-06
9.36942e-06
-7.02515e-06
1.25269e-05
-9.31788e-06
1.35645e-05
-7.38406e-06
1.61385e-05
-7.62263e-06
1.91682e-05
-3.72007e-06
1.8427e-05
4.13626e-06
1.3101e-05
1.05934e-05
5.88985e-06
1.24533e-05
5.19317e-07
9.31703e-06
-3.12615e-06
8.59735e-06
-6.42941e-06
7.21517e-06
-8.68038e-06
2.90443e-06
-6.887e-06
-4.22957e-06
-3.33802e-06
-1.03076e-05
-1.63473e-05
2.73852e-06
4.72919e-06
3.53753e-06
5.04773e-06
6.53948e-06
-1.75302e-06
9.50378e-06
-6.79039e-06
1.53496e-05
-1.28709e-05
2.10816e-05
-1.50499e-05
2.28773e-05
-9.17971e-06
2.1842e-05
-6.58739e-06
2.19869e-05
-3.86491e-06
2.17216e-05
4.4015e-06
1.86128e-05
1.37023e-05
9.06374e-06
2.20023e-05
-4.47649e-06
2.28573e-05
-1.1741e-05
1.58618e-05
-9.35075e-06
4.82495e-06
-7.41949e-06
9.73166e-07
-2.84689e-06
-8.80217e-06
2.75346e-06
-1.59079e-05
-1.35938e-05
-3.51416e-06
8.24334e-06
-1.14744e-06
2.68102e-06
3.52104e-06
-6.4215e-06
7.91323e-06
-1.11826e-05
1.44905e-05
-1.94482e-05
1.90299e-05
-1.95893e-05
2.19365e-05
-1.20863e-05
2.3056e-05
-7.70689e-06
2.06949e-05
-1.50375e-06
1.76871e-05
7.40924e-06
8.92866e-06
2.24607e-05
-5.76201e-06
3.6693e-05
-2.16479e-05
3.87431e-05
-2.1754e-05
1.5968e-05
-1.36836e-05
-3.24545e-06
-1.23392e-05
-3.71307e-07
-6.78457e-06
-1.43568e-05
4.61033e-06
-2.73028e-05
-8.98348e-06
5.53411e-07
7.68993e-06
4.35905e-06
-1.12463e-06
5.17655e-06
-7.23901e-06
5.39025e-06
-1.13963e-05
8.51522e-06
-2.25732e-05
1.01549e-05
-2.1229e-05
1.18167e-05
-1.37481e-05
1.14707e-05
-7.36085e-06
8.12354e-06
1.84338e-06
-6.29264e-07
1.6162e-05
-1.21717e-05
3.40032e-05
-1.97501e-05
4.42714e-05
-2.39239e-05
4.29168e-05
-1.90419e-05
1.10861e-05
-1.52194e-05
-7.06799e-06
-1.46389e-05
-9.51787e-07
-9.84879e-06
-1.91469e-05
1.13044e-06
-3.82821e-05
-7.85304e-06
7.28003e-06
4.09898e-07
6.05959e-06
9.58027e-08
8.43895e-07
-2.02332e-06
-3.01159e-06
-7.5408e-06
-4.52603e-06
-2.10588e-05
-5.69832e-06
-2.00567e-05
-4.77434e-06
-1.46721e-05
-6.59456e-06
-5.54063e-06
-1.02673e-05
5.51609e-06
-1.79447e-05
2.38394e-05
-2.23194e-05
3.83779e-05
-2.25802e-05
4.45322e-05
-1.97321e-05
4.00688e-05
-1.8209e-05
9.56298e-06
-1.95404e-05
-5.73657e-06
-1.75959e-05
-2.89633e-06
-1.12453e-05
-2.54974e-05
-5.00611e-07
-4.90268e-05
-8.35365e-06
-1.20186e-05
1.24285e-05
-2.28013e-05
1.08785e-05
-2.51422e-05
3.17511e-07
-2.03855e-05
-1.22975e-05
-2.09102e-05
-2.0534e-05
-2.16192e-05
-1.93477e-05
-2.24358e-05
-1.38556e-05
-2.41402e-05
-3.83615e-06
-2.75944e-05
8.97029e-06
-2.77127e-05
2.39576e-05
-2.39688e-05
3.4634e-05
-1.93731e-05
3.99365e-05
-1.58301e-05
3.65258e-05
-1.90708e-05
1.28037e-05
-2.34172e-05
-1.39023e-06
-2.09149e-05
-5.39864e-06
-1.11703e-05
-3.5242e-05
5.49851e-07
-6.07469e-05
-7.8038e-06
-1.39667e-05
4.52361e-05
-2.77624e-05
3.37632e-05
-3.25758e-05
1.81275e-05
-3.1888e-05
9.68214e-06
-3.11774e-05
7.87868e-06
-2.95947e-05
5.07647e-06
-2.62345e-05
8.24882e-07
-1.8787e-05
-7.42008e-06
-1.17069e-05
-1.12003e-05
-6.71721e-06
-1.40483e-05
-3.21971e-06
-1.69875e-05
-7.49698e-08
-1.9181e-05
2.35721e-06
-1.86815e-05
4.32581e-06
-1.54485e-05
5.69998e-06
-1.08489e-05
5.4093e-06
-5.08246e-06
3.03534e-06
1.37615e-06
-1.34252e-06
8.68383e-06
-9.46509e-06
1.53014e-05
-2.12105e-05
1.83746e-05
-3.52898e-05
1.59854e-05
-4.7958e-05
5.73769e-06
-6.75328e-06
-6.03964e-05
1.16945e-05
3.35417e-05
4.93365e-06
4.0524e-05
-4.13096e-06
2.71921e-05
-8.42359e-06
1.39748e-05
-8.56517e-06
8.02025e-06
-5.92603e-06
2.43732e-06
1.04668e-06
-6.14782e-06
9.16974e-06
-1.55431e-05
1.55017e-05
-1.75323e-05
2.05244e-05
-1.9071e-05
2.42838e-05
-2.07469e-05
2.71793e-05
-2.20766e-05
2.9131e-05
-2.06332e-05
3.01387e-05
-1.64562e-05
3.01586e-05
-1.08688e-05
2.77558e-05
-2.67962e-06
2.09202e-05
8.21169e-06
1.08141e-05
1.87899e-05
-1.47061e-06
2.75862e-05
-1.4166e-05
3.107e-05
-2.59396e-05
2.7759e-05
-3.93126e-05
1.91107e-05
1.33319e-05
-5.93978e-05
2.60827e-05
7.459e-06
2.62319e-05
4.03748e-05
2.16971e-05
3.17269e-05
1.73943e-05
1.82776e-05
1.81014e-05
7.3132e-06
2.5661e-05
-5.12233e-06
3.66254e-05
-1.71122e-05
4.51932e-05
-2.4111e-05
5.37904e-05
-2.61295e-05
6.02802e-05
-2.55608e-05
6.41453e-05
-2.4612e-05
6.55279e-05
-2.34592e-05
6.53178e-05
-2.0423e-05
6.31709e-05
-1.43093e-05
5.81542e-05
-5.85217e-06
4.84641e-05
7.01047e-06
3.41662e-05
2.25097e-05
1.56133e-05
3.73428e-05
-3.62389e-06
4.68234e-05
-2.14948e-05
4.8941e-05
-3.80181e-05
4.42823e-05
-5.59303e-05
3.7023e-05
3.36141e-05
-7.62125e-05
2.1208e-05
-1.3749e-05
2.11053e-05
4.04776e-05
2.08491e-05
3.19831e-05
1.91433e-05
1.99834e-05
2.05439e-05
5.91268e-06
2.90799e-05
-1.36583e-05
3.84654e-05
-2.64977e-05
4.64246e-05
-3.20702e-05
5.39123e-05
-3.36171e-05
6.18496e-05
-3.34982e-05
7.00512e-05
-3.28136e-05
7.76346e-05
-3.10426e-05
8.37745e-05
-2.65629e-05
8.71002e-05
-1.7635e-05
8.63058e-05
-5.0577e-06
8.01423e-05
1.31739e-05
6.16337e-05
4.10182e-05
3.42496e-05
6.47269e-05
4.96449e-06
7.61086e-05
-1.97282e-05
7.36337e-05
-4.12062e-05
6.57603e-05
-6.15431e-05
5.73598e-05
5.3605e-05
-8.15341e-05
1.03003e-05
-2.40493e-05
1.38138e-05
3.6964e-05
1.87869e-05
2.701e-05
2.47056e-05
1.40647e-05
3.02652e-05
3.53015e-07
3.64529e-05
-1.9846e-05
4.21624e-05
-3.22072e-05
4.6232e-05
-3.61399e-05
4.97774e-05
-3.71624e-05
5.48039e-05
-3.85247e-05
6.20631e-05
-4.00728e-05
7.10623e-05
-4.00419e-05
8.05467e-05
-3.60473e-05
8.90445e-05
-2.61328e-05
9.33062e-05
-9.31937e-06
9.03751e-05
1.6105e-05
6.49981e-05
6.63953e-05
2.28157e-05
0.000106909
-1.32574e-05
0.000112182
-3.85512e-05
9.89275e-05
-5.6348e-05
8.35571e-05
-7.15161e-05
7.2528e-05
6.62054e-05
-8.41165e-05
1.02128e-06
-2.50706e-05
1.42797e-05
2.37056e-05
2.49296e-05
1.63601e-05
3.69506e-05
2.04368e-06
4.87981e-05
-1.14945e-05
5.35924e-05
-2.46402e-05
5.38203e-05
-3.24351e-05
5.13897e-05
-3.37092e-05
4.89449e-05
-3.47177e-05
5.07575e-05
-4.03373e-05
5.67356e-05
-4.60508e-05
6.61607e-05
-4.9467e-05
7.41935e-05
-4.40801e-05
3.47128e-05
1.33479e-05
-3.36891e-05
5.90827e-05
-7.72158e-05
5.96319e-05
-8.70351e-05
7.6215e-05
-9.71289e-05
0.000117003
-9.58952e-05
0.000110948
-9.09619e-05
9.39942e-05
-9.03695e-05
8.29647e-05
-9.22635e-05
7.4422e-05
6.72139e-05
-9.3272e-05
-7.53514e-06
-1.75354e-05
1.27181e-05
3.45232e-06
2.73224e-05
1.75582e-06
4.28713e-05
-1.35053e-05
5.70733e-05
-2.56964e-05
6.71887e-05
-3.47557e-05
7.77173e-05
-4.29638e-05
8.36237e-05
-3.96156e-05
6.02721e-05
-1.13662e-05
4.56343e-05
-2.56995e-05
9.70513e-06
-1.01217e-05
-9.51328e-05
5.5371e-05
-0.000238904
9.96908e-05
-0.000401662
0.000176107
-0.000505036
0.000162457
-0.000513779
6.83752e-05
-0.000437747
1.83359e-07
-0.000298167
-2.25776e-05
-0.000208364
2.11458e-05
-0.000158957
4.45869e-05
-0.000133404
5.74116e-05
-0.000118955
5.99729e-05
5.682e-05
-0.000108561
-2.36165e-05
6.08111e-06
-6.54306e-07
-1.95099e-05
2.59648e-05
-2.48633e-05
4.82093e-05
-3.57498e-05
7.63072e-05
-5.37944e-05
7.97547e-05
-3.82032e-05
5.08856e-05
-1.40949e-05
1.82267e-05
-6.95681e-06
-7.0894e-06
1.39499e-05
-6.39499e-05
3.1161e-05
-0.000174844
0.000100772
-0.00030539
0.000185917
-0.000445401
0.000239702
-0.000487372
0.000218078
-0.000405798
8.08834e-05
-0.000328081
-9.34201e-06
-0.000290348
-3.75497e-05
-0.000274918
-3.8008e-05
-0.000238001
-1.5771e-05
-0.000200577
7.16297e-06
-0.000169709
2.65434e-05
-0.00014589
3.6154e-05
3.829e-05
-0.00012736
-4.03901e-06
1.01201e-05
-5.87386e-06
-1.76751e-05
-7.43001e-06
-2.33072e-05
-1.83042e-05
-2.48757e-05
-4.25982e-05
-2.95005e-05
-5.69735e-05
-2.38279e-05
-6.49236e-05
-6.14483e-06
-8.05524e-05
8.67199e-06
-0.000101252
3.46492e-05
-0.000157664
8.75737e-05
-0.000227574
0.000170682
-0.000294029
0.000252373
-0.000350675
0.000296348
-0.000351254
0.000218656
-0.000303461
3.30904e-05
-0.000285162
-2.76411e-05
-0.000272756
-4.9956e-05
-0.000263588
-4.71754e-05
-0.000247793
-3.15664e-05
-0.000226432
-1.41979e-05
-0.000199715
-1.7373e-07
-0.00017307
9.50942e-06
1.50174e-05
-0.000149798
1.24237e-05
-2.30371e-06
6.67607e-06
-1.19275e-05
-1.87191e-06
-1.47593e-05
-1.33307e-05
-1.34169e-05
-3.43339e-05
-8.49732e-06
-5.68034e-05
-1.3585e-06
-7.55926e-05
1.26444e-05
-0.000100872
3.39511e-05
-0.000132528
6.63059e-05
-0.000162811
0.000117857
-0.000187069
0.000194939
-0.000210678
0.000275982
-0.000233106
0.000318777
-0.000268434
0.000253984
-0.000283499
4.81551e-05
-0.000274465
-3.66755e-05
-0.00026599
-5.84312e-05
-0.000252106
-6.10594e-05
-0.000242635
-4.1037e-05
-0.000232992
-2.38411e-05
-0.000216646
-1.65199e-05
-0.000196345
-1.07917e-05
-8.58562e-06
-0.000172742
5.34704e-06
-7.6508e-06
1.59599e-06
-8.17652e-06
-6.82086e-06
-6.34249e-06
-1.87219e-05
-1.51595e-06
-3.5294e-05
8.07478e-06
-6.01417e-05
2.34892e-05
-8.72679e-05
3.97707e-05
-0.000108859
5.55427e-05
-0.000124965
8.24118e-05
-0.000135058
0.00012795
-0.000133957
0.000193838
-0.000122665
0.00026469
-0.000110706
0.000306818
-0.000126396
0.000269674
-0.000192901
0.000114659
-0.000234882
5.30575e-06
-0.000248191
-4.51213e-05
-0.000248573
-6.06782e-05
-0.00024931
-4.02996e-05
-0.000231133
-4.20179e-05
-0.000210137
-3.75164e-05
-0.000193924
-2.70041e-05
-2.74494e-05
-0.000175061
1.46063e-06
-9.11145e-06
-2.48733e-06
-4.22859e-06
-1.14446e-05
2.61471e-06
-2.67569e-05
1.37963e-05
-4.69584e-05
2.82762e-05
-6.5708e-05
4.22388e-05
-8.03561e-05
5.44189e-05
-9.23773e-05
6.75639e-05
-0.000100693
9.07274e-05
-0.000101133
0.00012839
-8.76876e-05
0.000180392
-6.02486e-05
0.000237251
-3.02084e-05
0.000276778
-2.54759e-05
0.000264942
-7.3144e-05
0.000162328
-0.000136356
6.85184e-05
-0.000188926
7.4488e-06
-0.000220804
-2.88e-05
-0.000223456
-3.76479e-05
-0.000220716
-4.47577e-05
-0.000213611
-4.46217e-05
-0.000200158
-4.04569e-05
-4.17691e-05
-0.000185838
-2.37414e-06
-6.73733e-06
-8.20824e-06
1.60548e-06
-1.85095e-05
1.29159e-05
-3.18805e-05
2.71674e-05
-4.5377e-05
4.17728e-05
-5.68158e-05
5.36777e-05
-6.55006e-05
6.31037e-05
-7.20745e-05
7.41379e-05
-7.52723e-05
9.39253e-05
-7.09336e-05
0.000124051
-5.35561e-05
0.000163015
-2.20781e-05
0.000205773
1.54141e-05
0.000239286
4.18099e-05
0.000238546
2.92828e-05
0.000174855
-8.98108e-07
9.86994e-05
-3.70831e-05
4.36338e-05
-7.83085e-05
1.24254e-05
-0.000107522
-8.43416e-06
-0.000123559
-2.87209e-05
-0.000129579
-3.86011e-05
-0.00012708
-4.29562e-05
-4.52039e-05
-0.000123645
-5.62673e-06
-1.1106e-06
-1.40567e-05
1.00354e-05
-2.40994e-05
2.29587e-05
-3.35978e-05
3.66658e-05
-4.13649e-05
4.95399e-05
-4.75082e-05
5.9821e-05
-5.2225e-05
6.78206e-05
-5.56101e-05
7.7523e-05
-5.55803e-05
9.38955e-05
-4.85399e-05
0.000117011
-3.07221e-05
0.000145197
-6.3861e-07
0.00017569
3.71075e-05
0.00020154
7.00389e-05
0.000205615
7.64561e-05
0.000168438
6.1191e-05
0.000113965
3.81568e-05
6.66681e-05
1.48917e-05
3.56905e-05
-5.09775e-06
1.15553e-05
-2.31183e-05
-1.07004e-05
-3.23862e-05
-2.93332e-05
-3.69736e-05
-3.83688e-05
-3.89847e-05
-4.31928e-05
-9.32047e-06
8.20985e-06
-1.95016e-05
2.02166e-05
-2.84051e-05
3.18621e-05
-3.50367e-05
4.32975e-05
-3.9435e-05
5.39381e-05
-4.23056e-05
6.26916e-05
-4.4298e-05
6.9813e-05
-4.49851e-05
7.82101e-05
-4.22117e-05
9.11221e-05
-3.34526e-05
0.000108252
-1.64561e-05
0.000128201
9.94654e-06
0.000149287
4.36129e-05
0.000167873
7.61042e-05
0.000173123
9.20065e-05
0.000152535
8.95285e-05
0.000116443
7.56006e-05
8.0596e-05
6.02221e-05
5.10689e-05
4.66541e-05
2.51233e-05
3.32417e-05
2.71207e-06
1.96526e-05
-1.57441e-05
1.0398e-05
-2.91141e-05
-3.57268e-05
7.14011e-06
-1.31538e-05
2.13637e-05
-2.41014e-05
3.11642e-05
-3.18751e-05
3.96358e-05
-3.67382e-05
4.81606e-05
-3.91922e-05
5.63921e-05
-4.00081e-05
6.35075e-05
-3.98002e-05
6.96052e-05
-3.81094e-05
7.65193e-05
-3.32503e-05
8.62631e-05
-2.36133e-05
9.86149e-05
-7.90851e-06
0.000112496
1.45981e-05
0.00012678
4.30727e-05
0.000139399
7.22458e-05
0.00014395
9.19027e-05
0.000132879
9.83495e-05
0.000109996
9.50024e-05
8.39431e-05
8.74259e-05
5.86455e-05
7.83713e-05
3.41779e-05
6.91051e-05
1.19782e-05
5.94323e-05
-6.07122e-06
4.96708e-05
-1.93527e-05
-2.8465e-05
4.2409e-05
-1.44932e-05
3.58569e-05
-2.52213e-05
4.18923e-05
-3.25171e-05
4.69315e-05
-3.671e-05
5.23535e-05
-3.82483e-05
5.79304e-05
-3.78397e-05
6.3099e-05
-3.60508e-05
6.78163e-05
-3.26486e-05
7.31171e-05
-2.65733e-05
8.01879e-05
-1.68396e-05
8.88812e-05
-2.71777e-06
9.83743e-05
1.62245e-05
0.000107838
3.97313e-05
0.000115892
6.46785e-05
0.000119003
8.47176e-05
0.000112839
9.63372e-05
9.83764e-05
0.000100615
7.96649e-05
0.000100233
5.90283e-05
9.65839e-05
3.78267e-05
9.06039e-05
1.79582e-05
8.32079e-05
1.32478e-06
7.55592e-05
-1.1704e-05
-2.1943e-05
6.90371e-05
-1.33766e-05
4.92335e-05
-2.34825e-05
5.19982e-05
-3.04143e-05
5.38634e-05
-3.43022e-05
5.62415e-05
-3.5446e-05
5.90742e-05
-3.4407e-05
6.206e-05
-3.17147e-05
6.5124e-05
-2.73843e-05
6.87867e-05
-2.08643e-05
7.36679e-05
-1.15914e-05
7.96083e-05
8.39195e-07
8.59437e-05
1.6662e-05
9.20155e-05
3.57578e-05
9.67961e-05
5.63807e-05
9.83802e-05
7.48069e-05
9.44132e-05
8.83455e-05
8.48379e-05
9.66926e-05
7.13178e-05
0.000100542
5.51784e-05
0.000100539
3.78297e-05
9.75036e-05
2.09941e-05
9.25993e-05
6.22909e-06
8.69914e-05
-6.09611e-06
-1.64244e-05
8.14728e-05
-1.15168e-05
6.07502e-05
-2.05307e-05
6.10121e-05
-2.68341e-05
6.01668e-05
-3.03634e-05
5.97707e-05
-3.12691e-05
5.99798e-05
-2.99533e-05
6.07443e-05
-2.68731e-05
6.20438e-05
-2.22016e-05
6.41153e-05
-1.5732e-05
6.71983e-05
-7.18459e-06
7.10609e-05
3.63253e-06
7.51266e-05
1.68176e-05
7.88305e-05
3.22334e-05
8.13803e-05
4.88998e-05
8.17139e-05
6.47423e-05
7.85707e-05
7.79019e-05
7.16783e-05
8.75661e-05
6.16537e-05
9.35234e-05
4.9221e-05
9.59106e-05
3.54425e-05
9.52746e-05
2.16301e-05
9.25752e-05
8.92853e-06
8.87489e-05
-2.2698e-06
-1.20489e-05
8.43734e-05
-9.66738e-06
7.04176e-05
-1.74558e-05
6.88005e-05
-2.29734e-05
6.56844e-05
-2.60499e-05
6.28472e-05
-2.67409e-05
6.06708e-05
-2.53225e-05
5.93259e-05
-2.216e-05
5.88813e-05
-1.74862e-05
5.94415e-05
-1.13008e-05
6.10129e-05
-3.52246e-06
6.32826e-05
5.88903e-06
6.57152e-05
1.69389e-05
6.77806e-05
2.94454e-05
6.88738e-05
4.2832e-05
6.83273e-05
5.59367e-05
6.54659e-05
6.75655e-05
6.00496e-05
7.69115e-05
5.23077e-05
8.34816e-05
4.2651e-05
8.71388e-05
3.17853e-05
8.81686e-05
2.06003e-05
8.72041e-05
9.89297e-06
8.49034e-05
3.09361e-08
-8.88134e-06
8.17358e-05
-8.06865e-06
7.84862e-05
-1.47244e-05
7.54563e-05
-1.94783e-05
7.04383e-05
-2.2109e-05
6.54779e-05
-2.2615e-05
6.11768e-05
-2.11807e-05
5.78916e-05
-1.80863e-05
5.5787e-05
-1.35698e-05
5.49249e-05
-7.74947e-06
5.51927e-05
-6.82377e-07
5.62155e-05
7.57559e-06
5.74572e-05
1.69386e-05
5.84175e-05
2.72273e-05
5.85852e-05
3.8052e-05
5.75026e-05
4.87403e-05
5.47777e-05
5.85411e-05
5.02488e-05
6.68305e-05
4.40182e-05
7.31353e-05
3.63461e-05
7.72329e-05
2.76877e-05
7.9221e-05
1.86122e-05
7.94568e-05
9.65714e-06
7.83523e-05
1.13536e-06
-6.76274e-06
7.62337e-05
-6.7407e-06
8.52269e-05
-1.24362e-05
8.11517e-05
-1.65428e-05
7.4545e-05
-1.88119e-05
6.7747e-05
-1.91968e-05
6.15616e-05
-1.78081e-05
5.65029e-05
-1.48535e-05
5.28324e-05
-1.05574e-05
5.06288e-05
-5.10991e-06
4.97452e-05
1.33694e-06
4.97687e-05
8.64681e-06
5.01474e-05
1.66975e-05
5.03668e-05
2.53006e-05
4.99821e-05
3.41787e-05
4.86245e-05
4.29101e-05
4.60463e-05
5.10224e-05
4.21365e-05
5.80775e-05
3.69631e-05
6.37137e-05
3.07099e-05
6.77261e-05
2.36753e-05
7.01096e-05
1.62287e-05
7.1036e-05
8.73076e-06
7.07456e-05
1.42576e-06
-5.51624e-06
6.94991e-05
-5.61869e-06
9.08456e-05
-1.05176e-05
8.60505e-05
-1.41107e-05
7.81381e-05
-1.61264e-05
6.97627e-05
-1.64719e-05
6.19072e-05
-1.51911e-05
5.5222e-05
-1.24245e-05
5.00658e-05
-8.37519e-06
4.65795e-05
-3.27946e-06
4.46495e-05
2.6389e-06
4.38503e-05
9.19247e-06
4.35938e-05
1.62079e-05
4.33515e-05
2.35248e-05
4.26652e-05
3.09178e-05
4.12315e-05
3.81211e-05
3.8843e-05
4.48197e-05
3.54379e-05
5.07215e-05
3.10613e-05
5.55787e-05
2.58527e-05
5.92297e-05
2.00243e-05
6.1635e-05
1.38234e-05
6.2871e-05
7.49476e-06
6.30816e-05
1.2151e-06
-4.86331e-06
6.24287e-05
-4.61084e-06
9.54564e-05
-8.82466e-06
9.02643e-05
-1.20125e-05
8.13259e-05
-1.38744e-05
7.16246e-05
-1.42651e-05
6.22979e-05
-1.31608e-05
5.41177e-05
-1.06337e-05
4.75387e-05
-6.85844e-06
4.28042e-05
-2.09537e-06
3.98864e-05
3.37279e-06
3.83822e-05
9.31084e-06
3.76557e-05
1.55202e-05
3.71421e-05
2.18437e-05
3.63417e-05
2.81163e-05
3.49589e-05
3.41363e-05
3.28229e-05
3.97058e-05
2.98685e-05
4.46285e-05
2.61386e-05
4.87414e-05
2.17398e-05
5.19328e-05
1.68328e-05
5.41609e-05
1.15953e-05
5.54577e-05
6.19795e-06
5.59135e-05
7.59304e-07
-4.56617e-06
5.56163e-05
-3.61454e-06
9.90709e-05
-7.18173e-06
9.38315e-05
-1.00269e-05
8.41711e-05
-1.18121e-05
7.34098e-05
-1.23296e-05
6.28153e-05
-1.14796e-05
5.32677e-05
-9.2577e-06
4.53168e-05
-5.79492e-06
3.93414e-05
-1.36329e-06
3.54548e-05
3.714e-06
3.33049e-05
9.15504e-06
3.22147e-05
1.47306e-05
3.15665e-05
2.02859e-05
3.07864e-05
2.56881e-05
2.95567e-05
3.0801e-05
2.771e-05
3.54824e-05
2.51871e-05
3.96093e-05
2.20117e-05
4.30756e-05
1.82735e-05
4.58127e-05
1.40957e-05
4.77879e-05
9.6201e-06
4.90133e-05
4.97254e-06
4.95469e-05
2.25679e-07
-4.46682e-06
4.94476e-05
-2.52923e-06
0.0001016
-5.39819e-06
9.67004e-05
-7.90377e-06
8.66766e-05
-9.65949e-06
7.51655e-05
-1.03788e-05
6.35346e-05
-9.8707e-06
5.27596e-05
-8.03643e-06
4.34825e-05
-4.94421e-06
3.62492e-05
-8.67509e-07
3.13781e-05
3.85486e-06
2.85825e-05
8.86544e-06
2.72041e-05
1.39287e-05
2.65032e-05
1.88772e-05
2.5838e-05
2.35987e-05
2.48352e-05
2.79972e-05
2.33114e-05
3.19778e-05
2.12064e-05
3.54625e-05
1.8527e-05
3.83906e-05
1.53454e-05
4.07205e-05
1.17658e-05
4.24341e-05
7.90653e-06
4.35323e-05
3.87425e-06
4.40677e-05
-3.09701e-07
-4.45171e-06
4.40526e-05
-1.28301e-06
0.000102883
-3.28707e-06
9.87045e-05
-5.37543e-06
8.87649e-05
-7.10035e-06
7.68904e-05
-8.08913e-06
6.45234e-05
-8.02129e-06
5.26918e-05
-6.67051e-06
4.21317e-05
-4.03152e-06
3.36102e-05
-3.68859e-07
2.77154e-05
3.96698e-06
2.42467e-05
8.59341e-06
2.25777e-05
1.32121e-05
2.18846e-05
1.76543e-05
2.13958e-05
2.18209e-05
2.06685e-05
2.56402e-05
1.94922e-05
2.90543e-05
1.77923e-05
3.20143e-05
1.5567e-05
3.44881e-05
1.28716e-05
3.64599e-05
9.79406e-06
3.79251e-05
6.44129e-06
3.88922e-05
2.9071e-06
3.93614e-05
-7.78979e-07
-4.45769e-06
3.93675e-05
1.25089e-07
0.000102758
-7.32655e-07
9.95622e-05
-2.19586e-06
9.02281e-05
-3.77541e-06
7.84699e-05
-5.05092e-06
6.57988e-05
-5.53229e-06
5.31731e-05
-4.82091e-06
4.14203e-05
-2.7456e-06
3.15348e-05
4.49631e-07
2.45202e-05
4.32165e-06
2.03746e-05
8.50201e-06
1.83973e-05
1.26876e-05
1.7699e-05
1.66731e-05
1.74102e-05
2.03541e-05
1.69875e-05
2.36782e-05
1.61681e-05
2.66095e-05
1.4861e-05
2.91211e-05
1.30554e-05
3.12021e-05
1.07906e-05
3.28499e-05
8.14629e-06
3.40741e-05
5.21711e-06
3.48832e-05
2.09797e-06
3.52855e-05
-1.18131e-06
-4.46583e-06
3.52937e-05
1.70798e-06
0.00010105
2.23101e-06
9.90391e-05
1.69788e-06
9.07612e-05
5.60718e-07
7.9607e-05
-7.7946e-07
6.7139e-05
-1.7887e-06
5.41824e-05
-1.90069e-06
4.15323e-05
-6.77718e-07
3.03119e-05
1.81916e-06
2.20233e-05
5.10004e-06
1.70937e-05
8.75032e-06
1.4747e-05
1.24603e-05
1.3989e-05
1.5988e-05
1.38825e-05
1.92101e-05
1.37653e-05
2.20792e-05
1.32991e-05
2.45738e-05
1.23664e-05
2.66843e-05
1.09449e-05
2.84074e-05
9.06736e-06
2.9754e-05
6.79974e-06
3.07423e-05
4.22876e-06
3.13903e-05
1.45e-06
3.16861e-05
-1.4771e-06
-4.45185e-06
3.16721e-05
3.30034e-06
9.77496e-05
5.28942e-06
9.705e-05
5.90286e-06
9.01478e-05
5.53666e-06
7.99732e-05
4.56605e-06
6.81096e-05
3.40826e-06
5.53401e-05
2.65061e-06
4.22899e-05
2.81073e-06
3.01517e-05
4.1645e-06
2.06695e-05
6.55575e-06
1.47025e-05
9.50153e-06
1.18012e-05
1.26273e-05
1.08632e-05
1.56475e-05
1.08623e-05
1.84034e-05
1.10095e-05
2.08269e-05
1.08756e-05
2.28995e-05
1.02938e-05
2.46275e-05
9.21691e-06
2.60133e-05
7.68158e-06
2.70724e-05
5.74058e-06
2.78252e-05
3.47598e-06
2.82948e-05
9.80396e-07
2.84855e-05
-1.66778e-06
-4.3724e-06
2.8406e-05
4.89417e-06
9.28554e-05
8.21178e-06
9.37324e-05
9.91366e-06
8.84459e-05
1.03708e-05
7.95161e-05
9.95769e-06
6.85226e-05
9.04371e-06
5.62541e-05
8.08627e-06
4.32474e-05
7.53897e-06
3.0699e-05
7.78246e-06
2.0426e-05
8.98455e-06
1.35004e-05
1.09605e-05
9.82525e-06
1.3315e-05
8.5087e-06
1.57211e-05
8.45624e-06
1.79487e-05
8.78184e-06
1.98967e-05
8.92763e-06
2.15453e-05
8.64517e-06
2.28918e-05
7.87033e-06
2.39463e-05
6.62712e-06
2.47238e-05
4.96309e-06
2.52415e-05
2.9582e-06
2.55275e-05
6.94462e-07
2.55891e-05
-1.72943e-06
-4.22183e-06
2.54385e-05
6.42358e-06
8.64317e-05
1.08164e-05
8.93395e-05
1.33769e-05
8.58853e-05
1.44854e-05
7.84076e-05
1.45767e-05
6.84313e-05
1.40006e-05
5.68302e-05
1.31476e-05
4.41003e-05
1.23351e-05
3.15115e-05
1.19194e-05
2.08416e-05
1.21835e-05
1.32362e-05
1.31527e-05
8.85602e-06
1.461e-05
7.05139e-06
1.62521e-05
6.81419e-06
1.78504e-05
7.18354e-06
1.9268e-05
7.50996e-06
2.04597e-05
7.45352e-06
2.14153e-05
6.91472e-06
2.21401e-05
5.90231e-06
2.26386e-05
4.46452e-06
2.29282e-05
2.66863e-06
2.30262e-05
5.96485e-07
2.295e-05
-1.65328e-06
-3.97647e-06
2.27047e-05
7.76893e-06
7.86628e-05
1.29116e-05
8.41968e-05
1.60013e-05
8.27956e-05
1.75139e-05
7.68949e-05
1.79753e-05
6.79699e-05
1.77539e-05
5.70517e-05
1.71588e-05
4.46954e-05
1.64089e-05
3.22613e-05
1.57684e-05
2.14822e-05
1.54727e-05
1.3532e-05
1.5661e-05
8.66768e-06
1.62689e-05
6.44343e-06
1.71203e-05
5.96277e-06
1.80274e-05
6.27643e-06
1.88677e-05
6.6697e-06
1.95763e-05
6.74494e-06
2.01326e-05
6.35845e-06
2.05246e-05
5.51025e-06
2.07532e-05
4.23596e-06
2.08162e-05
2.60565e-06
2.07307e-05
6.81915e-07
2.05127e-05
-1.4353e-06
-3.63143e-06
2.01677e-05
8.64841e-06
7.00143e-05
1.41579e-05
7.86873e-05
1.74762e-05
7.94772e-05
1.92352e-05
7.51358e-05
2.00263e-05
6.71788e-05
2.02386e-05
5.68394e-05
2.0051e-05
4.48829e-05
1.95756e-05
3.27367e-05
1.89629e-05
2.20949e-05
1.83971e-05
1.40978e-05
1.80388e-05
9.026e-06
1.79513e-05
6.53087e-06
1.80754e-05
5.83873e-06
1.83084e-05
6.04341e-06
1.85651e-05
6.41299e-06
1.87944e-05
6.51562e-06
1.89557e-05
6.19721e-06
1.90309e-05
5.43504e-06
1.89987e-05
4.26813e-06
1.88534e-05
2.75093e-06
1.85942e-05
9.41077e-07
1.82342e-05
-1.07525e-06
-3.18425e-06
1.7787e-05
8.73012e-06
6.12842e-05
1.40885e-05
7.3329e-05
1.74894e-05
7.60763e-05
1.95587e-05
7.30664e-05
2.08439e-05
6.58936e-05
2.16282e-05
5.60551e-05
2.19727e-05
4.45384e-05
2.18812e-05
3.28282e-05
2.14116e-05
2.25646e-05
2.07184e-05
1.47909e-05
1.9976e-05
9.76842e-06
1.93195e-05
7.18736e-06
1.88135e-05
6.34473e-06
1.84479e-05
6.40903e-06
1.81848e-05
6.67606e-06
1.79763e-05
6.72413e-06
1.77845e-05
6.38901e-06
1.75732e-05
5.64638e-06
1.73118e-05
4.52955e-06
1.69781e-05
3.08465e-06
1.65645e-05
1.35467e-06
1.60776e-05
-5.88408e-07
-2.63855e-06
1.55319e-05
7.75592e-06
5.35282e-05
1.25977e-05
6.84871e-05
1.60921e-05
7.25819e-05
1.87153e-05
7.04432e-05
2.07141e-05
6.38949e-05
2.21849e-05
5.45843e-05
2.30983e-05
4.3625e-05
2.33833e-05
3.25431e-05
2.30552e-05
2.28926e-05
2.22525e-05
1.55937e-05
2.1179e-05
1.08419e-05
2.0047e-05
8.31945e-06
1.90208e-05
7.37089e-06
1.81744e-05
7.25547e-06
1.7503e-05
7.34739e-06
1.69621e-05
7.26504e-06
1.65001e-05
6.85101e-06
1.60681e-05
6.0784e-06
1.56246e-05
4.97312e-06
1.51417e-05
3.56752e-06
1.46015e-05
1.89493e-06
1.40057e-05
7.39385e-09
-2.00317e-06
1.33703e-05
5.63687e-06
4.78914e-05
1.01191e-05
6.40048e-05
1.38827e-05
6.88183e-05
1.72201e-05
6.71059e-05
2.00105e-05
6.11044e-05
2.2135e-05
5.24598e-05
2.34952e-05
4.22648e-05
2.40101e-05
3.20282e-05
2.36994e-05
2.32034e-05
2.27206e-05
1.65724e-05
2.13222e-05
1.22403e-05
1.97967e-05
9.84501e-06
1.83826e-05
8.78494e-06
1.72124e-05
8.42569e-06
1.62978e-05
8.26205e-06
1.55783e-05
7.98452e-06
1.49763e-05
7.45302e-06
1.44255e-05
6.6292e-06
1.38749e-05
5.52371e-06
1.32941e-05
4.14838e-06
1.26645e-05
2.52455e-06
1.19877e-05
6.84145e-07
-1.29622e-06
1.12808e-05
2.90862e-06
4.49827e-05
7.33028e-06
5.95831e-05
1.15296e-05
6.4619e-05
1.55218e-05
6.31137e-05
1.89834e-05
5.76428e-05
2.15211e-05
4.99221e-05
2.30564e-05
4.07295e-05
2.35647e-05
3.15199e-05
2.30929e-05
2.36752e-05
2.18423e-05
1.7823e-05
2.01307e-05
1.39519e-05
1.83149e-05
1.16608e-05
1.66827e-05
1.04171e-05
1.53803e-05
9.72808e-06
1.44088e-05
9.23359e-06
1.36827e-05
8.71062e-06
1.30947e-05
8.04106e-06
1.25548e-05
7.16913e-06
1.19987e-05
6.07983e-06
1.1394e-05
4.75306e-06
1.07247e-05
3.19382e-06
9.99621e-06
1.41269e-06
-5.39834e-07
9.23982e-06
8.68525e-07
4.41142e-05
4.96844e-06
5.54832e-05
9.44075e-06
6.01466e-05
1.37394e-05
5.8815e-05
1.75228e-05
5.38594e-05
2.01122e-05
4.73327e-05
2.15574e-05
3.92843e-05
2.18573e-05
3.122e-05
2.10889e-05
2.44436e-05
1.95236e-05
1.93883e-05
1.75598e-05
1.59158e-05
1.55993e-05
1.36213e-05
1.39306e-05
1.20857e-05
1.26728e-05
1.09859e-05
1.18003e-05
1.01061e-05
1.12065e-05
9.3044e-06
1.07655e-05
8.48209e-06
1.0365e-05
7.56966e-06
9.92304e-06
6.52179e-06
9.39183e-06
5.28427e-06
8.75212e-06
3.83355e-06
8.02289e-06
2.14189e-06
2.4262e-07
7.24045e-06
3.9319e-07
4.3721e-05
3.67981e-06
5.21966e-05
7.83831e-06
5.59881e-05
1.18525e-05
5.48008e-05
1.52897e-05
5.04223e-05
1.76742e-05
4.49482e-05
1.88798e-05
3.80786e-05
1.88375e-05
3.12623e-05
1.77116e-05
2.55695e-05
1.58878e-05
2.12121e-05
1.38329e-05
1.79706e-05
1.19338e-05
1.55204e-05
1.04075e-05
1.36121e-05
9.31662e-06
1.20768e-05
8.61587e-06
1.08068e-05
8.20669e-06
9.71359e-06
7.97154e-06
8.71724e-06
7.79149e-06
7.74971e-06
7.56346e-06
6.74982e-06
7.21662e-06
5.63112e-06
6.69786e-06
4.3523e-06
6.02985e-06
2.80994e-06
1.00126e-06
5.27122e-06
9.1376e-07
4.28072e-05
3.55443e-06
4.95559e-05
6.77154e-06
5.2771e-05
9.81191e-06
5.17604e-05
1.24519e-05
4.77823e-05
1.43978e-05
4.30024e-05
1.51765e-05
3.73e-05
1.46902e-05
3.17486e-05
1.32617e-05
2.6998e-05
1.13844e-05
2.30894e-05
9.50178e-06
1.98533e-05
7.87998e-06
1.71423e-05
6.63208e-06
1.486e-05
5.75667e-06
1.29522e-05
5.21452e-06
1.1349e-05
4.9394e-06
9.98873e-06
4.85037e-06
8.80628e-06
4.85833e-06
7.74178e-06
4.86287e-06
6.74529e-06
4.76961e-06
5.7244e-06
4.48811e-06
4.63383e-06
3.98516e-06
3.31288e-06
1.66747e-06
3.31896e-06
1.4367e-06
3.93155e-06
5.99143e-06
7.55041e-06
9.40676e-06
1.06191e-05
1.07556e-05
9.87583e-06
8.40507e-06
6.78129e-06
5.30025e-06
4.09803e-06
3.19249e-06
2.5613e-06
2.15462e-06
1.93431e-06
1.86115e-06
1.8932e-06
1.98107e-06
2.03944e-06
1.9902e-06
1.74589e-06
1.3194e-06
-5.69877e-05
-3.40863e-06
-5.69531e-05
-3.46558e-08
-6.20255e-05
5.07238e-06
1.01871e-05
-7.22126e-05
-7.10859e-05
8.27945e-06
-8.35078e-05
1.23873e-05
-9.36568e-05
1.52213e-05
1.39184e-05
-9.7388e-05
-8.60921e-05
1.8159e-05
-9.49087e-05
2.12039e-05
-0.000100803
2.11154e-05
1.57815e-05
-0.000102666
-8.90176e-05
2.56425e-05
-9.36068e-05
2.57931e-05
-9.54598e-05
2.29685e-05
1.67135e-05
-9.63917e-05
-8.6997e-05
2.8523e-05
-8.7369e-05
2.61651e-05
-8.68867e-05
2.24861e-05
1.73033e-05
-8.74765e-05
-9.18644e-05
2.71154e-05
-8.97522e-05
2.4053e-05
-8.77192e-05
2.04531e-05
1.62623e-05
-8.66782e-05
-0.000104204
2.27585e-05
-0.00010023
2.00785e-05
-9.69323e-05
1.71559e-05
1.40165e-05
-9.46866e-05
-0.000120937
1.63354e-05
-0.000115561
1.47026e-05
-0.000111235
1.28299e-05
1.07345e-05
-0.000107953
-0.000142018
8.55598e-06
-0.000135883
8.56769e-06
-0.000131
7.94623e-06
6.83939e-06
-0.000127105
-0.000163789
-3.96821e-07
-0.000156608
1.38733e-06
-0.000150589
1.92698e-06
1.58539e-06
-0.000145335
-0.000167338
-8.11902e-06
-0.000161265
-4.68625e-06
-0.000156582
-2.7562e-06
-2.81411e-06
-0.000152182
-0.000174772
-1.91848e-05
-0.000164698
-1.47605e-05
-0.000159279
-8.17523e-06
-6.55753e-06
-0.000155536
-0.000124246
-1.85843e-05
-0.000125217
-1.37895e-05
-0.000122126
-1.12665e-05
-1.13489e-05
-0.000117334
-4.57779e-05
-1.59992e-05
-4.55577e-05
-1.40097e-05
-4.30678e-05
-1.37563e-05
-1.46169e-05
-3.97997e-05
7.63199e-06
-1.64911e-05
9.21667e-06
-1.55942e-05
1.15941e-05
-1.61337e-05
-1.84604e-05
1.54377e-05
4.05872e-05
-1.46692e-05
4.0652e-05
-1.5659e-05
4.13601e-05
-1.68416e-05
-1.8745e-05
4.16448e-05
6.63325e-05
-1.19646e-05
6.4212e-05
-1.35384e-05
6.25558e-05
-1.51855e-05
-1.69819e-05
6.07928e-05
7.90661e-05
-9.55789e-06
7.68021e-05
-1.12744e-05
7.4588e-05
-1.29714e-05
-1.46589e-05
7.2265e-05
8.23002e-05
-7.48466e-06
8.01882e-05
-9.16234e-06
7.8026e-05
-1.08092e-05
-1.24281e-05
7.57951e-05
8.01065e-05
-5.85534e-06
7.83606e-05
-7.41648e-06
7.64989e-05
-8.94745e-06
-1.04585e-05
7.45293e-05
7.50668e-05
-4.68842e-06
7.3759e-05
-6.10869e-06
7.23212e-05
-7.50963e-06
-8.90383e-06
7.07665e-05
6.87458e-05
-3.93515e-06
6.78593e-05
-5.22226e-06
6.68621e-05
-6.51248e-06
-7.7935e-06
6.57517e-05
6.19846e-05
-3.49111e-06
6.14387e-05
-4.67645e-06
6.07914e-05
-5.86524e-06
-7.04556e-06
6.00435e-05
5.53742e-05
-3.24897e-06
5.50406e-05
-4.34286e-06
5.46208e-05
-5.44547e-06
-6.53245e-06
5.41076e-05
4.93056e-05
-3.10699e-06
4.90818e-05
-4.11907e-06
4.87782e-05
-5.14195e-06
-6.14284e-06
4.83886e-05
4.39536e-05
-3.00795e-06
4.37817e-05
-3.94716e-06
4.35324e-05
-4.89273e-06
-5.81153e-06
4.3201e-05
3.93017e-05
-2.94224e-06
3.91579e-05
-3.8034e-06
3.89361e-05
-4.67095e-06
-5.51509e-06
3.86396e-05
3.52277e-05
-2.87629e-06
3.50972e-05
-3.67281e-06
3.48922e-05
-4.46606e-06
-5.2424e-06
3.46195e-05
3.16032e-05
-2.80736e-06
3.14704e-05
-3.54007e-06
3.12733e-05
-4.26899e-06
-4.98514e-06
3.1016e-05
2.83206e-05
-2.72192e-06
2.81789e-05
-3.39835e-06
2.79805e-05
-4.07065e-06
-4.73532e-06
2.77307e-05
2.53259e-05
-2.60931e-06
2.51638e-05
-3.23638e-06
2.49522e-05
-3.85903e-06
-4.48036e-06
2.46972e-05
2.25554e-05
-2.46006e-06
2.23671e-05
-3.04806e-06
2.21375e-05
-3.62946e-06
-4.21508e-06
2.18722e-05
1.99808e-05
-2.27312e-06
1.97609e-05
-2.82825e-06
1.95069e-05
-3.37548e-06
-3.9326e-06
1.92245e-05
1.75591e-05
-2.0452e-06
1.7306e-05
-2.57513e-06
1.70276e-05
-3.09703e-06
-3.63224e-06
1.67272e-05
1.52659e-05
-1.77916e-06
1.49819e-05
-2.2912e-06
1.46787e-05
-2.79379e-06
-3.31416e-06
1.43606e-05
1.307e-05
-1.47886e-06
1.27589e-05
-1.98e-06
1.24364e-05
-2.47133e-06
-2.98494e-06
1.21072e-05
1.09539e-05
-1.15195e-06
1.0623e-05
-1.64919e-06
1.02879e-05
-2.13609e-06
-2.65187e-06
9.95478e-06
8.89656e-06
-8.08676e-07
8.55631e-06
-1.30887e-06
8.22215e-06
-1.80194e-06
-2.33091e-06
7.9012e-06
6.89383e-06
-4.62062e-07
6.55731e-06
-9.72407e-07
6.23826e-06
-1.48286e-06
-2.03896e-06
5.94632e-06
4.94859e-06
-1.39419e-07
4.64081e-06
-6.64555e-07
4.36587e-06
-1.20794e-06
-1.80335e-06
4.13027e-06
3.0271e-06
1.5246e-07
2.75686e-06
-3.94361e-07
2.5419e-06
-9.92952e-07
-1.64811e-06
2.38667e-06
1.13278e-06
9.72594e-07
8.58659e-07
7.97968e-07
-8.21831e-05
2.2399e-05
-7.74036e-05
6.09898e-06
-6.9256e-05
-7.8301e-06
-6.61026e-05
-1.54508e-05
-7.09879e-05
-1.56488e-05
-7.99103e-05
-1.04253e-05
-8.59688e-05
-7.79712e-06
-8.44115e-05
-5.39342e-06
-7.71592e-05
1.71797e-06
-6.35368e-05
1.03353e-05
-4.69901e-05
1.80873e-05
-3.24181e-05
2.53645e-05
-2.78463e-05
3.1954e-05
-4.20321e-05
2.69894e-05
-5.52771e-05
1.18548e-05
-4.64909e-05
-1.41849e-05
-1.81566e-05
-6.35763e-05
5.16603e-06
-8.40695e-05
-2.63777e-06
-9.83095e-05
2.33205e-05
-9.46196e-05
2.40905e-06
-9.2335e-05
-1.01147e-05
-9.2796e-05
-1.49898e-05
-9.40064e-05
-1.44384e-05
-9.22576e-05
-1.21741e-05
-8.79825e-05
-1.20722e-05
-8.09222e-05
-1.24537e-05
-6.91464e-05
-1.00578e-05
-5.34951e-05
-5.31597e-06
-3.6958e-05
1.55013e-06
-2.60655e-05
1.44721e-05
-2.51742e-05
3.10626e-05
-3.77449e-05
3.95601e-05
-4.89287e-05
2.30386e-05
-3.48578e-05
-2.82557e-05
-9.58869e-06
-8.88455e-05
7.13084e-06
-0.000100789
4.49308e-06
-0.000102095
2.27496e-05
-0.00010041
7.23713e-07
-9.79876e-05
-1.25368e-05
-9.5589e-05
-1.73884e-05
-9.25516e-05
-1.74758e-05
-8.7885e-05
-1.68407e-05
-8.22156e-05
-1.77416e-05
-7.54287e-05
-1.92406e-05
-6.57829e-05
-1.97035e-05
-5.32898e-05
-1.78091e-05
-4.07713e-05
-1.09683e-05
-3.25321e-05
6.23281e-06
-3.13778e-05
2.99084e-05
-3.3923e-05
4.21053e-05
-3.37794e-05
2.2895e-05
-1.95446e-05
-4.24905e-05
-5.00924e-06
-0.000103381
3.59642e-06
-0.000109395
8.08949e-06
-9.77178e-05
2.40756e-05
-9.74927e-05
4.98708e-07
-9.61669e-05
-1.38626e-05
-9.45049e-05
-1.90504e-05
-9.19829e-05
-1.99978e-05
-8.85185e-05
-2.03051e-05
-8.44234e-05
-2.18367e-05
-7.96027e-05
-2.40614e-05
-7.37935e-05
-2.55127e-05
-6.6944e-05
-2.46586e-05
-5.9224e-05
-1.86883e-05
-5.02307e-05
-2.76048e-06
-3.99803e-05
1.96579e-05
-2.77585e-05
2.98835e-05
-1.58347e-05
1.09713e-05
-5.41814e-06
-5.29071e-05
-2.84716e-06
-0.000105952
-4.23191e-06
-0.00010801
3.85759e-06
-9.06493e-05
2.72484e-05
-9.32538e-05
3.10321e-06
-9.45537e-05
-1.25627e-05
-9.47579e-05
-1.88462e-05
-9.34958e-05
-2.12599e-05
-9.07785e-05
-2.30225e-05
-8.72714e-05
-2.53438e-05
-8.37767e-05
-2.75561e-05
-8.08337e-05
-2.84557e-05
-7.85105e-05
-2.69819e-05
-7.59014e-05
-2.12974e-05
-6.68782e-05
-1.17837e-05
-4.74529e-05
2.32665e-07
-2.2241e-05
4.6716e-06
-2.5124e-06
-8.7573e-06
1.98174e-06
-5.74013e-05
-4.406e-06
-9.95641e-05
-1.44224e-05
-9.79936e-05
-1.05648e-05
-8.74849e-05
2.80551e-05
-9.16142e-05
7.23252e-06
-9.57275e-05
-8.44939e-06
-9.77014e-05
-1.68724e-05
-9.72338e-05
-2.17275e-05
-9.43699e-05
-2.58864e-05
-8.99821e-05
-2.97316e-05
-8.56832e-05
-3.1855e-05
-8.23569e-05
-3.1782e-05
-7.99361e-05
-2.94027e-05
-7.60476e-05
-2.51858e-05
-6.61325e-05
-2.16988e-05
-4.67332e-05
-1.91667e-05
-2.36128e-05
-1.84488e-05
-5.41987e-06
-2.69502e-05
-3.89603e-06
-5.89251e-05
-1.10571e-05
-9.2403e-05
-2.16741e-05
-8.73766e-05
-3.22389e-05
-9.18951e-05
2.52636e-05
-9.31821e-05
8.5195e-06
-9.66376e-05
-4.99393e-06
-9.896e-05
-1.455e-05
-9.91268e-05
-2.15607e-05
-9.73474e-05
-2.76658e-05
-9.41782e-05
-3.29008e-05
-9.01342e-05
-3.5899e-05
-8.62525e-05
-3.56637e-05
-8.23871e-05
-3.3268e-05
-7.59031e-05
-3.16699e-05
-6.58962e-05
-3.17057e-05
-5.19221e-05
-3.31408e-05
-3.69053e-05
-3.34656e-05
-2.19037e-05
-4.19518e-05
-1.52354e-05
-6.55934e-05
-1.81361e-05
-8.95024e-05
-2.0446e-05
-8.50667e-05
-5.26848e-05
-0.000102657
1.99681e-05
-0.000101663
7.52455e-06
-0.000102778
-3.87811e-06
-0.000104163
-1.31653e-05
-0.000104286
-2.14383e-05
-0.000103236
-2.87151e-05
-0.000101415
-3.47222e-05
-9.8152e-05
-3.91617e-05
-9.41402e-05
-3.96756e-05
-8.96991e-05
-3.77091e-05
-8.37334e-05
-3.76356e-05
-7.55928e-05
-3.98462e-05
-6.59906e-05
-4.2743e-05
-5.31412e-05
-4.6315e-05
-3.78535e-05
-5.72395e-05
-2.6987e-05
-7.64599e-05
-2.52144e-05
-9.1275e-05
-1.97625e-05
-9.05186e-05
-7.24473e-05
-0.000119697
1.25604e-05
-0.000115604
3.43176e-06
-0.000112678
-6.80393e-06
-0.000111057
-1.4787e-05
-0.000110312
-2.21828e-05
-0.000109433
-2.95939e-05
-0.000108373
-3.57828e-05
-0.000106081
-4.14533e-05
-0.000102538
-4.32187e-05
-9.8244e-05
-4.20031e-05
-9.26202e-05
-4.32594e-05
-8.45267e-05
-4.79398e-05
-7.47422e-05
-5.25275e-05
-6.29551e-05
-5.8102e-05
-5.04454e-05
-6.97492e-05
-4.03247e-05
-8.65806e-05
-3.18234e-05
-9.97763e-05
-2.13212e-05
-0.000101021
-9.37685e-05
-0.00013469
1.91523e-06
-0.0001259
-5.35812e-06
-0.000120043
-1.26615e-05
-0.000115749
-1.90803e-05
-0.000113515
-2.44165e-05
-0.000112949
-3.01604e-05
-0.000112928
-3.58039e-05
-0.000111452
-4.29293e-05
-0.000108318
-4.63523e-05
-0.000104928
-4.53926e-05
-9.89514e-05
-4.92362e-05
-9.00365e-05
-5.68546e-05
-7.98026e-05
-6.27613e-05
-6.93461e-05
-6.85583e-05
-5.86104e-05
-8.04848e-05
-4.83324e-05
-9.68586e-05
-3.74395e-05
-0.000110669
-2.40279e-05
-0.000114432
-0.000117796
-0.000142625
-7.64143e-06
-0.000128701
-1.92824e-05
-0.000120072
-2.12908e-05
-0.000115484
-2.36682e-05
-0.000105789
-3.41111e-05
-0.00010915
-2.68004e-05
-0.00012063
-2.43235e-05
-0.000128491
-3.50678e-05
-0.00012605
-4.87935e-05
-0.000114769
-5.66737e-05
-0.000100132
-6.38731e-05
-8.82116e-05
-6.87754e-05
-7.52722e-05
-7.57007e-05
-6.5053e-05
-7.87775e-05
-5.64225e-05
-8.91154e-05
-4.79118e-05
-0.000105369
-3.79163e-05
-0.000120665
-3.10197e-05
-0.000121329
-0.000148816
-0.000139251
-2.39261e-05
-0.000133349
-2.51843e-05
-0.000130383
-2.42568e-05
-0.000132818
-2.12336e-05
-0.000141149
-2.57804e-05
-0.000138523
-2.94258e-05
-0.000127249
-3.55978e-05
-0.000113428
-4.88895e-05
-9.75139e-05
-6.47073e-05
-7.58408e-05
-7.8347e-05
-5.36658e-05
-8.6048e-05
-3.10366e-05
-9.14046e-05
-1.19059e-05
-9.48314e-05
-6.82786e-06
-8.38556e-05
-7.79098e-06
-8.81523e-05
-7.33411e-06
-0.000105826
-7.43509e-06
-0.000120564
-3.45336e-06
-0.000125311
-0.000152269
-0.000111872
-2.93879e-05
-0.000106594
-3.04623e-05
-0.000103191
-2.76602e-05
-9.76062e-05
-2.68182e-05
-9.20831e-05
-3.13035e-05
-8.1923e-05
-3.95859e-05
-6.96324e-05
-4.78884e-05
-5.97012e-05
-5.88207e-05
-5.23752e-05
-7.20333e-05
-4.25978e-05
-8.81243e-05
-3.01176e-05
-9.85281e-05
-1.44772e-05
-0.000107045
9.73301e-08
-0.000109406
9.00681e-06
-9.2765e-05
1.09334e-05
-9.00789e-05
1.00438e-05
-0.000104937
8.20742e-06
-0.000118727
8.29743e-06
-0.000125401
-0.000143972
-3.48514e-05
-3.43361e-05
-3.28717e-05
-3.24418e-05
-2.91822e-05
-3.13496e-05
-2.14196e-05
-3.45806e-05
-1.4469e-05
-3.8254e-05
-8.55799e-06
-4.54969e-05
-2.17051e-06
-5.42759e-05
2.45838e-06
-6.34496e-05
2.2684e-06
-7.18433e-05
-2.31664e-06
-8.35393e-05
-3.42584e-06
-9.74189e-05
4.46869e-07
-0.000110918
4.17943e-06
-0.000113138
1.07842e-05
-9.93698e-05
1.54077e-05
-9.47024e-05
1.55952e-05
-0.000105124
1.23641e-05
-0.000115496
9.34756e-06
-0.000122384
-0.000134624
2.53763e-05
-4.42746e-05
3.20664e-05
-3.91318e-05
3.82805e-05
-3.75635e-05
4.46053e-05
-4.09054e-05
5.03521e-05
-4.40008e-05
5.31615e-05
-4.83062e-05
5.42887e-05
-5.54031e-05
5.4164e-05
-6.33248e-05
5.23168e-05
-6.99961e-05
4.52391e-05
-7.64616e-05
3.30046e-05
-8.51844e-05
2.21238e-05
-0.000100037
1.55003e-05
-0.000106515
1.66429e-05
-0.000100512
1.94456e-05
-9.75051e-05
1.85611e-05
-0.000104239
1.41721e-05
-0.000111107
8.85985e-06
-0.000117072
-0.000125765
4.63565e-05
-4.89862e-05
5.36086e-05
-4.63839e-05
6.16527e-05
-4.56077e-05
6.84282e-05
-4.76807e-05
7.46118e-05
-5.01844e-05
7.90594e-05
-5.27538e-05
8.13002e-05
-5.76439e-05
8.09486e-05
-6.29733e-05
7.77658e-05
-6.68133e-05
7.07664e-05
-6.94622e-05
5.98129e-05
-7.42308e-05
4.55358e-05
-8.57598e-05
3.48651e-05
-9.58442e-05
2.9377e-05
-9.50243e-05
2.63412e-05
-9.44693e-05
2.20218e-05
-9.992e-05
1.5877e-05
-0.000104962
8.89849e-06
-0.000110093
-0.000116866
5.90065e-05
-4.71998e-05
6.1634e-05
-4.90114e-05
6.61886e-05
-5.01622e-05
7.11026e-05
-5.25947e-05
7.54366e-05
-5.45184e-05
7.89882e-05
-5.63054e-05
8.14263e-05
-6.0082e-05
8.18781e-05
-6.34251e-05
8.03326e-05
-6.52677e-05
7.55942e-05
-6.47238e-05
6.7313e-05
-6.59496e-05
5.81698e-05
-7.66165e-05
4.81752e-05
-8.58496e-05
3.97227e-05
-8.65717e-05
3.23628e-05
-8.71095e-05
2.50416e-05
-9.25988e-05
1.73439e-05
-9.72645e-05
9.16685e-06
-0.000101916
-0.000107699
6.76197e-05
-4.25545e-05
6.54826e-05
-4.68744e-05
6.52508e-05
-4.99303e-05
6.59868e-05
-5.33307e-05
6.77764e-05
-5.6308e-05
7.01075e-05
-5.86365e-05
7.19819e-05
-6.19564e-05
7.26856e-05
-6.41287e-05
7.13872e-05
-6.39694e-05
6.84632e-05
-6.17997e-05
6.50452e-05
-6.25317e-05
5.99534e-05
-7.15247e-05
5.16304e-05
-7.75267e-05
4.23998e-05
-7.7341e-05
3.42073e-05
-7.8917e-05
2.6027e-05
-8.44184e-05
1.77102e-05
-8.89477e-05
9.1221e-06
-9.33281e-05
-9.8577e-05
7.05655e-05
-3.73249e-05
6.64908e-05
-4.27997e-05
6.35573e-05
-4.69967e-05
6.14523e-05
-5.12257e-05
6.04936e-05
-5.53494e-05
6.08901e-05
-5.90331e-05
6.13325e-05
-6.23989e-05
6.10644e-05
-6.38607e-05
6.00019e-05
-6.29069e-05
5.94627e-05
-6.12606e-05
5.92617e-05
-6.23307e-05
5.49915e-05
-6.72545e-05
4.68987e-05
-6.94339e-05
3.86868e-05
-6.91291e-05
3.19424e-05
-7.21726e-05
2.45946e-05
-7.70706e-05
1.67245e-05
-8.10777e-05
8.54791e-06
-8.51514e-05
-9.00291e-05
6.96865e-05
-3.24821e-05
6.54021e-05
-3.85154e-05
6.18193e-05
-4.34139e-05
5.87006e-05
-4.81071e-05
5.62033e-05
-5.28521e-05
5.44234e-05
-5.72532e-05
5.27609e-05
-6.07363e-05
5.12415e-05
-6.23413e-05
5.03758e-05
-6.20412e-05
5.01679e-05
-6.10528e-05
4.92628e-05
-6.14256e-05
4.44961e-05
-6.24878e-05
3.74775e-05
-6.24152e-05
3.24985e-05
-6.41501e-05
2.77249e-05
-6.73991e-05
2.17353e-05
-7.1081e-05
1.4874e-05
-7.42164e-05
7.61281e-06
-7.78903e-05
-8.24163e-05
6.67098e-05
-2.84255e-05
6.28039e-05
-3.46095e-05
5.924e-05
-3.98501e-05
5.59521e-05
-4.48192e-05
5.28473e-05
-4.97472e-05
4.99038e-05
-5.43098e-05
4.70122e-05
-5.78448e-05
4.42228e-05
-5.9552e-05
4.15862e-05
-5.94047e-05
3.94026e-05
-5.88691e-05
3.6745e-05
-5.87681e-05
3.29323e-05
-5.86751e-05
3.01155e-05
-5.95985e-05
2.73169e-05
-6.13515e-05
2.36289e-05
-6.37112e-05
1.86686e-05
-6.61208e-05
1.28451e-05
-6.83929e-05
6.62153e-06
-7.16667e-05
-7.57948e-05
6.25816e-05
-2.52554e-05
5.91991e-05
-3.1227e-05
5.58203e-05
-3.64714e-05
5.24553e-05
-4.14542e-05
4.90309e-05
-4.63228e-05
4.55416e-05
-5.08206e-05
4.20328e-05
-5.43359e-05
3.86721e-05
-5.61914e-05
3.5663e-05
-5.63955e-05
3.28741e-05
-5.60803e-05
3.02031e-05
-5.60972e-05
2.80903e-05
-5.65623e-05
2.60535e-05
-5.75617e-05
2.3634e-05
-5.8932e-05
2.03505e-05
-6.04278e-05
1.60809e-05
-6.18511e-05
1.11014e-05
-6.34135e-05
5.77681e-06
-6.63422e-05
-7.00181e-05
5.7671e-05
-2.2883e-05
5.48886e-05
-2.84447e-05
5.18843e-05
-3.34671e-05
4.86769e-05
-3.82469e-05
4.52226e-05
-4.28686e-05
4.1535e-05
-4.7133e-05
3.7795e-05
-5.0596e-05
3.43339e-05
-5.27303e-05
3.14582e-05
-5.35199e-05
2.90913e-05
-5.37134e-05
2.70603e-05
-5.40663e-05
2.52383e-05
-5.47403e-05
2.33211e-05
-5.56446e-05
2.09818e-05
-5.65928e-05
1.79651e-05
-5.74112e-05
1.41927e-05
-5.80787e-05
9.80628e-06
-5.90272e-05
5.14306e-06
-6.1679e-05
-6.4875e-05
5.23135e-05
-2.10889e-05
5.00783e-05
-2.62095e-05
4.75431e-05
-3.09319e-05
4.47344e-05
-3.54382e-05
4.16156e-05
-3.97498e-05
3.81989e-05
-4.37164e-05
3.46609e-05
-4.7058e-05
3.13659e-05
-4.94354e-05
2.86497e-05
-5.08037e-05
2.65343e-05
-5.15981e-05
2.47811e-05
-5.23131e-05
2.3135e-05
-5.30942e-05
2.13348e-05
-5.38444e-05
1.91393e-05
-5.43973e-05
1.63712e-05
-5.46432e-05
1.29457e-05
-5.46532e-05
8.94795e-06
-5.50294e-05
4.68269e-06
-5.74138e-05
-6.01924e-05
4.69482e-05
-1.96485e-05
4.51233e-05
-2.43847e-05
4.30147e-05
-2.88234e-05
4.06508e-05
-3.30744e-05
3.80079e-05
-3.7107e-05
3.51113e-05
-4.08198e-05
3.20877e-05
-4.40345e-05
2.92129e-05
-4.65606e-05
2.67634e-05
-4.83543e-05
2.48004e-05
-4.96351e-05
2.31562e-05
-5.06689e-05
2.15993e-05
-5.15374e-05
1.99011e-05
-5.21463e-05
1.78549e-05
-5.23511e-05
1.52936e-05
-5.20818e-05
1.21165e-05
-5.14762e-05
8.40187e-06
-5.13148e-05
4.33733e-06
-5.33493e-05
-5.58551e-05
4.19754e-05
-1.84229e-05
4.04176e-05
-2.28269e-05
3.86239e-05
-2.70297e-05
3.66138e-05
-3.10643e-05
3.43935e-05
-3.48867e-05
3.19909e-05
-3.84173e-05
2.95005e-05
-4.15441e-05
2.71051e-05
-4.41652e-05
2.49892e-05
-4.62384e-05
2.32132e-05
-4.78592e-05
2.16829e-05
-4.91387e-05
2.02261e-05
-5.00806e-05
1.8652e-05
-5.05723e-05
1.67692e-05
-5.04683e-05
1.4407e-05
-4.97197e-05
1.14574e-05
-4.85267e-05
7.98243e-06
-4.78398e-05
4.04676e-06
-4.94137e-05
-5.18084e-05
3.75457e-05
-1.7329e-05
3.61734e-05
-2.14547e-05
3.4591e-05
-2.54473e-05
3.28324e-05
-2.93057e-05
3.09189e-05
-3.29731e-05
2.88861e-05
-3.63845e-05
2.68114e-05
-3.94694e-05
2.48087e-05
-4.21625e-05
2.29994e-05
-4.44292e-05
2.14283e-05
-4.62882e-05
2.00443e-05
-4.77546e-05
1.8725e-05
-4.87615e-05
1.73095e-05
-4.91568e-05
1.56166e-05
-4.87755e-05
1.34747e-05
-4.75778e-05
1.07724e-05
-4.58245e-05
7.52659e-06
-4.4594e-05
3.7375e-06
-4.56247e-05
-4.80709e-05
3.36315e-05
-1.6341e-05
3.2393e-05
-2.02162e-05
3.09659e-05
-2.40202e-05
2.93855e-05
-2.77254e-05
2.76853e-05
-3.1273e-05
2.59091e-05
-3.46083e-05
2.41193e-05
-3.76797e-05
2.23964e-05
-4.04397e-05
2.08202e-05
-4.2853e-05
1.94267e-05
-4.48947e-05
1.81864e-05
-4.65144e-05
1.70098e-05
-4.75849e-05
1.57607e-05
-4.79078e-05
1.42697e-05
-4.72845e-05
1.23655e-05
-4.56736e-05
9.93378e-06
-4.33928e-05
6.95092e-06
-4.16112e-05
3.3843e-06
-4.2058e-05
-4.46866e-05
3.01077e-05
-1.54327e-05
2.8975e-05
-1.90835e-05
2.76692e-05
-2.27145e-05
2.62259e-05
-2.6282e-05
2.46826e-05
-2.97297e-05
2.30845e-05
-3.30101e-05
2.14845e-05
-3.60798e-05
1.99474e-05
-3.89026e-05
1.85307e-05
-4.14364e-05
1.72649e-05
-4.36289e-05
1.61344e-05
-4.53839e-05
1.50746e-05
-4.65251e-05
1.39746e-05
-4.68078e-05
1.26817e-05
-4.59916e-05
1.10291e-05
-4.4021e-05
8.88902e-06
-4.12528e-05
6.21673e-06
-3.89389e-05
3.02592e-06
-3.88673e-05
-4.16607e-05
2.68752e-05
-1.45773e-05
2.58202e-05
-1.80285e-05
2.46083e-05
-2.15026e-05
2.32725e-05
-2.49462e-05
2.18481e-05
-2.83054e-05
2.03776e-05
-3.15397e-05
1.891e-05
-3.46122e-05
1.74953e-05
-3.74878e-05
1.61828e-05
-4.01239e-05
1.49987e-05
-4.24449e-05
1.3938e-05
-4.43232e-05
1.2958e-05
-4.55452e-05
1.19774e-05
-4.58273e-05
1.08705e-05
-4.48847e-05
9.48331e-06
-4.26338e-05
7.67303e-06
-3.94426e-05
5.38007e-06
-3.6646e-05
2.6541e-06
-3.61413e-05
-3.90066e-05
2.38679e-05
-1.3748e-05
2.28643e-05
-1.70249e-05
2.17222e-05
-2.03605e-05
2.04698e-05
-2.36939e-05
1.914e-05
-2.69756e-05
1.77707e-05
-3.01704e-05
1.64028e-05
-3.32444e-05
1.50818e-05
-3.61668e-05
1.38433e-05
-3.88854e-05
1.27119e-05
-4.13134e-05
1.16897e-05
-4.33011e-05
1.07545e-05
-4.46099e-05
9.85827e-06
-4.49311e-05
8.91818e-06
-4.39447e-05
7.80595e-06
-4.15216e-05
6.36551e-06
-3.80022e-05
4.51726e-06
-3.47977e-05
2.29031e-06
-3.39145e-05
-3.67163e-05
2.10477e-05
-1.29235e-05
2.00758e-05
-1.6053e-05
1.89855e-05
-1.92702e-05
1.78031e-05
-2.25115e-05
1.65573e-05
-2.57297e-05
1.52809e-05
-2.8894e-05
1.40112e-05
-3.19747e-05
1.27786e-05
-3.49343e-05
1.16115e-05
-3.77183e-05
1.0524e-05
-4.02259e-05
9.52086e-06
-4.22979e-05
8.60083e-06
-4.36899e-05
7.75409e-06
-4.40844e-05
6.94988e-06
-4.31405e-05
6.10579e-06
-4.06775e-05
5.06681e-06
-3.69632e-05
3.6986e-06
-3.34296e-05
1.96643e-06
-3.21823e-05
-3.47499e-05
1.83907e-05
-1.20898e-05
1.74384e-05
-1.51007e-05
1.63936e-05
-1.82253e-05
1.52805e-05
-2.13984e-05
1.41279e-05
-2.4577e-05
1.29607e-05
-2.77268e-05
1.1805e-05
-3.08189e-05
1.06804e-05
-3.38097e-05
9.59484e-06
-3.66328e-05
8.55462e-06
-3.91857e-05
7.56311e-06
-4.13064e-05
6.63602e-06
-4.27629e-05
5.80406e-06
-4.32524e-05
5.09612e-06
-4.24326e-05
4.4882e-06
-4.00696e-05
3.85174e-06
-3.63267e-05
2.9755e-06
-3.25533e-05
1.70245e-06
-3.09093e-05
-3.30474e-05
1.58799e-05
-1.12425e-05
1.49487e-05
-1.41696e-05
1.39571e-05
-1.72337e-05
1.29308e-05
-2.03721e-05
1.18915e-05
-2.35378e-05
1.08612e-05
-2.66965e-05
9.8493e-06
-2.9807e-05
8.85544e-06
-3.28158e-05
7.8687e-06
-3.56461e-05
6.88083e-06
-3.81978e-05
5.89664e-06
-4.03222e-05
4.94921e-06
-4.18154e-05
4.10223e-06
-4.24054e-05
3.4426e-06
-4.17729e-05
3.01884e-06
-3.96459e-05
2.74801e-06
-3.60559e-05
2.34168e-06
-3.2147e-05
1.48043e-06
-3.0048e-05
-3.1567e-05
1.35062e-05
-1.0388e-05
1.26066e-05
-1.327e-05
1.16884e-05
-1.63155e-05
1.07769e-05
-1.94605e-05
9.88743e-06
-2.26483e-05
9.02551e-06
-2.58346e-05
8.18082e-06
-2.89623e-05
7.32917e-06
-3.19641e-05
6.44533e-06
-3.47622e-05
5.50931e-06
-3.72618e-05
4.529e-06
-3.93419e-05
3.55364e-06
-4.08401e-05
2.67205e-06
-4.15238e-05
2.0165e-06
-4.11174e-05
1.69998e-06
-3.93293e-05
1.72239e-06
-3.60783e-05
1.73803e-06
-3.21626e-05
1.26431e-06
-2.95743e-05
-3.03027e-05
1.12617e-05
-9.54249e-06
1.04155e-05
-1.24238e-05
9.60581e-06
-1.55057e-05
8.84539e-06
-1.87001e-05
8.13871e-06
-2.19416e-05
7.46501e-06
-2.51609e-05
6.79295e-06
-2.82902e-05
6.07754e-06
-3.12487e-05
5.28054e-06
-3.39652e-05
4.38441e-06
-3.63657e-05
3.40387e-06
-3.83614e-05
2.39981e-06
-3.9836e-05
1.4771e-06
-4.06011e-05
7.91151e-07
-4.04314e-05
5.00413e-07
-3.90386e-05
7.10352e-07
-3.62882e-05
1.08459e-06
-3.25369e-05
1.00367e-06
-2.94933e-05
-2.9299e-05
9.13841e-06
-8.72611e-06
8.38799e-06
-1.16734e-05
7.72853e-06
-1.48463e-05
7.15729e-06
-1.81288e-05
6.65128e-06
-2.14356e-05
6.16539e-06
-2.4675e-05
5.64068e-06
-2.77655e-05
5.02765e-06
-3.06357e-05
4.29106e-06
-3.32286e-05
3.42101e-06
-3.54956e-05
2.4426e-06
-3.73829e-05
1.42107e-06
-3.88144e-05
4.68331e-07
-3.96484e-05
-2.54689e-07
-3.97084e-05
-5.98054e-07
-3.86952e-05
-3.11406e-07
-3.65749e-05
2.92535e-07
-3.31408e-05
6.53196e-07
-2.9854e-05
-2.86458e-05
7.15584e-06
-7.98074e-06
6.54393e-06
-1.10615e-05
6.07224e-06
-1.43745e-05
5.71003e-06
-1.77666e-05
5.39743e-06
-2.1123e-05
5.06246e-06
-2.434e-05
4.64343e-06
-2.73464e-05
4.09495e-06
-3.00872e-05
3.39799e-06
-3.25316e-05
2.55683e-06
-3.46544e-05
1.59947e-06
-3.64256e-05
5.89462e-07
-3.78044e-05
-3.76409e-07
-3.86825e-05
-1.14202e-06
-3.89428e-05
-1.52855e-06
-3.83087e-05
-1.34371e-06
-3.67597e-05
-6.30519e-07
-3.3854e-05
1.78746e-07
-3.06632e-05
-2.84671e-05
5.32188e-06
-7.35629e-06
4.89593e-06
-1.06355e-05
4.6362e-06
-1.41148e-05
4.47121e-06
-1.76016e-05
4.30822e-06
-2.096e-05
4.0721e-06
-2.41039e-05
3.71395e-06
-2.69883e-05
3.21278e-06
-2.9586e-05
2.56617e-06
-3.1885e-05
1.78939e-06
-3.38776e-05
9.06963e-07
-3.55431e-05
-3.3511e-08
-3.68639e-05
-9.49957e-07
-3.7766e-05
-1.72931e-06
-3.81634e-05
-2.17841e-06
-3.78596e-05
-2.15203e-06
-3.67861e-05
-1.50399e-06
-3.4502e-05
-4.15183e-07
-3.17521e-05
-2.88822e-05
3.67114e-06
-6.89714e-06
3.44461e-06
-1.0409e-05
3.38063e-06
-1.40508e-05
3.35861e-06
-1.75796e-05
3.28396e-06
-2.08853e-05
3.10615e-06
-2.3926e-05
2.80403e-06
-2.66861e-05
2.37873e-06
-2.91607e-05
1.83902e-06
-3.13453e-05
1.19734e-06
-3.3236e-05
4.70641e-07
-3.48164e-05
-3.12215e-07
-3.60811e-05
-1.10455e-06
-3.69737e-05
-1.82707e-06
-3.74409e-05
-2.33051e-06
-3.73561e-05
-2.47789e-06
-3.66387e-05
-2.03288e-06
-3.4947e-05
-9.67155e-07
-3.28178e-05
-2.98494e-05
2.13615e-06
-6.6466e-06
2.12191e-06
-1.03947e-05
2.20796e-06
-1.41368e-05
2.2716e-06
-1.76432e-05
2.25811e-06
-2.08718e-05
2.14845e-06
-2.38164e-05
1.94562e-06
-2.64833e-05
1.65799e-06
-2.8873e-05
1.29383e-06
-3.09811e-05
8.60866e-07
-3.2803e-05
3.67513e-07
-3.4323e-05
-1.78362e-07
-3.55352e-05
-7.59035e-07
-3.6393e-05
-1.33521e-06
-3.68647e-05
-1.81798e-06
-3.68733e-05
-2.09443e-06
-3.63622e-05
-1.91873e-06
-3.51227e-05
-1.17228e-06
-3.35642e-05
-3.10217e-05
7.81162e-07
9.2518e-07
1.09569e-06
1.20794e-06
1.24711e-06
1.21976e-06
1.13645e-06
1.0063e-06
8.36174e-07
6.29447e-07
3.88584e-07
1.11116e-07
-1.95973e-07
-5.26169e-07
-8.49236e-07
-1.10168e-06
-1.13935e-06
-8.46003e-07
)
;

boundaryField
{
    leftWall
    {
        type            calculated;
        value           uniform 0;
    }
    rightWall
    {
        type            calculated;
        value           uniform 0;
    }
    lowerWall
    {
        type            calculated;
        value           uniform 0;
    }
    atmosphere
    {
        type            calculated;
        value           nonuniform List<scalar> 
46
(
4.13705e-05
4.70611e-05
5.07112e-05
5.02014e-05
4.59259e-05
4.179e-05
3.71635e-05
3.26284e-05
2.84688e-05
2.47132e-05
2.13343e-05
1.83445e-05
1.57655e-05
1.35834e-05
1.17557e-05
1.02091e-05
8.87944e-06
7.70974e-06
6.65743e-06
5.66604e-06
4.68308e-06
3.55721e-06
2.09398e-06
3.391e-07
-2.34121e-07
-8.78993e-07
-1.58741e-06
-6.62979e-06
-1.05387e-05
-1.43073e-05
-1.77554e-05
-2.0911e-05
-2.3789e-05
-2.63999e-05
-2.87429e-05
-3.0811e-05
-3.25962e-05
-3.40822e-05
-3.52577e-05
-3.60859e-05
-3.65345e-05
-3.65502e-05
-3.61098e-05
-3.5085e-05
-3.38575e-05
-3.18677e-05
)
;
    }
    defaultFaces
    {
        type            empty;
        value           nonuniform List<scalar> 0();
    }
}


// ************************************************************************* //
