/*--------------------------------*- C++ -*----------------------------------*\
| =========                 |                                                 |
| \\      /  F ield         | OpenFOAM: The Open Source CFD Toolbox           |
|  \\    /   O peration     | Version:  2312                                  |
|   \\  /    A nd           | Website:  www.openfoam.com                      |
|    \\/     M anipulation  |                                                 |
\*---------------------------------------------------------------------------*/
FoamFile
{
    version     2.0;
    format      ascii;
    arch        "LSB;label=32;scalar=64";
    class       volVectorField;
    location    "1.95";
    object      U;
}
// * * * * * * * * * * * * * * * * * * * * * * * * * * * * * * * * * * * * * //

dimensions      [0 1 -1 0 0 0 0];

internalField   nonuniform List<vector> 
2268
(
(0.00784228 -0.00355193 0)
(-0.00496601 0.00438184 0)
(-0.030974 0.00636213 0)
(-0.0538452 0.00616887 0)
(-0.0748986 0.00497896 0)
(-0.0917514 0.00378318 0)
(-0.104304 0.00240568 0)
(-0.110982 0.000858557 0)
(-0.111231 -0.000698048 0)
(-0.105004 -0.00208363 0)
(-0.0931793 -0.00327335 0)
(-0.0771648 -0.00416511 0)
(-0.058657 -0.00452541 0)
(-0.0399437 -0.00424547 0)
(-0.0232679 -0.00355406 0)
(-0.0101236 -0.00265985 0)
(-0.000871488 -0.00177015 0)
(0.00438602 -0.000973405 0)
(0.00629622 -0.000382572 0)
(0.00592069 -1.70522e-05 0)
(0.00496829 0.000109631 0)
(0.00232858 0.000274771 0)
(-0.000771194 9.7223e-05 0)
(-0.00893532 0.00169423 0)
(-0.0189001 0.0146392 0)
(-0.0448895 0.0166487 0)
(-0.0634986 0.0150395 0)
(-0.0822934 0.0125559 0)
(-0.0977663 0.0100304 0)
(-0.10979 0.00684791 0)
(-0.116261 0.00285464 0)
(-0.116313 -0.00172226 0)
(-0.10979 -0.00619081 0)
(-0.0974228 -0.00999113 0)
(-0.0806407 -0.0126751 0)
(-0.0613325 -0.0136936 0)
(-0.0420097 -0.0127579 0)
(-0.0249912 -0.0105791 0)
(-0.0117046 -0.00777816 0)
(-0.00242868 -0.00494471 0)
(0.00278706 -0.00239321 0)
(0.00460644 -0.000446156 0)
(0.00408057 0.000799332 0)
(0.00299881 0.00149532 0)
(0.00050122 0.002601 0)
(-0.00323313 0.00107265 0)
(-0.0193572 0.00997008 0)
(-0.0335793 0.0237722 0)
(-0.0589822 0.0271605 0)
(-0.0759523 0.0236579 0)
(-0.0926933 0.0197846 0)
(-0.106772 0.0157768 0)
(-0.118164 0.0106983 0)
(-0.124271 0.00413614 0)
(-0.123792 -0.00341713 0)
(-0.116338 -0.0108786 0)
(-0.102677 -0.0171972 0)
(-0.0844156 -0.0216268 0)
(-0.0636307 -0.0231818 0)
(-0.043155 -0.0213691 0)
(-0.0254976 -0.0175514 0)
(-0.0118931 -0.0128352 0)
(-0.00236933 -0.00814992 0)
(0.00320132 -0.00403826 0)
(0.00546524 -0.000823213 0)
(0.00537973 0.000944034 0)
(0.00495558 0.00136775 0)
(0.00296531 0.00243079 0)
(0.00014686 -0.00173286 0)
(-0.0259699 0.0259621 0)
(-0.0474517 0.0351033 0)
(-0.0728294 0.0367507 0)
(-0.088629 0.0313645 0)
(-0.102897 0.0267105 0)
(-0.115538 0.0216254 0)
(-0.126314 0.0148839 0)
(-0.131989 0.00579889 0)
(-0.130709 -0.00507708 0)
(-0.12197 -0.0160317 0)
(-0.10665 -0.0252195 0)
(-0.0863537 -0.0315314 0)
(-0.0633623 -0.0336173 0)
(-0.0410812 -0.0307446 0)
(-0.0223652 -0.02518 0)
(-0.0080958 -0.0184314 0)
(0.00213937 -0.0117305 0)
(0.00870007 -0.00604066 0)
(0.0117313 -0.00200781 0)
(0.0114447 0.00118523 0)
(0.0105131 0.00303044 0)
(0.00767937 0.00568019 0)
(0.00635067 0.00367897 0)
(-0.0258868 0.0438076 0)
(-0.0487849 0.0492787 0)
(-0.0763711 0.0477104 0)
(-0.0944818 0.0383585 0)
(-0.109532 0.0323507 0)
(-0.121891 0.026639 0)
(-0.132611 0.0186889 0)
(-0.138257 0.00696494 0)
(-0.136605 -0.00733597 0)
(-0.127255 -0.0214788 0)
(-0.110465 -0.033842 0)
(-0.0876056 -0.0427667 0)
(-0.0617183 -0.0457159 0)
(-0.0368591 -0.041434 0)
(-0.0163632 -0.0336812 0)
(-0.000785153 -0.0247949 0)
(0.010489 -0.0163269 0)
(0.0176065 -0.00744619 0)
(0.0203786 -0.00071896 0)
(0.0184216 0.00199797 0)
(0.0155576 0.00193605 0)
(0.0112907 0.00235878 0)
(0.0111276 0.00322422 0)
(-0.0184756 0.054495 0)
(-0.0420083 0.0559075 0)
(-0.0786863 0.0548897 0)
(-0.102087 0.0451225 0)
(-0.120306 0.0384961 0)
(-0.131635 0.0314729 0)
(-0.14053 0.0221525 0)
(-0.144815 0.00846293 0)
(-0.143511 -0.00967364 0)
(-0.135686 -0.0298071 0)
(-0.117478 -0.0468155 0)
(-0.0920669 -0.0577713 0)
(-0.0637849 -0.0604817 0)
(-0.0372139 -0.0537984 0)
(-0.0160629 -0.0430543 0)
(-0.000709071 -0.0315978 0)
(0.0095944 -0.0227975 0)
(0.0151289 -0.0148487 0)
(0.0136449 -0.00483542 0)
(0.00533184 0.00311686 0)
(-0.00413139 0.00598077 0)
(-0.0108747 0.00755852 0)
(0.000773732 0.0176552 0)
(-0.0359986 0.0678433 0)
(-0.0846272 0.0766328 0)
(-0.113978 0.0713662 0)
(-0.134284 0.0556143 0)
(-0.147181 0.0461434 0)
(-0.15562 0.03853 0)
(-0.164496 0.0275008 0)
(-0.169757 0.0102863 0)
(-0.165041 -0.0106062 0)
(-0.14705 -0.0316802 0)
(-0.124006 -0.0500336 0)
(-0.0969676 -0.0624842 0)
(-0.0677802 -0.0656677 0)
(-0.0414316 -0.0583828 0)
(-0.0216353 -0.0471365 0)
(-0.00949014 -0.0339163 0)
(-0.0128296 -0.0172059 0)
(-0.0557473 0.000109017 0)
(-0.115872 0.00721619 0)
(-0.163791 0.013621 0)
(-0.178513 0.0117127 0)
(-0.139878 -0.00319068 0)
(-0.0711157 -0.00133317 0)
(-0.109833 0.129096 0)
(-0.194825 0.101789 0)
(-0.196868 0.0796775 0)
(-0.180455 0.063206 0)
(-0.172025 0.0473286 0)
(-0.170717 0.0369408 0)
(-0.1698 0.0262468 0)
(-0.162213 0.00900719 0)
(-0.142291 -0.0170633 0)
(-0.123058 -0.0477482 0)
(-0.100883 -0.0713137 0)
(-0.0779264 -0.0863403 0)
(-0.0560723 -0.0881608 0)
(-0.0414428 -0.0747668 0)
(-0.0383192 -0.0547348 0)
(-0.0513752 -0.0329871 0)
(-0.0645373 -0.00764445 0)
(-0.0761443 0.0231687 0)
(-0.0984419 0.0350355 0)
(-0.1323 0.0267459 0)
(-0.153525 -0.00371379 0)
(-0.134499 -0.0487653 0)
(-0.147781 -0.0946179 0)
(-0.09061 0.0327874 0)
(-0.1468 0.00773936 0)
(-0.179656 -0.00483466 0)
(-0.164276 -0.00953374 0)
(-0.140355 -0.00569282 0)
(-0.113603 -0.00383519 0)
(-0.073133 -0.00581312 0)
(-0.0420263 -0.00467266 0)
(-0.034322 -0.0057516 0)
(-0.037193 -0.00524573 0)
(-0.0414476 -0.00310981 0)
(-0.0528653 0.00144829 0)
(-0.0784701 0.000845586 0)
(-0.107888 0.00136979 0)
(-0.130806 0.00101554 0)
(-0.135445 -0.0027592 0)
(-0.12384 -0.00467429 0)
(-0.101677 -0.00837006 0)
(-0.0404056 -0.014686 0)
(-0.0193673 0.0557954 0)
(-0.0165182 0.0323893 0)
(-0.0484968 0.0134979 0)
(-0.0501139 -0.0130044 0)
(-0.0458291 -0.0191024 0)
(-0.0092733 -0.0224521 0)
(0.0423676 -0.0281544 0)
(0.0736841 -0.0153398 0)
(0.0963786 0.00509344 0)
(0.0871164 0.0107709 0)
(0.0306808 0.00856555 0)
(-0.0217023 0.0146362 0)
(-0.0437342 0.0195995 0)
(-0.0684765 0.0208067 0)
(-0.0980991 0.0125102 0)
(-0.118071 -0.00214153 0)
(-0.123349 -0.0111489 0)
(-0.100418 -0.0272103 0)
(-0.0423121 -0.0521646 0)
(0.0211758 0.0526084 0)
(0.0522556 0.0324361 0)
(0.0435053 0.012827 0)
(0.0752153 -0.0110338 0)
(0.0820567 -0.0198154 0)
(0.12757 -0.0337594 0)
(0.151682 -0.0335684 0)
(0.167747 -0.0364113 0)
(0.206102 -0.0129338 0)
(0.221923 0.0205944 0)
(0.19187 0.0420643 0)
(0.112501 0.0391967 0)
(0.0263715 0.0205677 0)
(-0.016925 0.0249144 0)
(-0.0535042 0.0238059 0)
(-0.0922246 0.00915946 0)
(-0.0987469 -0.0125524 0)
(-0.0626377 -0.039458 0)
(-0.0101331 -0.0744023 0)
(0.0145753 0.0255203 0)
(0.0401135 0.0296836 0)
(0.0504969 0.00257583 0)
(0.087429 -0.0228415 0)
(0.140141 -0.0475063 0)
(0.212385 -0.0596835 0)
(0.260899 -0.0363068 0)
(0.259808 -0.0334343 0)
(0.242382 -0.0236224 0)
(0.253837 0.0157765 0)
(0.239593 0.0550951 0)
(0.183291 0.0769588 0)
(0.0264502 0.0717099 0)
(-0.130883 0.0621437 0)
(-0.128039 0.0477554 0)
(-0.0946072 0.0177197 0)
(-0.0639574 -0.0259513 0)
(0.00661197 -0.0565514 0)
(0.0438328 -0.0777318 0)
(-0.0581527 0.0226425 0)
(-0.0284916 0.016533 0)
(0.00875603 -0.0241868 0)
(0.0634703 -0.0482327 0)
(0.130068 -0.0818781 0)
(0.186289 -0.0862889 0)
(0.242613 -0.0562211 0)
(0.263201 -0.0369234 0)
(0.253854 -0.0134245 0)
(0.224383 0.0237099 0)
(0.163316 0.0782132 0)
(0.0501151 0.139436 0)
(-0.184723 0.160116 0)
(-0.289267 0.0903865 0)
(-0.197807 -0.00162418 0)
(-0.138256 -0.00610207 0)
(-0.127789 -0.0586799 0)
(-0.0100815 -0.104294 0)
(0.0944238 -0.0550831 0)
(-0.0282284 0.0576468 0)
(0.0441443 0.00923435 0)
(0.0621775 -0.0329965 0)
(0.0557637 -0.0578279 0)
(0.0778166 -0.102695 0)
(0.0986236 -0.102997 0)
(0.135923 -0.067136 0)
(0.143833 -0.0405162 0)
(0.11497 -0.00462894 0)
(0.0618104 0.0539692 0)
(-0.0865429 0.147344 0)
(-0.158431 0.208724 0)
(-0.29057 0.208406 0)
(-0.251786 0.0600838 0)
(-0.18702 -0.0316468 0)
(-0.172841 0.00128898 0)
(-0.151747 -0.0804469 0)
(-0.0536295 -0.158349 0)
(0.0696663 -0.0357324 0)
(0.0705034 0.00854857 0)
(0.0942198 -0.0235215 0)
(0.0536134 -0.0304243 0)
(-0.0298068 -0.0414789 0)
(-0.0456044 -0.113309 0)
(-0.0702677 -0.105241 0)
(-0.0475643 -0.0688736 0)
(-0.0567935 -0.0317992 0)
(-0.104991 0.0237727 0)
(-0.138132 0.0986427 0)
(-0.256007 0.183461 0)
(-0.254953 0.226662 0)
(-0.255507 0.201883 0)
(-0.205926 0.0453158 0)
(-0.216583 -0.0335928 0)
(-0.221667 -0.0088805 0)
(-0.182496 -0.101299 0)
(-0.0513548 -0.202184 0)
(0.0320587 -0.0369946 0)
(-0.0399536 0.000560516 0)
(-0.217279 0.0298105 0)
(-0.297599 0.0124258 0)
(-0.250659 -0.0435299 0)
(-0.238188 -0.0986935 0)
(-0.25167 -0.0935145 0)
(-0.239776 -0.0658294 0)
(-0.263143 -0.0183703 0)
(-0.303387 0.0373826 0)
(-0.315564 0.129518 0)
(-0.302691 0.184685 0)
(-0.246577 0.207927 0)
(-0.19511 0.185469 0)
(-0.181848 0.0506536 0)
(-0.254013 -0.0181364 0)
(-0.270852 -0.020172 0)
(-0.202826 -0.144523 0)
(-0.0312979 -0.27317 0)
(0.0373197 -0.0409565 0)
(-0.0299075 0.231564 0)
(-0.126549 0.140978 0)
(-0.167191 0.0707395 0)
(-0.17654 0.0472028 0)
(-0.171565 0.0387331 0)
(-0.165367 0.0251584 0)
(-0.154616 0.00661955 0)
(-0.121944 -0.021122 0)
(-0.0807949 -0.0402977 0)
(-0.0487899 -0.0563886 0)
(-0.0254397 -0.0819604 0)
(-0.00802235 -0.0970386 0)
(0.00738126 -0.0962519 0)
(0.0177503 -0.0769057 0)
(0.0270741 -0.0504071 0)
(0.0312532 -0.0242483 0)
(0.0258111 0.00433846 0)
(0.00879371 0.0335663 0)
(-0.023647 0.0593797 0)
(-0.0760007 0.0678461 0)
(-0.145952 0.0488229 0)
(-0.225765 -0.00867169 0)
(-0.315221 -0.0836012 0)
(0.063721 0.243784 0)
(0.048219 0.219465 0)
(-0.00114726 0.124329 0)
(-0.0380533 0.0592051 0)
(-0.0513969 0.0422048 0)
(-0.0411981 0.0238166 0)
(-0.0266428 -0.000688686 0)
(0.0390928 -0.0585558 0)
(0.0648407 -0.0735189 0)
(0.0953002 -0.0904809 0)
(0.1215 -0.105728 0)
(0.141094 -0.115914 0)
(0.152807 -0.110988 0)
(0.159879 -0.0944641 0)
(0.163351 -0.0703222 0)
(0.157279 -0.0357155 0)
(0.133734 0.00835035 0)
(0.0904411 0.0524224 0)
(0.0274994 0.0961438 0)
(-0.0419634 0.119633 0)
(-0.109434 0.111052 0)
(-0.171869 0.0661847 0)
(-0.252297 0.0142958 0)
(0.116024 0.128336 0)
(0.147404 0.221341 0)
(0.125592 0.168523 0)
(0.104782 0.0969597 0)
(0.0852211 0.04891 0)
(0.112214 0.00719965 0)
(0.168618 -0.0582365 0)
(0.220321 -0.100255 0)
(0.267015 -0.111512 0)
(0.307709 -0.109892 0)
(0.336813 -0.109553 0)
(0.350419 -0.110997 0)
(0.353048 -0.100802 0)
(0.346886 -0.0740911 0)
(0.329036 -0.0385303 0)
(0.28965 0.0150396 0)
(0.226925 0.0915189 0)
(0.138134 0.166463 0)
(0.0338873 0.215343 0)
(-0.0692758 0.225456 0)
(-0.159796 0.197214 0)
(-0.251572 0.148841 0)
(-0.348121 0.129875 0)
(0.0623053 -0.043111 0)
(0.141475 0.207138 0)
(0.100643 0.174519 0)
(0.115364 0.106888 0)
(0.0844513 0.0366611 0)
(0.136289 -0.0603977 0)
(0.183514 -0.129442 0)
(0.227672 -0.161681 0)
(0.2689 -0.169117 0)
(0.309882 -0.165029 0)
(0.353568 -0.158024 0)
(0.397258 -0.147532 0)
(0.435217 -0.124806 0)
(0.462201 -0.0819719 0)
(0.470282 -0.0168697 0)
(0.45321 0.0701854 0)
(0.38969 0.169456 0)
(0.269598 0.261127 0)
(0.111659 0.317295 0)
(-0.0443534 0.322064 0)
(-0.169288 0.294055 0)
(-0.279958 0.255412 0)
(-0.385239 0.237309 0)
(-0.0196101 -0.116612 0)
(0.10991 0.213023 0)
(0.0615282 0.161674 0)
(0.123712 0.0950685 0)
(0.136265 0.0203187 0)
(0.187041 -0.0979094 0)
(0.215203 -0.168528 0)
(0.236426 -0.193202 0)
(0.255352 -0.200301 0)
(0.27768 -0.204867 0)
(0.311964 -0.207964 0)
(0.356357 -0.202765 0)
(0.406559 -0.181104 0)
(0.45679 -0.134477 0)
(0.491841 -0.0653136 0)
(0.500485 0.0301111 0)
(0.427296 0.190339 0)
(0.246394 0.354537 0)
(0.0267767 0.45446 0)
(-0.156393 0.453229 0)
(-0.264366 0.40196 0)
(-0.349843 0.354326 0)
(-0.42225 0.331024 0)
(-0.0838171 -0.14551 0)
(0.0900367 0.194479 0)
(0.0853883 0.129767 0)
(0.161636 0.0541744 0)
(0.236499 -0.0187119 0)
(0.286654 -0.111637 0)
(0.293898 -0.168242 0)
(0.280194 -0.189606 0)
(0.264689 -0.205037 0)
(0.261554 -0.219885 0)
(0.286611 -0.229979 0)
(0.328711 -0.228948 0)
(0.373128 -0.217672 0)
(0.392159 -0.181672 0)
(0.0451638 -0.0211596 0)
(-0.555711 0.169867 0)
(-0.428108 0.463099 0)
(-0.408672 0.66561 0)
(-0.434892 0.651192 0)
(-0.466705 0.547858 0)
(-0.481878 0.467543 0)
(-0.490583 0.411498 0)
(-0.502387 0.373682 0)
(-0.101574 -0.10601 0)
(0.0288048 0.0826924 0)
(0.106111 0.0599642 0)
(0.185829 -0.0235475 0)
(0.269566 -0.0907577 0)
(0.336508 -0.136712 0)
(0.378079 -0.165317 0)
(0.415563 -0.174898 0)
(0.436973 -0.161984 0)
(0.276594 -0.201442 0)
(0.210635 -0.248351 0)
(-0.208802 -0.241946 0)
(-0.72984 -0.12023 0)
(-1.7811 0.418827 0)
(-2.51586 0.809602 0)
(-2.92727 0.588772 0)
(-2.89398 0.293473 0)
(-1.89789 0.127233 0)
(-1.07933 0.342013 0)
(-0.886812 0.40728 0)
(-0.75453 0.409716 0)
(-0.665535 0.386656 0)
(-0.612072 0.35168 0)
(-0.136749 -0.0709136 0)
(-0.0992543 -0.0363095 0)
(0.0939052 -0.0309391 0)
(0.188973 -0.105283 0)
(0.306994 -0.162012 0)
(0.440283 -0.209442 0)
(0.416488 -0.230563 0)
(0.195649 -0.170531 0)
(0.0308033 0.0447104 0)
(-0.11186 -0.0437536 0)
(-0.515776 0.189798 0)
(-1.45895 0.790519 0)
(-1.97635 1.06288 0)
(-2.70472 1.39184 0)
(-2.50479 0.811764 0)
(-1.89355 0.026007 0)
(-1.65379 -0.154931 0)
(-1.50859 -0.146747 0)
(-1.36236 -0.0482033 0)
(-1.15881 0.117816 0)
(-0.974903 0.232239 0)
(-0.834448 0.273938 0)
(-0.734082 0.269177 0)
(-0.0205946 0.11804 0)
(-0.0298534 -0.166808 0)
(-0.0282059 -0.219723 0)
(-0.0497786 -0.250254 0)
(-0.156704 -0.350911 0)
(-0.287959 -0.219478 0)
(-0.334519 0.0140179 0)
(-0.375957 0.0426334 0)
(-0.433724 0.0887656 0)
(-0.661999 0.347124 0)
(-1.01455 0.825158 0)
(-1.40489 1.20638 0)
(-1.89518 1.47276 0)
(-1.93947 0.712864 0)
(-1.65431 0.022733 0)
(-1.56026 -0.139519 0)
(-1.47276 -0.244472 0)
(-1.4336 -0.232461 0)
(-1.37386 -0.147519 0)
(-1.27779 -0.0463743 0)
(-1.14175 0.049644 0)
(-0.994226 0.117311 0)
(-0.869797 0.145988 0)
(0.0537207 0.0133839 0)
(0.0643526 -0.0487811 0)
(0.0145593 -0.0712464 0)
(-0.0346912 -0.0643455 0)
(-0.117826 -0.0391091 0)
(-0.246862 -0.0573159 0)
(-0.34244 -0.0464291 0)
(-0.458452 0.0736713 0)
(-0.629685 0.297242 0)
(-0.789718 0.598155 0)
(-0.920756 1.02614 0)
(-1.04403 1.47565 0)
(-1.19267 1.7135 0)
(-1.41638 1.46362 0)
(-1.5456 0.187619 0)
(-1.50238 -0.148199 0)
(-1.43827 -0.262083 0)
(-1.37022 -0.242879 0)
(-1.32742 -0.179929 0)
(-1.2801 -0.110019 0)
(-1.2083 -0.0580439 0)
(-1.10846 -0.0201582 0)
(-0.999128 0.00662156 0)
(0.0263735 -0.040176 0)
(0.0255866 -0.0655373 0)
(-0.007408 -0.0690827 0)
(-0.0664895 -0.0601181 0)
(-0.132009 -0.0351015 0)
(-0.243977 0.0489366 0)
(-0.393594 0.164686 0)
(-0.534875 0.264396 0)
(-0.629618 0.414026 0)
(-0.699219 0.676448 0)
(-0.715812 1.06809 0)
(-0.680459 1.49194 0)
(-0.622963 1.73312 0)
(-0.663585 1.49288 0)
(-0.821917 0.476155 0)
(-1.14016 -0.216036 0)
(-1.3063 -0.366135 0)
(-1.38354 -0.376765 0)
(-1.35011 -0.198778 0)
(-1.24732 -0.141789 0)
(-1.16944 -0.123494 0)
(-1.07569 -0.101001 0)
(-0.996224 -0.0908254 0)
(0.00912906 -0.0500265 0)
(0.00393797 -0.03357 0)
(-0.0299911 -0.0098194 0)
(-0.0919209 0.0365521 0)
(-0.193921 0.113044 0)
(-0.305795 0.192548 0)
(-0.391271 0.264467 0)
(-0.46564 0.342125 0)
(-0.51882 0.476698 0)
(-0.547521 0.699797 0)
(-0.511038 1.01994 0)
(-0.398817 1.3717 0)
(-0.248493 1.6116 0)
(-0.131513 1.50987 0)
(-0.212997 0.839105 0)
(-0.492756 0.233834 0)
(-0.872928 -0.151477 0)
(-1.14142 -0.335208 0)
(-1.18942 -0.313805 0)
(-1.1946 -0.31112 0)
(-1.17156 -0.255258 0)
(-1.11628 -0.188087 0)
(-1.04402 -0.178334 0)
(-0.00574712 -0.049344 0)
(-0.0211586 -0.0121649 0)
(-0.0665082 0.0383317 0)
(-0.131752 0.113076 0)
(-0.20655 0.194851 0)
(-0.277107 0.263495 0)
(-0.328648 0.320126 0)
(-0.369161 0.383951 0)
(-0.395793 0.499643 0)
(-0.398958 0.68332 0)
(-0.343678 0.928881 0)
(-0.212472 1.20002 0)
(-0.0251298 1.40571 0)
(0.167815 1.39127 0)
(0.211033 0.972652 0)
(0.0973151 0.52875 0)
(-0.0832774 0.212492 0)
(-0.302855 0.00258527 0)
(-0.501387 -0.107701 0)
(-0.631058 -0.197523 0)
(-0.691289 -0.248652 0)
(-0.690113 -0.262895 0)
(-0.671489 -0.297492 0)
(-0.0162296 -0.0253968 0)
(-0.0477263 0.0284981 0)
(-0.103277 0.0977699 0)
(-0.155827 0.174947 0)
(-0.201569 0.249182 0)
(-0.23966 0.309036 0)
(-0.266833 0.355205 0)
(-0.289094 0.410457 0)
(-0.300273 0.507946 0)
(-0.286053 0.651016 0)
(-0.222549 0.830564 0)
(-0.0975382 1.02694 0)
(0.0874922 1.18849 0)
(0.295408 1.20259 0)
(0.408288 0.94502 0)
(0.390749 0.601205 0)
(0.284559 0.324723 0)
(0.147602 0.168077 0)
(0.0303948 0.0271349 0)
(-0.0832882 -0.108383 0)
(-0.158341 -0.185194 0)
(-0.192209 -0.196403 0)
(-0.201257 -0.196995 0)
(-0.028474 0.0137043 0)
(-0.07649 0.0794298 0)
(-0.132721 0.14893 0)
(-0.173237 0.217848 0)
(-0.201185 0.281457 0)
(-0.219356 0.33289 0)
(-0.231321 0.373891 0)
(-0.240282 0.423231 0)
(-0.236961 0.502351 0)
(-0.208934 0.609829 0)
(-0.142161 0.737181 0)
(-0.0300187 0.873055 0)
(0.134477 0.990997 0)
(0.325162 1.01578 0)
(0.463834 0.866644 0)
(0.504612 0.627353 0)
(0.45814 0.405838 0)
(0.36519 0.242167 0)
(0.288512 0.117916 0)
(0.221759 0.00235136 0)
(0.150377 -0.108233 0)
(0.0702352 -0.197088 0)
(0.0486076 -0.214346 0)
(-0.0454456 0.0763492 0)
(-0.103034 0.139985 0)
(-0.155534 0.194901 0)
(-0.187552 0.24886 0)
(-0.205587 0.299893 0)
(-0.212674 0.34279 0)
(-0.213713 0.378802 0)
(-0.21037 0.42072 0)
(-0.194558 0.481813 0)
(-0.157365 0.560314 0)
(-0.09116 0.649385 0)
(0.00796006 0.741635 0)
(0.147048 0.822461 0)
(0.310448 0.847824 0)
(0.449127 0.767248 0)
(0.522675 0.614519 0)
(0.528379 0.450982 0)
(0.49389 0.29801 0)
(0.446977 0.154398 0)
(0.399707 0.0330277 0)
(0.352074 -0.0625074 0)
(0.296811 -0.126865 0)
(0.245618 -0.176814 0)
(-0.0541617 0.156588 0)
(-0.109587 0.198358 0)
(-0.160463 0.234454 0)
(-0.189529 0.272168 0)
(-0.203535 0.309731 0)
(-0.205086 0.343321 0)
(-0.198631 0.372985 0)
(-0.185749 0.406192 0)
(-0.161517 0.451161 0)
(-0.120157 0.50691 0)
(-0.0576204 0.568275 0)
(0.0289171 0.629925 0)
(0.144195 0.682763 0)
(0.279347 0.702291 0)
(0.405698 0.659093 0)
(0.493452 0.564052 0)
(0.535168 0.447625 0)
(0.543443 0.325017 0)
(0.532208 0.201829 0)
(0.506609 0.0873554 0)
(0.472303 -0.00552016 0)
(0.429477 -0.0772987 0)
(0.386633 -0.130254 0)
(-0.0504234 0.230369 0)
(-0.100981 0.253539 0)
(-0.150067 0.271903 0)
(-0.177496 0.292935 0)
(-0.189933 0.315853 0)
(-0.189002 0.338335 0)
(-0.178364 0.359872 0)
(-0.159913 0.38424 0)
(-0.13152 0.416061 0)
(-0.0898322 0.454639 0)
(-0.0328591 0.496023 0)
(0.0418357 0.536161 0)
(0.13622 0.56853 0)
(0.245538 0.579915 0)
(0.354045 0.55403 0)
(0.442144 0.492527 0)
(0.501346 0.408789 0)
(0.533777 0.31173 0)
(0.544183 0.208805 0)
(0.535851 0.109877 0)
(0.514366 0.0247083 0)
(0.484918 -0.0445541 0)
(0.451186 -0.100452 0)
(-0.043286 0.297077 0)
(-0.0870264 0.304987 0)
(-0.132244 0.30756 0)
(-0.15712 0.312786 0)
(-0.16824 0.320991 0)
(-0.166151 0.331305 0)
(-0.15372 0.343399 0)
(-0.132924 0.35902 0)
(-0.103401 0.380251 0)
(-0.0635592 0.406065 0)
(-0.0126196 0.433169 0)
(0.0514368 0.458244 0)
(0.128418 0.47631 0)
(0.215881 0.480176 0)
(0.305359 0.461161 0)
(0.384998 0.41817 0)
(0.447369 0.356413 0)
(0.489833 0.280829 0)
(0.512475 0.19801 0)
(0.516909 0.116238 0)
(0.50737 0.0427826 0)
(0.489249 -0.0201366 0)
(0.464366 -0.0745931 0)
(-0.0361293 0.35468 0)
(-0.0730543 0.350724 0)
(-0.113266 0.339775 0)
(-0.134836 0.330829 0)
(-0.144401 0.325365 0)
(-0.141635 0.323772 0)
(-0.128757 0.32617 0)
(-0.107547 0.333328 0)
(-0.0785394 0.345728 0)
(-0.0413862 0.36186 0)
(0.00406387 0.378739 0)
(0.0589741 0.393361 0)
(0.122279 0.401967 0)
(0.192444 0.400298 0)
(0.264787 0.383728 0)
(0.332442 0.350959 0)
(0.389846 0.303934 0)
(0.433327 0.245448 0)
(0.46114 0.180132 0)
(0.473574 0.113791 0)
(0.473362 0.0514831 0)
(0.464171 -0.00463635 0)
(0.44753 -0.0550343 0)
(-0.0299358 0.402928 0)
(-0.0609597 0.389992 0)
(-0.096166 0.367711 0)
(-0.114492 0.34639 0)
(-0.122572 0.328694 0)
(-0.119399 0.316091 0)
(-0.10673 0.309203 0)
(-0.0860377 0.30839 0)
(-0.0582689 0.313234 0)
(-0.0239228 0.321825 0)
(0.0168532 0.331277 0)
(0.0642427 0.33876 0)
(0.117045 0.341317 0)
(0.174073 0.336118 0)
(0.232511 0.320577 0)
(0.288337 0.293752 0)
(0.337739 0.256476 0)
(0.377598 0.210473 0)
(0.405914 0.158714 0)
(0.422268 0.104956 0)
(0.428083 0.0526475 0)
(0.425476 0.0037136 0)
(0.41554 -0.0412187 0)
(-0.0247724 0.442974 0)
(-0.0509657 0.423377 0)
(-0.0817421 0.39166 0)
(-0.0973865 0.359638 0)
(-0.104369 0.331115 0)
(-0.1011 0.308477 0)
(-0.0889903 0.292861 0)
(-0.0692177 0.284582 0)
(-0.042928 0.282837 0)
(-0.0111967 0.285446 0)
(0.0257035 0.28948 0)
(0.0670052 0.292163 0)
(0.111736 0.29099 0)
(0.158866 0.283833 0)
(0.206542 0.269111 0)
(0.252279 0.246197 0)
(0.293562 0.21557 0)
(0.328144 0.178415 0)
(0.354403 0.136677 0)
(0.371689 0.0927585 0)
(0.380566 0.0489836 0)
(0.382104 0.00693002 0)
(0.377265 -0.0324449 0)
(-0.0203893 0.476241 0)
(-0.042606 0.45189 0)
(-0.0696528 0.412371 0)
(-0.083299 0.371139 0)
(-0.0896843 0.333037 0)
(-0.0866937 0.301231 0)
(-0.0754323 0.277387 0)
(-0.0567941 0.262045 0)
(-0.0320425 0.254405 0)
(-0.00257647 0.25217 0)
(0.0310112 0.25225 0)
(0.0674906 0.251821 0)
(0.105983 0.248516 0)
(0.145606 0.240569 0)
(0.185054 0.226847 0)
(0.222699 0.206931 0)
(0.256901 0.181169 0)
(0.28614 0.150442 0)
(0.309257 0.116095 0)
(0.325659 0.0797142 0)
(0.335484 0.0428809 0)
(0.339256 0.0068023 0)
(0.337819 -0.0275773 0)
(-0.0164604 0.503765 0)
(-0.0351778 0.47639 0)
(-0.0590558 0.430569 0)
(-0.0712872 0.381499 0)
(-0.0775609 0.334923 0)
(-0.0752558 0.294701 0)
(-0.0651689 0.263024 0)
(-0.0478861 0.240882 0)
(-0.0247233 0.227795 0)
(0.00274217 0.221503 0)
(0.0335756 0.218683 0)
(0.0662539 0.216373 0)
(0.0999166 0.212065 0)
(0.133798 0.204177 0)
(0.16694 0.19172 0)
(0.198271 0.174401 0)
(0.226683 0.152484 0)
(0.251174 0.126644 0)
(0.270981 0.0978742 0)
(0.285656 0.067288 0)
(0.295187 0.0359803 0)
(0.299813 0.00482403 0)
(0.300311 -0.0254041 0)
(-0.0126464 0.525983 0)
(-0.0278808 0.497356 0)
(-0.0488744 0.446766 0)
(-0.0600786 0.391219 0)
(-0.0666652 0.33723 0)
(-0.0654779 0.289277 0)
(-0.0569627 0.250075 0)
(-0.0413246 0.221244 0)
(-0.0198745 0.20293 0)
(0.00573184 0.193059 0)
(0.0342451 0.18807 0)
(0.0639122 0.184746 0)
(0.0938093 0.18027 0)
(0.123271 0.173016 0)
(0.151572 0.162089 0)
(0.177997 0.147184 0)
(0.201802 0.128498 0)
(0.222336 0.106566 0)
(0.239128 0.0821618 0)
(0.251878 0.0561262 0)
(0.260532 0.0292483 0)
(0.265202 0.00214025 0)
(0.266616 -0.0245708 0)
(-0.00864733 0.542721 0)
(-0.019895 0.514803 0)
(-0.037899 0.461179 0)
(-0.0482093 0.400659 0)
(-0.0554562 0.340398 0)
(-0.0558368 0.28541 0)
(-0.0493783 0.238922 0)
(-0.0357605 0.203385 0)
(-0.0162739 0.17985 0)
(0.00745126 0.166566 0)
(0.0339058 0.15988 0)
(0.0611193 0.156138 0)
(0.0880003 0.152099 0)
(0.113982 0.145925 0)
(0.138507 0.136706 0)
(0.161086 0.124124 0)
(0.181234 0.10828 0)
(0.198544 0.0896152 0)
(0.212745 0.0687464 0)
(0.223669 0.0463698 0)
(0.231265 0.0231087 0)
(0.235621 -0.000562448 0)
(0.237341 -0.0242657 0)
(-0.00429615 0.553299 0)
(-0.0105005 0.528208 0)
(-0.0248619 0.473657 0)
(-0.0340579 0.40997 0)
(-0.0421909 0.344779 0)
(-0.0446108 0.283576 0)
(-0.0407861 0.230114 0)
(-0.0296406 0.187686 0)
(-0.0125654 0.158771 0)
(0.00913436 0.141988 0)
(0.0335389 0.133806 0)
(0.0585319 0.130029 0)
(0.0828738 0.126845 0)
(0.105993 0.12208 0)
(0.127458 0.114708 0)
(0.146933 0.104381 0)
(0.164108 0.0911117 0)
(0.17875 0.0752549 0)
(0.190735 0.0573304 0)
(0.200006 0.0379495 0)
(0.206568 0.0176542 0)
(0.210405 -0.0031652 0)
(0.212033 -0.0242588 0)
(0.000317362 0.556785 0)
(0.000612647 0.536617 0)
(-0.00866561 0.483673 0)
(-0.0159248 0.418909 0)
(-0.024742 0.350501 0)
(-0.0295464 0.284101 0)
(-0.029254 0.223858 0)
(-0.0212805 0.174664 0)
(-0.00718005 0.140046 0)
(0.0121272 0.119619 0)
(0.0341884 0.109877 0)
(0.0568925 0.106203 0)
(0.0788523 0.104113 0)
(0.0994425 0.10097 0)
(0.118276 0.0955387 0)
(0.135109 0.0873909 0)
(0.149762 0.0764893 0)
(0.162119 0.0631089 0)
(0.172155 0.0476994 0)
(0.179889 0.0308054 0)
(0.185364 0.0129464 0)
(0.188598 -0.00551587 0)
(0.190056 -0.0243536 0)
(0.00503839 0.552087 0)
(0.0127135 0.537882 0)
(0.0104448 0.489911 0)
(0.0067954 0.427483 0)
(-0.00103484 0.358665 0)
(-0.00755634 0.288219 0)
(-0.0113032 0.221337 0)
(-0.00817049 0.164151 0)
(0.00168928 0.123955 0)
(0.0179713 0.0999168 0)
(0.0368879 0.0884944 0)
(0.056887 0.0847522 0)
(0.0763677 0.0837764 0)
(0.0945197 0.0823283 0)
(0.110902 0.0788546 0)
(0.125336 0.0728147 0)
(0.137731 0.0641095 0)
(0.148043 0.0529457 0)
(0.156297 0.0397147 0)
(0.162569 0.0249173 0)
(0.166959 0.00907698 0)
(0.169476 -0.00740763 0)
(0.170569 -0.0243154 0)
(0.010051 0.538731 0)
(0.0251003 0.531165 0)
(0.0305152 0.489888 0)
(0.0317088 0.43199 0)
(0.0271319 0.366037 0)
(0.0211743 0.296181 0)
(0.0153849 0.225903 0)
(0.0139076 0.161585 0)
(0.0171923 0.112497 0)
(0.0281897 0.0836098 0)
(0.0426669 0.070211 0)
(0.0592037 0.0660885 0)
(0.0758081 0.0660085 0)
(0.0913927 0.0661575 0)
(0.105349 0.0645689 0)
(0.11746 0.0605026 0)
(0.127688 0.0538047 0)
(0.13606 0.0446228 0)
(0.14263 0.0332928 0)
(0.147489 0.0202805 0)
(0.150753 0.00610603 0)
(0.152501 -0.00878221 0)
(0.153101 -0.0240738 0)
(0.0153994 0.516679 0)
(0.0370883 0.516708 0)
(0.0496661 0.483506 0)
(0.0557138 0.431697 0)
(0.0550441 0.369876 0)
(0.0510604 0.302246 0)
(0.045651 0.231633 0)
(0.0419203 0.164291 0)
(0.0405317 0.110105 0)
(0.0444244 0.0747 0)
(0.0530635 0.0569027 0)
(0.0648286 0.0510458 0)
(0.0777027 0.0511995 0)
(0.0902697 0.0526527 0)
(0.101577 0.05277 0)
(0.111283 0.0504742 0)
(0.119349 0.0455359 0)
(0.125814 0.0380766 0)
(0.13074 0.0283914 0)
(0.134209 0.0168949 0)
(0.136336 0.00410383 0)
(0.137237 -0.00947067 0)
(0.137254 -0.0234651 0)
(0.0209381 0.486081 0)
(0.048082 0.495563 0)
(0.0664285 0.471635 0)
(0.0762749 0.427152 0)
(0.0788166 0.370486 0)
(0.0769542 0.306045 0)
(0.0728127 0.23653 0)
(0.0686583 0.168462 0)
(0.0651601 0.111432 0)
(0.0644714 0.0714946 0)
(0.0676442 0.0493692 0)
(0.074121 0.0408567 0)
(0.0824713 0.0401591 0)
(0.0912953 0.0422069 0)
(0.0995296 0.0436338 0)
(0.106616 0.0428251 0)
(0.11242 0.039352 0)
(0.116956 0.0333172 0)
(0.120255 0.024997 0)
(0.122368 0.014769 0)
(0.123372 0.00311497 0)
(0.123389 -0.00942124 0)
(0.122733 -0.0223784 0)
(0.0260911 0.447402 0)
(0.0573137 0.469286 0)
(0.0795106 0.455859 0)
(0.0915728 0.419699 0)
(0.0961866 0.368758 0)
(0.0962198 0.308082 0)
(0.0937754 0.240424 0)
(0.0904517 0.172823 0)
(0.086771 0.11461 0)
(0.084045 0.0721167 0)
(0.0834536 0.0466826 0)
(0.0853683 0.0355381 0)
(0.0891962 0.0335542 0)
(0.0939932 0.0354685 0)
(0.0988291 0.0375022 0)
(0.103082 0.0376853 0)
(0.106538 0.0352937 0)
(0.109123 0.030335 0)
(0.110816 0.0230803 0)
(0.111607 0.0138678 0)
(0.111511 0.00312244 0)
(0.110644 -0.00860517 0)
(0.109289 -0.0207852 0)
(0.0294261 0.401986 0)
(0.0631629 0.439696 0)
(0.0870848 0.438044 0)
(0.100108 0.410629 0)
(0.10622 0.365332 0)
(0.108349 0.308162 0)
(0.10827 0.242606 0)
(0.106807 0.176195 0)
(0.104085 0.118142 0)
(0.100793 0.0747015 0)
(0.0979593 0.0474386 0)
(0.0963968 0.0343761 0)
(0.0962952 0.0310953 0)
(0.0972577 0.0325147 0)
(0.0986864 0.0346281 0)
(0.100092 0.0352077 0)
(0.101206 0.0334116 0)
(0.101896 0.0291299 0)
(0.102055 0.0226079 0)
(0.101603 0.0141444 0)
(0.100489 0.00410195 0)
(0.0987629 -0.0070144 0)
(0.0967054 -0.0186233 0)
(0.0290745 0.353548 0)
(0.0635468 0.409302 0)
(0.0869084 0.419573 0)
(0.100742 0.400327 0)
(0.109078 0.359878 0)
(0.114219 0.305581 0)
(0.117274 0.242224 0)
(0.118333 0.1777 0)
(0.117075 0.121044 0)
(0.113841 0.0781457 0)
(0.1096 0.0505288 0)
(0.105402 0.036555 0)
(0.101995 0.0322945 0)
(0.0995928 0.0330221 0)
(0.0979809 0.0347993 0)
(0.0968215 0.0352969 0)
(0.0958172 0.0336047 0)
(0.0947892 0.0295999 0)
(0.0935753 0.0234804 0)
(0.0920181 0.0155109 0)
(0.0900004 0.00597647 0)
(0.0875033 -0.00469566 0)
(0.0848004 -0.015913 0)
(0.0233889 0.307299 0)
(0.0576165 0.38141 0)
(0.0785898 0.401137 0)
(0.0943167 0.387959 0)
(0.106314 0.351218 0)
(0.115429 0.299561 0)
(0.122026 0.238783 0)
(0.125653 0.177089 0)
(0.125745 0.12312 0)
(0.122552 0.0821564 0)
(0.117078 0.0554953 0)
(0.110651 0.0415097 0)
(0.104513 0.0366045 0)
(0.0993876 0.0364896 0)
(0.0953789 0.0375286 0)
(0.0922363 0.037504 0)
(0.0896282 0.0355224 0)
(0.0872845 0.0314575 0)
(0.0849873 0.0254768 0)
(0.0825499 0.0177901 0)
(0.0798101 0.00861206 0)
(0.0766543 -0.00172838 0)
(0.0733949 -0.0126921 0)
(0.0121698 0.27006 0)
(0.0457945 0.35709 0)
(0.0649843 0.382049 0)
(0.0840709 0.372132 0)
(0.100431 0.338364 0)
(0.11364 0.289762 0)
(0.123321 0.232451 0)
(0.128701 0.174716 0)
(0.129334 0.124658 0)
(0.125622 0.0868591 0)
(0.118739 0.0621909 0)
(0.110337 0.0488289 0)
(0.102076 0.0434072 0)
(0.0950409 0.0421784 0)
(0.0895272 0.0420505 0)
(0.0852758 0.0411217 0)
(0.0818373 0.0385823 0)
(0.0788123 0.034264 0)
(0.0758998 0.0282752 0)
(0.0729075 0.0207513 0)
(0.0696796 0.0118369 0)
(0.0660496 0.00175598 0)
(0.0623486 -0.00902941 0)
(-0.000176589 0.247416 0)
(0.0301459 0.333887 0)
(0.0504613 0.360764 0)
(0.073175 0.352282 0)
(0.0932795 0.32129 0)
(0.109609 0.276818 0)
(0.120893 0.224244 0)
(0.126556 0.171593 0)
(0.126593 0.126475 0)
(0.121611 0.0927136 0)
(0.113076 0.0705709 0)
(0.103029 0.0579844 0)
(0.0934269 0.0518512 0)
(0.0854895 0.0490988 0)
(0.0795082 0.0473735 0)
(0.0751228 0.0452323 0)
(0.0717342 0.0419846 0)
(0.0688023 0.0373759 0)
(0.0659016 0.0314008 0)
(0.0628202 0.024051 0)
(0.0594211 0.0154091 0)
(0.0555432 0.00559747 0)
(0.0515351 -0.00501801 0)
(-0.00662258 0.238782 0)
(0.0161284 0.310058 0)
(0.0383311 0.336838 0)
(0.062843 0.329176 0)
(0.0848249 0.300991 0)
(0.102307 0.262296 0)
(0.113341 0.215708 0)
(0.11805 0.169018 0)
(0.116623 0.129534 0)
(0.10986 0.100179 0)
(0.0997188 0.0805296 0)
(0.0886367 0.0683539 0)
(0.0786349 0.0609917 0)
(0.0707851 0.0562199 0)
(0.0652199 0.052516 0)
(0.0614756 0.0489318 0)
(0.0588625 0.044897 0)
(0.0567343 0.040054 0)
(0.054532 0.0342534 0)
(0.0519616 0.0272596 0)
(0.0488396 0.0190461 0)
(0.0450294 0.00959195 0)
(0.0408868 -0.000852412 0)
(-0.00541726 0.236844 0)
(0.00978726 0.289153 0)
(0.0304481 0.312477 0)
(0.0534959 0.30571 0)
(0.0739614 0.280463 0)
(0.0900112 0.248283 0)
(0.0996978 0.208098 0)
(0.10279 0.16797 0)
(0.0993069 0.134482 0)
(0.0907176 0.109384 0)
(0.0796441 0.0915879 0)
(0.0686224 0.0790093 0)
(0.0593063 0.0697842 0)
(0.0523441 0.0626497 0)
(0.047679 0.0567902 0)
(0.0448658 0.0516339 0)
(0.0432962 0.0467254 0)
(0.0423347 0.0416518 0)
(0.0413392 0.0361418 0)
(0.039884 0.029758 0)
(0.0375963 0.02231 0)
(0.0342829 0.0135107 0)
(0.0302992 0.0034843 0)
(-0.00119422 0.234096 0)
(0.0106542 0.273714 0)
(0.0271693 0.292366 0)
(0.0451689 0.286339 0)
(0.0608875 0.263841 0)
(0.0735816 0.236361 0)
(0.0810001 0.202362 0)
(0.0815994 0.169003 0)
(0.0758479 0.1411 0)
(0.06626 0.119229 0)
(0.0556796 0.102126 0)
(0.0460844 0.0883998 0)
(0.0383873 0.0771339 0)
(0.0327691 0.067798 0)
(0.0290613 0.0599948 0)
(0.0269702 0.0533427 0)
(0.0261032 0.0474861 0)
(0.0260102 0.0420657 0)
(0.0261691 0.036743 0)
(0.0260782 0.0310611 0)
(0.0251635 0.0247026 0)
(0.0230616 0.016827 0)
(0.0196734 0.00720659 0)
(0.0018905 0.223485 0)
(0.0136435 0.254381 0)
(0.0263859 0.273487 0)
(0.0369968 0.270548 0)
(0.0464648 0.247858 0)
(0.0551589 0.225641 0)
(0.0588539 0.200549 0)
(0.0563782 0.175925 0)
(0.0493721 0.153414 0)
(0.040543 0.133142 0)
(0.0319761 0.114934 0)
(0.0247517 0.0988379 0)
(0.0191616 0.0849573 0)
(0.0151143 0.0732116 0)
(0.0123871 0.0633714 0)
(0.0107621 0.0550414 0)
(0.0100252 0.0478775 0)
(0.00996117 0.0415724 0)
(0.01037 0.0358975 0)
(0.0108902 0.0305489 0)
(0.0110363 0.0252442 0)
(0.0104224 0.0191674 0)
(0.00837033 0.011272 0)
(-0.31654 -0.080508 0)
(-0.296916 -0.0681295 0)
(-0.306492 -0.00500479 0)
(-0.37356 0.0954916 0)
(-0.345145 0.0167699 0)
(-0.417631 0.0730891 0)
(-0.482963 0.130376 0)
(-0.519929 0.140718 0)
(-0.436403 0.164466 0)
(-0.488375 0.201088 0)
(-0.531342 0.21166 0)
(-0.550542 0.169424 0)
(-0.46245 0.255809 0)
(-0.493092 0.277416 0)
(-0.509948 0.256403 0)
(-0.518164 0.182518 0)
(-0.465229 0.320081 0)
(-0.469189 0.305652 0)
(-0.467373 0.268142 0)
(-0.469093 0.201707 0)
(-0.499694 0.32838 0)
(-0.4879 0.294255 0)
(-0.475459 0.250704 0)
(-0.466609 0.196649 0)
(-0.570055 0.293384 0)
(-0.548343 0.257701 0)
(-0.528227 0.218923 0)
(-0.511526 0.177356 0)
(-0.662454 0.229529 0)
(-0.634068 0.203608 0)
(-0.607603 0.175522 0)
(-0.584517 0.145347 0)
(-0.777308 0.143606 0)
(-0.745051 0.13206 0)
(-0.715194 0.117084 0)
(-0.688568 0.0992633 0)
(-0.897861 0.0475489 0)
(-0.859209 0.0621828 0)
(-0.823523 0.0644305 0)
(-0.789451 0.057798 0)
(-0.915844 -0.0573995 0)
(-0.880194 -0.0351734 0)
(-0.852414 -0.0264839 0)
(-0.825564 -0.0275216 0)
(-0.963799 -0.116035 0)
(-0.911471 -0.0702663 0)
(-0.866255 -0.0397906 0)
(-0.841971 -0.0365764 0)
(-0.658176 -0.298279 0)
(-0.672954 -0.223135 0)
(-0.665795 -0.135959 0)
(-0.648109 -0.120082 0)
(-0.240722 -0.172396 0)
(-0.250714 -0.143598 0)
(-0.23802 -0.135576 0)
(-0.221823 -0.135721 0)
(0.0403029 -0.194896 0)
(0.0401177 -0.175106 0)
(0.0481299 -0.176261 0)
(0.0784875 -0.19015 0)
(0.223578 -0.185284 0)
(0.214166 -0.186245 0)
(0.216545 -0.192965 0)
(0.224135 -0.217786 0)
(0.365335 -0.147494 0)
(0.348925 -0.164669 0)
(0.338721 -0.185162 0)
(0.330842 -0.210027 0)
(0.432866 -0.120988 0)
(0.417559 -0.140259 0)
(0.405664 -0.159465 0)
(0.394612 -0.17929 0)
(0.449202 -0.095519 0)
(0.43571 -0.115316 0)
(0.424273 -0.134754 0)
(0.41348 -0.153842 0)
(0.435934 -0.0747166 0)
(0.425129 -0.0933185 0)
(0.415477 -0.111522 0)
(0.406034 -0.129417 0)
(0.40725 -0.0590141 0)
(0.39936 -0.07596 0)
(0.392046 -0.0926578 0)
(0.384665 -0.109199 0)
(0.371823 -0.048334 0)
(0.366592 -0.0636955 0)
(0.361635 -0.0789797 0)
(0.356463 -0.0941751 0)
(0.334394 -0.0418389 0)
(0.331217 -0.055905 0)
(0.328151 -0.0700064 0)
(0.324732 -0.0839967 0)
(0.298159 -0.0382966 0)
(0.296294 -0.0512621 0)
(0.294443 -0.0643382 0)
(0.292146 -0.0772302 0)
(0.265175 -0.0363119 0)
(0.264032 -0.048329 0)
(0.262785 -0.0604689 0)
(0.261026 -0.0723531 0)
(0.236258 -0.0350391 0)
(0.235449 -0.0461903 0)
(0.234479 -0.0574219 0)
(0.232975 -0.0683549 0)
(0.211151 -0.0341386 0)
(0.210565 -0.0444268 0)
(0.209735 -0.0547539 0)
(0.208348 -0.0647923 0)
(0.189261 -0.0334023 0)
(0.188734 -0.0428564 0)
(0.187966 -0.0523221 0)
(0.186681 -0.0615411 0)
(0.169795 -0.0326576 0)
(0.169284 -0.0413603 0)
(0.168507 -0.0500397 0)
(0.16726 -0.0585304 0)
(0.152227 -0.0317964 0)
(0.151631 -0.0398199 0)
(0.150813 -0.0477966 0)
(0.149588 -0.0556501 0)
(0.136234 -0.0306668 0)
(0.135505 -0.0380947 0)
(0.134577 -0.0454645 0)
(0.133297 -0.0527826 0)
(0.121487 -0.0291664 0)
(0.120549 -0.0360928 0)
(0.119492 -0.0429485 0)
(0.118153 -0.0498183 0)
(0.10779 -0.0272503 0)
(0.106638 -0.0337545 0)
(0.105421 -0.0401817 0)
(0.103969 -0.0466871 0)
(0.0949304 -0.024862 0)
(0.0935335 -0.0310389 0)
(0.0921608 -0.0371293 0)
(0.0906035 -0.043349 0)
(0.0827459 -0.0220197 0)
(0.0811313 -0.0279538 0)
(0.0796085 -0.0337879 0)
(0.0779295 -0.0397994 0)
(0.0710709 -0.0187561 0)
(0.0692517 -0.0245294 0)
(0.0676193 -0.0301895 0)
(0.0658592 -0.0360778 0)
(0.0597916 -0.0151379 0)
(0.0578282 -0.0208303 0)
(0.0561113 -0.0264005 0)
(0.0542789 -0.0322575 0)
(0.0487928 -0.0112558 0)
(0.0467451 -0.0169378 0)
(0.0450241 -0.0225109 0)
(0.043201 -0.0284522 0)
(0.0380331 -0.00733339 0)
(0.0360023 -0.0130991 0)
(0.034329 -0.0187976 0)
(0.0325975 -0.0249568 0)
(0.0274837 -0.00322496 0)
(0.0256282 -0.00913183 0)
(0.0241557 -0.0151213 0)
(0.0226833 -0.0216932 0)
(0.017042 -9.93777e-06 0)
(0.0154195 -0.00623676 0)
(0.0141918 -0.0126976 0)
(0.0131164 -0.0197577 0)
(0.00658151 0.00385164 0)
(0.00558753 -0.00268026 0)
(0.00487459 -0.0100318 0)
(0.00436549 -0.018112 0)
(-0.419071 0.141151 0)
(-0.432934 0.0584019 0)
(-0.390526 -0.026193 0)
(-0.359146 -0.0792593 0)
(-0.364831 -0.0931553 0)
(-0.405576 -0.0761612 0)
(-0.457418 -0.0517219 0)
(-0.466247 -0.0128339 0)
(-0.436418 0.0461925 0)
(-0.376371 0.0991302 0)
(-0.298453 0.137789 0)
(-0.20847 0.161229 0)
(-0.142772 0.169186 0)
(-0.171485 0.0960802 0)
(-0.285825 0.0201218 0)
(-0.298894 -0.0383627 0)
(-0.174397 -0.240102 0)
(-0.0149734 -0.360679 0)
(0.0592954 -0.025927 0)
(-0.528735 0.103122 0)
(-0.517118 0.0131158 0)
(-0.499778 -0.045566 0)
(-0.498061 -0.0670147 0)
(-0.50582 -0.0583099 0)
(-0.50506 -0.036147 0)
(-0.488115 -0.0340316 0)
(-0.456777 -0.0409401 0)
(-0.404369 -0.0239988 0)
(-0.32885 0.010027 0)
(-0.240835 0.0460087 0)
(-0.163053 0.0904237 0)
(-0.120546 0.14726 0)
(-0.152597 0.165351 0)
(-0.269358 0.0906444 0)
(-0.253232 -0.110951 0)
(-0.0959148 -0.390104 0)
(-0.0116079 -0.463859 0)
(0.0793765 -0.000833656 0)
(-0.549812 0.110475 0)
(-0.544791 0.00672343 0)
(-0.533079 -0.0549477 0)
(-0.521418 -0.0782946 0)
(-0.507689 -0.0793832 0)
(-0.486731 -0.0753744 0)
(-0.458857 -0.0784689 0)
(-0.424996 -0.0835121 0)
(-0.379017 -0.0816343 0)
(-0.3187 -0.0686757 0)
(-0.253372 -0.0333852 0)
(-0.193944 0.044559 0)
(-0.160587 0.146236 0)
(-0.164912 0.205101 0)
(-0.21585 0.115636 0)
(-0.156153 -0.178598 0)
(-0.0344416 -0.480464 0)
(-0.0267731 -0.524606 0)
(0.0653325 0.0360218 0)
(-0.52223 0.110616 0)
(-0.524842 0.000124769 0)
(-0.519813 -0.0669577 0)
(-0.513143 -0.0907917 0)
(-0.502411 -0.0931727 0)
(-0.486142 -0.0922385 0)
(-0.465345 -0.0982006 0)
(-0.440645 -0.107933 0)
(-0.411038 -0.113668 0)
(-0.377181 -0.108133 0)
(-0.342768 -0.0759495 0)
(-0.30106 0.0112946 0)
(-0.235346 0.136007 0)
(-0.176334 0.192037 0)
(-0.137391 0.0910155 0)
(-0.0481168 -0.226098 0)
(0.00449276 -0.51656 0)
(-0.0458699 -0.536458 0)
(0.0129022 0.0456236 0)
(-0.478589 0.127971 0)
(-0.49461 0.00823082 0)
(-0.505666 -0.0630517 0)
(-0.510816 -0.0892733 0)
(-0.50777 -0.0960291 0)
(-0.496248 -0.100983 0)
(-0.478317 -0.111694 0)
(-0.458514 -0.124307 0)
(-0.440549 -0.131443 0)
(-0.42812 -0.125263 0)
(-0.418921 -0.094264 0)
(-0.392367 -0.0294832 0)
(-0.310667 0.0684821 0)
(-0.186429 0.115906 0)
(-0.0597991 0.0346836 0)
(0.0233759 -0.264368 0)
(0.00747632 -0.497796 0)
(-0.0689267 -0.499657 0)
(-0.0591382 -0.000929038 0)
(-0.465821 0.139351 0)
(-0.479499 0.0236178 0)
(-0.506174 -0.0566171 0)
(-0.523923 -0.0925326 0)
(-0.52723 -0.109114 0)
(-0.516505 -0.121667 0)
(-0.495353 -0.134608 0)
(-0.470698 -0.143553 0)
(-0.450103 -0.144709 0)
(-0.437955 -0.134999 0)
(-0.424895 -0.111964 0)
(-0.386375 -0.08723 0)
(-0.306312 -0.0671279 0)
(-0.18834 -0.0667863 0)
(-0.0650289 -0.112733 0)
(-0.00342262 -0.278414 0)
(-0.0312741 -0.465126 0)
(-0.101642 -0.44164 0)
(-0.10446 -0.103402 0)
(-0.500256 0.134917 0)
(-0.494181 0.0438678 0)
(-0.511022 -0.0280244 0)
(-0.528553 -0.073719 0)
(-0.534855 -0.104542 0)
(-0.529338 -0.131005 0)
(-0.515164 -0.153506 0)
(-0.495051 -0.16502 0)
(-0.474604 -0.162344 0)
(-0.455863 -0.148647 0)
(-0.429358 -0.133927 0)
(-0.381449 -0.126635 0)
(-0.316871 -0.125113 0)
(-0.237021 -0.120201 0)
(-0.154265 -0.15803 0)
(-0.0895307 -0.299173 0)
(-0.0794979 -0.437625 0)
(-0.11972 -0.408942 0)
(-0.0832352 -0.204987 0)
(-0.56651 0.114667 0)
(-0.544532 0.0432341 0)
(-0.548802 -0.0184203 0)
(-0.557414 -0.0637136 0)
(-0.561163 -0.101542 0)
(-0.558424 -0.13554 0)
(-0.550722 -0.163677 0)
(-0.537089 -0.18206 0)
(-0.517808 -0.182816 0)
(-0.494981 -0.172776 0)
(-0.466905 -0.169449 0)
(-0.429159 -0.175129 0)
(-0.382256 -0.18526 0)
(-0.321307 -0.195245 0)
(-0.241683 -0.246331 0)
(-0.164226 -0.346298 0)
(-0.138697 -0.43186 0)
(-0.129837 -0.42105 0)
(-0.0704622 -0.296465 0)
(-0.665521 0.0798771 0)
(-0.627952 0.03105 0)
(-0.611854 -0.0206465 0)
(-0.600569 -0.0659754 0)
(-0.594733 -0.10726 0)
(-0.590605 -0.144355 0)
(-0.585279 -0.175762 0)
(-0.57682 -0.200518 0)
(-0.561229 -0.207214 0)
(-0.540479 -0.202308 0)
(-0.514189 -0.206757 0)
(-0.477922 -0.2239 0)
(-0.429816 -0.24447 0)
(-0.369538 -0.271411 0)
(-0.301982 -0.326719 0)
(-0.241398 -0.407997 0)
(-0.196928 -0.465844 0)
(-0.143454 -0.462512 0)
(-0.0829124 -0.396363 0)
(-0.757387 0.0451876 0)
(-0.695035 0.000888973 0)
(-0.659337 -0.0474563 0)
(-0.633043 -0.0836073 0)
(-0.612899 -0.118003 0)
(-0.606175 -0.153711 0)
(-0.606333 -0.185553 0)
(-0.603127 -0.214512 0)
(-0.591089 -0.226115 0)
(-0.574637 -0.224863 0)
(-0.550249 -0.234363 0)
(-0.509352 -0.261437 0)
(-0.457282 -0.288405 0)
(-0.400442 -0.32026 0)
(-0.343068 -0.377759 0)
(-0.287343 -0.453038 0)
(-0.231293 -0.508819 0)
(-0.163196 -0.516433 0)
(-0.103419 -0.503343 0)
(-0.797605 -0.0331462 0)
(-0.728913 -0.0566175 0)
(-0.66593 -0.0805078 0)
(-0.626037 -0.105388 0)
(-0.611293 -0.123942 0)
(-0.557693 -0.131212 0)
(-0.593685 -0.132565 0)
(-0.676804 -0.174332 0)
(-0.703078 -0.211153 0)
(-0.646124 -0.218506 0)
(-0.571121 -0.245994 0)
(-0.505785 -0.288618 0)
(-0.440589 -0.321324 0)
(-0.373021 -0.349387 0)
(-0.32448 -0.407475 0)
(-0.278975 -0.489372 0)
(-0.236602 -0.560941 0)
(-0.181411 -0.585879 0)
(-0.133397 -0.623035 0)
(-0.821517 -0.0424612 0)
(-0.703432 -0.103673 0)
(-0.68748 -0.11022 0)
(-0.699148 -0.10508 0)
(-0.740985 -0.160362 0)
(-0.759947 -0.134014 0)
(-0.723693 -0.133419 0)
(-0.653318 -0.193491 0)
(-0.567872 -0.267717 0)
(-0.462114 -0.319233 0)
(-0.340303 -0.361276 0)
(-0.226424 -0.375432 0)
(-0.100633 -0.402661 0)
(-0.0438201 -0.388059 0)
(-0.0388099 -0.430439 0)
(-0.0398378 -0.519415 0)
(-0.0440239 -0.606254 0)
(-0.0263794 -0.609373 0)
(-0.0231199 -0.800235 0)
(-0.617765 -0.169438 0)
(-0.572776 -0.168358 0)
(-0.563846 -0.145386 0)
(-0.550606 -0.123186 0)
(-0.519278 -0.13776 0)
(-0.467895 -0.171719 0)
(-0.405823 -0.217368 0)
(-0.345374 -0.279408 0)
(-0.302839 -0.356335 0)
(-0.252517 -0.426696 0)
(-0.194847 -0.466312 0)
(-0.117866 -0.496111 0)
(-0.0309924 -0.50608 0)
(0.0315288 -0.428729 0)
(0.059146 -0.427141 0)
(0.0597916 -0.510721 0)
(0.0455462 -0.586024 0)
(0.0470528 -0.610441 0)
(0.0339529 -0.738703 0)
(-0.198712 -0.140086 0)
(-0.179862 -0.13358 0)
(-0.173639 -0.123864 0)
(-0.141593 -0.14086 0)
(-0.0982994 -0.168908 0)
(-0.0645597 -0.212618 0)
(-0.026154 -0.254328 0)
(0.0060882 -0.301822 0)
(0.0205163 -0.353213 0)
(0.00211989 -0.429005 0)
(-0.0251978 -0.495096 0)
(-0.00652947 -0.545575 0)
(0.0116481 -0.551634 0)
(0.0355174 -0.47262 0)
(0.0741833 -0.450229 0)
(0.0886516 -0.510843 0)
(0.0765455 -0.570419 0)
(0.0599887 -0.605188 0)
(0.0349614 -0.676385 0)
(0.115457 -0.180543 0)
(0.155472 -0.169086 0)
(0.183366 -0.173149 0)
(0.223572 -0.18461 0)
(0.254647 -0.19295 0)
(0.276739 -0.217711 0)
(0.290236 -0.258416 0)
(0.294889 -0.303432 0)
(0.290264 -0.341164 0)
(0.268124 -0.382228 0)
(0.213478 -0.440392 0)
(0.14431 -0.520891 0)
(0.0971101 -0.54163 0)
(0.0762859 -0.49311 0)
(0.0970004 -0.47257 0)
(0.106968 -0.511754 0)
(0.0913292 -0.552586 0)
(0.062171 -0.583931 0)
(0.0306749 -0.633256 0)
(0.237302 -0.238606 0)
(0.261732 -0.215982 0)
(0.309082 -0.199116 0)
(0.350561 -0.21056 0)
(0.386052 -0.226997 0)
(0.413507 -0.244675 0)
(0.432408 -0.273023 0)
(0.439339 -0.303187 0)
(0.430625 -0.327951 0)
(0.403975 -0.349009 0)
(0.35458 -0.380269 0)
(0.283335 -0.444273 0)
(0.214374 -0.491204 0)
(0.164601 -0.47912 0)
(0.146101 -0.471112 0)
(0.132232 -0.499068 0)
(0.104703 -0.5265 0)
(0.0660556 -0.553146 0)
(0.0293244 -0.589925 0)
(0.318977 -0.240944 0)
(0.319694 -0.238113 0)
(0.338496 -0.238935 0)
(0.36885 -0.246749 0)
(0.394411 -0.254698 0)
(0.416165 -0.264172 0)
(0.433138 -0.28508 0)
(0.44071 -0.306994 0)
(0.438138 -0.320981 0)
(0.422964 -0.324645 0)
(0.386758 -0.336737 0)
(0.338223 -0.38959 0)
(0.287512 -0.43806 0)
(0.233444 -0.440714 0)
(0.189867 -0.442395 0)
(0.154543 -0.468759 0)
(0.115605 -0.491911 0)
(0.070275 -0.515409 0)
(0.029427 -0.545509 0)
(0.372877 -0.217814 0)
(0.356034 -0.235617 0)
(0.347766 -0.248632 0)
(0.34889 -0.263371 0)
(0.357548 -0.273122 0)
(0.370296 -0.280053 0)
(0.383395 -0.295368 0)
(0.390761 -0.308445 0)
(0.390222 -0.312782 0)
(0.377288 -0.306682 0)
(0.357971 -0.310146 0)
(0.339012 -0.357231 0)
(0.303597 -0.392985 0)
(0.252662 -0.396411 0)
(0.203216 -0.402274 0)
(0.161694 -0.42937 0)
(0.118582 -0.451998 0)
(0.0708492 -0.473869 0)
(0.028915 -0.500493 0)
(0.390794 -0.192952 0)
(0.368103 -0.217366 0)
(0.34788 -0.236531 0)
(0.333467 -0.256886 0)
(0.324701 -0.275401 0)
(0.32332 -0.289295 0)
(0.328467 -0.303065 0)
(0.330969 -0.309082 0)
(0.32632 -0.305478 0)
(0.321233 -0.295821 0)
(0.320006 -0.300159 0)
(0.310397 -0.33315 0)
(0.278397 -0.355122 0)
(0.229065 -0.353943 0)
(0.188242 -0.365103 0)
(0.152263 -0.390932 0)
(0.11202 -0.412032 0)
(0.0666158 -0.432629 0)
(0.0270482 -0.457208 0)
(0.385456 -0.16836 0)
(0.363092 -0.196405 0)
(0.341126 -0.218939 0)
(0.322721 -0.241577 0)
(0.307336 -0.264296 0)
(0.29553 -0.285337 0)
(0.286317 -0.30296 0)
(0.277998 -0.309281 0)
(0.27329 -0.302763 0)
(0.270902 -0.293837 0)
(0.269163 -0.297229 0)
(0.256711 -0.313651 0)
(0.220729 -0.318187 0)
(0.186752 -0.321168 0)
(0.161944 -0.337307 0)
(0.133864 -0.358632 0)
(0.0994393 -0.376095 0)
(0.0592571 -0.394957 0)
(0.024218 -0.41786 0)
(0.368077 -0.14677 0)
(0.348341 -0.176729 0)
(0.327572 -0.201602 0)
(0.308932 -0.225174 0)
(0.29174 -0.249145 0)
(0.275301 -0.272006 0)
(0.259432 -0.290133 0)
(0.244037 -0.299059 0)
(0.229455 -0.298674 0)
(0.217824 -0.294922 0)
(0.206388 -0.295264 0)
(0.187998 -0.295639 0)
(0.16977 -0.295568 0)
(0.154815 -0.303577 0)
(0.138029 -0.317572 0)
(0.114701 -0.332356 0)
(0.0857018 -0.345407 0)
(0.0513263 -0.362277 0)
(0.0212835 -0.383378 0)
(0.344285 -0.129367 0)
(0.327833 -0.159076 0)
(0.309023 -0.184878 0)
(0.290725 -0.20935 0)
(0.272516 -0.233335 0)
(0.253675 -0.255351 0)
(0.234464 -0.272555 0)
(0.215781 -0.281392 0)
(0.198848 -0.281866 0)
(0.183887 -0.280307 0)
(0.16976 -0.279963 0)
(0.157139 -0.279861 0)
(0.146228 -0.283892 0)
(0.134522 -0.291576 0)
(0.119305 -0.300965 0)
(0.0987764 -0.310114 0)
(0.0740058 -0.31936 0)
(0.0445625 -0.334422 0)
(0.0187404 -0.353433 0)
(0.316297 -0.116282 0)
(0.303146 -0.144274 0)
(0.287061 -0.169291 0)
(0.270279 -0.193149 0)
(0.252413 -0.216378 0)
(0.232952 -0.237831 0)
(0.212446 -0.254898 0)
(0.19264 -0.264441 0)
(0.175699 -0.266604 0)
(0.162193 -0.266182 0)
(0.15102 -0.266931 0)
(0.141088 -0.269655 0)
(0.131277 -0.274467 0)
(0.119947 -0.280179 0)
(0.105603 -0.285724 0)
(0.087241 -0.290713 0)
(0.0654421 -0.296795 0)
(0.0395625 -0.310372 0)
(0.0167268 -0.327025 0)
(0.286218 -0.106533 0)
(0.275731 -0.13235 0)
(0.262484 -0.155926 0)
(0.248119 -0.178449 0)
(0.232225 -0.200125 0)
(0.214459 -0.220147 0)
(0.195303 -0.236796 0)
(0.176455 -0.24797 0)
(0.160255 -0.253482 0)
(0.147701 -0.256063 0)
(0.137895 -0.258588 0)
(0.129208 -0.261955 0)
(0.120187 -0.265802 0)
(0.109556 -0.26927 0)
(0.0963212 -0.271733 0)
(0.079629 -0.273337 0)
(0.059824 -0.276555 0)
(0.0362028 -0.288855 0)
(0.0150635 -0.30326 0)
(0.256515 -0.0989724 0)
(0.247847 -0.122765 0)
(0.23692 -0.144887 0)
(0.224948 -0.166033 0)
(0.211523 -0.18618 0)
(0.196488 -0.204733 0)
(0.180266 -0.22064 0)
(0.164067 -0.232663 0)
(0.149665 -0.240567 0)
(0.138058 -0.245793 0)
(0.128787 -0.25008 0)
(0.12056 -0.254003 0)
(0.112064 -0.257179 0)
(0.102161 -0.258915 0)
(0.08996 -0.258804 0)
(0.0745297 -0.257348 0)
(0.0561906 -0.257884 0)
(0.0339735 -0.268701 0)
(0.0136267 -0.281393 0)
(0.229178 -0.0926339 0)
(0.22169 -0.114722 0)
(0.212399 -0.135599 0)
(0.202236 -0.155604 0)
(0.190883 -0.174563 0)
(0.178349 -0.192025 0)
(0.165015 -0.207367 0)
(0.15168 -0.219904 0)
(0.139481 -0.22944 0)
(0.129154 -0.236621 0)
(0.120537 -0.24228 0)
(0.112791 -0.246622 0)
(0.104892 -0.249204 0)
(0.0958079 -0.249371 0)
(0.0846432 -0.246856 0)
(0.0703857 -0.242471 0)
(0.0533906 -0.240438 0)
(0.0321868 -0.249249 0)
(0.0122963 -0.261029 0)
(0.204987 -0.0870145 0)
(0.198285 -0.107667 0)
(0.190105 -0.127495 0)
(0.181185 -0.146586 0)
(0.171317 -0.164685 0)
(0.160631 -0.181449 0)
(0.149482 -0.196481 0)
(0.138415 -0.209379 0)
(0.128124 -0.219977 0)
(0.119104 -0.228484 0)
(0.111328 -0.235161 0)
(0.10427 -0.23985 0)
(0.0971521 -0.241933 0)
(0.0890291 -0.240688 0)
(0.0790097 -0.235917 0)
(0.0660385 -0.228737 0)
(0.0504349 -0.22409 0)
(0.0302023 -0.230438 0)
(0.0109802 -0.242098 0)
(0.183618 -0.0819664 0)
(0.177537 -0.101341 0)
(0.170185 -0.12022 0)
(0.162153 -0.138533 0)
(0.153328 -0.155996 0)
(0.143922 -0.172324 0)
(0.13427 -0.187234 0)
(0.124767 -0.200462 0)
(0.11587 -0.21184 0)
(0.107921 -0.221327 0)
(0.100947 -0.22881 0)
(0.0946033 -0.233811 0)
(0.0882937 -0.235489 0)
(0.0811594 -0.232977 0)
(0.0723596 -0.226098 0)
(0.0607738 -0.216263 0)
(0.0467255 -0.208924 0)
(0.0277019 -0.212492 0)
(0.00970453 -0.224795 0)
(0.164427 -0.0773556 0)
(0.15884 -0.0955835 0)
(0.152134 -0.113595 0)
(0.144792 -0.131216 0)
(0.136755 -0.148165 0)
(0.128264 -0.164192 0)
(0.119624 -0.179079 0)
(0.111154 -0.192623 0)
(0.103188 -0.204636 0)
(0.0959891 -0.214917 0)
(0.0896126 -0.223094 0)
(0.0838308 -0.228424 0)
(0.0782034 -0.229828 0)
(0.0719757 -0.226249 0)
(0.0644242 -0.217471 0)
(0.0543102 -0.20515 0)
(0.0419796 -0.19516 0)
(0.0247269 -0.196028 0)
(0.00869429 -0.209225 0)
(0.146866 -0.0730755 0)
(0.141642 -0.0902809 0)
(0.135431 -0.107496 0)
(0.128627 -0.124487 0)
(0.121201 -0.140986 0)
(0.11339 -0.156778 0)
(0.105458 -0.171676 0)
(0.097681 -0.185502 0)
(0.090327 -0.198052 0)
(0.0836163 -0.209007 0)
(0.0776169 -0.217814 0)
(0.0721903 -0.223519 0)
(0.0670541 -0.224822 0)
(0.0615909 -0.220453 0)
(0.0552911 -0.210091 0)
(0.0467716 -0.19553 0)
(0.0364622 -0.183063 0)
(0.0214269 -0.181628 0)
(0.00788642 -0.195448 0)
(0.130587 -0.0689891 0)
(0.125594 -0.0852909 0)
(0.119732 -0.101793 0)
(0.113338 -0.118217 0)
(0.106392 -0.134314 0)
(0.0991145 -0.149901 0)
(0.0917364 -0.16481 0)
(0.0844857 -0.178877 0)
(0.077587 -0.191878 0)
(0.0712163 -0.20341 0)
(0.0654377 -0.212792 0)
(0.0601865 -0.218916 0)
(0.0553445 -0.220314 0)
(0.0504701 -0.215515 0)
(0.0453821 -0.204019 0)
(0.038575 -0.187595 0)
(0.0306148 -0.172946 0)
(0.0180694 -0.169573 0)
(0.00726966 -0.18348 0)
(0.115375 -0.06497 0)
(0.110506 -0.0804948 0)
(0.104881 -0.0963746 0)
(0.0988095 -0.112306 0)
(0.0922766 -0.128059 0)
(0.0854874 -0.143471 0)
(0.0786339 -0.158398 0)
(0.0718948 -0.172669 0)
(0.0654409 -0.186036 0)
(0.0593809 -0.198034 0)
(0.0537546 -0.207901 0)
(0.0485543 -0.214448 0)
(0.0438252 -0.216128 0)
(0.0393343 -0.211319 0)
(0.0353384 -0.199275 0)
(0.0302564 -0.181538 0)
(0.0249478 -0.165095 0)
(0.0149728 -0.159954 0)
(0.00683306 -0.173198 0)
(0.101082 -0.0609382 0)
(0.0962612 -0.0758145 0)
(0.0908191 -0.0911777 0)
(0.0850545 -0.106716 0)
(0.0789563 -0.122214 0)
(0.0727101 -0.137515 0)
(0.0664722 -0.152481 0)
(0.0603486 -0.166922 0)
(0.0544283 -0.180549 0)
(0.0487284 -0.192864 0)
(0.0432497 -0.203069 0)
(0.0380229 -0.209986 0)
(0.0332549 -0.212088 0)
(0.0289255 -0.207695 0)
(0.0258104 -0.195783 0)
(0.0223055 -0.177455 0)
(0.0197847 -0.159624 0)
(0.0123333 -0.152681 0)
(0.00659442 -0.164335 0)
(0.0875953 -0.0568416 0)
(0.0828025 -0.0712193 0)
(0.0775595 -0.0862041 0)
(0.0721539 -0.101486 0)
(0.0665963 -0.116853 0)
(0.0610422 -0.132138 0)
(0.0555819 -0.147178 0)
(0.0502239 -0.161748 0)
(0.0449432 -0.175502 0)
(0.0396599 -0.187933 0)
(0.0343401 -0.198273 0)
(0.0290408 -0.205445 0)
(0.0241295 -0.208037 0)
(0.0197604 -0.204423 0)
(0.0172386 -0.193346 0)
(0.0149778 -0.17529 0)
(0.0151758 -0.156515 0)
(0.0100545 -0.147519 0)
(0.00645367 -0.156628 0)
(0.0748278 -0.0526723 0)
(0.070084 -0.0667323 0)
(0.0651367 -0.0815296 0)
(0.0602265 -0.0967337 0)
(0.0553879 -0.112121 0)
(0.050712 -0.127499 0)
(0.0461808 -0.142639 0)
(0.0416861 -0.157254 0)
(0.0370841 -0.170958 0)
(0.0322188 -0.183262 0)
(0.0270432 -0.193501 0)
(0.0216482 -0.200776 0)
(0.0165434 -0.203855 0)
(0.011988 -0.201274 0)
(0.00974425 -0.191651 0)
(0.00823907 -0.174794 0)
(0.0107963 -0.155639 0)
(0.0078369 -0.144288 0)
(0.00631473 -0.149942 0)
(0.0627155 -0.0485086 0)
(0.0580961 -0.0624504 0)
(0.0536151 -0.0772762 0)
(0.0494058 -0.0926205 0)
(0.0454788 -0.108199 0)
(0.0418344 -0.12375 0)
(0.0383052 -0.138958 0)
(0.0346481 -0.153465 0)
(0.0306461 -0.166891 0)
(0.0261188 -0.178817 0)
(0.0210418 -0.188732 0)
(0.015555 -0.195958 0)
(0.0102616 -0.199474 0)
(0.0054439 -0.198054 0)
(0.00319729 -0.190286 0)
(0.00190223 -0.175533 0)
(0.00615332 -0.156697 0)
(0.00528092 -0.142917 0)
(0.00602199 -0.144366 0)
(0.0512095 -0.0444241 0)
(0.0468873 -0.0585191 0)
(0.0430623 -0.0736447 0)
(0.0397814 -0.0893444 0)
(0.03695 -0.105236 0)
(0.0343841 -0.120942 0)
(0.0317707 -0.136079 0)
(0.0287884 -0.150266 0)
(0.0252138 -0.163178 0)
(0.0209032 -0.174515 0)
(0.0158947 -0.183942 0)
(0.0103721 -0.190997 0)
(0.00495673 -0.194883 0)
(-9.56324e-05 -0.194653 0)
(-0.00257859 -0.188802 0)
(-0.00405705 -0.17697 0)
(0.000874956 -0.159202 0)
(0.00200833 -0.143544 0)
(0.00544333 -0.140235 0)
(0.0403345 -0.040554 0)
(0.0365325 -0.0551344 0)
(0.0336159 -0.0708552 0)
(0.0314466 -0.0870624 0)
(0.0297433 -0.103262 0)
(0.0281251 -0.118978 0)
(0.0261905 -0.133814 0)
(0.0236394 -0.147448 0)
(0.0203248 -0.159669 0)
(0.0161771 -0.170306 0)
(0.0113069 -0.179167 0)
(0.00590508 -0.18598 0)
(0.000489786 -0.190152 0)
(-0.00459416 -0.190985 0)
(-0.00749302 -0.187021 0)
(-0.00922833 -0.17822 0)
(-0.00476771 -0.162641 0)
(-0.0021807 -0.146424 0)
(0.00433925 -0.138068 0)
(0.0301239 -0.0372153 0)
(0.0270991 -0.0525727 0)
(0.0253387 -0.0690625 0)
(0.0243228 -0.0857959 0)
(0.0235712 -0.102137 0)
(0.0225985 -0.117619 0)
(0.0210599 -0.131931 0)
(0.0187696 -0.144879 0)
(0.0156967 -0.156368 0)
(0.0118464 -0.166328 0)
(0.00736664 -0.174645 0)
(0.00239289 -0.181193 0)
(-0.00274526 -0.185551 0)
(-0.00755496 -0.187192 0)
(-0.010824 -0.185015 0)
(-0.0128696 -0.178738 0)
(-0.00972615 -0.16611 0)
(-0.00669574 -0.151344 0)
(0.00248434 -0.138471 0)
(0.0207901 -0.034411 0)
(0.0187218 -0.0509295 0)
(0.0181407 -0.0682916 0)
(0.0180537 -0.0854075 0)
(0.0178986 -0.101653 0)
(0.0172693 -0.116698 0)
(0.0159992 -0.130398 0)
(0.0140404 -0.142686 0)
(0.0114445 -0.153538 0)
(0.00824944 -0.16293 0)
(0.00458082 -0.170783 0)
(0.000459416 -0.17706 0)
(-0.00385401 -0.181415 0)
(-0.00806878 -0.183566 0)
(-0.0114245 -0.182741 0)
(-0.0138165 -0.1785 0)
(-0.0122748 -0.168932 0)
(-0.00987122 -0.157009 0)
(-4.84366e-05 -0.142 0)
(0.011959 -0.0329173 0)
(0.0111003 -0.0505692 0)
(0.0115637 -0.0686108 0)
(0.0120543 -0.0857714 0)
(0.0122356 -0.10165 0)
(0.011911 -0.116141 0)
(0.011069 -0.129252 0)
(0.0097378 -0.140985 0)
(0.00798478 -0.15133 0)
(0.00583813 -0.160271 0)
(0.00336523 -0.167735 0)
(0.000545017 -0.173689 0)
(-0.00251274 -0.177897 0)
(-0.00569011 -0.180184 0)
(-0.00859107 -0.180094 0)
(-0.0110322 -0.177286 0)
(-0.0109981 -0.170507 0)
(-0.00987264 -0.161895 0)
(-0.00213139 -0.148395 0)
(0.00406934 -0.032181 0)
(0.00438456 -0.0511615 0)
(0.0054604 -0.0694658 0)
(0.00624087 -0.0862143 0)
(0.00665447 -0.101542 0)
(0.00667143 -0.115521 0)
(0.00636426 -0.128203 0)
(0.00578171 -0.139583 0)
(0.0049729 -0.149628 0)
(0.00395756 -0.1583 0)
(0.00276185 -0.165519 0)
(0.00137196 -0.171232 0)
(-0.000199187 -0.175258 0)
(-0.00193805 -0.177441 0)
(-0.00370373 -0.17752 0)
(-0.00544407 -0.175378 0)
(-0.00614445 -0.170385 0)
(-0.00620336 -0.1644 0)
(-0.00234273 -0.154669 0)
)
;

boundaryField
{
    leftWall
    {
        type            noSlip;
    }
    rightWall
    {
        type            noSlip;
    }
    lowerWall
    {
        type            noSlip;
    }
    atmosphere
    {
        type            pressureInletOutletVelocity;
        value           nonuniform List<vector> 
46
(
(0.0018905 0.223485 0)
(0.0136435 0.254381 0)
(0.0263859 0.273487 0)
(0.0369968 0.270548 0)
(0.0464648 0.247858 0)
(0.0551589 0.225641 0)
(0.0588539 0.200549 0)
(0.0563782 0.175925 0)
(0.0493721 0.153414 0)
(0.040543 0.133142 0)
(0.0319761 0.114934 0)
(0.0247517 0.0988379 0)
(0.0191616 0.0849573 0)
(0.0151143 0.0732116 0)
(0.0123871 0.0633714 0)
(0.0107621 0.0550414 0)
(0.0100252 0.0478775 0)
(0.00996117 0.0415724 0)
(0.01037 0.0358975 0)
(0.0108902 0.0305489 0)
(0.0110363 0.0252442 0)
(0.0104224 0.0191674 0)
(0.00837033 0.011272 0)
(0.00658151 0.00385164 0)
(0 -0.00268026 0)
(0 -0.0100318 0)
(0 -0.018112 0)
(0 -0.032181 0)
(0 -0.0511615 0)
(0 -0.0694658 0)
(0 -0.0862143 0)
(0 -0.101542 0)
(0 -0.115521 0)
(0 -0.128203 0)
(0 -0.139583 0)
(0 -0.149628 0)
(0 -0.1583 0)
(0 -0.165519 0)
(0 -0.171232 0)
(0 -0.175258 0)
(0 -0.177441 0)
(0 -0.17752 0)
(0 -0.175378 0)
(0 -0.170385 0)
(0 -0.1644 0)
(0 -0.154669 0)
)
;
    }
    defaultFaces
    {
        type            empty;
    }
}


// ************************************************************************* //
