/*--------------------------------*- C++ -*----------------------------------*\
| =========                 |                                                 |
| \\      /  F ield         | OpenFOAM: The Open Source CFD Toolbox           |
|  \\    /   O peration     | Version:  2312                                  |
|   \\  /    A nd           | Website:  www.openfoam.com                      |
|    \\/     M anipulation  |                                                 |
\*---------------------------------------------------------------------------*/
FoamFile
{
    version     2.0;
    format      ascii;
    arch        "LSB;label=32;scalar=64";
    class       volVectorField;
    location    "1.85";
    object      U;
}
// * * * * * * * * * * * * * * * * * * * * * * * * * * * * * * * * * * * * * //

dimensions      [0 1 -1 0 0 0 0];

internalField   nonuniform List<vector> 
2268
(
(0.0150972 -0.00773375 0)
(0.0174085 0.000870554 0)
(0.00768312 0.00275072 0)
(-0.00524177 0.00437435 0)
(-0.0232147 0.00483692 0)
(-0.0430742 0.00514918 0)
(-0.0638437 0.00485402 0)
(-0.0817738 0.00386574 0)
(-0.0950345 0.00250483 0)
(-0.102407 0.00123719 0)
(-0.10548 0.000384243 0)
(-0.105656 -0.000359555 0)
(-0.10255 -0.000963787 0)
(-0.0965892 -0.00150623 0)
(-0.0885334 -0.00193826 0)
(-0.0791931 -0.00222743 0)
(-0.0692516 -0.00240101 0)
(-0.059018 -0.00253872 0)
(-0.0484524 -0.00270055 0)
(-0.0375703 -0.0028301 0)
(-0.0268476 -0.00280938 0)
(-0.0177585 -0.00252214 0)
(-0.00743138 -0.00277731 0)
(-0.00222485 -0.00934518 0)
(0.0044409 0.00357363 0)
(-0.00639698 0.00695417 0)
(-0.0143773 0.0103472 0)
(-0.0301348 0.0125332 0)
(-0.0485294 0.0145127 0)
(-0.0690455 0.0144106 0)
(-0.0870147 0.0120284 0)
(-0.100238 0.00786294 0)
(-0.107267 0.00370255 0)
(-0.109827 0.000735553 0)
(-0.109394 -0.00172086 0)
(-0.105766 -0.00373602 0)
(-0.0995148 -0.0053382 0)
(-0.0912517 -0.00640661 0)
(-0.0817621 -0.00694731 0)
(-0.0717395 -0.00711579 0)
(-0.0614783 -0.00722801 0)
(-0.0508598 -0.00740486 0)
(-0.0398456 -0.00744423 0)
(-0.0289623 -0.00713238 0)
(-0.0197006 -0.00637936 0)
(-0.01032 -0.00923795 0)
(-0.0131609 -0.00768459 0)
(-0.0101418 0.00423437 0)
(-0.0198932 0.0113501 0)
(-0.0252896 0.0158936 0)
(-0.0392185 0.0198953 0)
(-0.0564921 0.0232796 0)
(-0.077168 0.023385 0)
(-0.0955322 0.0192935 0)
(-0.108483 0.012144 0)
(-0.114371 0.00498641 0)
(-0.115704 0.000309721 0)
(-0.114358 -0.0031319 0)
(-0.1101 -0.00620522 0)
(-0.103382 -0.00866937 0)
(-0.0946832 -0.0103257 0)
(-0.0847724 -0.0113559 0)
(-0.0742907 -0.0118306 0)
(-0.0633801 -0.0121633 0)
(-0.0517823 -0.0125362 0)
(-0.0396364 -0.0125985 0)
(-0.0278271 -0.0119298 0)
(-0.0183872 -0.0104064 0)
(-0.00818165 -0.0159628 0)
(-0.0194001 0.00138099 0)
(-0.0242705 0.00686656 0)
(-0.0316408 0.0134498 0)
(-0.034653 0.0200404 0)
(-0.0460727 0.0277054 0)
(-0.06248 0.0337041 0)
(-0.0839846 0.0344515 0)
(-0.103471 0.0284616 0)
(-0.116378 0.0177616 0)
(-0.120617 0.00702929 0)
(-0.120012 -0.00042387 0)
(-0.11763 -0.00572985 0)
(-0.112852 -0.0100135 0)
(-0.105715 -0.0134212 0)
(-0.0965996 -0.0155883 0)
(-0.0859796 -0.0167943 0)
(-0.0742349 -0.0172327 0)
(-0.0615839 -0.0177131 0)
(-0.0479669 -0.018395 0)
(-0.0342014 -0.0183555 0)
(-0.0217101 -0.0169505 0)
(-0.0132151 -0.0145482 0)
(-0.00179811 -0.0208884 0)
(-0.0196455 0.0115676 0)
(-0.0218642 0.01157 0)
(-0.0246262 0.0159107 0)
(-0.0282167 0.0222358 0)
(-0.0441493 0.0315337 0)
(-0.0627703 0.0404396 0)
(-0.0872338 0.0437219 0)
(-0.109201 0.0369155 0)
(-0.122564 0.0211213 0)
(-0.125389 0.00597721 0)
(-0.12248 -0.000726483 0)
(-0.118418 -0.00556477 0)
(-0.112619 -0.0105162 0)
(-0.104632 -0.0152533 0)
(-0.0941921 -0.0189258 0)
(-0.0817642 -0.0218373 0)
(-0.0681905 -0.0235563 0)
(-0.0537996 -0.0250229 0)
(-0.0384924 -0.0263288 0)
(-0.0243942 -0.0261198 0)
(-0.0130207 -0.0240747 0)
(-0.00704034 -0.0221848 0)
(0.00445585 -0.0268824 0)
(-0.007717 0.0172756 0)
(-0.00723099 0.00708601 0)
(-0.0257732 0.0120027 0)
(-0.0364227 0.0263225 0)
(-0.0592441 0.0382777 0)
(-0.0776645 0.0478505 0)
(-0.101138 0.0503263 0)
(-0.121159 0.0404937 0)
(-0.128025 0.0235654 0)
(-0.130624 0.00682724 0)
(-0.128249 -0.00679224 0)
(-0.121336 -0.0143673 0)
(-0.112159 -0.0203598 0)
(-0.10054 -0.0257931 0)
(-0.0872148 -0.0284635 0)
(-0.0741146 -0.0298476 0)
(-0.0615607 -0.0309407 0)
(-0.0473457 -0.0338004 0)
(-0.0313535 -0.0362709 0)
(-0.0186856 -0.0357003 0)
(-0.00858288 -0.031022 0)
(-0.00370377 -0.0261674 0)
(0.00689083 -0.0261387 0)
(-0.000406094 0.0290524 0)
(-0.0903844 0.0251754 0)
(-0.160997 0.0270584 0)
(-0.178753 0.0437016 0)
(-0.177245 0.0541007 0)
(-0.172189 0.0655033 0)
(-0.177285 0.0697812 0)
(-0.18888 0.0543261 0)
(-0.184198 0.0262256 0)
(-0.161813 0.00745106 0)
(-0.143381 -0.00269042 0)
(-0.130448 -0.00828394 0)
(-0.120962 -0.0139298 0)
(-0.110549 -0.0197605 0)
(-0.0975095 -0.023963 0)
(-0.0810381 -0.0288624 0)
(-0.0557877 -0.0325339 0)
(-0.023464 -0.0352636 0)
(0.00335455 -0.0334424 0)
(0.00762254 -0.0253922 0)
(-0.00218446 -0.0190266 0)
(0.000971374 -0.0178494 0)
(0.00503599 -0.016901 0)
(0.0448332 0.0527566 0)
(-0.0612803 0.090247 0)
(-0.208451 0.0528348 0)
(-0.275036 0.0440777 0)
(-0.294133 0.041051 0)
(-0.281303 0.0480687 0)
(-0.249626 0.0579873 0)
(-0.215325 0.0481389 0)
(-0.190135 0.0206889 0)
(-0.177946 -0.0118515 0)
(-0.157614 -0.0256861 0)
(-0.1365 -0.0275775 0)
(-0.115688 -0.031118 0)
(-0.0939402 -0.0398126 0)
(-0.069675 -0.0460111 0)
(-0.0521772 -0.0488704 0)
(-0.0327693 -0.0565284 0)
(0.00713867 -0.0599454 0)
(0.0365938 -0.0472757 0)
(0.0492943 -0.0336068 0)
(0.0509922 -0.0283168 0)
(0.0539924 -0.0272164 0)
(0.0303945 -0.0220802 0)
(-0.0869417 0.0326084 0)
(-0.159981 0.0186174 0)
(-0.224389 -0.00163366 0)
(-0.237407 -0.0110134 0)
(-0.219982 -0.00892102 0)
(-0.18312 -0.00779052 0)
(-0.128008 -0.00882786 0)
(-0.0940308 -0.00403801 0)
(-0.0885633 -0.00148216 0)
(-0.0904045 -0.00187931 0)
(-0.08748 -0.00460968 0)
(-0.0798444 -0.00525213 0)
(-0.0794271 -0.00406173 0)
(-0.0849756 -0.00419769 0)
(-0.0836088 -0.00542116 0)
(-0.0723724 -0.008966 0)
(-0.0486168 -0.00745731 0)
(-0.0347544 -0.0070573 0)
(0.00936735 0.0022559 0)
(-0.0303296 0.0568351 0)
(-0.0142707 0.0460991 0)
(-0.0433915 0.025438 0)
(-0.0673519 0.00788553 0)
(-0.108811 -0.0115945 0)
(-0.0840822 -0.0319985 0)
(-0.0206299 -0.0420731 0)
(0.0162028 -0.00807638 0)
(0.0288076 0.00313241 0)
(0.00228789 0.00561469 0)
(-0.0343535 -0.00370834 0)
(-0.0577733 -0.00185141 0)
(-0.0607317 0.00683103 0)
(-0.0580487 0.00757001 0)
(-0.0535951 -0.000577293 0)
(-0.0510206 -0.00875841 0)
(-0.0547104 -0.00899778 0)
(-0.0538446 -0.0166493 0)
(-0.0149961 -0.0153516 0)
(0.00515931 0.0572853 0)
(0.0610095 0.0443444 0)
(0.0717421 0.0249147 0)
(0.0760402 0.0187895 0)
(0.0501931 0.00511917 0)
(0.0739633 -0.0369061 0)
(0.107951 -0.0644585 0)
(0.145486 -0.0331329 0)
(0.198913 0.00152556 0)
(0.180854 0.0275737 0)
(0.11981 0.0254255 0)
(0.0256045 0.00706331 0)
(-0.0225565 -0.00736294 0)
(-0.0260686 -0.00508363 0)
(-0.018189 -0.00719707 0)
(-0.0158776 -0.00259007 0)
(-0.0258069 -0.00319411 0)
(-0.00854152 -0.0216848 0)
(-0.00167967 -0.0275585 0)
(-0.0209617 0.0236365 0)
(0.0425841 0.0340685 0)
(0.122097 0.00174083 0)
(0.140168 0.0202629 0)
(0.16831 -0.0090848 0)
(0.19456 -0.0505923 0)
(0.195833 -0.0678871 0)
(0.18345 -0.0438168 0)
(0.202299 -0.0079336 0)
(0.20608 0.0467602 0)
(0.161489 0.0491715 0)
(0.103554 0.0480325 0)
(1.96015e-05 0.0332071 0)
(-0.110161 0.0101196 0)
(-0.101769 -0.0134601 0)
(-0.0127666 -0.00840188 0)
(0.035533 -0.0149377 0)
(0.0695964 -0.0221362 0)
(0.042458 -0.0166312 0)
(-0.0898385 0.0422736 0)
(0.0710333 -0.0172444 0)
(0.119664 -0.0271618 0)
(0.184432 -8.83457e-05 0)
(0.25776 -0.0155665 0)
(0.287616 -0.0498284 0)
(0.254137 -0.0634752 0)
(0.169811 -0.0420584 0)
(0.125159 -0.000809231 0)
(0.12386 0.0527076 0)
(0.0282486 0.0844525 0)
(-0.0885433 0.0905058 0)
(-0.109257 0.0745025 0)
(-0.184157 0.0550408 0)
(-0.11607 -0.0669897 0)
(-0.0565696 -0.0372858 0)
(-0.0534623 -0.0435492 0)
(0.0169859 -0.0212036 0)
(0.0454435 0.00540506 0)
(0.0887225 0.0416487 0)
(0.151584 -0.0456341 0)
(0.154144 -0.0430392 0)
(0.194628 -0.0463349 0)
(0.267869 -0.0415306 0)
(0.295917 -0.0464522 0)
(0.240914 -0.0246676 0)
(0.11367 0.00323141 0)
(0.0869371 0.0100774 0)
(0.00993694 0.0882175 0)
(-0.147619 0.13734 0)
(-0.165986 0.0942754 0)
(-0.112367 0.0546708 0)
(-0.134453 0.0462074 0)
(-0.0876066 -0.0930159 0)
(-0.101578 -0.0296487 0)
(-0.0911636 -0.0533386 0)
(-0.0527239 -0.0573052 0)
(0.0371543 0.00750244 0)
(0.209923 -0.0730285 0)
(0.19962 -0.0582118 0)
(0.15732 -0.0509448 0)
(0.134042 -0.0675882 0)
(0.194971 -0.056943 0)
(0.18287 -0.0305026 0)
(0.0645592 0.0117123 0)
(0.0410594 0.0168343 0)
(-0.000375307 0.0423446 0)
(-0.163872 0.152379 0)
(-0.230233 0.15027 0)
(-0.18305 0.0821311 0)
(-0.10705 0.0435857 0)
(-0.0941858 0.0517368 0)
(-0.0968534 -0.0897234 0)
(-0.133653 -0.0311433 0)
(-0.0964273 -0.0676537 0)
(-0.0804175 -0.0758116 0)
(-0.00713677 0.00197399 0)
(0.160197 -0.143919 0)
(0.115679 -0.0351783 0)
(-0.0359652 0.0167081 0)
(-0.0463033 -0.0847006 0)
(0.0366027 -0.0622218 0)
(-0.0290669 0.0160099 0)
(-0.0567049 0.0182916 0)
(-0.0477727 0.0347477 0)
(-0.183798 0.109663 0)
(-0.276434 0.182691 0)
(-0.258776 0.139233 0)
(-0.169883 0.0518565 0)
(-0.0961046 0.0121077 0)
(-0.0503434 0.0541731 0)
(-0.110769 -0.0629576 0)
(-0.159056 -0.040732 0)
(-0.109352 -0.0742312 0)
(-0.0907954 -0.0903408 0)
(-0.0431101 -0.0290591 0)
(0.0426042 0.0329115 0)
(0.0487495 0.154247 0)
(-0.0546537 0.141795 0)
(-0.135503 0.100066 0)
(-0.182569 0.0680359 0)
(-0.198614 0.0432353 0)
(-0.205293 0.0330972 0)
(-0.197741 0.011107 0)
(-0.180381 -0.00538071 0)
(-0.156613 -0.00779201 0)
(-0.132353 -0.0285934 0)
(-0.106907 -0.0480919 0)
(-0.0811955 -0.0557601 0)
(-0.0572551 -0.0586179 0)
(-0.0298391 -0.0546084 0)
(0.0110241 -0.0582657 0)
(0.0706806 -0.0815335 0)
(0.107392 -0.081209 0)
(0.12654 -0.0586757 0)
(0.13342 -0.0355744 0)
(0.128338 -0.0148968 0)
(0.116798 0.00718872 0)
(0.068771 0.0408854 0)
(0.0540628 -0.0310863 0)
(0.06699 0.166776 0)
(0.0216151 0.195146 0)
(0.0111803 0.152159 0)
(-0.0229259 0.101011 0)
(-0.0239373 0.0658435 0)
(-0.030475 0.0550163 0)
(-0.0255157 0.0197574 0)
(-0.0393459 -0.00360589 0)
(-0.0587531 -0.0443001 0)
(-0.0561191 -0.0669114 0)
(-0.0380277 -0.0787993 0)
(-0.00268479 -0.0874706 0)
(0.0432539 -0.0940586 0)
(0.102875 -0.111121 0)
(0.156956 -0.127909 0)
(0.197727 -0.130662 0)
(0.221753 -0.112224 0)
(0.237347 -0.0777869 0)
(0.250347 -0.0471601 0)
(0.259725 -0.0229578 0)
(0.261128 0.000613095 0)
(0.256097 0.0215857 0)
(0.0479806 -0.0938036 0)
(0.0330792 0.215119 0)
(-0.0314485 0.203632 0)
(0.0232737 0.163504 0)
(0.0364687 0.107291 0)
(0.0959148 0.0689245 0)
(0.142344 0.042717 0)
(0.189903 0.0246529 0)
(0.205808 0.0219262 0)
(0.202706 -0.000525157 0)
(0.180624 -0.0321921 0)
(0.166569 -0.073152 0)
(0.181266 -0.115635 0)
(0.205854 -0.143753 0)
(0.242519 -0.160329 0)
(0.278939 -0.164506 0)
(0.308883 -0.152553 0)
(0.331082 -0.120342 0)
(0.346491 -0.0792392 0)
(0.354824 -0.0394555 0)
(0.351973 -0.00307234 0)
(0.337845 0.0318322 0)
(0.303201 0.0667482 0)
(-0.00459364 -0.12865 0)
(0.0241482 0.270254 0)
(-0.0804311 0.178468 0)
(-0.0486896 0.108979 0)
(-0.0321595 0.0113054 0)
(0.0804806 -0.0264533 0)
(0.16327 -0.0570273 0)
(0.247327 -0.0442407 0)
(0.318993 -0.0214614 0)
(0.373162 -0.0192452 0)
(0.403183 -0.0376179 0)
(0.405554 -0.0787963 0)
(0.390743 -0.125179 0)
(0.3771 -0.160437 0)
(0.374037 -0.181847 0)
(0.38242 -0.188808 0)
(0.397637 -0.180792 0)
(0.415502 -0.156399 0)
(0.433136 -0.122755 0)
(0.44682 -0.0818444 0)
(0.449987 -0.0350516 0)
(0.435506 0.0153392 0)
(0.394183 0.073057 0)
(-0.0682199 -0.143196 0)
(0.0692182 0.313461 0)
(0.00528335 0.22307 0)
(-0.0038772 0.11886 0)
(0.0354165 -0.0644144 0)
(0.0853757 -0.137105 0)
(0.153668 -0.154724 0)
(0.222 -0.141446 0)
(0.279946 -0.11517 0)
(0.324563 -0.0890732 0)
(0.350788 -0.0680336 0)
(0.354753 -0.0693837 0)
(0.346576 -0.0968337 0)
(0.34647 -0.134993 0)
(0.36178 -0.170214 0)
(0.386804 -0.19104 0)
(0.412984 -0.193094 0)
(0.441601 -0.170505 0)
(0.463657 -0.128151 0)
(0.480928 -0.0669072 0)
(0.493538 0.00855424 0)
(0.492994 0.0735547 0)
(0.470024 0.140257 0)
(-0.0960294 -0.125618 0)
(0.0688626 0.248267 0)
(0.105578 0.243357 0)
(0.12342 0.113109 0)
(0.165434 -0.0545595 0)
(0.154026 -0.144991 0)
(0.146184 -0.17992 0)
(0.160575 -0.164006 0)
(0.169626 -0.114492 0)
(0.176888 -0.0731725 0)
(0.182821 -0.0401978 0)
(0.188058 -0.0613567 0)
(0.208836 -0.111045 0)
(0.26902 -0.162347 0)
(0.363188 -0.211201 0)
(0.448442 -0.214756 0)
(0.427553 -0.221863 0)
(0.371797 -0.184317 0)
(0.357938 -0.132985 0)
(0.361207 -0.0890264 0)
(0.370083 -0.0264792 0)
(0.28611 0.0817339 0)
(0.0384685 0.246987 0)
(-0.0818088 -0.0781157 0)
(-0.0404248 0.0698876 0)
(0.110613 0.204923 0)
(0.168198 0.0549853 0)
(0.209502 -0.0540401 0)
(0.182352 -0.112221 0)
(0.113765 -0.150545 0)
(0.107025 -0.160612 0)
(0.14323 -0.142829 0)
(0.198895 -0.132426 0)
(0.274535 -0.101069 0)
(0.392732 -0.101555 0)
(0.433883 -0.149178 0)
(0.299917 -0.259844 0)
(0.12553 -0.354165 0)
(0.0074332 -0.147045 0)
(-0.0659078 -0.138886 0)
(-0.194074 -0.125384 0)
(-0.332365 -0.0847876 0)
(-0.555178 -0.0291086 0)
(-0.686504 0.149963 0)
(-0.72146 0.334798 0)
(-0.675818 0.364342 0)
(-0.0929792 -0.0160577 0)
(-0.12775 0.00152573 0)
(0.048995 0.0728652 0)
(0.153357 -0.0346389 0)
(0.212516 -0.07612 0)
(0.150853 -0.0714014 0)
(0.0347463 -0.113089 0)
(0.0883317 -0.158874 0)
(0.192061 -0.165896 0)
(0.316305 -0.178874 0)
(0.452699 -0.202333 0)
(0.626942 -0.14525 0)
(0.481014 -0.0322776 0)
(0.130313 0.0315677 0)
(-0.0588594 -0.0302154 0)
(-0.247394 -0.00424058 0)
(-0.381286 0.00944751 0)
(-0.555556 0.066343 0)
(-0.75974 0.150976 0)
(-0.945437 0.193332 0)
(-1.07003 0.206229 0)
(-1.10826 0.21313 0)
(-1.12616 0.217976 0)
(0.0458823 0.140742 0)
(-0.0289907 -0.0578248 0)
(0.052748 -0.096977 0)
(0.0887816 -0.0940436 0)
(0.00198915 -0.0262797 0)
(-0.0823388 0.0818934 0)
(-0.0128297 -0.133091 0)
(0.109227 -0.385678 0)
(0.204065 -0.427147 0)
(0.259425 -0.495568 0)
(0.262575 -0.415789 0)
(0.0441505 -0.0129355 0)
(-0.137038 0.291397 0)
(-0.141125 0.175672 0)
(-0.212197 0.123229 0)
(-0.323728 0.123633 0)
(-0.445075 0.158701 0)
(-0.590272 0.22883 0)
(-0.747609 0.2966 0)
(-0.902111 0.326453 0)
(-1.01542 0.307207 0)
(-1.08637 0.294278 0)
(-1.17958 0.341345 0)
(0.0500897 0.0108278 0)
(0.100847 -0.0273955 0)
(0.110945 -0.07232 0)
(0.133692 -0.0314474 0)
(0.153644 0.0333703 0)
(0.235929 -0.0175394 0)
(0.272826 -0.171877 0)
(0.146184 -0.364798 0)
(0.0580698 -0.376104 0)
(-0.20085 -0.264141 0)
(-0.382222 0.011776 0)
(-0.377092 0.166128 0)
(-0.312412 0.191082 0)
(-0.245328 0.141388 0)
(-0.285771 0.18667 0)
(-0.350933 0.221719 0)
(-0.438239 0.277084 0)
(-0.540201 0.357285 0)
(-0.650024 0.426799 0)
(-0.758379 0.443223 0)
(-0.839513 0.404438 0)
(-0.934821 0.423275 0)
(-1.03604 0.528614 0)
(0.0357803 -0.051763 0)
(0.0823817 -0.0715151 0)
(0.0968362 -0.0913163 0)
(0.0985772 -0.0966705 0)
(0.123714 -0.0923275 0)
(0.148689 -0.079752 0)
(0.17053 -0.0915609 0)
(-0.0381634 -0.162717 0)
(-0.243456 -0.101735 0)
(-0.353506 -0.086678 0)
(-0.381067 -0.0637146 0)
(-0.344297 0.0167067 0)
(-0.305657 0.104392 0)
(-0.302611 0.159986 0)
(-0.324827 0.227301 0)
(-0.359259 0.281745 0)
(-0.40923 0.351933 0)
(-0.465061 0.437644 0)
(-0.524134 0.50937 0)
(-0.58674 0.521574 0)
(-0.642973 0.479288 0)
(-0.716738 0.511375 0)
(-0.793382 0.639515 0)
(0.0273614 -0.114447 0)
(0.0597335 -0.104616 0)
(0.0711919 -0.100242 0)
(0.0653341 -0.0835921 0)
(0.0513724 -0.0619168 0)
(0.00379567 -0.0508869 0)
(-0.0498497 0.018251 0)
(-0.186357 -0.00406439 0)
(-0.234472 -0.0486559 0)
(-0.251468 -0.0641432 0)
(-0.257408 -0.0414581 0)
(-0.277709 0.0235301 0)
(-0.294068 0.100321 0)
(-0.314494 0.175269 0)
(-0.331177 0.24712 0)
(-0.348261 0.312648 0)
(-0.369002 0.388673 0)
(-0.387143 0.473561 0)
(-0.402438 0.545556 0)
(-0.424656 0.567471 0)
(-0.456122 0.54336 0)
(-0.495071 0.574276 0)
(-0.519137 0.667013 0)
(0.00895731 -0.144524 0)
(0.0244057 -0.116552 0)
(0.0199202 -0.0944464 0)
(0.00223735 -0.0651526 0)
(-0.0223845 -0.0198186 0)
(-0.0823149 0.0303583 0)
(-0.103827 0.0809983 0)
(-0.15366 0.0410561 0)
(-0.154934 -0.0274359 0)
(-0.176339 -0.044764 0)
(-0.221929 -0.00487835 0)
(-0.269466 0.0618533 0)
(-0.300988 0.129466 0)
(-0.316498 0.193175 0)
(-0.321901 0.256276 0)
(-0.323965 0.321804 0)
(-0.323103 0.395425 0)
(-0.315183 0.474237 0)
(-0.300064 0.542962 0)
(-0.289072 0.576949 0)
(-0.288646 0.576481 0)
(-0.278602 0.584015 0)
(-0.245186 0.640547 0)
(-0.00757278 -0.146056 0)
(-0.014627 -0.108738 0)
(-0.0409107 -0.0736859 0)
(-0.0700389 -0.0350518 0)
(-0.0999049 0.00968856 0)
(-0.126194 0.0528986 0)
(-0.127308 0.0848764 0)
(-0.133214 0.0465426 0)
(-0.145308 -0.00817915 0)
(-0.203987 0.0156518 0)
(-0.252223 0.0518165 0)
(-0.283606 0.0962416 0)
(-0.298373 0.14525 0)
(-0.301732 0.197602 0)
(-0.297757 0.253885 0)
(-0.288665 0.314967 0)
(-0.273639 0.382078 0)
(-0.249999 0.452097 0)
(-0.217422 0.514804 0)
(-0.182681 0.553518 0)
(-0.15413 0.561313 0)
(-0.122682 0.544643 0)
(-0.0500067 0.564167 0)
(-0.022885 -0.119575 0)
(-0.0544865 -0.0775075 0)
(-0.0988202 -0.039441 0)
(-0.137551 -0.00202478 0)
(-0.169572 0.0354661 0)
(-0.18163 0.06425 0)
(-0.177578 0.077817 0)
(-0.186464 0.0596952 0)
(-0.221079 0.0486434 0)
(-0.247727 0.0580832 0)
(-0.265757 0.0774949 0)
(-0.275292 0.107962 0)
(-0.27753 0.147087 0)
(-0.273247 0.19245 0)
(-0.262952 0.242879 0)
(-0.246602 0.2979 0)
(-0.223129 0.357072 0)
(-0.190771 0.417567 0)
(-0.148874 0.4726 0)
(-0.100425 0.511175 0)
(-0.0511905 0.52438 0)
(-0.00908903 0.501649 0)
(0.0529562 0.472954 0)
(-0.0386759 -0.0696244 0)
(-0.0923149 -0.0278289 0)
(-0.153743 0.0076841 0)
(-0.197355 0.0352968 0)
(-0.22288 0.0565361 0)
(-0.231624 0.0733639 0)
(-0.229278 0.0808302 0)
(-0.231097 0.0722632 0)
(-0.239531 0.0625836 0)
(-0.24552 0.0665801 0)
(-0.250138 0.0826732 0)
(-0.251179 0.108716 0)
(-0.247599 0.142415 0)
(-0.238825 0.182071 0)
(-0.224402 0.226547 0)
(-0.203664 0.274922 0)
(-0.175598 0.326008 0)
(-0.139005 0.377195 0)
(-0.0932953 0.423606 0)
(-0.039853 0.4577 0)
(0.0183504 0.470999 0)
(0.0740375 0.453625 0)
(0.125519 0.403852 0)
(-0.0526713 -0.000477882 0)
(-0.116348 0.0401255 0)
(-0.17489 0.0592653 0)
(-0.211845 0.0672895 0)
(-0.234169 0.0720514 0)
(-0.242375 0.075901 0)
(-0.239911 0.075905 0)
(-0.23463 0.0693285 0)
(-0.231237 0.0642543 0)
(-0.229315 0.0683789 0)
(-0.227396 0.0823707 0)
(-0.223561 0.104906 0)
(-0.216396 0.134195 0)
(-0.204803 0.168683 0)
(-0.187888 0.207245 0)
(-0.164813 0.248877 0)
(-0.134717 0.292224 0)
(-0.0968306 0.334909 0)
(-0.0509449 0.373012 0)
(0.00185656 0.400734 0)
(0.0605001 0.410939 0)
(0.118057 0.39751 0)
(0.17265 0.357063 0)
(-0.0553346 0.0875328 0)
(-0.110546 0.102927 0)
(-0.16319 0.101822 0)
(-0.196743 0.0954075 0)
(-0.217368 0.087292 0)
(-0.225497 0.0792615 0)
(-0.224215 0.0710107 0)
(-0.2188 0.0629994 0)
(-0.213286 0.0598062 0)
(-0.208458 0.0647434 0)
(-0.203402 0.0779142 0)
(-0.196804 0.0980363 0)
(-0.187428 0.123644 0)
(-0.174179 0.153461 0)
(-0.156092 0.18646 0)
(-0.132302 0.221692 0)
(-0.102066 0.257917 0)
(-0.0649155 0.293125 0)
(-0.0211829 0.324134 0)
(0.0286921 0.346242 0)
(0.0822062 0.353825 0)
(0.134214 0.34269 0)
(0.183038 0.312891 0)
(-0.0470057 0.1572 0)
(-0.0949471 0.156391 0)
(-0.143791 0.141844 0)
(-0.174861 0.122501 0)
(-0.194298 0.102296 0)
(-0.202737 0.0837857 0)
(-0.203085 0.0683546 0)
(-0.199059 0.0576722 0)
(-0.193494 0.0542272 0)
(-0.187393 0.0590059 0)
(-0.18055 0.0711972 0)
(-0.172268 0.0892524 0)
(-0.161596 0.111716 0)
(-0.147588 0.13741 0)
(-0.129356 0.165401 0)
(-0.106091 0.194844 0)
(-0.0771452 0.22471 0)
(-0.0421914 0.253429 0)
(-0.00181637 0.278567 0)
(0.0437873 0.296734 0)
(0.0914427 0.303337 0)
(0.136869 0.295609 0)
(0.178832 0.274058 0)
(-0.0386717 0.218212 0)
(-0.0803131 0.205934 0)
(-0.125274 0.179467 0)
(-0.154055 0.14828 0)
(-0.1727 0.117002 0)
(-0.181587 0.089177 0)
(-0.183166 0.0672237 0)
(-0.180062 0.0530815 0)
(-0.174423 0.0481147 0)
(-0.167462 0.0520462 0)
(-0.159481 0.0630958 0)
(-0.150145 0.0793189 0)
(-0.138776 0.0991142 0)
(-0.124624 0.121302 0)
(-0.106933 0.14499 0)
(-0.085015 0.16943 0)
(-0.0583005 0.193806 0)
(-0.0265697 0.216964 0)
(0.00991596 0.237184 0)
(0.0506297 0.25226 0)
(0.0929778 0.258753 0)
(0.133611 0.254695 0)
(0.171719 0.24018 0)
(-0.0316915 0.270424 0)
(-0.0681396 0.250471 0)
(-0.109201 0.21411 0)
(-0.135797 0.172559 0)
(-0.15379 0.131425 0)
(-0.162996 0.0951662 0)
(-0.165308 0.0669156 0)
(-0.162615 0.0487615 0)
(-0.156758 0.0415469 0)
(-0.149144 0.0441592 0)
(-0.140346 0.0540276 0)
(-0.130288 0.0686839 0)
(-0.118579 0.0862936 0)
(-0.10464 0.105616 0)
(-0.0878678 0.125773 0)
(-0.0676935 0.146087 0)
(-0.0436509 0.165917 0)
(-0.0155802 0.184445 0)
(0.0165775 0.200548 0)
(0.0522484 0.212695 0)
(0.089644 0.218723 0)
(0.126353 0.217104 0)
(0.162134 0.207698 0)
(-0.0259068 0.314557 0)
(-0.0577673 0.28979 0)
(-0.0949472 0.245674 0)
(-0.119541 0.195365 0)
(-0.136985 0.145553 0)
(-0.146415 0.101543 0)
(-0.149211 0.0670535 0)
(-0.146723 0.0444422 0)
(-0.140624 0.0344787 0)
(-0.132442 0.0355294 0)
(-0.122979 0.0442831 0)
(-0.112432 0.0576343 0)
(-0.100605 0.0735147 0)
(-0.0870692 0.0905905 0)
(-0.0713587 0.107972 0)
(-0.0530223 0.12503 0)
(-0.0316827 0.141247 0)
(-0.00724331 0.156055 0)
(0.0205681 0.168772 0)
(0.0511869 0.178264 0)
(0.0835549 0.18318 0)
(0.116205 0.182455 0)
(0.149241 0.175962 0)
(-0.0207256 0.351265 0)
(-0.0480921 0.3242 0)
(-0.0814147 0.274352 0)
(-0.104196 0.216845 0)
(-0.121241 0.159432 0)
(-0.130966 0.108237 0)
(-0.134266 0.0675331 0)
(-0.131988 0.0401234 0)
(-0.125734 0.0270143 0)
(-0.117131 0.0263381 0)
(-0.10719 0.0339861 0)
(-0.0963355 0.0463182 0)
(-0.0845192 0.0609155 0)
(-0.0714719 0.0763177 0)
(-0.056841 0.0916088 0)
(-0.0402701 0.106193 0)
(-0.0214632 0.119651 0)
(-0.000305526 0.131582 0)
(0.023459 0.141616 0)
(0.0493914 0.148873 0)
(0.076851 0.152506 0)
(0.105005 0.151697 0)
(0.134201 0.146349 0)
(-0.0156076 0.380817 0)
(-0.0380854 0.353798 0)
(-0.0674221 0.300297 0)
(-0.0885129 0.237192 0)
(-0.105384 0.173243 0)
(-0.115642 0.115388 0)
(-0.119662 0.0684741 0)
(-0.117821 0.0359148 0)
(-0.111696 0.0193061 0)
(-0.102905 0.0167162 0)
(-0.0926663 0.0233162 0)
(-0.0816192 0.0348755 0)
(-0.0699563 0.0485965 0)
(-0.0574767 0.0628307 0)
(-0.0439142 0.0766243 0)
(-0.0289797 0.0894013 0)
(-0.0124546 0.100821 0)
(0.00583197 0.110575 0)
(0.0260438 0.118567 0)
(0.0478972 0.124132 0)
(0.0709256 0.126634 0)
(0.0946193 0.125417 0)
(0.119358 0.120341 0)
(-0.010179 0.402879 0)
(-0.0268809 0.37827 0)
(-0.0518089 0.323493 0)
(-0.0711827 0.256627 0)
(-0.0881619 0.187322 0)
(-0.0993645 0.123346 0)
(-0.104548 0.0702045 0)
(-0.10346 0.0320982 0)
(-0.0978551 0.0116496 0)
(-0.0891981 0.00692047 0)
(-0.0789645 0.0124777 0)
(-0.0679688 0.0234745 0)
(-0.0565793 0.0366643 0)
(-0.0447499 0.0501635 0)
(-0.0322531 0.0629526 0)
(-0.0188489 0.0744678 0)
(-0.00441498 0.0843988 0)
(0.0113926 0.092624 0)
(0.0286018 0.0990513 0)
(0.046983 0.10337 0)
(0.0662328 0.105041 0)
(0.0859525 0.103494 0)
(0.106447 0.0984999 0)
(-0.00435951 0.416498 0)
(-0.0138998 0.396862 0)
(-0.0335353 0.343592 0)
(-0.0509417 0.275209 0)
(-0.06832 0.202131 0)
(-0.0809563 0.132757 0)
(-0.0879248 0.073154 0)
(-0.0880039 0.0291359 0)
(-0.0834656 0.00447294 0)
(-0.0754433 -0.00269457 0)
(-0.0655758 0.00168874 0)
(-0.0549007 0.0122957 0)
(-0.0440111 0.0252589 0)
(-0.0329632 0.0383838 0)
(-0.0215817 0.0505688 0)
(-0.00967002 0.0612557 0)
(0.00293908 0.0701617 0)
(0.0164936 0.0773079 0)
(0.0310398 0.0825498 0)
(0.0465125 0.0859206 0)
(0.06261 0.0870189 0)
(0.079045 0.0853385 0)
(0.0959394 0.0805418 0)
(0.0015275 0.420521 0)
(0.000573678 0.408487 0)
(-0.0119906 0.360063 0)
(-0.0264543 0.292705 0)
(-0.0443572 0.217367 0)
(-0.0592332 0.143654 0)
(-0.0687418 0.0782118 0)
(-0.0704022 0.0275915 0)
(-0.0676664 -0.00162905 0)
(-0.0608966 -0.0116061 0)
(-0.0519432 -0.00856391 0)
(-0.0419681 0.00163776 0)
(-0.031876 0.0145845 0)
(-0.0218 0.0276121 0)
(-0.0116342 0.0394983 0)
(-0.0012069 0.0496817 0)
(0.00968034 0.0579473 0)
(0.0211518 0.0642496 0)
(0.0333572 0.0686604 0)
(0.0462816 0.0712861 0)
(0.0597019 0.0719567 0)
(0.0733986 0.0702626 0)
(0.0874218 0.0657809 0)
(0.00737157 0.414305 0)
(0.014895 0.410899 0)
(0.0110209 0.370915 0)
(0.00215875 0.309835 0)
(-0.014033 0.235419 0)
(-0.0309299 0.157224 0)
(-0.0452774 0.0841164 0)
(-0.0498771 0.0280178 0)
(-0.0495431 -0.00597401 0)
(-0.0447538 -0.0191292 0)
(-0.0374221 -0.0177387 0)
(-0.0287581 -0.00804909 0)
(-0.019811 0.00492089 0)
(-0.0109841 0.0180392 0)
(-0.00219803 0.029819 0)
(0.00672257 0.039744 0)
(0.0158933 0.0475818 0)
(0.0254495 0.0533313 0)
(0.0355289 0.0571271 0)
(0.0461541 0.0591273 0)
(0.0572105 0.0594148 0)
(0.0685619 0.0577228 0)
(0.0802117 0.0535956 0)
(0.0132434 0.398063 0)
(0.028255 0.40452 0)
(0.0323266 0.373545 0)
(0.0294989 0.320164 0)
(0.0182779 0.252867 0)
(0.00361662 0.178587 0)
(-0.0129974 0.0989338 0)
(-0.0240043 0.0312728 0)
(-0.0282071 -0.00751059 0)
(-0.0262838 -0.0242888 0)
(-0.0214938 -0.0250427 0)
(-0.0148709 -0.0162191 0)
(-0.00757083 -0.00335355 0)
(-0.000293572 0.00983698 0)
(0.00691841 0.021641 0)
(0.0142051 0.0314488 0)
(0.0216862 0.0390285 0)
(0.0294274 0.0444054 0)
(0.0375139 0.0477225 0)
(0.0460317 0.0492227 0)
(0.0549558 0.0491271 0)
(0.0642101 0.0473633 0)
(0.0738134 0.0435345 0)
(0.0188771 0.372387 0)
(0.0400729 0.390847 0)
(0.0501536 0.369882 0)
(0.0516799 0.324488 0)
(0.0449259 0.263244 0)
(0.0337329 0.192598 0)
(0.0209533 0.115791 0)
(0.00789983 0.0454076 0)
(-0.00283828 -0.00373239 0)
(-0.00518607 -0.0260907 0)
(-0.00397178 -0.0296441 0)
(-0.000145987 -0.0222176 0)
(0.00491926 -0.00971108 0)
(0.0103551 0.00343774 0)
(0.015832 0.0151873 0)
(0.0213864 0.0248412 0)
(0.027093 0.032238 0)
(0.0330538 0.0373463 0)
(0.0393111 0.0403002 0)
(0.0459004 0.0413776 0)
(0.0528239 0.0408844 0)
(0.0601525 0.0389787 0)
(0.0679395 0.0353531 0)
(0.0234145 0.338358 0)
(0.0493505 0.371736 0)
(0.0632202 0.362278 0)
(0.0672207 0.325299 0)
(0.0637318 0.269778 0)
(0.0558196 0.20221 0)
(0.0465195 0.127438 0)
(0.0359435 0.0566457 0)
(0.0247756 0.0053898 0)
(0.0178053 -0.0225426 0)
(0.0151607 -0.0304897 0)
(0.0155057 -0.0253685 0)
(0.0177451 -0.0138096 0)
(0.0209397 -0.000936878 0)
(0.0244411 0.0106501 0)
(0.0281521 0.0200702 0)
(0.0321261 0.0272145 0)
(0.036346 0.0320671 0)
(0.0408489 0.0347334 0)
(0.0456411 0.0354262 0)
(0.050759 0.0345511 0)
(0.0562949 0.0324082 0)
(0.0623853 0.0288677 0)
(0.0253371 0.298296 0)
(0.0542138 0.349159 0)
(0.0698659 0.352511 0)
(0.0755935 0.323716 0)
(0.0752372 0.273336 0)
(0.0709923 0.208842 0)
(0.0654106 0.136382 0)
(0.0580592 0.0672789 0)
(0.0485835 0.0143347 0)
(0.0401893 -0.0165655 0)
(0.0346165 -0.0276967 0)
(0.0317109 -0.0251638 0)
(0.0308737 -0.0153598 0)
(0.0313931 -0.00321358 0)
(0.0327106 0.00805375 0)
(0.0344818 0.017188 0)
(0.0366519 0.0239841 0)
(0.0391964 0.028525 0)
(0.0420616 0.0308871 0)
(0.0452238 0.0312632 0)
(0.0486659 0.0300039 0)
(0.0525159 0.0275282 0)
(0.0570477 0.0239415 0)
(0.0238763 0.256899 0)
(0.0534993 0.326018 0)
(0.069087 0.341428 0)
(0.0772557 0.319391 0)
(0.0809216 0.27326 0)
(0.0810695 0.211657 0)
(0.0796392 0.141699 0)
(0.0757399 0.0749475 0)
(0.0685406 0.022929 0)
(0.0600802 -0.00918513 0)
(0.0527082 -0.0225027 0)
(0.0471676 -0.0220502 0)
(0.0434816 -0.0138347 0)
(0.0413604 -0.00295076 0)
(0.0403891 0.00747333 0)
(0.0401622 0.0161252 0)
(0.0405828 0.0224698 0)
(0.041506 0.0265946 0)
(0.042849 0.0286305 0)
(0.0445167 0.0286897 0)
(0.0464389 0.0270632 0)
(0.0487481 0.0242352 0)
(0.0518337 0.0204785 0)
(0.018485 0.218368 0)
(0.0476327 0.30509 0)
(0.0622052 0.328543 0)
(0.0743618 0.311157 0)
(0.0829034 0.268681 0)
(0.0879542 0.210017 0)
(0.0908261 0.143082 0)
(0.0900842 0.0797492 0)
(0.0848656 0.0302363 0)
(0.0767509 -0.00128455 0)
(0.0682241 -0.015442 0)
(0.0606334 -0.0164741 0)
(0.0545654 -0.00978977 0)
(0.0500579 -0.000195133 0)
(0.0469332 0.00916232 0)
(0.0448889 0.0169034 0)
(0.0436602 0.0226278 0)
(0.0431257 0.0262067 0)
(0.0430985 0.0278267 0)
(0.0434431 0.0275477 0)
(0.0440399 0.0255869 0)
(0.0449444 0.0223878 0)
(0.0466856 0.0183778 0)
(0.0079582 0.187932 0)
(0.0377115 0.286715 0)
(0.0526596 0.312673 0)
(0.0698882 0.29822 0)
(0.0833695 0.259184 0)
(0.0932822 0.203895 0)
(0.099947 0.140937 0)
(0.101555 0.0821662 0)
(0.0975893 0.0364413 0)
(0.0896569 0.00695654 0)
(0.080142 -0.00694451 0)
(0.0708863 -0.00885993 0)
(0.0629032 -0.00358229 0)
(0.0565553 0.00458719 0)
(0.0517511 0.0127369 0)
(0.0482133 0.0194245 0)
(0.0456121 0.0242464 0)
(0.0438213 0.0271855 0)
(0.042648 0.0282983 0)
(0.0418754 0.0276636 0)
(0.0413437 0.0253858 0)
(0.0410319 0.0218352 0)
(0.0415599 0.0175069 0)
(-0.005157 0.170568 0)
(0.025228 0.267345 0)
(0.0438958 0.292822 0)
(0.0658374 0.280535 0)
(0.0836937 0.245039 0)
(0.0976625 0.194075 0)
(0.10682 0.136414 0)
(0.109559 0.0833872 0)
(0.10595 0.0423902 0)
(0.097717 0.0158222 0)
(0.0872094 0.00282061 0)
(0.0765879 0.000333431 0)
(0.0672358 0.00428856 0)
(0.0597197 0.0109202 0)
(0.05392 0.0176307 0)
(0.0494772 0.0231075 0)
(0.0460475 0.026964 0)
(0.0433996 0.0291724 0)
(0.0413532 0.0297784 0)
(0.039725 0.0287861 0)
(0.0383003 0.0262475 0)
(0.0369608 0.0224053 0)
(0.0364251 0.0177584 0)
(-0.0124284 0.16706 0)
(0.0125378 0.242721 0)
(0.0368473 0.268755 0)
(0.0619852 0.258588 0)
(0.0832072 0.227016 0)
(0.0994753 0.181885 0)
(0.109103 0.130572 0)
(0.111661 0.0840058 0)
(0.107715 0.0484494 0)
(0.0989559 0.025416 0)
(0.08774 0.0137478 0)
(0.0763469 0.0107646 0)
(0.0663694 0.0131863 0)
(0.0584471 0.0179877 0)
(0.0524801 0.0230564 0)
(0.0479781 0.0272788 0)
(0.0444488 0.0302312 0)
(0.0415573 0.0317857 0)
(0.0390746 0.0319502 0)
(0.0368918 0.0306701 0)
(0.0348307 0.0279484 0)
(0.0327006 0.0239099 0)
(0.0312584 0.0190021 0)
(-0.00914052 0.169361 0)
(0.00669854 0.217897 0)
(0.0312583 0.241713 0)
(0.0566601 0.233436 0)
(0.0787382 0.206248 0)
(0.095176 0.168651 0)
(0.104287 0.124402 0)
(0.10625 0.0847724 0)
(0.101617 0.0549419 0)
(0.0922308 0.0355927 0)
(0.0806366 0.0252594 0)
(0.069181 0.0216481 0)
(0.0594647 0.0222205 0)
(0.0520724 0.0248722 0)
(0.0468028 0.0281308 0)
(0.0430714 0.0311023 0)
(0.040247 0.033297 0)
(0.0378681 0.0344205 0)
(0.0355676 0.0343816 0)
(0.0332863 0.032975 0)
(0.030896 0.0302253 0)
(0.0282337 0.026144 0)
(0.026064 0.0210658 0)
(-0.00128645 0.16832 0)
(0.00981569 0.200478 0)
(0.0284022 0.217627 0)
(0.0502019 0.210078 0)
(0.069755 0.186909 0)
(0.084749 0.15587 0)
(0.0931573 0.118923 0)
(0.0939938 0.0865136 0)
(0.0881016 0.0622988 0)
(0.0780034 0.0462089 0)
(0.0665222 0.0367255 0)
(0.0558432 0.0320272 0)
(0.0472149 0.0304628 0)
(0.0410048 0.0307818 0)
(0.0369589 0.0321152 0)
(0.0345033 0.0338198 0)
(0.0329707 0.0353763 0)
(0.0317827 0.0363368 0)
(0.0304065 0.0364702 0)
(0.0286757 0.0353014 0)
(0.0264242 0.0328106 0)
(0.023554 0.028873 0)
(0.0208457 0.0237234 0)
(0.00261856 0.161205 0)
(0.0134481 0.188621 0)
(0.0271499 0.20001 0)
(0.0442171 0.191676 0)
(0.0598297 0.171164 0)
(0.0717945 0.144688 0)
(0.0773778 0.115372 0)
(0.0754366 0.0901604 0)
(0.0679342 0.0708798 0)
(0.0578425 0.0569991 0)
(0.0476111 0.0473778 0)
(0.0387448 0.0410381 0)
(0.0318955 0.0371996 0)
(0.0271525 0.035283 0)
(0.0243178 0.0347446 0)
(0.0230098 0.0351338 0)
(0.0227455 0.0360069 0)
(0.0229675 0.0368781 0)
(0.0230355 0.037405 0)
(0.0225605 0.036936 0)
(0.0211024 0.0352374 0)
(0.0185489 0.0318813 0)
(0.0155925 0.02704 0)
(0.00240308 0.152603 0)
(0.0126584 0.177901 0)
(0.0246104 0.186294 0)
(0.0380649 0.177378 0)
(0.0492528 0.15942 0)
(0.0559661 0.137772 0)
(0.0565407 0.115577 0)
(0.0516664 0.0960038 0)
(0.0439159 0.0796839 0)
(0.0355707 0.066356 0)
(0.0280061 0.0557919 0)
(0.0217842 0.0477976 0)
(0.0170356 0.042135 0)
(0.0137121 0.0384554 0)
(0.0117026 0.036402 0)
(0.0109129 0.035563 0)
(0.0111308 0.0356059 0)
(0.0120612 0.0361851 0)
(0.0132755 0.0369131 0)
(0.0142526 0.0372689 0)
(0.0142807 0.0368429 0)
(0.0129561 0.0344615 0)
(0.0101944 0.0299736 0)
(0.00167714 0.14316 0)
(0.0097648 0.16386 0)
(0.019626 0.171151 0)
(0.028635 0.165079 0)
(0.0342573 0.15286 0)
(0.0354043 0.137931 0)
(0.0324815 0.121564 0)
(0.0271997 0.104916 0)
(0.0214073 0.0889115 0)
(0.0161784 0.074539 0)
(0.0118387 0.0625078 0)
(0.0084017 0.0530293 0)
(0.00576512 0.0459887 0)
(0.00382998 0.0410484 0)
(0.00253583 0.0378403 0)
(0.0018344 0.0359129 0)
(0.00171262 0.0349437 0)
(0.00213221 0.0346705 0)
(0.00306831 0.0349245 0)
(0.00424542 0.0354475 0)
(0.00517715 0.0359596 0)
(0.00543372 0.0356083 0)
(0.00407071 0.0331276 0)
(0.0474766 0.0252811 0)
(0.0208709 0.00185308 0)
(0.050397 -0.074 0)
(0.0901382 -0.102937 0)
(0.252731 0.023637 0)
(0.245158 0.0224594 0)
(0.2193 -0.0150095 0)
(0.183314 -0.0545165 0)
(0.27018 0.0769995 0)
(0.237247 0.0819311 0)
(0.193837 0.0889246 0)
(0.138113 0.0965176 0)
(0.355888 0.111861 0)
(0.308376 0.154073 0)
(0.252659 0.196458 0)
(0.189912 0.230512 0)
(0.443255 0.189679 0)
(0.376153 0.235821 0)
(0.28746 0.277072 0)
(0.202704 0.310709 0)
(-0.149577 0.389922 0)
(-0.136775 0.514967 0)
(0.0332025 0.4855 0)
(0.0377432 0.486564 0)
(-0.596457 0.284637 0)
(-0.5828 0.271713 0)
(-0.564271 0.314101 0)
(-0.575356 0.53403 0)
(-1.16817 0.26727 0)
(-1.24548 0.340214 0)
(-1.26591 0.424073 0)
(-1.44939 0.503682 0)
(-1.38326 0.512177 0)
(-1.50695 0.565418 0)
(-1.64062 0.562394 0)
(-1.58656 0.353191 0)
(-1.18139 0.786032 0)
(-1.27486 0.821968 0)
(-1.38397 0.6605 0)
(-1.4408 0.268431 0)
(-0.826952 0.901622 0)
(-0.868196 1.00563 0)
(-0.903538 0.860835 0)
(-1.17301 0.370932 0)
(-0.487544 0.865443 0)
(-0.422694 1.01758 0)
(-0.378133 1.08638 0)
(-0.532773 0.715388 0)
(-0.20857 0.754749 0)
(-0.136554 0.876784 0)
(-0.031549 1.00069 0)
(0.0221822 1.00944 0)
(0.0156468 0.633173 0)
(0.0773401 0.693194 0)
(0.165313 0.777851 0)
(0.251302 0.844117 0)
(0.131505 0.507089 0)
(0.18771 0.546653 0)
(0.248635 0.579272 0)
(0.315349 0.604845 0)
(0.170228 0.391702 0)
(0.222457 0.431275 0)
(0.272715 0.461146 0)
(0.313718 0.454631 0)
(0.195374 0.326362 0)
(0.227884 0.349384 0)
(0.266583 0.378005 0)
(0.302865 0.367819 0)
(0.204425 0.286748 0)
(0.224938 0.290947 0)
(0.250863 0.306312 0)
(0.281849 0.302915 0)
(0.198499 0.255127 0)
(0.214962 0.249947 0)
(0.233645 0.251707 0)
(0.256221 0.248951 0)
(0.190703 0.22668 0)
(0.205382 0.218575 0)
(0.21958 0.212977 0)
(0.235572 0.206689 0)
(0.181361 0.198589 0)
(0.195669 0.191184 0)
(0.207872 0.18363 0)
(0.220095 0.175241 0)
(0.168365 0.170071 0)
(0.182579 0.164521 0)
(0.19424 0.157845 0)
(0.205166 0.149887 0)
(0.152174 0.142286 0)
(0.165665 0.138212 0)
(0.17687 0.132966 0)
(0.187384 0.126476 0)
(0.135187 0.117036 0)
(0.14715 0.113683 0)
(0.157384 0.109425 0)
(0.167317 0.104182 0)
(0.11978 0.0954169 0)
(0.129874 0.092286 0)
(0.138663 0.088474 0)
(0.147481 0.083943 0)
(0.106925 0.0775635 0)
(0.11522 0.0744703 0)
(0.122518 0.0708039 0)
(0.129986 0.066572 0)
(0.0964622 0.0629387 0)
(0.103253 0.0598815 0)
(0.109209 0.0562769 0)
(0.115373 0.0521762 0)
(0.0876389 0.050915 0)
(0.0932014 0.0479238 0)
(0.0980865 0.0443859 0)
(0.103153 0.0403815 0)
(0.0798905 0.0410201 0)
(0.0844458 0.0381135 0)
(0.0884074 0.034649 0)
(0.0925201 0.0307287 0)
(0.0727881 0.0329898 0)
(0.0764414 0.0301617 0)
(0.0796236 0.0267619 0)
(0.082907 0.0229073 0)
(0.0661444 0.0266313 0)
(0.0690046 0.0238696 0)
(0.0714508 0.0205185 0)
(0.0739647 0.0167079 0)
(0.0597547 0.0217986 0)
(0.0618773 0.0190986 0)
(0.0636953 0.0157916 0)
(0.06552 0.0120088 0)
(0.0536119 0.0183533 0)
(0.0550754 0.0157041 0)
(0.0562759 0.0124406 0)
(0.0574477 0.00867627 0)
(0.0475626 0.0161992 0)
(0.048426 0.013577 0)
(0.0491051 0.0103479 0)
(0.0496844 0.00659392 0)
(0.0416425 0.015211 0)
(0.0419753 0.0125997 0)
(0.0421638 0.00939528 0)
(0.0422151 0.00563358 0)
(0.0357661 0.0152686 0)
(0.0356231 0.0126354 0)
(0.0354113 0.00943524 0)
(0.0350349 0.00563207 0)
(0.0299702 0.0162474 0)
(0.029427 0.0135442 0)
(0.0288502 0.0103198 0)
(0.0280971 0.00643481 0)
(0.024219 0.0180192 0)
(0.0233572 0.0151944 0)
(0.0225286 0.0118875 0)
(0.0215119 0.00785295 0)
(0.0186069 0.0203265 0)
(0.0175026 0.0172974 0)
(0.0164835 0.0138176 0)
(0.0153404 0.00955989 0)
(0.0132005 0.0233381 0)
(0.0120041 0.0200137 0)
(0.0109849 0.0162056 0)
(0.00989556 0.0115857 0)
(0.00784229 0.0258633 0)
(0.00663199 0.0221386 0)
(0.00568628 0.0178775 0)
(0.00481311 0.0128843 0)
(0.00261154 0.0291449 0)
(0.00176932 0.025113 0)
(0.00106287 0.0202596 0)
(0.000436687 0.0146819 0)
(0.0884561 -0.128433 0)
(-0.0575048 0.0497879 0)
(-0.173678 0.046025 0)
(-0.187213 -0.0925001 0)
(-0.225059 -0.0353278 0)
(-0.238362 0.0250562 0)
(-0.231587 0.0304705 0)
(-0.323553 0.104766 0)
(-0.367713 0.157411 0)
(-0.321592 0.157819 0)
(-0.236186 0.0817685 0)
(-0.141058 -0.00461775 0)
(-0.0997289 -0.0221227 0)
(-0.0223699 0.0647238 0)
(-0.103772 -0.0205 0)
(-0.173061 -0.0501474 0)
(-0.142407 -0.0847966 0)
(-0.0862445 -0.122601 0)
(-0.0255662 -0.0773976 0)
(0.0704467 -0.00565543 0)
(-0.162844 0.17985 0)
(-0.249104 0.0807613 0)
(-0.310064 -0.0328169 0)
(-0.355995 -0.00613694 0)
(-0.373895 0.019408 0)
(-0.386753 0.049968 0)
(-0.384013 0.114894 0)
(-0.345138 0.123349 0)
(-0.266922 0.0774667 0)
(-0.174918 0.00138048 0)
(-0.115217 -0.0508238 0)
(-0.0970006 -0.0656732 0)
(-0.0128935 0.0272243 0)
(-0.0705033 0.0859092 0)
(-0.195781 -0.0214395 0)
(-0.16777 -0.127861 0)
(-0.0435766 -0.208893 0)
(0.0226982 -0.0971026 0)
(0.03427 0.176762 0)
(-0.0944164 0.300911 0)
(-0.206983 0.194695 0)
(-0.340271 0.0280956 0)
(-0.375354 0.0129603 0)
(-0.390463 0.0305479 0)
(-0.3917 0.0472113 0)
(-0.370214 0.0734664 0)
(-0.319349 0.0600191 0)
(-0.253192 0.00329466 0)
(-0.204955 -0.0574148 0)
(-0.168362 -0.0919369 0)
(-0.144363 -0.0938292 0)
(-0.116354 0.0166442 0)
(-0.129702 0.157692 0)
(-0.222802 0.024156 0)
(-0.117832 -0.237051 0)
(0.00342626 -0.331676 0)
(0.0553367 -0.0802261 0)
(0.0796405 0.284715 0)
(-0.0252564 0.383638 0)
(-0.121411 0.329631 0)
(-0.284876 0.133587 0)
(-0.349843 0.0401791 0)
(-0.374049 0.0383311 0)
(-0.377057 0.0435535 0)
(-0.364236 0.0413232 0)
(-0.331819 0.0136318 0)
(-0.300161 -0.0336225 0)
(-0.273809 -0.0836076 0)
(-0.248926 -0.117828 0)
(-0.235702 -0.104342 0)
(-0.223362 0.0191286 0)
(-0.168687 0.159946 0)
(-0.170736 -0.000716303 0)
(-0.0266909 -0.344941 0)
(0.0173792 -0.383003 0)
(0.0535281 -0.0495774 0)
(0.0803363 0.356272 0)
(-0.0207085 0.435674 0)
(-0.117256 0.42275 0)
(-0.249109 0.25129 0)
(-0.342705 0.0980493 0)
(-0.396816 0.053691 0)
(-0.404255 0.0434651 0)
(-0.385341 0.0297898 0)
(-0.360069 -0.00162539 0)
(-0.339628 -0.048416 0)
(-0.31923 -0.0999234 0)
(-0.305534 -0.127981 0)
(-0.300849 -0.106463 0)
(-0.277678 -0.0155703 0)
(-0.182755 0.0950711 0)
(-0.0650072 -0.0411848 0)
(0.0400599 -0.396267 0)
(0.0247231 -0.398549 0)
(0.0272427 -0.00788065 0)
(-0.0409051 0.467382 0)
(-0.108311 0.504616 0)
(-0.205023 0.498728 0)
(-0.290113 0.338448 0)
(-0.377821 0.173188 0)
(-0.442969 0.0815812 0)
(-0.461326 0.0351889 0)
(-0.448825 0.00245639 0)
(-0.417771 -0.0311898 0)
(-0.379674 -0.0722941 0)
(-0.344693 -0.116044 0)
(-0.320854 -0.139631 0)
(-0.29931 -0.123089 0)
(-0.251211 -0.08226 0)
(-0.148801 -0.0687246 0)
(0.0209017 -0.178854 0)
(0.0562347 -0.400082 0)
(0.0295953 -0.386405 0)
(0.0022082 0.0112039 0)
(-0.594227 0.61592 0)
(-0.361248 0.568879 0)
(-0.359611 0.536366 0)
(-0.395623 0.384739 0)
(-0.441289 0.233225 0)
(-0.476408 0.124237 0)
(-0.486184 0.0478544 0)
(-0.477347 -0.0109608 0)
(-0.45313 -0.0653674 0)
(-0.414863 -0.116233 0)
(-0.365292 -0.153939 0)
(-0.315231 -0.166241 0)
(-0.263794 -0.15371 0)
(-0.192543 -0.147428 0)
(-0.0853535 -0.179349 0)
(0.0249188 -0.248371 0)
(0.0486207 -0.406221 0)
(0.03117 -0.357014 0)
(2.31315e-06 0.0164146 0)
(-1.39543 0.525505 0)
(-0.828516 0.440011 0)
(-0.645791 0.45857 0)
(-0.590678 0.372665 0)
(-0.569237 0.250515 0)
(-0.557536 0.138803 0)
(-0.5429 0.0497356 0)
(-0.524108 -0.0238524 0)
(-0.494445 -0.0893087 0)
(-0.451559 -0.150948 0)
(-0.398689 -0.200465 0)
(-0.336034 -0.226839 0)
(-0.25708 -0.235096 0)
(-0.163211 -0.24915 0)
(-0.058791 -0.266115 0)
(0.00528281 -0.287875 0)
(0.0360983 -0.418742 0)
(0.0214 -0.333552 0)
(0.00913177 0.0266572 0)
(-1.51998 0.211365 0)
(-1.31352 0.160065 0)
(-0.994393 0.219405 0)
(-0.859918 0.245354 0)
(-0.77039 0.18834 0)
(-0.708721 0.103702 0)
(-0.66455 0.0259794 0)
(-0.626564 -0.0480939 0)
(-0.580656 -0.124491 0)
(-0.527377 -0.199091 0)
(-0.462062 -0.257556 0)
(-0.382287 -0.290866 0)
(-0.294243 -0.315615 0)
(-0.209768 -0.337076 0)
(-0.125067 -0.331626 0)
(-0.0450233 -0.337018 0)
(-0.0115783 -0.433149 0)
(-0.0314618 -0.330063 0)
(0.0052677 0.0329486 0)
(-1.42758 0.121739 0)
(-1.29008 0.0652648 0)
(-1.18681 0.0704212 0)
(-1.06715 0.104146 0)
(-0.954447 0.0959684 0)
(-0.863325 0.0463393 0)
(-0.791255 -0.0262171 0)
(-0.727222 -0.10578 0)
(-0.668099 -0.188822 0)
(-0.611949 -0.268561 0)
(-0.552266 -0.332972 0)
(-0.480041 -0.370362 0)
(-0.401855 -0.391981 0)
(-0.329796 -0.409165 0)
(-0.245214 -0.406428 0)
(-0.142343 -0.407085 0)
(-0.101452 -0.432382 0)
(-0.108447 -0.322842 0)
(-0.0209103 0.00324646 0)
(-1.2855 0.165448 0)
(-1.20856 -0.0369252 0)
(-1.14647 -0.0396023 0)
(-1.07549 -0.0252333 0)
(-0.994382 -0.0372514 0)
(-0.917263 -0.0703431 0)
(-0.838238 -0.118682 0)
(-0.768489 -0.178945 0)
(-0.714047 -0.248364 0)
(-0.666686 -0.323118 0)
(-0.619728 -0.390201 0)
(-0.56669 -0.437001 0)
(-0.507459 -0.464542 0)
(-0.435427 -0.481915 0)
(-0.354225 -0.487856 0)
(-0.272563 -0.484359 0)
(-0.212172 -0.459264 0)
(-0.174788 -0.352874 0)
(-0.0718638 -0.0986054 0)
(-0.834134 0.254909 0)
(-1.00631 0.0110954 0)
(-1.09399 -0.0596989 0)
(-1.0857 -0.0364044 0)
(-1.02609 -0.053122 0)
(-0.943288 -0.107662 0)
(-0.869317 -0.164225 0)
(-0.802647 -0.220052 0)
(-0.754225 -0.285817 0)
(-0.710791 -0.36317 0)
(-0.664352 -0.432588 0)
(-0.608893 -0.485219 0)
(-0.549388 -0.52051 0)
(-0.486323 -0.546146 0)
(-0.416575 -0.560398 0)
(-0.348693 -0.554167 0)
(-0.285005 -0.51879 0)
(-0.211437 -0.424076 0)
(-0.120608 -0.239292 0)
(-0.100219 0.718769 0)
(-0.359568 0.220439 0)
(-0.56771 0.037498 0)
(-0.69181 -0.0554689 0)
(-0.825076 -0.124979 0)
(-0.906622 -0.133295 0)
(-0.928481 -0.199903 0)
(-0.907253 -0.255855 0)
(-0.854822 -0.307124 0)
(-0.795605 -0.397972 0)
(-0.681396 -0.482013 0)
(-0.645656 -0.524895 0)
(-0.571651 -0.564142 0)
(-0.504278 -0.594583 0)
(-0.430862 -0.611659 0)
(-0.359578 -0.602047 0)
(-0.289995 -0.5708 0)
(-0.207806 -0.508663 0)
(-0.130379 -0.435649 0)
(0.345924 0.79318 0)
(0.324906 0.502403 0)
(0.0193561 0.295846 0)
(-0.142218 0.114319 0)
(-0.310141 0.0580524 0)
(-0.506529 -0.0967066 0)
(-0.568895 -0.241493 0)
(-0.553045 -0.319139 0)
(-0.535851 -0.391445 0)
(-0.48114 -0.448129 0)
(-0.362962 -0.486969 0)
(-0.420604 -0.578674 0)
(-0.482443 -0.62079 0)
(-0.476197 -0.660935 0)
(-0.444186 -0.67286 0)
(-0.358221 -0.658356 0)
(-0.276419 -0.621117 0)
(-0.186837 -0.563337 0)
(-0.110306 -0.531925 0)
(0.444878 0.61682 0)
(0.578908 0.55555 0)
(0.495973 0.405453 0)
(0.416485 0.264812 0)
(0.285322 0.167123 0)
(0.21091 0.0835117 0)
(0.107942 -0.0581509 0)
(-0.00865026 -0.26325 0)
(-0.0962305 -0.420005 0)
(-0.171762 -0.50048 0)
(-0.114208 -0.540516 0)
(-0.122763 -0.539016 0)
(-0.128712 -0.556188 0)
(-0.14181 -0.612966 0)
(-0.195756 -0.741503 0)
(-0.236696 -0.754886 0)
(-0.220204 -0.714621 0)
(-0.158737 -0.658752 0)
(-0.0901255 -0.668985 0)
(0.410278 0.430219 0)
(0.60443 0.484656 0)
(0.678288 0.427389 0)
(0.69376 0.339136 0)
(0.658699 0.24055 0)
(0.607231 0.122886 0)
(0.557907 -0.00988923 0)
(0.472341 -0.140284 0)
(0.359754 -0.26589 0)
(0.200993 -0.403641 0)
(0.112289 -0.511155 0)
(0.067223 -0.531406 0)
(0.0502251 -0.553911 0)
(0.0474191 -0.593117 0)
(0.00791639 -0.650459 0)
(-0.0299088 -0.713432 0)
(-0.0523553 -0.746063 0)
(-0.0474848 -0.736901 0)
(-0.0152111 -0.802028 0)
(0.346316 0.291843 0)
(0.499335 0.339044 0)
(0.643659 0.356194 0)
(0.741638 0.303889 0)
(0.779974 0.236265 0)
(0.776341 0.153644 0)
(0.747731 0.0557443 0)
(0.685837 -0.0587515 0)
(0.587802 -0.173789 0)
(0.449211 -0.276487 0)
(0.291418 -0.421691 0)
(0.224076 -0.486629 0)
(0.170607 -0.530595 0)
(0.14296 -0.574891 0)
(0.119562 -0.612672 0)
(0.0838055 -0.661216 0)
(0.0417716 -0.695408 0)
(0.012513 -0.714216 0)
(0.00929685 -0.761752 0)
(0.320601 0.23483 0)
(0.362345 0.207693 0)
(0.495681 0.226899 0)
(0.618927 0.224441 0)
(0.709259 0.183661 0)
(0.756869 0.128835 0)
(0.759326 0.066116 0)
(0.724786 -0.00279272 0)
(0.658388 -0.0767836 0)
(0.557001 -0.16638 0)
(0.433752 -0.313199 0)
(0.339902 -0.436143 0)
(0.269858 -0.506483 0)
(0.229004 -0.553986 0)
(0.200128 -0.584816 0)
(0.162869 -0.616846 0)
(0.112864 -0.648403 0)
(0.0588692 -0.68068 0)
(0.0246199 -0.727913 0)
(0.292093 0.209035 0)
(0.318028 0.152557 0)
(0.35772 0.12757 0)
(0.449327 0.125753 0)
(0.536611 0.121333 0)
(0.604121 0.107006 0)
(0.638867 0.0725108 0)
(0.636212 0.0190138 0)
(0.604929 -0.0350579 0)
(0.547885 -0.106078 0)
(0.491162 -0.225958 0)
(0.431428 -0.358834 0)
(0.358685 -0.460301 0)
(0.305961 -0.519502 0)
(0.260113 -0.551437 0)
(0.210659 -0.572568 0)
(0.153799 -0.596591 0)
(0.0886276 -0.631021 0)
(0.0349935 -0.677212 0)
(0.26539 0.178809 0)
(0.292012 0.138036 0)
(0.316446 0.0856351 0)
(0.34813 0.0584157 0)
(0.391093 0.0582114 0)
(0.453166 0.0643035 0)
(0.499119 0.0608797 0)
(0.519981 0.0457871 0)
(0.518613 0.0077387 0)
(0.503898 -0.0665292 0)
(0.487772 -0.184114 0)
(0.459088 -0.295893 0)
(0.409204 -0.3957 0)
(0.350793 -0.463128 0)
(0.290294 -0.499353 0)
(0.229062 -0.519443 0)
(0.167141 -0.539974 0)
(0.0996077 -0.57331 0)
(0.0392917 -0.616767 0)
(0.24396 0.149874 0)
(0.26681 0.117004 0)
(0.288925 0.0782066 0)
(0.30875 0.0383574 0)
(0.330579 0.00423473 0)
(0.368097 0.00859045 0)
(0.40517 0.0184781 0)
(0.433303 0.0124087 0)
(0.453813 -0.00795751 0)
(0.466902 -0.0717066 0)
(0.468914 -0.17145 0)
(0.447542 -0.273227 0)
(0.405618 -0.356042 0)
(0.349462 -0.411833 0)
(0.28651 -0.443412 0)
(0.223146 -0.461923 0)
(0.162072 -0.482527 0)
(0.097648 -0.514494 0)
(0.0386314 -0.555089 0)
(0.225407 0.126732 0)
(0.244223 0.0968046 0)
(0.261854 0.0630713 0)
(0.276566 0.029325 0)
(0.288129 -0.00177714 0)
(0.307706 -0.0175784 0)
(0.339264 -0.0197766 0)
(0.370216 -0.0182189 0)
(0.397911 -0.0377563 0)
(0.417252 -0.0979898 0)
(0.421046 -0.17705 0)
(0.404289 -0.250948 0)
(0.367819 -0.314699 0)
(0.316412 -0.360303 0)
(0.259092 -0.388722 0)
(0.202338 -0.408035 0)
(0.147746 -0.429167 0)
(0.0894685 -0.459415 0)
(0.0354245 -0.497206 0)
(0.205788 0.106544 0)
(0.223029 0.0806975 0)
(0.237755 0.0507355 0)
(0.247923 0.0194011 0)
(0.254289 -0.0107275 0)
(0.262386 -0.0293202 0)
(0.280215 -0.0337498 0)
(0.30643 -0.0335974 0)
(0.334174 -0.0538885 0)
(0.353573 -0.102669 0)
(0.357802 -0.164005 0)
(0.34399 -0.225289 0)
(0.313594 -0.277823 0)
(0.27193 -0.315826 0)
(0.225577 -0.341625 0)
(0.178485 -0.361402 0)
(0.131257 -0.382122 0)
(0.0798362 -0.410167 0)
(0.0316588 -0.445125 0)
(0.184143 0.0872636 0)
(0.200962 0.0658097 0)
(0.215129 0.0406497 0)
(0.224289 0.0132937 0)
(0.228879 -0.0142109 0)
(0.231597 -0.0373652 0)
(0.238756 -0.0516863 0)
(0.255787 -0.0599455 0)
(0.277981 -0.0779329 0)
(0.294024 -0.114159 0)
(0.298103 -0.160989 0)
(0.287939 -0.208659 0)
(0.264934 -0.249678 0)
(0.23309 -0.280845 0)
(0.196691 -0.303722 0)
(0.157775 -0.322158 0)
(0.116709 -0.340981 0)
(0.0711885 -0.366634 0)
(0.0282291 -0.398743 0)
(0.16226 0.0692197 0)
(0.178125 0.0511065 0)
(0.192147 0.0301108 0)
(0.202099 0.00694736 0)
(0.207918 -0.0169799 0)
(0.211176 -0.0392748 0)
(0.215373 -0.0576024 0)
(0.224868 -0.072627 0)
(0.23882 -0.092277 0)
(0.24986 -0.121935 0)
(0.252918 -0.158215 0)
(0.245612 -0.195166 0)
(0.228494 -0.227708 0)
(0.204009 -0.253427 0)
(0.174694 -0.272882 0)
(0.141507 -0.288462 0)
(0.10494 -0.304503 0)
(0.0641909 -0.327949 0)
(0.0254722 -0.357123 0)
(0.142403 0.0533859 0)
(0.156402 0.0374331 0)
(0.169419 0.0192556 0)
(0.179651 -0.000776814 0)
(0.186939 -0.0218546 0)
(0.192047 -0.0424433 0)
(0.196711 -0.0617785 0)
(0.203307 -0.0801349 0)
(0.211839 -0.100866 0)
(0.21858 -0.126583 0)
(0.220041 -0.155817 0)
(0.214263 -0.185046 0)
(0.201146 -0.210875 0)
(0.181799 -0.231407 0)
(0.157477 -0.246715 0)
(0.128448 -0.258533 0)
(0.0954871 -0.271561 0)
(0.0584848 -0.293007 0)
(0.0229084 -0.319403 0)
(0.125618 0.0401497 0)
(0.137348 0.0256181 0)
(0.148655 0.00922686 0)
(0.158107 -0.00876748 0)
(0.165684 -0.027879 0)
(0.171693 -0.0472708 0)
(0.177011 -0.0664733 0)
(0.182602 -0.0856969 0)
(0.188368 -0.106326 0)
(0.192545 -0.12929 0)
(0.193034 -0.153681 0)
(0.188439 -0.17727 0)
(0.178334 -0.197673 0)
(0.162908 -0.213355 0)
(0.142547 -0.224196 0)
(0.11708 -0.231778 0)
(0.087426 -0.24169 0)
(0.0535074 -0.260974 0)
(0.0203874 -0.285136 0)
(0.111549 0.0292783 0)
(0.121174 0.0158115 0)
(0.130635 0.000651931 0)
(0.138748 -0.0160449 0)
(0.145623 -0.0338754 0)
(0.15146 -0.0523414 0)
(0.156634 -0.0710778 0)
(0.161473 -0.0902108 0)
(0.165777 -0.110118 0)
(0.168636 -0.130977 0)
(0.168838 -0.151952 0)
(0.165362 -0.171353 0)
(0.157644 -0.187333 0)
(0.14537 -0.198551 0)
(0.128419 -0.204877 0)
(0.106353 -0.208009 0)
(0.0800321 -0.214549 0)
(0.0486685 -0.23124 0)
(0.0178101 -0.254196 0)
(0.0994013 0.0203912 0)
(0.107208 0.0077778 0)
(0.114932 -0.00645491 0)
(0.12166 -0.0222048 0)
(0.12748 -0.0391357 0)
(0.132534 -0.0568314 0)
(0.137005 -0.075068 0)
(0.140961 -0.0937768 0)
(0.1442 -0.112875 0)
(0.146233 -0.132141 0)
(0.146332 -0.150667 0)
(0.143744 -0.166952 0)
(0.137893 -0.179326 0)
(0.128197 -0.186544 0)
(0.114287 -0.18855 0)
(0.0955423 -0.187331 0)
(0.0725625 -0.190119 0)
(0.0437276 -0.203703 0)
(0.015516 -0.226537 0)
(0.0884643 0.013194 0)
(0.0946785 0.0012602 0)
(0.100851 -0.0122427 0)
(0.106259 -0.02722 0)
(0.110947 -0.0434367 0)
(0.114996 -0.0605257 0)
(0.118464 -0.0782724 0)
(0.121413 -0.0964705 0)
(0.12368 -0.11486 0)
(0.124981 -0.132915 0)
(0.124884 -0.149656 0)
(0.122829 -0.163606 0)
(0.11832 -0.173091 0)
(0.110694 -0.176869 0)
(0.0995196 -0.174958 0)
(0.0839003 -0.169713 0)
(0.0644678 -0.16851 0)
(0.0385674 -0.178801 0)
(0.0135521 -0.202135 0)
(0.0783447 0.00750208 0)
(0.0830614 -0.00388906 0)
(0.0878338 -0.0167932 0)
(0.0919835 -0.0311435 0)
(0.0955126 -0.0467507 0)
(0.0984779 -0.0633298 0)
(0.100903 -0.0805779 0)
(0.102806 -0.0982877 0)
(0.104091 -0.116061 0)
(0.10463 -0.133209 0)
(0.104128 -0.148697 0)
(0.102238 -0.160963 0)
(0.0986211 -0.168243 0)
(0.0926448 -0.169192 0)
(0.0839776 -0.163869 0)
(0.0713515 -0.154943 0)
(0.0554685 -0.149865 0)
(0.0332946 -0.156937 0)
(0.0122 -0.180743 0)
(0.0688229 0.0032067 0)
(0.0721381 -0.00775506 0)
(0.075599 -0.0201739 0)
(0.0785558 -0.0340155 0)
(0.0809643 -0.0490904 0)
(0.0829005 -0.0651619 0)
(0.0843158 -0.0819577 0)
(0.0852236 -0.0992086 0)
(0.085594 -0.116464 0)
(0.0853297 -0.132939 0)
(0.0842729 -0.147551 0)
(0.0822581 -0.158654 0)
(0.0791453 -0.164393 0)
(0.074447 -0.163283 0)
(0.068066 -0.155252 0)
(0.0584616 -0.143103 0)
(0.046392 -0.134643 0)
(0.0280678 -0.138663 0)
(0.011111 -0.162208 0)
(0.0597739 0.000192753 0)
(0.0617934 -0.0104244 0)
(0.0640583 -0.0224609 0)
(0.0659417 -0.0358904 0)
(0.0673755 -0.0505353 0)
(0.0684027 -0.0661553 0)
(0.0689899 -0.0825315 0)
(0.0690947 -0.0993117 0)
(0.0687088 -0.116086 0)
(0.0677402 -0.132032 0)
(0.0660842 -0.145997 0)
(0.0637491 -0.156333 0)
(0.0607692 -0.161163 0)
(0.0569497 -0.158863 0)
(0.0525924 -0.14905 0)
(0.0459167 -0.134343 0)
(0.0378558 -0.122942 0)
(0.0234171 -0.12417 0)
(0.010304 -0.146291 0)
(0.0511411 -0.00163788 0)
(0.0520197 -0.012016 0)
(0.0532425 -0.0237784 0)
(0.0542119 -0.0369197 0)
(0.0548753 -0.0512403 0)
(0.0552759 -0.066494 0)
(0.0553433 -0.0824656 0)
(0.0549599 -0.0988337 0)
(0.0540784 -0.115109 0)
(0.0525857 -0.130549 0)
(0.0504169 -0.143976 0)
(0.0476581 -0.153815 0)
(0.0445439 -0.158267 0)
(0.0411972 -0.155567 0)
(0.0384292 -0.145007 0)
(0.0343702 -0.12867 0)
(0.0303083 -0.114676 0)
(0.0194589 -0.112999 0)
(0.00970643 -0.132613 0)
(0.0429005 -0.00239486 0)
(0.0427998 -0.0126823 0)
(0.0432059 -0.0243386 0)
(0.0434986 -0.0373231 0)
(0.0437168 -0.0514362 0)
(0.0438094 -0.0664446 0)
(0.043659 -0.0820897 0)
(0.0431232 -0.0980536 0)
(0.0420446 -0.113818 0)
(0.0402565 -0.128673 0)
(0.0377119 -0.141541 0)
(0.0345216 -0.151019 0)
(0.0311355 -0.155417 0)
(0.0279262 -0.152999 0)
(0.0261661 -0.142744 0)
(0.0241126 -0.125924 0)
(0.0237161 -0.1098 0)
(0.0160731 -0.10482 0)
(0.00929227 -0.120764 0)
(0.035064 -0.00231657 0)
(0.034159 -0.0126184 0)
(0.0340651 -0.0243234 0)
(0.0339855 -0.0373553 0)
(0.0340273 -0.0514356 0)
(0.0341311 -0.0663378 0)
(0.0340776 -0.0817329 0)
(0.0336095 -0.0972589 0)
(0.0325237 -0.112422 0)
(0.0306098 -0.126569 0)
(0.0277972 -0.138783 0)
(0.0242404 -0.147895 0)
(0.0205425 -0.152402 0)
(0.0171978 -0.150755 0)
(0.0158918 -0.141693 0)
(0.0150464 -0.125549 0)
(0.0177508 -0.1079 0)
(0.0129493 -0.0992145 0)
(0.00889669 -0.110485 0)
(0.0276327 -0.00154639 0)
(0.0262306 -0.0120684 0)
(0.0258405 -0.0240348 0)
(0.0257248 -0.0373042 0)
(0.0259306 -0.0515236 0)
(0.0262739 -0.0663874 0)
(0.0264572 -0.0815471 0)
(0.0261464 -0.096581 0)
(0.0250843 -0.111016 0)
(0.023061 -0.12431 0)
(0.020028 -0.135771 0)
(0.0161751 -0.144455 0)
(0.0121794 -0.149137 0)
(0.00858016 -0.148514 0)
(0.00733315 -0.141173 0)
(0.00693751 -0.126801 0)
(0.0117097 -0.108495 0)
(0.00954342 -0.0960167 0)
(0.00841617 -0.101787 0)
(0.0207066 -0.00026621 0)
(0.0191164 -0.0112754 0)
(0.0187217 -0.0237821 0)
(0.018854 -0.0374318 0)
(0.0194158 -0.0518829 0)
(0.020085 -0.0667201 0)
(0.02046 -0.0815537 0)
(0.0201894 -0.0959562 0)
(0.0190375 -0.109542 0)
(0.0168227 -0.121889 0)
(0.0135804 -0.132521 0)
(0.00951521 -0.14075 0)
(0.00528019 -0.145594 0)
(0.00143655 -0.14608 0)
(-2.23045e-05 -0.140588 0)
(-0.000507933 -0.128897 0)
(0.00516353 -0.110935 0)
(0.00550053 -0.0953045 0)
(0.00765026 -0.0949536 0)
(0.0143744 0.00112541 0)
(0.0128874 -0.0105825 0)
(0.0128138 -0.0237786 0)
(0.0133716 -0.0379296 0)
(0.0142949 -0.0525633 0)
(0.0151366 -0.0672412 0)
(0.0154752 -0.0815743 0)
(0.0150099 -0.0952046 0)
(0.0135981 -0.107866 0)
(0.0111405 -0.119278 0)
(0.00774155 -0.129093 0)
(0.00360776 -0.136867 0)
(-0.000751874 -0.141881 0)
(-0.0046472 -0.143342 0)
(-0.00653682 -0.139732 0)
(-0.00716429 -0.130842 0)
(-0.0017883 -0.114612 0)
(0.000510429 -0.0973429 0)
(0.00641429 -0.0905731 0)
(0.00896352 0.00260322 0)
(0.00775216 -0.010112 0)
(0.0081143 -0.0241215 0)
(0.00901711 -0.0387379 0)
(0.0100304 -0.0534109 0)
(0.0106776 -0.0677336 0)
(0.0106674 -0.0814222 0)
(0.00982647 -0.0942554 0)
(0.00812074 -0.106067 0)
(0.00553672 -0.116664 0)
(0.00221626 -0.125803 0)
(-0.0017345 -0.13321 0)
(-0.00585469 -0.138337 0)
(-0.00960447 -0.140611 0)
(-0.0118643 -0.138819 0)
(-0.0126828 -0.132247 0)
(-0.00828604 -0.118503 0)
(-0.00508709 -0.102171 0)
(0.00428163 -0.0890941 0)
(0.00407511 0.00338206 0)
(0.00343278 -0.0102328 0)
(0.00412106 -0.0249528 0)
(0.00494422 -0.0397933 0)
(0.00558785 -0.0542595 0)
(0.00576491 -0.0680807 0)
(0.00535318 -0.0811275 0)
(0.00430194 -0.093276 0)
(0.00265582 -0.104415 0)
(0.000408632 -0.114408 0)
(-0.00232587 -0.123012 0)
(-0.00549112 -0.130094 0)
(-0.00881476 -0.135248 0)
(-0.0119844 -0.138083 0)
(-0.0142733 -0.137709 0)
(-0.0153966 -0.133236 0)
(-0.0125189 -0.122407 0)
(-0.00938992 -0.108134 0)
(0.00128149 -0.0911125 0)
(-0.000239075 0.00457765 0)
(-0.000825862 -0.0101632 0)
(-0.000344846 -0.0255205 0)
(0.000199098 -0.0402633 0)
(0.000607307 -0.0542861 0)
(0.000709379 -0.0675466 0)
(0.000497281 -0.0800232 0)
(-4.0816e-05 -0.0916345 0)
(-0.000875077 -0.10225 0)
(-0.00200748 -0.111765 0)
(-0.0033973 -0.119972 0)
(-0.00503315 -0.126752 0)
(-0.00681985 -0.1318 0)
(-0.00870213 -0.134864 0)
(-0.0103472 -0.135315 0)
(-0.0115434 -0.132561 0)
(-0.0105925 -0.124925 0)
(-0.00899885 -0.114691 0)
(-0.00122488 -0.0988371 0)
)
;

boundaryField
{
    leftWall
    {
        type            noSlip;
    }
    rightWall
    {
        type            noSlip;
    }
    lowerWall
    {
        type            noSlip;
    }
    atmosphere
    {
        type            pressureInletOutletVelocity;
        value           nonuniform List<vector> 
46
(
(0.00167714 0.14316 0)
(0.0097648 0.16386 0)
(0.019626 0.171151 0)
(0.028635 0.165079 0)
(0.0342573 0.15286 0)
(0.0354043 0.137931 0)
(0.0324815 0.121564 0)
(0.0271997 0.104916 0)
(0.0214073 0.0889115 0)
(0.0161784 0.074539 0)
(0.0118387 0.0625078 0)
(0.0084017 0.0530293 0)
(0.00576512 0.0459887 0)
(0.00382998 0.0410484 0)
(0.00253583 0.0378403 0)
(0.0018344 0.0359129 0)
(0.00171262 0.0349437 0)
(0.00213221 0.0346705 0)
(0.00306831 0.0349245 0)
(0.00424542 0.0354475 0)
(0.00517715 0.0359596 0)
(0.00543372 0.0356083 0)
(0.00407071 0.0331276 0)
(0.00261154 0.0291449 0)
(0.00176932 0.025113 0)
(0.00106287 0.0202596 0)
(0.000436687 0.0146819 0)
(-0.000239075 0.00457765 0)
(0 -0.0101632 0)
(0 -0.0255205 0)
(0 -0.0402633 0)
(0 -0.0542861 0)
(0 -0.0675466 0)
(0 -0.0800232 0)
(0 -0.0916345 0)
(0 -0.10225 0)
(0 -0.111765 0)
(0 -0.119972 0)
(0 -0.126752 0)
(0 -0.1318 0)
(0 -0.134864 0)
(0 -0.135315 0)
(0 -0.132561 0)
(0 -0.124925 0)
(0 -0.114691 0)
(0 -0.0988371 0)
)
;
    }
    defaultFaces
    {
        type            empty;
    }
}


// ************************************************************************* //
